1 0.008568048828125 0.2459156455078125 0.0171578984375 0.247899326171875 0.0527467060546875 0.2481799912109375 0.0563373134765625 0.2463811279296875 0.056833806640625 0.2413473125 0.052846623046875 0.190215474609375 0.0420038818359375 0.1241718369140625 0.0399965595703125 0.1173668671875 0.030570072265625 0.1026058193359375 0.025975041015625 0.0964320791015625 0.019972900390625 0.09381716796875 0.0138868662109375 0.093604638671875 0.008568048828125 0.2459156455078125
1 0.04708472265625 0.1623531845703125 0.058579537109375 0.2464594287109375 0.0623310654296875 0.2492362783203125 0.072202185546875 0.251264703125 0.1152421904296875 0.2494002568359375 0.1181753837890625 0.2480595 0.119025751953125 0.242075916015625 0.1147068115234375 0.172892658203125 0.1087138291015625 0.1240960888671875 0.09889838671875 0.1021055234375 0.093587216796875 0.0980715546875 0.076011697265625 0.0962551484375 0.067009248046875 0.096902900390625 0.0561115849609375 0.1059030595703125 0.04373130859375 0.1206241923828125 0.04708472265625 0.1623531845703125
1 0.174509330078125 0.2512293798828125 0.1767851103515625 0.2503467265625 0.177585142578125 0.2458045732421875 0.1764724267578125 0.1950136455078125 0.170451228515625 0.1286573173828125 0.165541220703125 0.1039516796875 0.1640067470703125 0.101973845703125 0.15765912109375 0.1000684638671875 0.13974650390625 0.09872134765625 0.108424021484375 0.1048434765625 0.105136953125 0.1071340009765625 0.1210414638671875 0.248640646484375 0.1280381142578125 0.250328162109375 0.174509330078125 0.2512293798828125
1 0.152490529296875 0.395019681640625 0.145278818359375 0.3168357529296875 0.1419818349609375 0.310226279296875 0.1287550087890625 0.303270048828125 0.1124188115234375 0.302699576171875 0.09242641796875 0.3149901064453125 0.0894093310546875 0.3187332470703125 0.08996912109375 0.3394384736328125 0.0989723251953125 0.3938723779296875 0.10210838671875 0.3959061416015625 0.1508050478515625 0.397366134765625 0.152490529296875 0.395019681640625
1 0.077814587890625 0.3936145966796875 0.092844345703125 0.3948610400390625 0.09640978515625 0.393782892578125 0.09912639453125 0.306805486328125 0.0951719990234375 0.3006541162109375 0.0917156201171875 0.29860916796875 0.0740645966796875 0.2989549052734375 0.066571453125 0.3023012060546875 0.06644561328125 0.3059047783203125 0.0685665693359375 0.337007361328125 0.0760269111328125 0.3897036708984375 0.077814587890625 0.3936145966796875
1 0.16682092578125 0.397925421875 0.169113484375 0.39656229296875 0.1688587578125 0.38548896484375 0.161158943359375 0.312098615234375 0.160551865234375 0.3111152900390625 0.1538251962890625 0.3108803896484375 0.1528306865234375 0.3118077861328125 0.1464761943359375 0.31928287890625 0.1483538603515625 0.3573523681640625 0.1525828115234375 0.3923770615234375 0.1543369296875 0.397248939453125 0.16682092578125 0.397925421875
1 0.2335697724609375 0.3783680087890625 0.2358486015625 0.395765830078125 0.23824335546875 0.4006600791015625 0.24076394921875 0.401950755859375 0.25771561328125 0.4032643134765625 0.294577302734375 0.403829958984375 0.3001569296875 0.4001763056640625 0.3011918623046875 0.3889074833984375 0.2985629755859375 0.3447984814453125 0.293483658203125 0.31575737109375 0.2894034228515625 0.3132095751953125 0.27223211328125 0.3090019716796875 0.2510659853515625 0.3089844287109375 0.2302720361328125 0.316676876953125 0.229252357421875 0.3183249873046875 0.2335697724609375 0.3783680087890625
1 0.3763002294921875 0.4054811318359375 0.3839611591796875 0.39733006640625 0.3846856865234375 0.394950056640625 0.3855673330078125 0.323783626953125 0.38370415234375 0.3220348447265625 0.369466037109375 0.316486484375 0.350979900390625 0.313195091796875 0.3341052646484375 0.318859626953125 0.330034943359375 0.3252118291015625 0.3291624560546875 0.350196599609375 0.330461259765625 0.4048425234375 0.3419591357421875 0.406206162109375 0.3763002294921875 0.4054811318359375
1 0.2528094365234375 0.2498746494140625 0.254391197265625 0.23213058203125 0.2508837275390625 0.1764454052734375 0.246557154296875 0.16258404296875 0.228845880859375 0.1554712109375 0.2182502333984375 0.1558227958984375 0.20178133203125 0.16823637109375 0.202126048828125 0.213468263671875 0.206962076171875 0.24947628125 0.211050701171875 0.2517838388671875 0.2498259072265625 0.2526568369140625 0.2528094365234375 0.2498746494140625
1 0.2973869765625 0.1672454326171875 0.287683642578125 0.160412244140625 0.2701584580078125 0.1571544091796875 0.2659523837890625 0.1582101845703125 0.2552575888671875 0.170584865234375 0.2544995029296875 0.173925828125 0.2624189638671875 0.2502102216796875 0.2914923583984375 0.253390267578125 0.2991700673828125 0.2447587275390625 0.3019964931640625 0.2097398818359375 0.2973869765625 0.1672454326171875
1 0.3153987392578125 0.156569455078125 0.301963705078125 0.1647594130859375 0.2979856650390625 0.16846899609375 0.3013802568359375 0.254938216796875 0.30452470703125 0.2567317412109375 0.340113515625 0.2570124052734375 0.3425692880859375 0.223423802734375 0.3430482470703125 0.163788806640625 0.3319965283203125 0.158832779296875 0.3153987392578125 0.156569455078125
1 0.5394532421875 0.2702273115234375 0.54212484375 0.267193701171875 0.5452876103515625 0.1766239072265625 0.5418060625 0.175299673828125 0.491532982421875 0.1730630361328125 0.4869898115234375 0.174588103515625 0.4838804423828125 0.18097386328125 0.4813186572265625 0.2359660341796875 0.4818967490234375 0.265331021484375 0.4853615185546875 0.2671357314453125 0.5157413515625 0.2696398056640625 0.5394532421875 0.2702273115234375
1 0.5509511162109375 0.2715909501953125 0.5893808369140625 0.2731734775390625 0.603213216796875 0.271972796875 0.6056400048828126 0.266765857421875 0.6088889443359375 0.2380155751953125 0.6126397177734375 0.185710767578125 0.610244962890625 0.180816517578125 0.606434708984375 0.1797213359375 0.5507413984375 0.1765738271484375 0.5483985029296875 0.179378384765625 0.5452601484375 0.214145806640625 0.54320324609375 0.263863923828125 0.5442580048828125 0.27039509765625 0.5509511162109375 0.2715909501953125
1 0.706059583984375 0.118737966796875 0.7048705966796875 0.1160506044921875 0.7029738583984375 0.1152627763671875 0.6684215078125 0.1128535244140625 0.6654631455078125 0.1149149970703125 0.657661876953125 0.1913720048828125 0.6636807958984375 0.193506439453125 0.680927609375 0.1955518984375 0.6927877490234375 0.1957255322265625 0.6977183525390624 0.1922897451171875 0.706059583984375 0.118737966796875
1 0.734100326171875 0.19740873046875 0.739587671875 0.196397697265625 0.7428831298828125 0.19386693359375 0.7474552861328125 0.1639602041015625 0.74964794140625 0.1195385126953125 0.7478686552734375 0.115387349609375 0.7135611171875 0.1151514287109375 0.7080737724609375 0.1161624619140625 0.703536697265625 0.1542484755859375 0.700913138671875 0.1926418408203125 0.7024140546875 0.1955806279296875 0.70622430859375 0.1966758095703125 0.734100326171875 0.19740873046875
1 0.6579989736328125 0.1909027138671875 0.664830900390625 0.1146523876953125 0.64020000390625 0.1128301337890625 0.6295791875 0.1139024326171875 0.623063775390625 0.116801814453125 0.62038378515625 0.1200756630859375 0.6206987607421875 0.138607560546875 0.6282094384765625 0.1898624404296875 0.6367908984375 0.1920863603515625 0.654711904296875 0.19319323828125 0.6579989736328125 0.1909027138671875
1 0.802324166015625 0.1264291611328125 0.80044420703125 0.12516085546875 0.768479564453125 0.122120376953125 0.76539536328125 0.127785421875 0.7542856748046874 0.179592720703125 0.7530829560546874 0.195666306640625 0.755165783203125 0.2003091318359375 0.7910413505859375 0.2015619345703125 0.795329794921875 0.1889635400390625 0.7995648544921875 0.1595261005859375 0.802324166015625 0.1264291611328125
1 0.8401658662109375 0.19076978125 0.8422860654296875 0.1667907060546875 0.8438396103515625 0.13148687890625 0.8420435458984376 0.1278161923828125 0.8094130986328125 0.1254740556640625 0.805198634765625 0.1267700712890625 0.798092154296875 0.1741470732421875 0.795431990234375 0.1952209189453125 0.79527259375 0.1997854443359375 0.796773509765625 0.20272423046875 0.836189349609375 0.203619599609375 0.8401658662109375 0.19076978125
1 0.8893529228515625 0.1506350126953125 0.8918620791015625 0.133885455078125 0.8901331279296875 0.128292861328125 0.8584720234375 0.125744044921875 0.8526224140625 0.127945083984375 0.8475659716796875 0.1349844423828125 0.84304567578125 0.1725899794921875 0.8407058291015626 0.19367501171875 0.841946677734375 0.204061181640625 0.8768780712890625 0.2047999501953125 0.880274201171875 0.199386330078125 0.8893529228515625 0.1506350126953125
1 0.9401865625 0.127635455078125 0.9351705419921875 0.12433338671875 0.9236558876953125 0.1234502236328125 0.9050355224609375 0.124002642578125 0.900779111328125 0.12649984765625 0.894725865234375 0.171267787109375 0.894465796875 0.178715169921875 0.897888619140625 0.1817210712890625 0.93536425 0.17388956640625 0.937370048828125 0.171554298828125 0.9401865625 0.127635455078125
1 0.981329060546875 0.1709246005859375 0.982788798828125 0.129123158203125 0.9764663408203125 0.1264970615234375 0.9588740419921875 0.1251611318359375 0.9479412978515624 0.1259820068359375 0.94434230078125 0.1280211083984375 0.9419505947265625 0.1414073310546875 0.9379855166015625 0.172297384765625 0.939519990234375 0.17427521875 0.9532600888671875 0.1757171591796875 0.973819138671875 0.17475137890625 0.981329060546875 0.1709246005859375
1 1 0.12852153125 0.9905183671875 0.1281904248046875 0.9866409990234375 0.1290171484375 0.98359187890625 0.1428614765625 0.97937359765625 0.171818439453125 0.9825348271484375 0.17313148828125 1 0.1713318330078125 1 0.12852153125
1 0.7949026953125 0.2562973447265625 0.80163775390625 0.2562920078125 0.82196037890625 0.2529126591796875 0.8284757919921875 0.25001327734375 0.8365630517578125 0.2204698291015625 0.837985416015625 0.207290287109375 0.8348157978515625 0.2062174765625 0.8005669853515625 0.204299888671875 0.7986115224609375 0.2051937265625 0.79620990234375 0.2096799521484375 0.7901467431640625 0.245547892578125 0.789616693359375 0.2515426611328125 0.7911259990234375 0.2542412109375 0.7949026953125 0.2562973447265625
1 0.4589047890625 0.436988951171875 0.4634815166015625 0.434502931640625 0.4659167080078125 0.3280326748046875 0.462755478515625 0.326719626953125 0.3997116416015625 0.3228343701171875 0.3964749091796875 0.32368346484375 0.39541328515625 0.3265327666015625 0.3951806640625 0.3974813291015625 0.395758755859375 0.4268463154296875 0.397200947265625 0.4314667705078125 0.4060691689453125 0.4346628291015625 0.4589047890625 0.436988951171875
1 0.4685211953125 0.326920970703125 0.4673840673828125 0.3319324150390625 0.464320447265625 0.41047911328125 0.4653096162109375 0.4280724296875 0.4670217890625 0.434145498046875 0.4688765810546875 0.4361345185546875 0.475561302734375 0.437570609375 0.51335038671875 0.4391307646484375 0.528118552734375 0.4386843564453125 0.5301159619140625 0.4365893271484375 0.5312866474609375 0.4306169296875 0.532430640625 0.416225009765625 0.536471990234375 0.337231392578125 0.535754328125 0.330230927734375 0.5285715888671875 0.324688416015625 0.51448600390625 0.323956005859375 0.4724237314453125 0.3253735322265625 0.4685211953125 0.326920970703125
1 0.5394128056640625 0.381591818359375 0.5409449853515625 0.4203708359375 0.545694072265625 0.4405007626953125 0.6036715537109375 0.442525380859375 0.60549965234375 0.4360948779296875 0.612702232421875 0.35841430859375 0.614351107421875 0.3387483359375 0.6131872880859375 0.3353402578125 0.601956345703125 0.317148759765625 0.5985419140625 0.3139026201171875 0.5706658955078125 0.3131697001953125 0.5565299755859375 0.3138787177734375 0.5507055341796875 0.3153590419921875 0.5408977119140626 0.33906966015625 0.5394128056640625 0.381591818359375
1 0.6132223544921875 0.4445426201171875 0.6631835068359375 0.4465278330078125 0.6738043232421875 0.445455533203125 0.6799345966796875 0.4076656865234375 0.6851931513671875 0.3489191904296875 0.6854867763671875 0.340510853515625 0.68336200390625 0.33706921875 0.677747294921875 0.3325435888671875 0.6672607080078125 0.329772078125 0.6295555166015625 0.325809541015625 0.6240597822265626 0.3270608125 0.6167107802734375 0.33546330078125 0.611205888671875 0.3828962314453125 0.607506974609375 0.44289984765625 0.6132223544921875 0.4445426201171875
1 0.6837425576171875 0.445562052734375 0.7430013076171875 0.4476314140625 0.746642251953125 0.444391123046875 0.7511236494140625 0.42626725 0.764437431640625 0.348078494140625 0.763736546875 0.3405975537109375 0.75321487890625 0.3296467587890625 0.746842083984375 0.3284620908203125 0.702158544921875 0.331471798828125 0.6959131142578125 0.3358237958984375 0.693090505859375 0.3431816943359375 0.68988198828125 0.3615905478515625 0.68196174609375 0.43227065234375 0.6812806884765625 0.442589708984375 0.6837425576171875 0.445562052734375
1 0.8413052587890625 0.3510033095703125 0.8399805185546875 0.3430195205078125 0.8271830693359375 0.3329513779296875 0.8160306796875 0.3308782099609375 0.771162576171875 0.339173158203125 0.767209705078125 0.3421620263671875 0.7494816396484375 0.436552748046875 0.7487838037109374 0.44735228125 0.7531843564453125 0.449911263671875 0.815646283203125 0.452092482421875 0.819236890625 0.450293619140625 0.8413052587890625 0.3510033095703125
1 0.83993855859375 0.4452437900390625 0.8507454619140625 0.4480264873046875 0.874802837890625 0.44790446484375 0.8774324931640625 0.446072044921875 0.8789402744140625 0.4396303564453125 0.8886847998046875 0.390180697265625 0.8903336748046875 0.370514724609375 0.88757665625 0.3668104794921875 0.8815661259765625 0.364435806640625 0.8472235078125 0.3560206025390625 0.8406005576171875 0.37118331640625 0.83352229296875 0.4361200771484375 0.834956095703125 0.44098076953125 0.83993855859375 0.4452437900390625
1 0.8815043388671875 0.4488600791015625 0.89244699609375 0.456939201171875 0.9423913701171875 0.4594048916015625 0.947238080078125 0.4583714873046875 0.960650240234375 0.414101056640625 0.9630053408203125 0.3833953134765625 0.9622708994140625 0.3768753251953125 0.9540768720703126 0.372740685546875 0.9231151279296875 0.3685325732421875 0.909054712890625 0.367079447265625 0.89551748046875 0.3690120283203125 0.89346134765625 0.372788724609375 0.88264680859375 0.4253279228515625 0.87968310546875 0.4459101064453125 0.8815043388671875 0.4488600791015625
1 1 0.3772587294921875 0.99660360546875 0.37639053125 0.9716691708984375 0.374076615234375 0.966755345703125 0.37703192578125 0.9643453369140625 0.381758388671875 0.949867734375 0.4565390673828125 0.95141059765625 0.4582766630859375 0.953644431640625 0.458595201171875 0.9930434931640625 0.459971046875 1 0.45921444140625 1 0.3772587294921875
1 0.1163197978515625 0.4940580576171875 0.1136466708984375 0.487951431640625 0.106059720703125 0.484800115234375 0.0642254833984375 0.488871447265625 0.0448988916015625 0.50046363671875 0.0454068212890625 0.5134700556640625 0.061604203125 0.5914867080078124 0.0669489306640625 0.5945597236328125 0.1207958408203125 0.5954779736328125 0.123484220703125 0.5919638876953125 0.1163197978515625 0.4940580576171875
1 0.1881632021484375 0.5949441201171874 0.18833098828125 0.5901393564453125 0.1793369423828125 0.48952379296875 0.1721542021484375 0.48398128125 0.1339609072265625 0.484812322265625 0.112224306640625 0.501130974609375 0.111196240234375 0.503019322265625 0.123762591796875 0.5931762646484375 0.1272105810546875 0.595461451171875 0.13648301171875 0.5962663134765624 0.1861993505859375 0.5960781982421876 0.1881632021484375 0.5949441201171874
1 0.20698338671875 0.57948575 0.2104313759765625 0.5817709365234375 0.249164634765625 0.583845125 0.265863095703125 0.5832255927734376 0.2740205185546875 0.5700407119140625 0.2689923056640625 0.493616751953125 0.266361125 0.4863089345703125 0.2566661806640625 0.4792355078125 0.2486582421875 0.4789558642578125 0.20964813671875 0.48480953515625 0.197561486328125 0.49112233203125 0.1964746943359375 0.4946923486328125 0.201498333984375 0.5436955986328125 0.20698338671875 0.57948575
1 0.3280695400390625 0.519251826171875 0.33509211328125 0.5753002841796875 0.3368546220703125 0.579931923828125 0.3387094130859375 0.581920943359375 0.345672505859375 0.5845694111328125 0.37353174609375 0.58578280859375 0.390921177734375 0.58374421875 0.3930192578125 0.5787663310546876 0.3945972158203125 0.4876601328125 0.390803740234375 0.486084474609375 0.3526943388671875 0.484513134765625 0.3362910283203125 0.48586456640625 0.3274914462890625 0.48988683984375 0.3254604794921875 0.4929428212890625 0.3280695400390625 0.519251826171875
1 0.4493394736328125 0.6006971611328125 0.4554300947265625 0.527307322265625 0.453877318359375 0.5166697265625 0.44944168359375 0.5059314609375 0.44300025 0.4975284619140625 0.4012903271484375 0.488855986328125 0.3916823251953125 0.497660650390625 0.3892570615234375 0.5120078271484375 0.3937300556640625 0.5951472705078125 0.397178044921875 0.59743245703125 0.4147200078125 0.60020981640625 0.4493394736328125 0.6006971611328125
1 0.462139984375 0.5280226982421875 0.4638346103515625 0.5805176650390625 0.464662857421875 0.5935352685546875 0.4672688681640625 0.60156380078125 0.46977268359375 0.603334953125 0.5091633564453125 0.604951037109375 0.5258953740234374 0.6033705517578125 0.5272254560546875 0.59283362890625 0.5276693330078125 0.5250193486328125 0.5274969755859376 0.50240340234375 0.52604639453125 0.4980231865234375 0.52224453125 0.496687767578125 0.4706230654296875 0.49632829296875 0.4676647041015625 0.498389763671875 0.4637636923828125 0.5090774384765625 0.462139984375 0.5280226982421875
1 0.5327715263671875 0.5901409287109375 0.5538957080078125 0.5913596640625 0.585353943359375 0.5905339609375 0.589087169921875 0.584651048828125 0.592395603515625 0.5082776796875 0.5923437431640625 0.5005788720703125 0.586187546875 0.484007775390625 0.5821324794921875 0.4807392646484375 0.5370348154296875 0.477240169921875 0.5308061640625 0.4811116904296875 0.52993062890625 0.4878159873046875 0.52761136328125 0.5817826728515625 0.529019998046875 0.587364080078125 0.5327715263671875 0.5901409287109375
1 0.5975679580078125 0.589757828125 0.602558810546875 0.5937806103515625 0.63843437890625 0.595033412109375 0.6512890283203125 0.5942796513671875 0.6556209423828125 0.5896203017578125 0.6610938017578125 0.552288560546875 0.664264189453125 0.5074199501953125 0.6616497900390625 0.49963165625 0.6579821533203125 0.49445242578125 0.6560770263671875 0.4939048349609375 0.604261083984375 0.4899306025390625 0.60165659765625 0.4910423076171875 0.6007894501953125 0.4975063671875 0.5966558173828125 0.57914260546875 0.5975679580078125 0.589757828125
1 0.6714133720703125 0.5139234150390625 0.6623514287109376 0.5621942548828125 0.6595570361328125 0.5871119111328125 0.66123717578125 0.603286169921875 0.6780797783203125 0.60772282421875 0.70199453515625 0.6116848505859375 0.7170494609375 0.612210580078125 0.7212555361328125 0.6111548037109376 0.723910359375 0.608601669921875 0.72936948828125 0.5900308779296874 0.744143763671875 0.5251223359375 0.7439744541015625 0.52078686328125 0.733662517578125 0.5038301142578125 0.727331669921875 0.501444255859375 0.689331330078125 0.496749818359375 0.6825878818359375 0.49699539453125 0.6760892470703125 0.4994142998046875 0.6714133720703125 0.5139234150390625
1 0.812494953125 0.560702509765625 0.8164478251953124 0.557713642578125 0.826588171875 0.5061130244140625 0.818603875 0.4959724306640625 0.81513071875 0.494407958984375 0.807451486328125 0.4938992626953125 0.7935939365234375 0.4958206572265625 0.7900033291015625 0.4976195205078125 0.7809848564453125 0.55382940625 0.7805722568359375 0.55646083984375 0.7827389765625 0.5587012841796875 0.80061803515625 0.5610093525390625 0.812494953125 0.560702509765625
1 0.775641654296875 0.559896626953125 0.7779258232421875 0.558773736328125 0.77963647265625 0.5557065693359375 0.7881096396484375 0.5151121640625 0.7889752626953125 0.4995078681640625 0.779837060546875 0.4948591953125 0.765734697265625 0.494607259765625 0.7480501162109375 0.4959139501953125 0.7447378798828125 0.498925189453125 0.74263903125 0.549844498046875 0.7440560537109375 0.555185666015625 0.75003302734375 0.5585212919921875 0.775641654296875 0.559896626953125
1 0.82055094921875 0.495318830078125 0.817071681640625 0.5582164912109375 0.8217925517578125 0.560786658203125 0.84328738671875 0.560575150390625 0.8471045048828125 0.5522898564453125 0.8574980546875 0.502622330078125 0.8537633046875 0.4993650048828125 0.844271228515625 0.4956660986328125 0.82055094921875 0.495318830078125
1 0.888012873046875 0.556364251953125 0.8785711318359375 0.551223916015625 0.855652408203125 0.5554747294921875 0.8526025205078125 0.6152604794921875 0.858242396484375 0.6190653955078125 0.8803694775390625 0.61911649609375 0.883041078125 0.6160828857421875 0.8929213564453125 0.57192965234375 0.8926834072265625 0.56037584765625 0.888012873046875 0.556364251953125
1 0.9293437529296875 0.5667072099609375 0.9295199287109375 0.5616622080078125 0.92675451953125 0.558198201171875 0.91631826953125 0.55398526171875 0.8989120595703125 0.556504328125 0.894975966796875 0.55901271875 0.884708255859375 0.6050766728515625 0.8836901025390625 0.6158650185546874 0.8858148759765625 0.619306654296875 0.91431475 0.6205424228515625 0.917559873046875 0.61945308984375 0.9293437529296875 0.5667072099609375
1 0.962562974609375 0.5613729091796875 0.9447327265625 0.54848317578125 0.932899279296875 0.5567290625 0.930177341796875 0.5612041025390625 0.9198509072265625 0.6089497236328125 0.9192537421875 0.6168663984375 0.9208049951171875 0.618363755859375 0.949254533203125 0.6210409541015625 0.95156387109375 0.6191973486328125 0.964982896484375 0.5655464443359375 0.962562974609375 0.5613729091796875
0 0.83984375 0.291015625 0.857421875 0.291015625 0.859375 0.2939453125 0.8583984375 0.3095703125 0.8505859375 0.3134765625 0.794921875 0.310546875 0.79296875 0.30859375 0.7939453125 0.2958984375 0.796875 0.2890625 0.8291015625 0.2890625 0.8388671875 0.291015625
0 0.3701171875 0.6064453125 0.38671875 0.6044921875 0.427734375 0.607421875 0.4267578125 0.62109375 0.4169921875 0.6240234375 0.369140625 0.623046875 0.3681640625 0.6103515625 0.3701171875 0.607421875
0 0.923828125 0.2919921875 0.9365234375 0.2939453125 0.94921875 0.2919921875 0.9677734375 0.29296875 0.9677734375 0.3125 0.9638671875 0.3154296875 0.955078125 0.31640625 0.9013671875 0.314453125 0.8994140625 0.3115234375 0.900390625 0.2939453125 0.90234375 0.2919921875 0.9228515625 0.2919921875
0 0.94140625 0.46484375 0.986328125 0.4677734375 0.9873046875 0.4794921875 0.9853515625 0.486328125 0.982421875 0.48828125 0.923828125 0.486328125 0.921875 0.484375 0.923828125 0.4677734375 0.9267578125 0.4658203125 0.9404296875 0.46484375
0 0.25 0.4375 0.287109375 0.4375 0.3388671875 0.4423828125 0.33984375 0.4609375 0.3056640625 0.4599609375 0.2998046875 0.45703125 0.2431640625 0.4560546875 0.2421875 0.4404296875 0.244140625 0.4375 0.2490234375 0.4375
0 0.9736328125 0.6318359375 0.9951171875 0.6318359375 0.9951171875 0.6494140625 0.982421875 0.6513671875 0.9697265625 0.6494140625 0.97265625 0.6328125
0 0.21875 0.6220703125 0.2626953125 0.6220703125 0.26171875 0.6328125 0.2568359375 0.6396484375 0.2001953125 0.638671875 0.19921875 0.6357421875 0.203125 0.623046875 0.2177734375 0.6220703125
0 0.22265625 0.2607421875 0.2255859375 0.2626953125 0.2646484375 0.263671875 0.265625 0.2861328125 0.263671875 0.287109375 0.2001953125 0.283203125 0.1982421875 0.2802734375 0.1982421875 0.26171875 0.2216796875 0.2607421875
0 0.0673828125 0.4267578125 0.0927734375 0.4306640625 0.119140625 0.4306640625 0.119140625 0.4482421875 0.1123046875 0.451171875 0.0966796875 0.451171875 0.0810546875 0.447265625 0.05859375 0.447265625 0.05859375 0.4296875 0.06640625 0.4267578125
0 0.705078125 0.6201171875 0.755859375 0.623046875 0.7578125 0.62890625 0.755859375 0.638671875 0.7529296875 0.640625 0.69921875 0.638671875 0.697265625 0.63671875 0.6982421875 0.623046875 0.7041015625 0.6201171875
0 0.3505859375 0.267578125 0.365234375 0.2705078125 0.412109375 0.2724609375 0.416015625 0.275390625 0.4169921875 0.283203125 0.4150390625 0.2939453125 0.3505859375 0.291015625 0.3505859375 0.2685546875
0 0.8896484375 0.62890625 0.9111328125 0.62890625 0.9140625 0.630859375 0.912109375 0.646484375 0.8984375 0.6484375 0.888671875 0.646484375 0.861328125 0.6474609375 0.859375 0.6455078125 0.853515625 0.6455078125 0.853515625 0.6337890625 0.857421875 0.6279296875 0.888671875 0.62890625
0 0.423828125 0.4453125 0.46875 0.447265625 0.4833984375 0.44921875 0.4853515625 0.4521484375 0.4853515625 0.4619140625 0.482421875 0.4677734375 0.423828125 0.46484375 0.423828125 0.4462890625
0 0.0283203125 0.25390625 0.0302734375 0.255859375 0.08984375 0.2578125 0.091796875 0.259765625 0.0908203125 0.279296875 0.0283203125 0.27734375 0.0244140625 0.2734375 0.0244140625 0.255859375 0.02734375 0.2548828125
0 0.73828125 0.642578125 0.7763671875 0.642578125 0.7783203125 0.64453125 0.77734375 0.66015625 0.767578125 0.662109375 0.7197265625 0.66015625 0.71875 0.64453125 0.7216796875 0.642578125 0.7373046875 0.642578125
0 0.6162109375 0.2802734375 0.671875 0.2802734375 0.673828125 0.2822265625 0.6728515625 0.3037109375 0.6533203125 0.3056640625 0.6083984375 0.302734375 0.6083984375 0.283203125 0.61328125 0.279296875 0.615234375 0.2802734375
0 0.107421875 0.5966796875 0.1357421875 0.6005859375 0.1591796875 0.599609375 0.1611328125 0.6064453125 0.1572265625 0.615234375 0.150390625 0.6181640625 0.134765625 0.6181640625 0.099609375 0.6142578125 0.0986328125 0.6123046875 0.103515625 0.5986328125 0.1064453125 0.59765625
1 0.256946818359375 0.6456928564453125 0.2529939462890625 0.6486817236328125 0.24824104296875 0.6562127451171875 0.24794894140625 0.673761318359375 0.25068231640625 0.6873265146484375 0.2664343095703125 0.7229941318359375 0.295728875 0.7382084580078125 0.3158768623046875 0.6479912705078125 0.2627628701171875 0.6444527705078125 0.256946818359375 0.6456928564453125
1 0.28293142578125 0.7281403154296875 0.2644201220703125 0.7255696376953125 0.26402582421875 0.73686083203125 0.26725569140625 0.7453922119140625 0.2710407783203125 0.7472081083984375 0.2780877646484375 0.7474541943359375 0.29005696484375 0.7445047314453125 0.28798100390625 0.730481431640625 0.28293142578125 0.7281403154296875
1 0.45110958984375 0.7520530625 0.450399560546875 0.689730703125 0.4497924833984375 0.6887473779296875 0.4186713427734375 0.689103791015625 0.41501362109375 0.69282455859375 0.4160912548828125 0.735436203125 0.4193760302734375 0.7699468623046875 0.4224701455078125 0.77318181640625 0.4362102431640625 0.7746237548828125 0.44968875 0.7743728408203125 0.45110958984375 0.7520530625
1 0.460134927734375 0.6864627021484375 0.4569233623046875 0.6865910830078125 0.4530726865234375 0.6958373291015625 0.4508159638671875 0.7604613984375 0.4526387216796875 0.7725516083984375 0.4563986396484375 0.77508821875 0.4788292587890625 0.7756309814453125 0.48214149609375 0.7726197421875 0.4852722294921875 0.692151138671875 0.460134927734375 0.6864627021484375
1 0.596714515625 0.77950709375 0.6048193232421875 0.7035417490234375 0.6043617275390625 0.689093900390625 0.599832287109375 0.6718580185546875 0.557652564453125 0.6766388798828125 0.5370012314453125 0.6802472802734375 0.5337576328125 0.6904768505859376 0.5341686962890625 0.7797282578125 0.53667251171875 0.7814994111328125 0.5538773779296875 0.784746060546875 0.59330999609375 0.7851609541015625 0.596714515625 0.77950709375
1 0.6085037236328125 0.80926358203125 0.6287088984375 0.809247568359375 0.6332688486328125 0.807242025390625 0.6745394931640625 0.7091033359375 0.671571216796875 0.7022648095703125 0.6649116630859375 0.70010800390625 0.648069060546875 0.6956713486328125 0.6265742255859374 0.695882857421875 0.6130705517578126 0.6968544853515625 0.6082070634765625 0.6983683671875 0.6048124580078125 0.7129222236328125 0.599015462890625 0.7779037265625 0.6008748271484375 0.80731345703125 0.6085037236328125 0.80926358203125
1 0.3309683798828125 0.766859599609375 0.3308158486328125 0.762043650390625 0.3249555712890625 0.7002630322265625 0.3041318798828125 0.681255486328125 0.2969354111328125 0.694473923828125 0.2962543525390625 0.7047929794921876 0.2987543515625 0.7342250810546875 0.303421068359375 0.7658976259765625 0.3046436142578125 0.76762403515625 0.328970970703125 0.7689546279296875 0.3309683798828125 0.766859599609375
1 0.9360581748046874 0.89791253125 0.939918763671875 0.8975662841796875 0.9425484189453125 0.8957338642578125 0.9599790419921875 0.83741242578125 0.9595313603515625 0.831864576171875 0.9490851962890625 0.8187516376953125 0.9317125439453126 0.820309751953125 0.9281219365234376 0.8221086142578125 0.925046123046875 0.827533419921875 0.91731273828125 0.8561271015625 0.9113250830078125 0.8898328984375 0.9108369794921874 0.8946264765625 0.912691771484375 0.8966154970703125 0.9360581748046874 0.89791253125
1 0.9233942001953125 0.8289189208984376 0.921302984375 0.8245163330078125 0.9142476083984376 0.8245104853515625 0.895846888671875 0.827956947265625 0.884676951171875 0.87230567578125 0.881039056640625 0.89382644140625 0.883871578125 0.8953685419921875 0.908856349609375 0.896241029296875 0.9111824658203125 0.893916947265625 0.9229564326171875 0.8322710693359375 0.9233942001953125 0.8289189208984376