1 0.183127572265625 0 0.1784979423828125 0.0069444443359375 0.176954732421875 0.0239197529296875 0.1815843623046875 0.102237654296875 0.192901234375 0.1041666669921875 0.2160493828125 0.1030092587890625 0.248971193359375 0.10455246875 0.259773662109375 0.1030092587890625 0.259773662109375 0.07677469140625 0.2566872431640625 0.059413580078125 0.2566872431640625 0.008487654296875 0.253086419921875 0 0.183127572265625 0
1 0.2947530859375 0.1060956787109375 0.3055555556640625 0.1060956787109375 0.31584362109375 0.1041666669921875 0.3204732509765625 0.102237654296875 0.318930041015625 0.09722222265625 0.320987654296875 0.0952932099609375 0.3184156376953125 0.0922067900390625 0.318930041015625 0.0810185185546875 0.3163580244140625 0.0640432099609375 0.316872427734375 0.0578703701171875 0.3215020576171875 0.05362654296875 0.3194444443359375 0.047839505859375 0.3173868310546875 0.0154320986328125 0.310185185546875 0.0077160498046875 0.2952674892578125 0.0038580244140625 0.261831275390625 0.0065586416015625 0.2587448564453125 0.011959876953125 0.2592592587890625 0.0613425927734375 0.263888888671875 0.1037808642578125 0.2654320986328125 0.105709876953125 0.2947530859375 0.1060956787109375
1 0.3256172841796875 0.10455246875 0.33693415625 0.1060956787109375 0.3683127568359375 0.105709876953125 0.371913580078125 0.1018518515625 0.3734567900390625 0.062114197265625 0.369855966796875 0.01157407421875 0.3657407412109375 0.00887345703125 0.35390946484375 0.00887345703125 0.3523662548828125 0.0069444443359375 0.344135802734375 0.0073302470703125 0.3415637861328125 0.005787037109375 0.325102880859375 0.0081018515625 0.3204732509765625 0.0127314814453125 0.3204732509765625 0.043209876953125 0.323045267578125 0.05169753125 0.323045267578125 0.102237654296875 0.3256172841796875 0.10455246875
1 0.37294238671875 0 0.3724279833984375 0.0381944443359375 0.375 0.0613425927734375 0.3734567900390625 0.0706018515625 0.375 0.0949074072265625 0.37294238671875 0.09992283984375 0.3744855966796875 0.10455246875 0.3791152265625 0.1064814814453125 0.40277777734375 0.1041666669921875 0.414094650390625 0.1060956787109375 0.445987654296875 0.1068672841796875 0.4495884775390625 0.105709876953125 0.4495884775390625 0 0.37294238671875 0
1 0.456790123046875 0 0.45318930078125 0.0389660498046875 0.4547325107421875 0.05362654296875 0.4526748974609375 0.074459876953125 0.45576131640625 0.0895061728515625 0.4537037041015625 0.1018518515625 0.4552469140625 0.10532407421875 0.469135802734375 0.10532407421875 0.4876543212890625 0.10802469140625 0.5087448564453125 0.1072530859375 0.5236625517578125 0.108410494140625 0.528806583984375 0.1068672841796875 0.53189300390625 0.0964506171875 0.53189300390625 0.0841049384765625 0.5246913583984375 0.0663580244140625 0.526234568359375 0.0625 0.5293209873046875 0.0609567900390625 0.5313786005859376 0.0532407412109375 0.532921810546875 0.0150462958984375 0.5303497939453125 0 0.456790123046875 0
1 0.541152263671875 0 0.5396090537109375 0.0081018515625 0.54012345703125 0.0405092587890625 0.534979423828125 0.0667438271484375 0.5365226337890625 0.1064814814453125 0.5416666669921875 0.10802469140625 0.554012345703125 0.1072530859375 0.5586419755859375 0.1095679013671875 0.6075102880859375 0.1087962958984375 0.6126543212890625 0.1068672841796875 0.615226337890625 0.085262345703125 0.61882716015625 0 0.541152263671875 0
1 0.621913580078125 0 0.6157407412109375 0.077160494140625 0.615226337890625 0.1060956787109375 0.6172839501953125 0.10802469140625 0.6795267490234375 0.110339505859375 0.691872427734375 0.1091820986328125 0.6934156376953124 0.1064814814453125 0.6995884775390625 0.02507716015625 0.6995884775390625 0 0.621913580078125 0
1 0.7037037041015625 0 0.7016460908203125 0.0104166669921875 0.6954732509765625 0.0871913583984375 0.6965020576171875 0.099151234375 0.700102880859375 0.105709876953125 0.70576131640625 0.1091820986328125 0.71193415625 0.1099537041015625 0.7664609052734375 0.110339505859375 0.7731481484375 0.108410494140625 0.779835390625 0.0952932099609375 0.7839506171875 0.070987654296875 0.7875514404296875 0 0.7037037041015625 0
1 0.7937242802734376 0 0.7813786005859376 0.098765431640625 0.780864197265625 0.1091820986328125 0.7839506171875 0.11072530859375 0.7973251025390625 0.110339505859375 0.8055555556640625 0.1122685185546875 0.8173868310546875 0.1126543212890625 0.852880658203125 0.113040123046875 0.859053498046875 0.1118827158203125 0.863168724609375 0.0952932099609375 0.86419753125 0.0841049384765625 0.86213991796875 0.077160494140625 0.8693415634765626 0.048611111328125 0.873971193359375 0 0.7937242802734376 0
1 0.8786008232421875 0 0.8734567900390625 0.02237654296875 0.8672839501953125 0.0814043212890625 0.8672839501953125 0.1030092587890625 0.8657407412109375 0.105709876953125 0.869855966796875 0.11072530859375 0.886831275390625 0.11342592578125 0.9295267490234375 0.113811728515625 0.9362139921875 0.1126543212890625 0.9403292177734375 0.1099537041015625 0.9434156376953124 0.09992283984375 0.9454732509765625 0.0752314814453125 0.9593621396484375 0.0189043212890625 0.960905349609375 0 0.8786008232421875 0
1 0.967078189453125 0 0.965020576171875 0.0027006171875 0.9660493828125 0.01080246875 0.9593621396484375 0.0154320986328125 0.9578189296875 0.0339506171875 0.9562757197265624 0.0354938271484375 0.9573045263671875 0.0385802470703125 0.9465020576171875 0.0752314814453125 0.9444444443359375 0.102237654296875 0.94084362109375 0.113040123046875 0.94495884765625 0.1145833330078125 0.9794238681640625 0.1122685185546875 0.9876543212890625 0.113040123046875 0.994855966796875 0.1099537041015625 0.99382716015625 0.1064814814453125 0.9963991767578125 0.1030092587890625 0.9963991767578125 0.092013888671875 0.9994855966796875 0.0856481484375 0.9994855966796875 0 0.967078189453125 0
1 0.297839505859375 0.2168209873046875 0.2962962958984375 0.210262345703125 0.2973251025390625 0.1631944443359375 0.2952674892578125 0.14737654296875 0.2926954736328125 0.1439043212890625 0.270061728515625 0.1404320986328125 0.258230453125 0.1431327158203125 0.2536008232421875 0.1462191357421875 0.258230453125 0.216435185546875 0.2649176953125 0.219135802734375 0.2937242802734375 0.2202932099609375 0.297839505859375 0.2168209873046875
1 0.2458847734375 0.2214506171875 0.25617283984375 0.2172067900390625 0.253086419921875 0.1998456787109375 0.2525720166015625 0.1574074072265625 0.2494855966796875 0.14467592578125 0.240226337890625 0.141589505859375 0.234053498046875 0.14197530859375 0.234053498046875 0.168209876953125 0.2386831279296875 0.2168209873046875 0.2407407412109375 0.221064814453125 0.2458847734375 0.2214506171875
1 0.3343621396484375 0.2214506171875 0.3374485595703125 0.2179783955078125 0.335905349609375 0.14737654296875 0.3287037041015625 0.1435185185546875 0.312757201171875 0.14197530859375 0.3004115224609375 0.1435185185546875 0.297839505859375 0.1458333330078125 0.2983539091796875 0.2172067900390625 0.3004115224609375 0.2195216044921875 0.3065843623046875 0.2206790126953125 0.3343621396484375 0.2214506171875
1 0.3765432099609375 0.2202932099609375 0.3775720166015625 0.20794753125 0.3755144033203125 0.14737654296875 0.3693415634765625 0.1435185185546875 0.35390946484375 0.1427469140625 0.34310699609375 0.1439043212890625 0.3384773662109375 0.14737654296875 0.33693415625 0.1902006171875 0.3410493828125 0.2199074072265625 0.37294238671875 0.2226080244140625 0.3765432099609375 0.2202932099609375
1 0.4171810703125 0.1466049384765625 0.4135802470703125 0.1439043212890625 0.3945473251953125 0.14197530859375 0.3816872431640625 0.1435185185546875 0.378086419921875 0.1462191357421875 0.3791152265625 0.2202932099609375 0.4146090537109375 0.2233796298828125 0.4176954736328125 0.2202932099609375 0.4171810703125 0.1466049384765625
1 0.46193415625 0.2202932099609375 0.4624485595703125 0.14737654296875 0.45576131640625 0.144290123046875 0.4367283955078125 0.1431327158203125 0.424897119140625 0.1439043212890625 0.4187242802734375 0.14737654296875 0.4187242802734375 0.2202932099609375 0.4212962958984375 0.22222222265625 0.4562757197265625 0.224151234375 0.46193415625 0.2202932099609375
1 0.505144033203125 0.221064814453125 0.5066872431640626 0.14737654296875 0.5046296298828125 0.14544753125 0.494855966796875 0.1435185185546875 0.4732510283203125 0.1439043212890625 0.4660493828125 0.147762345703125 0.465020576171875 0.1589506171875 0.4655349794921875 0.2206790126953125 0.4696502060546875 0.224151234375 0.501028806640625 0.223765431640625 0.505144033203125 0.221064814453125
1 0.5483539091796875 0.2206790126953125 0.5488683125 0.16782407421875 0.54681069921875 0.147762345703125 0.5396090537109375 0.1462191357421875 0.5149176953125 0.1458333330078125 0.51080246875 0.1469907412109375 0.5087448564453125 0.150462962890625 0.5087448564453125 0.22222222265625 0.5123456787109375 0.224151234375 0.5447530859375 0.22492283984375 0.5483539091796875 0.2206790126953125
1 0.590020576171875 0.2206790126953125 0.5915637861328125 0.167438271484375 0.5910493828125 0.150848765625 0.5884773662109375 0.14737654296875 0.5586419755859375 0.1469907412109375 0.551954732421875 0.1493055556640625 0.549897119140625 0.17862654296875 0.5504115224609375 0.22222222265625 0.5565843623046876 0.22492283984375 0.587962962890625 0.224537037109375 0.590020576171875 0.2206790126953125
1 0.604938271484375 0.224537037109375 0.6193415634765626 0.2260802470703125 0.63117283984375 0.224537037109375 0.6352880654296875 0.15972222265625 0.6352880654296875 0.15007716015625 0.633230453125 0.147762345703125 0.598765431640625 0.1462191357421875 0.5946502060546875 0.1485339501953125 0.5915637861328125 0.198688271484375 0.5910493828125 0.221064814453125 0.5936213994140624 0.224151234375 0.5982510283203125 0.2256944443359375 0.604938271484375 0.224537037109375
1 0.638888888671875 0.2256944443359375 0.6712962958984375 0.2260802470703125 0.6738683125 0.221836419921875 0.6764403291015625 0.187885802734375 0.6754115224609375 0.1641589501953125 0.6774691357421875 0.150848765625 0.672839505859375 0.1489197529296875 0.657921810546875 0.1493055556640625 0.651234568359375 0.14737654296875 0.6399176953125 0.147762345703125 0.636831275390625 0.15007716015625 0.6327160498046875 0.198688271484375 0.634773662109375 0.2091049384765625 0.6337448564453125 0.223765431640625 0.638888888671875 0.2256944443359375
1 0.70987654296875 0.2264660498046875 0.7134773662109375 0.22492283984375 0.71810699609375 0.1867283955078125 0.719135802734375 0.15277777734375 0.7165637861328125 0.1489197529296875 0.6975308642578125 0.1489197529296875 0.6805555556640625 0.150848765625 0.6795267490234375 0.161265431640625 0.681069958984375 0.1685956787109375 0.6784979423828125 0.1739969140625 0.6774691357421875 0.1902006171875 0.674897119140625 0.198688271484375 0.6764403291015625 0.2114197529296875 0.6738683125 0.223765431640625 0.6754115224609375 0.2256944443359375 0.70987654296875 0.2264660498046875
1 0.7546296298828125 0.224537037109375 0.7772633740234375 0.2233796298828125 0.845164609375 0.224537037109375 0.8436213994140624 0.216435185546875 0.846193416015625 0.2094907412109375 0.8436213994140624 0.204861111328125 0.846193416015625 0.1948302470703125 0.8518518515625 0.1894290126953125 0.854938271484375 0.15625 0.852880658203125 0.150848765625 0.8235596708984375 0.15007716015625 0.8132716044921875 0.1462191357421875 0.80092592578125 0.1439043212890625 0.799897119140625 0.142361111328125 0.7973251025390625 0.145061728515625 0.793209876953125 0.14544753125 0.7854938271484375 0.1493055556640625 0.7824074072265625 0.1481481484375 0.757201646484375 0.1489197529296875 0.7494855966796875 0.147762345703125 0.7376543212890625 0.1493055556640625 0.7335390947265625 0.150848765625 0.7335390947265625 0.1550925927734375 0.736111111328125 0.1570216044921875 0.7304526748046875 0.1608796298828125 0.729938271484375 0.1689814814453125 0.7268518515625 0.1751543212890625 0.7263374482421875 0.20987654296875 0.729938271484375 0.2118055556640625 0.736111111328125 0.22222222265625 0.7546296298828125 0.224537037109375
1 0.9135802470703125 0.2283950615234375 0.95318930078125 0.2287808642578125 0.9624485595703125 0.2175925927734375 0.97479423828125 0.213348765625 0.977880658203125 0.20987654296875 0.980967078125 0.20177469140625 0.986111111328125 0.170138888671875 0.98713991796875 0.1577932099609375 0.9855967080078125 0.15277777734375 0.9696502060546875 0.15007716015625 0.9506172841796875 0.150848765625 0.9393004111328125 0.1489197529296875 0.8647119345703125 0.150848765625 0.859053498046875 0.162037037109375 0.8595679013671875 0.1720679013671875 0.8523662548828125 0.2052469140625 0.8518518515625 0.2233796298828125 0.8554526748046875 0.2268518515625 0.89609053515625 0.2260802470703125 0.9135802470703125 0.2283950615234375
1 0.287037037109375 0.31867283984375 0.2947530859375 0.32137345703125 0.299897119140625 0.3252314814453125 0.310185185546875 0.324459876953125 0.312242798828125 0.30362654296875 0.3076131689453125 0.27507716015625 0.30504115234375 0.27237654296875 0.30915637890625 0.258487654296875 0.293209876953125 0.255787037109375 0.2443415634765625 0.25617283984375 0.2453703701171875 0.289737654296875 0.2505144033203125 0.3248456787109375 0.2654320986328125 0.324459876953125 0.287037037109375 0.31867283984375
1 0.3575102880859375 0.32677469140625 0.3734567900390625 0.3275462958984375 0.388888888671875 0.32407407421875 0.4032921806640625 0.32330246875 0.4084362138671875 0.3248456787109375 0.4146090537109375 0.32947530859375 0.4295267490234375 0.329089505859375 0.4295267490234375 0.2623456787109375 0.426954732421875 0.25887345703125 0.42181069921875 0.2577160498046875 0.3836162548828125 0.2573302470703125 0.3554526748046875 0.2542438271484375 0.3425925927734375 0.255787037109375 0.3343621396484375 0.255015431640625 0.33076131640625 0.2565586416015625 0.3276748974609375 0.255015431640625 0.320987654296875 0.255401234375 0.3184156376953125 0.2654320986328125 0.317901234375 0.320987654296875 0.320987654296875 0.3256172841796875 0.3374485595703125 0.3283179013671875 0.3575102880859375 0.32677469140625
1 0.4362139921875 0.327160494140625 0.4603909462890625 0.3306327158203125 0.4886831279296875 0.32947530859375 0.4994855966796875 0.3275462958984375 0.505144033203125 0.3287037041015625 0.5226337451171875 0.3225308642578125 0.5257201650390625 0.3248456787109375 0.5257201650390625 0.329089505859375 0.5293209873046875 0.3310185185546875 0.5354938271484375 0.33294753125 0.543209876953125 0.3314043212890625 0.5473251025390625 0.27237654296875 0.5452674892578125 0.26157407421875 0.5396090537109375 0.2592592587890625 0.4794238681640625 0.2600308642578125 0.4387860078125 0.258487654296875 0.435185185546875 0.261959876953125 0.43415637890625 0.30092592578125 0.4367283955078125 0.3097993828125 0.43415637890625 0.324459876953125 0.4362139921875 0.327160494140625
1 0.5632716044921875 0.3310185185546875 0.5802469140625 0.332561728515625 0.5823045263671875 0.3314043212890625 0.5833333330078125 0.3260030859375 0.5853909462890625 0.261959876953125 0.5529835390625 0.261959876953125 0.549897119140625 0.2631172841796875 0.5488683125 0.2685185185546875 0.5462962958984375 0.306712962890625 0.54681069921875 0.3314043212890625 0.549897119140625 0.33294753125 0.5632716044921875 0.3310185185546875
1 0.6213991767578125 0.33217592578125 0.626028806640625 0.270061728515625 0.6255144033203125 0.264660494140625 0.6234567900390625 0.2627314814453125 0.595164609375 0.261188271484375 0.5905349794921875 0.2623456787109375 0.5884773662109375 0.2650462958984375 0.585905349609375 0.298611111328125 0.5853909462890625 0.331790123046875 0.5874485595703125 0.33294753125 0.619855966796875 0.3337191357421875 0.6213991767578125 0.33217592578125
1 0.6646090537109375 0.28472222265625 0.6656378603515625 0.2650462958984375 0.6635802470703125 0.2623456787109375 0.6342592587890625 0.26157407421875 0.6286008232421875 0.263888888671875 0.6234567900390625 0.3113425927734375 0.62294238671875 0.3279320986328125 0.6255144033203125 0.3344907412109375 0.657921810546875 0.33487654296875 0.6646090537109375 0.28472222265625
1 0.6970164609375 0.33487654296875 0.7011316875 0.317515431640625 0.7052469140625 0.2827932099609375 0.7062757197265624 0.2650462958984375 0.704218107421875 0.2631172841796875 0.674897119140625 0.261188271484375 0.668209876953125 0.2635030859375 0.6615226337890625 0.3152006171875 0.6604938271484375 0.332561728515625 0.662037037109375 0.3344907412109375 0.668209876953125 0.3356481484375 0.6970164609375 0.33487654296875
1 0.7443415634765626 0.2627314814453125 0.72222222265625 0.26080246875 0.7134773662109375 0.261188271484375 0.7083333330078125 0.2635030859375 0.7026748974609375 0.30362654296875 0.6995884775390625 0.3344907412109375 0.7376543212890625 0.3360339501953125 0.746913580078125 0.2658179013671875 0.7443415634765626 0.2627314814453125
1 0.78600823046875 0.26697530859375 0.7834362138671875 0.263888888671875 0.7731481484375 0.26157407421875 0.763888888671875 0.26157407421875 0.7515432099609375 0.2623456787109375 0.748971193359375 0.26427469140625 0.7407407412109375 0.3206018515625 0.7407407412109375 0.335262345703125 0.776234568359375 0.3356481484375 0.784979423828125 0.2824074072265625 0.78600823046875 0.26697530859375
1 0.8163580244140625 0.33487654296875 0.8261316875 0.280864197265625 0.8266460908203125 0.264660494140625 0.795781892578125 0.2623456787109375 0.7896090537109375 0.2650462958984375 0.78600823046875 0.275848765625 0.7803497939453125 0.3152006171875 0.7782921806640625 0.3302469140625 0.7793209873046875 0.3360339501953125 0.8143004111328125 0.3364197529296875 0.8163580244140625 0.33487654296875
1 0.8585390947265625 0.3279320986328125 0.867798353515625 0.2708333330078125 0.8657407412109375 0.2650462958984375 0.845164609375 0.2623456787109375 0.83487654296875 0.2627314814453125 0.8302469140625 0.2654320986328125 0.8204732509765625 0.31597222265625 0.8184156376953124 0.33217592578125 0.8204732509765625 0.337962962890625 0.8554526748046875 0.33757716015625 0.8585390947265625 0.3279320986328125
1 0.9007201650390625 0.3283179013671875 0.9032921806640625 0.2974537041015625 0.909979423828125 0.2689043212890625 0.907921810546875 0.266589505859375 0.8996913583984375 0.2650462958984375 0.897119341796875 0.2627314814453125 0.890946501953125 0.264660494140625 0.8791152265625 0.263888888671875 0.8724279833984375 0.2654320986328125 0.8693415634765626 0.2689043212890625 0.8616255146484375 0.312114197265625 0.8585390947265625 0.33217592578125 0.8600823046875 0.338348765625 0.897119341796875 0.338348765625 0.9007201650390625 0.3283179013671875
1 0.9346707822265625 0.3364197529296875 0.9403292177734375 0.3109567900390625 0.9434156376953124 0.2785493828125 0.9423868310546875 0.2662037041015625 0.914094650390625 0.2654320986328125 0.909979423828125 0.2677469140625 0.9017489716796875 0.312885802734375 0.90020576171875 0.3356481484375 0.90277777734375 0.337962962890625 0.932098765625 0.337962962890625 0.9346707822265625 0.3364197529296875
1 0.291152263671875 0.42669753125 0.3106995888671875 0.42669753125 0.3143004111328125 0.422839505859375 0.3143004111328125 0.3904320986328125 0.3117283955078125 0.3626543212890625 0.307098765625 0.3591820986328125 0.2865226337890625 0.3599537041015625 0.2793209873046875 0.358410494140625 0.2757201650390625 0.36072530859375 0.27520576171875 0.386188271484375 0.2782921806640625 0.4243827158203125 0.280864197265625 0.42592592578125 0.291152263671875 0.42669753125
1 0.3533950615234375 0.422839505859375 0.3533950615234375 0.3927469140625 0.3503086416015625 0.3626543212890625 0.348765431640625 0.3614969140625 0.346193416015625 0.363811728515625 0.3436213994140625 0.363811728515625 0.337962962890625 0.360339505859375 0.3204732509765625 0.3599537041015625 0.3143004111328125 0.363040123046875 0.317901234375 0.4251543212890625 0.3353909462890625 0.4270833330078125 0.34979423828125 0.42669753125 0.3533950615234375 0.422839505859375
1 0.36213991796875 0.4270833330078125 0.3873456787109375 0.4274691357421875 0.3899176953125 0.425540123046875 0.3914609052734375 0.4155092587890625 0.3894032919921875 0.3626543212890625 0.3837448564453125 0.360339505859375 0.354938271484375 0.360339505859375 0.3518518515625 0.3626543212890625 0.354938271484375 0.4035493828125 0.3544238681640625 0.425540123046875 0.36213991796875 0.4270833330078125
1 0.270061728515625 0.426311728515625 0.27520576171875 0.4224537041015625 0.274176955078125 0.3622685185546875 0.269032921875 0.358410494140625 0.2577160498046875 0.3587962958984375 0.253086419921875 0.3618827158203125 0.253086419921875 0.38657407421875 0.258230453125 0.4239969140625 0.261831275390625 0.42669753125 0.270061728515625 0.426311728515625
1 0.429012345703125 0.42592592578125 0.4279835390625 0.3626543212890625 0.4243827158203125 0.361111111328125 0.393004115234375 0.3618827158203125 0.3924897119140625 0.4251543212890625 0.3966049384765625 0.4274691357421875 0.424897119140625 0.42862654296875 0.429012345703125 0.42592592578125
1 0.4665637861328125 0.42862654296875 0.4675925927734375 0.4216820986328125 0.467078189453125 0.3653549384765625 0.46399176953125 0.3622685185546875 0.4516460908203125 0.36342592578125 0.4367283955078125 0.3618827158203125 0.4315843623046875 0.3645833330078125 0.432098765625 0.42592592578125 0.435185185546875 0.429012345703125 0.4645061728515625 0.4293981484375 0.4665637861328125 0.42862654296875
1 0.5056584365234374 0.4278549384765625 0.50617283984375 0.4220679013671875 0.50617283984375 0.36612654296875 0.50205761328125 0.36342592578125 0.4732510283203125 0.36342592578125 0.4696502060546875 0.3657407412109375 0.4696502060546875 0.42862654296875 0.4794238681640625 0.4301697529296875 0.5036008232421875 0.4297839501953125 0.5056584365234374 0.4278549384765625
1 0.5426954736328125 0.42862654296875 0.5447530859375 0.414737654296875 0.5452674892578125 0.36882716015625 0.5437242802734376 0.36612654296875 0.54012345703125 0.3653549384765625 0.5257201650390625 0.3657407412109375 0.511831275390625 0.36419753125 0.5077160498046875 0.36612654296875 0.5066872431640626 0.42862654296875 0.5144032919921875 0.4309413583984375 0.5396090537109375 0.432098765625 0.5426954736328125 0.42862654296875
1 0.5828189296875 0.429012345703125 0.58487654296875 0.386959876953125 0.5833333330078125 0.3761574072265625 0.585905349609375 0.369212962890625 0.5812757197265624 0.3653549384765625 0.551954732421875 0.3649691357421875 0.5488683125 0.36612654296875 0.547839505859375 0.369598765625 0.54423868359375 0.42862654296875 0.549897119140625 0.43132716015625 0.5802469140625 0.43132716015625 0.5828189296875 0.429012345703125
1 0.621913580078125 0.432098765625 0.6265432099609375 0.3742283955078125 0.6265432099609375 0.369598765625 0.623971193359375 0.3668981484375 0.5977366259765625 0.3649691357421875 0.5905349794921875 0.3672839501953125 0.5874485595703125 0.3769290126953125 0.5843621396484375 0.4070216044921875 0.5833333330078125 0.426311728515625 0.58487654296875 0.432098765625 0.604938271484375 0.43402777734375 0.621913580078125 0.432098765625
1 0.6574074072265625 0.4336419755859375 0.6594650205078125 0.431712962890625 0.6646090537109375 0.3908179013671875 0.666152263671875 0.369212962890625 0.664094650390625 0.3668981484375 0.633230453125 0.36612654296875 0.6296296298828125 0.3676697529296875 0.6244855966796875 0.4074074072265625 0.6244855966796875 0.4328703701171875 0.626028806640625 0.43402777734375 0.6466049384765625 0.4347993828125 0.6574074072265625 0.4336419755859375
1 0.6985596708984375 0.432484568359375 0.70576131640625 0.3707561728515625 0.7026748974609375 0.3668981484375 0.6743827158203125 0.36612654296875 0.6687242802734376 0.3684413583984375 0.66100823046875 0.4224537041015625 0.66100823046875 0.432098765625 0.6656378603515625 0.434413580078125 0.6965020576171875 0.43402777734375 0.6985596708984375 0.432484568359375
1 0.7397119345703125 0.412037037109375 0.742798353515625 0.369598765625 0.7407407412109375 0.3680555556640625 0.72479423828125 0.3672839501953125 0.7093621396484375 0.3676697529296875 0.7073045263671875 0.36882716015625 0.70318930078125 0.3939043212890625 0.69907407421875 0.432098765625 0.7093621396484375 0.4336419755859375 0.7345679013671875 0.432484568359375 0.7397119345703125 0.412037037109375
1 0.7505144033203125 0.4355709873046875 0.7793209873046875 0.435185185546875 0.7813786005859376 0.432484568359375 0.79012345703125 0.369212962890625 0.780864197265625 0.3672839501953125 0.7541152265625 0.3680555556640625 0.7443415634765626 0.3935185185546875 0.74382716015625 0.411651234375 0.7397119345703125 0.4251543212890625 0.7412551435546875 0.431712962890625 0.7505144033203125 0.4355709873046875
1 0.827160494140625 0.3742283955078125 0.8261316875 0.369212962890625 0.8204732509765625 0.3680555556640625 0.7916666669921875 0.369598765625 0.78600823046875 0.3935185185546875 0.782921810546875 0.43402777734375 0.8153292177734375 0.4355709873046875 0.817901234375 0.4328703701171875 0.827160494140625 0.3742283955078125
1 0.8554526748046875 0.435185185546875 0.8657407412109375 0.3734567900390625 0.8647119345703125 0.369212962890625 0.8312757197265624 0.3684413583984375 0.829218107421875 0.369598765625 0.827160494140625 0.372685185546875 0.8194444443359375 0.4247685185546875 0.818930041015625 0.432098765625 0.820987654296875 0.4359567900390625 0.8523662548828125 0.4363425927734375 0.8554526748046875 0.435185185546875
1 0.8904320986328125 0.4363425927734375 0.894032921875 0.4247685185546875 0.8986625517578125 0.3881172841796875 0.90277777734375 0.3734567900390625 0.9007201650390625 0.369984568359375 0.89197530859375 0.3684413583984375 0.869855966796875 0.3684413583984375 0.8672839501953125 0.369598765625 0.8595679013671875 0.40972222265625 0.859053498046875 0.4243827158203125 0.8564814814453126 0.432098765625 0.8575102880859375 0.4355709873046875 0.8904320986328125 0.4363425927734375
1 0.9223251025390625 0.425540123046875 0.922839505859375 0.4081790126953125 0.9243827158203125 0.4050925927734375 0.932098765625 0.400462962890625 0.9362139921875 0.3931327158203125 0.9393004111328125 0.374614197265625 0.9356995888671875 0.369984568359375 0.92181069921875 0.369212962890625 0.9043209873046875 0.3707561728515625 0.9022633740234375 0.3742283955078125 0.89609053515625 0.40972222265625 0.8935185185546874 0.4363425927734375 0.912037037109375 0.4355709873046875 0.918209876953125 0.4375 0.9223251025390625 0.425540123046875
1 0.901234568359375 0.5304783955078125 0.9053497939453125 0.526234568359375 0.914094650390625 0.4714506171875 0.907921810546875 0.4668209873046875 0.882201646484375 0.466435185546875 0.8796296298828125 0.4668209873046875 0.8775720166015625 0.4699074072265625 0.8703703701171875 0.5273919755859375 0.87294238671875 0.5293209873046875 0.8827160498046875 0.5304783955078125 0.901234568359375 0.5304783955078125
1 0.8647119345703125 0.5293209873046875 0.8693415634765626 0.5270061728515625 0.87294238671875 0.5019290126953125 0.8724279833984375 0.4899691357421875 0.8765432099609375 0.4702932099609375 0.8755144033203125 0.4668209873046875 0.84310699609375 0.465663580078125 0.837962962890625 0.4672067900390625 0.83487654296875 0.4699074072265625 0.831790123046875 0.5015432099609375 0.83076131640625 0.522762345703125 0.8328189296875 0.5270061728515625 0.8405349794921875 0.5293209873046875 0.8647119345703125 0.5293209873046875
1 0.799897119140625 0.5285493828125 0.8220164609375 0.5297067900390625 0.8245884775390625 0.5285493828125 0.827160494140625 0.5208333330078125 0.8333333330078125 0.4668209873046875 0.8173868310546875 0.46527777734375 0.7993827158203125 0.466435185546875 0.795781892578125 0.4733796298828125 0.79423868359375 0.4841820986328125 0.7947530859375 0.494212962890625 0.7906378603515625 0.5189043212890625 0.7916666669921875 0.525848765625 0.799897119140625 0.5285493828125
1 0.7546296298828125 0.5273919755859375 0.7644032919921875 0.528163580078125 0.7865226337890625 0.5270061728515625 0.7896090537109375 0.5243055556640625 0.7926954736328125 0.4988425927734375 0.7896090537109375 0.4872685185546875 0.793209876953125 0.4810956787109375 0.79423868359375 0.4675925927734375 0.7906378603515625 0.4645061728515625 0.7654320986328125 0.463734568359375 0.759773662109375 0.4668209873046875 0.757201646484375 0.477237654296875 0.7566872431640626 0.494984568359375 0.7515432099609375 0.5135030859375 0.75205761328125 0.525848765625 0.7546296298828125 0.5273919755859375
1 0.75 0.525848765625 0.7566872431640626 0.4660493828125 0.7541152265625 0.4641203701171875 0.744855966796875 0.46257716015625 0.723765431640625 0.462962962890625 0.720164609375 0.4660493828125 0.7196502060546875 0.4695216044921875 0.7134773662109375 0.522762345703125 0.717078189453125 0.526234568359375 0.74794238671875 0.5270061728515625 0.75 0.525848765625
1 0.7037037041015625 0.526234568359375 0.70987654296875 0.5246913583984375 0.7124485595703125 0.52044753125 0.717078189453125 0.4648919755859375 0.7134773662109375 0.462962962890625 0.6887860078125 0.4621913583984375 0.6836419755859375 0.463734568359375 0.6815843623046876 0.4672067900390625 0.682098765625 0.480709876953125 0.6764403291015625 0.519290123046875 0.6815843623046876 0.5239197529296875 0.7037037041015625 0.526234568359375
1 0.68004115234375 0.4675925927734375 0.6784979423828125 0.462962962890625 0.670781892578125 0.462962962890625 0.657921810546875 0.460262345703125 0.64609053515625 0.4621913583984375 0.6404320986328125 0.505015431640625 0.6404320986328125 0.522762345703125 0.6625514404296875 0.5243055556640625 0.6738683125 0.5231481484375 0.68004115234375 0.4675925927734375
1 0.244855966796875 0.499614197265625 0.2443415634765625 0.5104166669921875 0.2577160498046875 0.5154320986328125 0.2757201650390625 0.5158179013671875 0.278806583984375 0.5131172841796875 0.2757201650390625 0.4529320986328125 0.261831275390625 0.4525462958984375 0.2644032919921875 0.494212962890625 0.26080246875 0.4980709873046875 0.24794238671875 0.4980709873046875 0.244855966796875 0.499614197265625
1 0.3106995888671875 0.5135030859375 0.312242798828125 0.48842592578125 0.3106995888671875 0.4591049384765625 0.3045267490234375 0.4529320986328125 0.28189300390625 0.4525462958984375 0.2793209873046875 0.45447530859375 0.2782921806640625 0.49112654296875 0.2803497939453125 0.5131172841796875 0.2824074072265625 0.5154320986328125 0.3106995888671875 0.5135030859375
1 0.345164609375 0.5162037041015625 0.3456790126953125 0.511959876953125 0.34310699609375 0.456790123046875 0.3415637861328125 0.454861111328125 0.3312757197265625 0.4525462958984375 0.3143004111328125 0.4537037041015625 0.3117283955078125 0.456790123046875 0.3132716044921875 0.51427469140625 0.320987654296875 0.51697530859375 0.342078189453125 0.5185185185546874 0.345164609375 0.5162037041015625
1 0.3806584365234375 0.5150462958984375 0.3816872431640625 0.4591049384765625 0.37705761328125 0.4556327158203125 0.371913580078125 0.4564043212890625 0.3626543212890625 0.454861111328125 0.348765431640625 0.454861111328125 0.346193416015625 0.457561728515625 0.3467078193359375 0.5158179013671875 0.348765431640625 0.5181327158203125 0.3765432099609375 0.5185185185546874 0.3806584365234375 0.5150462958984375
1 0.416152263671875 0.51697530859375 0.4176954736328125 0.4780092587890625 0.4166666669921875 0.4591049384765625 0.4135802470703125 0.4564043212890625 0.4094650205078125 0.4556327158203125 0.386831275390625 0.4560185185546875 0.3837448564453125 0.4594907412109375 0.3827160498046875 0.4702932099609375 0.3827160498046875 0.514660494140625 0.3899176953125 0.519290123046875 0.4146090537109375 0.519290123046875 0.416152263671875 0.51697530859375
1 0.452160494140625 0.5189043212890625 0.4526748974609375 0.5135030859375 0.454218107421875 0.45987654296875 0.450102880859375 0.45717592578125 0.424897119140625 0.4556327158203125 0.4197530859375 0.4587191357421875 0.41923868359375 0.4645061728515625 0.4176954736328125 0.519290123046875 0.4212962958984375 0.52044753125 0.4495884775390625 0.5208333330078125 0.452160494140625 0.5189043212890625
1 0.4845679013671875 0.5216049384765625 0.488168724609375 0.519290123046875 0.4907407412109375 0.474151234375 0.4897119345703125 0.45987654296875 0.4850823046875 0.45794753125 0.47479423828125 0.45717592578125 0.4593621396484375 0.457561728515625 0.4562757197265625 0.45987654296875 0.454218107421875 0.5092592587890625 0.4562757197265625 0.5181327158203125 0.4593621396484375 0.5208333330078125 0.4845679013671875 0.5216049384765625
1 0.5205761318359375 0.5219907412109375 0.52520576171875 0.5208333330078125 0.5272633740234375 0.51080246875 0.526234568359375 0.4845679013671875 0.5293209873046875 0.474537037109375 0.528806583984375 0.462962962890625 0.5267489716796875 0.4591049384765625 0.5015432099609375 0.45794753125 0.496913580078125 0.45987654296875 0.491769546875 0.494598765625 0.4912551435546875 0.511959876953125 0.49382716015625 0.517361111328125 0.50205761328125 0.5212191357421875 0.5205761318359375 0.5219907412109375
1 0.564814814453125 0.5189043212890625 0.5673868310546875 0.4594907412109375 0.5426954736328125 0.45794753125 0.53189300390625 0.45987654296875 0.528806583984375 0.49112654296875 0.5282921806640625 0.52044753125 0.5473251025390625 0.522762345703125 0.5612139921875 0.522762345703125 0.564814814453125 0.5189043212890625
1 0.573045267578125 0.5239197529296875 0.598765431640625 0.5239197529296875 0.6023662548828125 0.5219907412109375 0.6033950615234375 0.519290123046875 0.6075102880859375 0.4618055556640625 0.6023662548828125 0.4594907412109375 0.5745884775390625 0.4591049384765625 0.56995884765625 0.463348765625 0.5694444443359375 0.4695216044921875 0.5694444443359375 0.48919753125 0.5673868310546875 0.5007716044921875 0.5684156376953124 0.5216049384765625 0.573045267578125 0.5239197529296875
1 0.626028806640625 0.5235339501953125 0.63786008203125 0.52237654296875 0.6414609052734375 0.48572530859375 0.640946501953125 0.462962962890625 0.621913580078125 0.4614197529296875 0.6147119345703125 0.4614197529296875 0.6105967080078125 0.462962962890625 0.6085390947265625 0.480709876953125 0.6100823046875 0.4899691357421875 0.6054526748046875 0.503086419921875 0.60390946484375 0.5189043212890625 0.6054526748046875 0.522762345703125 0.6116255146484375 0.5216049384765625 0.626028806640625 0.5235339501953125
1 0.215020576171875 0.585262345703125 0.217078189453125 0.6014660498046875 0.219135802734375 0.60262345703125 0.2263374482421875 0.6014660498046875 0.2453703701171875 0.602237654296875 0.24794238671875 0.599537037109375 0.2458847734375 0.545138888671875 0.2433127568359375 0.543209876953125 0.2345679013671875 0.54205246875 0.2134773662109375 0.542438271484375 0.2124485595703125 0.5520833330078125 0.21399176953125 0.570987654296875 0.2160493828125 0.5752314814453126 0.215020576171875 0.585262345703125
1 0.2541152265625 0.67862654296875 0.2566872431640625 0.6751543212890625 0.2536008232421875 0.6296296298828125 0.2412551435546875 0.6269290126953125 0.2263374482421875 0.6261574072265625 0.22222222265625 0.6277006171875 0.221193416015625 0.6408179013671875 0.2253086416015625 0.6751543212890625 0.2268518515625 0.6770833330078125 0.2541152265625 0.67862654296875
1 0.240226337890625 0.7735339501953125 0.2546296298828125 0.77237654296875 0.258230453125 0.7627314814453126 0.25617283984375 0.723765431640625 0.2587448564453125 0.712962962890625 0.25617283984375 0.70987654296875 0.24382716015625 0.7110339501953125 0.241769546875 0.7094907412109375 0.234053498046875 0.70987654296875 0.227880658203125 0.712962962890625 0.22222222265625 0.7195216044921875 0.22222222265625 0.7422839501953125 0.225823044921875 0.769290123046875 0.2273662548828125 0.7716049384765625 0.240226337890625 0.7735339501953125
1 0.280864197265625 0.6037808642578125 0.2839506171875 0.602237654296875 0.2839506171875 0.598765431640625 0.2824074072265625 0.5956790126953125 0.2834362138671875 0.58487654296875 0.279835390625 0.5470679013671875 0.276234568359375 0.5447530859375 0.2515432099609375 0.5443672841796875 0.24794238671875 0.545910494140625 0.24794238671875 0.5918209873046875 0.25 0.602237654296875 0.2536008232421875 0.6037808642578125 0.280864197265625 0.6037808642578125
1 0.289094650390625 0.679012345703125 0.289094650390625 0.67322530859375 0.2854938271484375 0.630015431640625 0.270061728515625 0.628086419921875 0.258230453125 0.628086419921875 0.2556584365234375 0.6296296298828125 0.2566872431640625 0.679012345703125 0.258230453125 0.6805555556640625 0.2865226337890625 0.6809413583984375 0.289094650390625 0.679012345703125
1 0.2885802470703125 0.769290123046875 0.2865226337890625 0.713348765625 0.278806583984375 0.7118055556640625 0.276234568359375 0.70987654296875 0.268004115234375 0.7121913583984375 0.2654320986328125 0.7114197529296875 0.258230453125 0.71875 0.2592592587890625 0.7654320986328125 0.2649176953125 0.76967592578125 0.2865226337890625 0.7712191357421875 0.2885802470703125 0.769290123046875
1 0.293209876953125 0.6041666669921875 0.3153292177734375 0.6041666669921875 0.3184156376953125 0.602237654296875 0.31584362109375 0.5756172841796875 0.3163580244140625 0.545910494140625 0.3137860078125 0.5443672841796875 0.2973251025390625 0.5435956787109375 0.282921810546875 0.5443672841796875 0.2813786005859375 0.547839505859375 0.2844650205078125 0.6014660498046875 0.28600823046875 0.6030092587890625 0.293209876953125 0.6041666669921875
1 0.3204732509765625 0.682098765625 0.3235596708984375 0.6751543212890625 0.3204732509765625 0.6469907412109375 0.3220164609375 0.6331018515625 0.3194444443359375 0.630787037109375 0.3112139921875 0.6292438271484375 0.2921810703125 0.6288580244140625 0.2865226337890625 0.630015431640625 0.2916666669921875 0.68132716015625 0.293209876953125 0.682484568359375 0.3204732509765625 0.682098765625
1 0.320987654296875 0.776234568359375 0.3225308642578125 0.77044753125 0.320987654296875 0.7287808642578125 0.323045267578125 0.715663580078125 0.3163580244140625 0.7121913583984375 0.3004115224609375 0.7121913583984375 0.2926954736328125 0.7148919755859375 0.2896090537109375 0.7226080244140625 0.2896090537109375 0.7654320986328125 0.291152263671875 0.77044753125 0.29681069921875 0.77507716015625 0.320987654296875 0.776234568359375
1 0.3523662548828125 0.60262345703125 0.34979423828125 0.5783179013671875 0.3523662548828125 0.5466820986328125 0.3456790126953125 0.5439814814453126 0.3353909462890625 0.543209876953125 0.3204732509765625 0.5443672841796875 0.317901234375 0.547839505859375 0.31995884765625 0.602237654296875 0.320987654296875 0.6033950615234375 0.3503086416015625 0.6041666669921875 0.3523662548828125 0.60262345703125
1 0.3786008232421875 0.605709876953125 0.386831275390625 0.6041666669921875 0.3894032919921875 0.59992283984375 0.3863168720703125 0.58969907421875 0.38786008203125 0.5474537041015625 0.354938271484375 0.54552469140625 0.352880658203125 0.548611111328125 0.3518518515625 0.579089505859375 0.3533950615234375 0.602237654296875 0.3554526748046875 0.6037808642578125 0.3786008232421875 0.605709876953125
1 0.4243827158203125 0.602237654296875 0.4233539091796875 0.5497685185546874 0.42181069921875 0.547839505859375 0.4063786005859375 0.5462962958984375 0.394032921875 0.545910494140625 0.390946501953125 0.548611111328125 0.3924897119140625 0.602237654296875 0.3996913583984375 0.604938271484375 0.42181069921875 0.604938271484375 0.4243827158203125 0.602237654296875
1 0.4583333330078125 0.6064814814453126 0.4583333330078125 0.548611111328125 0.454218107421875 0.5466820986328125 0.4284979423828125 0.5466820986328125 0.4254115224609375 0.5497685185546874 0.4243827158203125 0.5605709873046875 0.4254115224609375 0.60532407421875 0.4315843623046875 0.6072530859375 0.4562757197265625 0.60802469140625 0.4583333330078125 0.6064814814453126
1 0.4943415634765625 0.5756172841796875 0.4922839501953125 0.550540123046875 0.4763374482421875 0.54822530859375 0.4624485595703125 0.5489969140625 0.4603909462890625 0.551311728515625 0.45987654296875 0.6060956787109375 0.4634773662109375 0.608410494140625 0.4912551435546875 0.6091820986328125 0.4943415634765625 0.5756172841796875
1 0.5257201650390625 0.6095679013671875 0.528806583984375 0.5532407412109375 0.5257201650390625 0.550540123046875 0.519032921875 0.5489969140625 0.5015432099609375 0.548611111328125 0.4963991767578125 0.550540123046875 0.4943415634765625 0.5597993828125 0.4958847734375 0.5702160498046875 0.4943415634765625 0.6072530859375 0.498971193359375 0.6091820986328125 0.5257201650390625 0.6095679013671875
1 0.5606995888671875 0.5929783955078125 0.5637860078125 0.574459876953125 0.5632716044921875 0.55362654296875 0.5534979423828125 0.5501543212890625 0.539094650390625 0.5501543212890625 0.5313786005859376 0.5520833330078125 0.5293209873046875 0.55362654296875 0.5282921806640625 0.5725308642578125 0.528806583984375 0.6091820986328125 0.5493827158203125 0.61072530859375 0.5606995888671875 0.6095679013671875 0.5606995888671875 0.5929783955078125
1 0.5956790126953125 0.6099537041015625 0.598765431640625 0.5555555556640625 0.5956790126953125 0.5501543212890625 0.5735596708984375 0.5501543212890625 0.56584362109375 0.5528549384765625 0.5617283955078125 0.5910493828125 0.5617283955078125 0.607638888671875 0.5637860078125 0.61072530859375 0.592078189453125 0.6114969140625 0.5956790126953125 0.6099537041015625
1 0.63117283984375 0.6072530859375 0.634773662109375 0.55362654296875 0.62294238671875 0.55169753125 0.6033950615234375 0.5528549384765625 0.600823044921875 0.5555555556640625 0.5982510283203125 0.57330246875 0.5982510283203125 0.61072530859375 0.6157407412109375 0.6126543212890625 0.628086419921875 0.6122685185546874 0.63117283984375 0.6072530859375
1 0.6671810703125 0.608410494140625 0.6666666669921875 0.59027777734375 0.6697530859375 0.581790123046875 0.670781892578125 0.557098765625 0.668209876953125 0.55362654296875 0.6476337451171875 0.5520833330078125 0.6404320986328125 0.5528549384765625 0.6373456787109375 0.557098765625 0.634773662109375 0.57407407421875 0.6327160498046875 0.6122685185546874 0.6532921806640625 0.61419753125 0.664094650390625 0.613040123046875 0.6671810703125 0.608410494140625
1 0.7062757197265624 0.613811728515625 0.7078189296875 0.6126543212890625 0.708847736328125 0.5841049384765625 0.7134773662109375 0.557098765625 0.695987654296875 0.55362654296875 0.6815843623046876 0.55362654296875 0.6764403291015625 0.5605709873046875 0.6712962958984375 0.6091820986328125 0.6743827158203125 0.613040123046875 0.6779835390625 0.613811728515625 0.7062757197265624 0.613811728515625
1 0.744855966796875 0.6033950615234375 0.7494855966796875 0.5644290126953125 0.74794238671875 0.55632716015625 0.7422839501953125 0.5547839501953125 0.720164609375 0.554012345703125 0.7134773662109375 0.556712962890625 0.7093621396484375 0.591435185546875 0.70987654296875 0.613811728515625 0.7268518515625 0.6153549384765625 0.7412551435546875 0.6145833330078125 0.744855966796875 0.6033950615234375
1 0.780864197265625 0.61612654296875 0.7896090537109375 0.613040123046875 0.78806584375 0.5979938271484375 0.791152263671875 0.57947530859375 0.7916666669921875 0.560185185546875 0.79012345703125 0.557098765625 0.77777777734375 0.5555555556640625 0.761831275390625 0.5555555556640625 0.7577160498046875 0.557098765625 0.753086419921875 0.5760030859375 0.7505144033203125 0.6041666669921875 0.7536008232421875 0.6149691357421875 0.7556584365234374 0.61612654296875 0.780864197265625 0.61612654296875
1 0.8256172841796875 0.613040123046875 0.8266460908203125 0.5860339501953125 0.8323045263671875 0.5613425927734375 0.8312757197265624 0.5578703701171875 0.804012345703125 0.55632716015625 0.79681069921875 0.5578703701171875 0.793209876953125 0.5609567900390625 0.7926954736328125 0.5640432099609375 0.7885802470703125 0.613040123046875 0.793209876953125 0.616512345703125 0.823045267578125 0.616512345703125 0.8256172841796875 0.613040123046875
1 0.866769546875 0.5945216044921875 0.866769546875 0.5597993828125 0.84310699609375 0.5582561728515625 0.8333333330078125 0.5605709873046875 0.827160494140625 0.590663580078125 0.82818930078125 0.61612654296875 0.8554526748046875 0.6172839501953125 0.8616255146484375 0.6149691357421875 0.866769546875 0.5945216044921875
1 0.899176955078125 0.6168981484375 0.8976337451171875 0.610339505859375 0.8883744853515625 0.6003086416015625 0.890946501953125 0.567901234375 0.8899176953125 0.557098765625 0.880144033203125 0.557484568359375 0.873971193359375 0.560185185546875 0.869855966796875 0.5760030859375 0.8657407412109375 0.613811728515625 0.867798353515625 0.61612654296875 0.873971193359375 0.6172839501953125 0.899176955078125 0.6168981484375
1 0.8657407412109375 0.7037037041015625 0.8693415634765626 0.70177469140625 0.8708847734375 0.682484568359375 0.8827160498046875 0.661651234375 0.8837448564453125 0.6535493828125 0.882201646484375 0.650848765625 0.859053498046875 0.64737654296875 0.850823044921875 0.65007716015625 0.84310699609375 0.6847993828125 0.8425925927734375 0.693287037109375 0.844135802734375 0.698688271484375 0.84722222265625 0.701388888671875 0.8657407412109375 0.7037037041015625
1 0.8395061728515625 0.6894290126953125 0.84310699609375 0.66705246875 0.84722222265625 0.6574074072265625 0.848765431640625 0.650848765625 0.84722222265625 0.64737654296875 0.829218107421875 0.64467592578125 0.8132716044921875 0.645061728515625 0.810185185546875 0.64737654296875 0.8096707822265625 0.6554783955078125 0.8034979423828125 0.6743827158203125 0.8029835390625 0.695987654296875 0.8065843623046876 0.6979166669921875 0.83487654296875 0.699459876953125 0.8395061728515625 0.6894290126953125
1 0.801954732421875 0.66782407421875 0.807098765625 0.6547067900390625 0.807098765625 0.65007716015625 0.804012345703125 0.64544753125 0.779835390625 0.6431327158203125 0.7726337451171875 0.64467592578125 0.77109053515625 0.6570216044921875 0.7649176953125 0.6778549384765625 0.763888888671875 0.692515431640625 0.765946501953125 0.69637345703125 0.797839505859375 0.6979166669921875 0.801954732421875 0.66782407421875
1 0.7613168720703125 0.6948302470703125 0.765946501953125 0.66782407421875 0.7705761318359375 0.6547067900390625 0.77109053515625 0.6439043212890625 0.746913580078125 0.64197530859375 0.7366255146484375 0.6427469140625 0.729938271484375 0.672839505859375 0.727880658203125 0.6875 0.72890946484375 0.692901234375 0.7474279833984375 0.6952160498046875 0.7613168720703125 0.6948302470703125
1 0.7268518515625 0.692515431640625 0.734053498046875 0.64737654296875 0.7325102880859375 0.642361111328125 0.7160493828125 0.6404320986328125 0.7047325107421875 0.6404320986328125 0.700102880859375 0.64197530859375 0.6944444443359375 0.673611111328125 0.693930041015625 0.689814814453125 0.695987654296875 0.6917438271484375 0.7196502060546875 0.69367283984375 0.7268518515625 0.692515431640625
1 0.6985596708984375 0.6427469140625 0.6893004111328125 0.6400462958984375 0.6676954736328125 0.6400462958984375 0.6656378603515625 0.642361111328125 0.664094650390625 0.653935185546875 0.6615226337890625 0.6890432099609375 0.6774691357421875 0.6913580244140625 0.691872427734375 0.690586419921875 0.6985596708984375 0.6427469140625
1 0.6646090537109375 0.6404320986328125 0.6532921806640625 0.6385030859375 0.6337448564453125 0.6381172841796875 0.63117283984375 0.6404320986328125 0.6291152265625 0.6543209873046875 0.6265432099609375 0.6743827158203125 0.6275720166015625 0.6890432099609375 0.657921810546875 0.6894290126953125 0.6646090537109375 0.6404320986328125
1 0.6244855966796875 0.6894290126953125 0.630144033203125 0.6400462958984375 0.6234567900390625 0.6381172841796875 0.598765431640625 0.6377314814453126 0.5967078193359375 0.639660494140625 0.595164609375 0.653935185546875 0.5925925927734375 0.6809413583984375 0.5936213994140624 0.6890432099609375 0.60802469140625 0.6902006171875 0.6244855966796875 0.6894290126953125
1 0.5915637861328125 0.6859567900390625 0.5956790126953125 0.639660494140625 0.5864197529296875 0.636959876953125 0.5632716044921875 0.636959876953125 0.5612139921875 0.6400462958984375 0.5586419755859375 0.6608796298828125 0.558127572265625 0.6770833330078125 0.560185185546875 0.6886574072265625 0.5895061728515625 0.6890432099609375 0.5915637861328125 0.6859567900390625
1 0.557098765625 0.6836419755859375 0.5565843623046876 0.6716820986328125 0.5606995888671875 0.6373456787109375 0.530864197265625 0.6354166669921875 0.52777777734375 0.63657407421875 0.5267489716796875 0.6404320986328125 0.52520576171875 0.6855709873046875 0.530864197265625 0.6875 0.554012345703125 0.6875 0.557098765625 0.6836419755859375
1 0.526234568359375 0.63657407421875 0.4994855966796875 0.63387345703125 0.4933127568359375 0.636188271484375 0.492798353515625 0.685185185546875 0.4984567900390625 0.6867283955078125 0.5226337451171875 0.6863425927734375 0.526234568359375 0.63657407421875
1 0.4907407412109375 0.6855709873046875 0.491769546875 0.6809413583984375 0.4922839501953125 0.63657407421875 0.48713991796875 0.63387345703125 0.4675925927734375 0.6323302470703125 0.45987654296875 0.6350308642578125 0.458847736328125 0.682484568359375 0.46399176953125 0.6859567900390625 0.488168724609375 0.6867283955078125 0.4907407412109375 0.6855709873046875
1 0.4583333330078125 0.6797839501953125 0.4593621396484375 0.661265431640625 0.458847736328125 0.63657407421875 0.4562757197265625 0.63387345703125 0.4516460908203125 0.6346450615234375 0.433127572265625 0.6327160498046875 0.4279835390625 0.633487654296875 0.4264403291015625 0.636188271484375 0.42592592578125 0.682098765625 0.432098765625 0.684413580078125 0.4562757197265625 0.6836419755859375 0.4583333330078125 0.6797839501953125
1 0.4254115224609375 0.6770833330078125 0.42592592578125 0.64544753125 0.4233539091796875 0.6342592587890625 0.4017489716796875 0.6315586416015625 0.39609053515625 0.6315586416015625 0.3914609052734375 0.633487654296875 0.3935185185546875 0.6805555556640625 0.4032921806640625 0.682484568359375 0.4284979423828125 0.682098765625 0.4254115224609375 0.6770833330078125
1 0.3904320986328125 0.67862654296875 0.390946501953125 0.633487654296875 0.3873456787109375 0.63117283984375 0.3626543212890625 0.630401234375 0.35802469140625 0.6323302470703125 0.359053498046875 0.6801697529296875 0.363168724609375 0.68132716015625 0.3873456787109375 0.6805555556640625 0.3904320986328125 0.67862654296875
1 0.3575102880859375 0.679012345703125 0.3564814814453125 0.633487654296875 0.3523662548828125 0.63117283984375 0.3312757197265625 0.630015431640625 0.3235596708984375 0.6327160498046875 0.325102880859375 0.6801697529296875 0.33076131640625 0.682484568359375 0.3554526748046875 0.68132716015625 0.3575102880859375 0.679012345703125
1 0.354938271484375 0.77237654296875 0.355967078125 0.7635030859375 0.3533950615234375 0.7233796298828125 0.3312757197265625 0.71527777734375 0.3245884775390625 0.718364197265625 0.3225308642578125 0.7226080244140625 0.3235596708984375 0.772762345703125 0.3276748974609375 0.775848765625 0.3523662548828125 0.775462962890625 0.354938271484375 0.77237654296875
1 0.386831275390625 0.776234568359375 0.3873456787109375 0.723765431640625 0.3796296298828125 0.7214506171875 0.36213991796875 0.721064814453125 0.359053498046875 0.72222222265625 0.356995884765625 0.7399691357421875 0.356995884765625 0.77237654296875 0.3626543212890625 0.7766203701171875 0.383230453125 0.7773919755859375 0.386831275390625 0.776234568359375
1 0.420781892578125 0.7739197529296875 0.4223251025390625 0.7662037041015625 0.41923868359375 0.7199074072265625 0.41100823046875 0.71875 0.407921810546875 0.7168209873046875 0.40020576171875 0.7168209873046875 0.3935185185546875 0.718364197265625 0.388888888671875 0.7260802470703125 0.3899176953125 0.775848765625 0.3924897119140625 0.7770061728515625 0.4176954736328125 0.77777777734375 0.420781892578125 0.7739197529296875
1 0.454218107421875 0.775848765625 0.4552469140625 0.7654320986328125 0.4547325107421875 0.729938271484375 0.4526748974609375 0.721064814453125 0.4470164609375 0.7199074072265625 0.4434156376953125 0.721064814453125 0.4274691357421875 0.718364197265625 0.424897119140625 0.719135802734375 0.422839505859375 0.723765431640625 0.422839505859375 0.7766203701171875 0.424897119140625 0.7785493828125 0.450102880859375 0.7793209873046875 0.454218107421875 0.775848765625
1 0.48713991796875 0.775848765625 0.48919753125 0.75887345703125 0.4876543212890625 0.7206790126953125 0.484053498046875 0.7172067900390625 0.469135802734375 0.7168209873046875 0.4603909462890625 0.718364197265625 0.4573045263671875 0.724151234375 0.4562757197265625 0.73572530859375 0.45576131640625 0.7654320986328125 0.4578189296875 0.775848765625 0.4804526748046875 0.7770061728515625 0.48713991796875 0.775848765625
1 0.5231481484375 0.775848765625 0.5257201650390625 0.7654320986328125 0.5216049384765625 0.7592592587890625 0.5236625517578125 0.74112654296875 0.522119341796875 0.7233796298828125 0.511831275390625 0.7175925927734375 0.4912551435546875 0.7168209873046875 0.4897119345703125 0.7195216044921875 0.4897119345703125 0.77507716015625 0.4933127568359375 0.7766203701171875 0.519032921875 0.778163580078125 0.5231481484375 0.775848765625
1 0.5529835390625 0.77237654296875 0.5545267490234375 0.7376543212890625 0.5529835390625 0.72222222265625 0.5437242802734376 0.7195216044921875 0.5257201650390625 0.7202932099609375 0.5226337451171875 0.7268518515625 0.52109053515625 0.75 0.52109053515625 0.775848765625 0.5313786005859376 0.778163580078125 0.549897119140625 0.7785493828125 0.5529835390625 0.77237654296875
1 0.587962962890625 0.7418981484375 0.585905349609375 0.7229938271484375 0.57818930078125 0.7202932099609375 0.564814814453125 0.7195216044921875 0.557098765625 0.7206790126953125 0.5545267490234375 0.74382716015625 0.5545267490234375 0.7770061728515625 0.5596707822265625 0.7793209873046875 0.58487654296875 0.7804783955078125 0.587962962890625 0.7418981484375
1 0.6193415634765626 0.778163580078125 0.6213991767578125 0.755401234375 0.6213991767578125 0.72762345703125 0.6193415634765626 0.723765431640625 0.6162551435546875 0.7226080244140625 0.6095679013671875 0.7229938271484375 0.6064814814453126 0.72492283984375 0.5925925927734375 0.7226080244140625 0.5895061728515625 0.723765431640625 0.58693415625 0.75617283984375 0.587962962890625 0.7831790126953125 0.5967078193359375 0.78472222265625 0.6157407412109375 0.784336419921875 0.6193415634765626 0.778163580078125
1 0.6543209873046875 0.7418981484375 0.653806583984375 0.727237654296875 0.6507201650390625 0.723765431640625 0.6399176953125 0.724537037109375 0.6296296298828125 0.7233796298828125 0.6234567900390625 0.7268518515625 0.6224279833984375 0.735339505859375 0.6208847734375 0.780864197265625 0.626028806640625 0.783564814453125 0.6507201650390625 0.7827932099609375 0.6543209873046875 0.7418981484375
1 0.6856995888671875 0.784336419921875 0.6893004111328125 0.732638888671875 0.685185185546875 0.72492283984375 0.6574074072265625 0.7256944443359375 0.65277777734375 0.7650462958984375 0.6522633740234375 0.7800925927734375 0.654835390625 0.784336419921875 0.666152263671875 0.7854938271484375 0.6856995888671875 0.784336419921875
1 0.7206790126953125 0.786265431640625 0.7242798349609375 0.7341820986328125 0.7217078193359375 0.7291666669921875 0.717078189453125 0.7260802470703125 0.693930041015625 0.7256944443359375 0.6893004111328125 0.727237654296875 0.687242798828125 0.7827932099609375 0.69495884765625 0.7878086416015625 0.7175925927734375 0.7885802470703125 0.7206790126953125 0.786265431640625
1 0.7525720166015625 0.7893518515625 0.7566872431640626 0.775848765625 0.76080246875 0.74382716015625 0.7602880654296875 0.738040123046875 0.758230453125 0.736111111328125 0.7412551435546875 0.730709876953125 0.7283950615234375 0.73302469140625 0.725823044921875 0.7372685185546874 0.72222222265625 0.7712191357421875 0.7217078193359375 0.786265431640625 0.7232510283203125 0.7878086416015625 0.7366255146484375 0.7908950615234375 0.7525720166015625 0.7893518515625
1 0.7782921806640625 0.7908950615234375 0.7839506171875 0.789737654296875 0.7875514404296875 0.7824074072265625 0.7947530859375 0.7461419755859375 0.7921810703125 0.7345679013671875 0.784979423828125 0.7345679013671875 0.77520576171875 0.730709876953125 0.7746913583984375 0.7322530859375 0.7633744853515625 0.7368827158203125 0.758230453125 0.761959876953125 0.7556584365234374 0.7793209873046875 0.7556584365234374 0.786651234375 0.7577160498046875 0.789737654296875 0.7782921806640625 0.7908950615234375
1 0.816872427734375 0.79205246875 0.8204732509765625 0.787037037109375 0.8287037041015625 0.7407407412109375 0.825102880859375 0.7368827158203125 0.8096707822265625 0.73302469140625 0.7962962958984375 0.733410494140625 0.793209876953125 0.7376543212890625 0.79423868359375 0.7515432099609375 0.7875514404296875 0.7858796298828125 0.79423868359375 0.7905092587890625 0.816872427734375 0.79205246875
1 0.848765431640625 0.79282407421875 0.8523662548828125 0.7908950615234375 0.8564814814453126 0.7831790126953125 0.863168724609375 0.744598765625 0.859053498046875 0.7376543212890625 0.8374485595703125 0.7368827158203125 0.8323045263671875 0.73919753125 0.8276748974609375 0.7515432099609375 0.8235596708984375 0.772762345703125 0.8215020576171875 0.786265431640625 0.8235596708984375 0.7916666669921875 0.840020576171875 0.7935956787109375 0.848765431640625 0.79282407421875
1 0.817901234375 0.8777006171875 0.823045267578125 0.8734567900390625 0.8276748974609375 0.8599537041015625 0.83076131640625 0.838734568359375 0.8297325107421875 0.824459876953125 0.8245884775390625 0.8206018515625 0.7397119345703125 0.8202160498046875 0.7345679013671875 0.8225308642578125 0.731995884765625 0.827160494140625 0.7283950615234375 0.8479938271484375 0.7268518515625 0.8626543212890625 0.7314814814453126 0.872685185546875 0.7649176953125 0.8769290126953125 0.817901234375 0.8777006171875
1 0.6985596708984375 0.8730709873046875 0.7078189296875 0.8722993828125 0.7114197529296875 0.869984568359375 0.717078189453125 0.860339505859375 0.720164609375 0.8398919755859375 0.719135802734375 0.8248456787109375 0.7155349794921875 0.8202160498046875 0.6985596708984375 0.8167438271484375 0.644032921875 0.8140432099609375 0.626028806640625 0.814814814453125 0.62294238671875 0.8202160498046875 0.619855966796875 0.858410494140625 0.623971193359375 0.8622685185546874 0.6399176953125 0.86612654296875 0.6985596708984375 0.8730709873046875
1 0.5766460908203125 0.8684413583984375 0.59979423828125 0.86882716015625 0.606995884765625 0.8668981484375 0.6136831279296875 0.8479938271484375 0.613168724609375 0.8256172841796875 0.6105967080078125 0.8171296298828125 0.5992798349609375 0.812885802734375 0.5915637861328125 0.812114197265625 0.5632716044921875 0.8125 0.5462962958984375 0.8105709873046875 0.528806583984375 0.8105709873046875 0.5236625517578125 0.8125 0.520061728515625 0.8202160498046875 0.5185185185546874 0.849537037109375 0.519032921875 0.858410494140625 0.5216049384765625 0.86342592578125 0.5766460908203125 0.8684413583984375
1 0.5056584365234374 0.8614969140625 0.5149176953125 0.8591820986328125 0.5174897119140625 0.817515431640625 0.5144032919921875 0.8113425927734375 0.5092592587890625 0.8097993828125 0.4740226337890625 0.810185185546875 0.4495884775390625 0.807098765625 0.4423868310546875 0.809413580078125 0.4315843623046875 0.8082561728515625 0.424897119140625 0.810185185546875 0.4243827158203125 0.8541666669921875 0.4279835390625 0.8591820986328125 0.4768518515625 0.8618827158203125 0.5056584365234374 0.8614969140625
1 0.393004115234375 0.861111111328125 0.4146090537109375 0.861111111328125 0.4212962958984375 0.8591820986328125 0.4223251025390625 0.8198302470703125 0.4187242802734375 0.807098765625 0.3837448564453125 0.8051697529296875 0.3343621396484375 0.8059413583984375 0.3276748974609375 0.80902777734375 0.3276748974609375 0.8541666669921875 0.3312757197265625 0.858410494140625 0.3410493828125 0.8599537041015625 0.393004115234375 0.861111111328125
1 0.2854938271484375 0.85532407421875 0.2962962958984375 0.857638888671875 0.3215020576171875 0.8572530859375 0.3245884775390625 0.8560956787109375 0.3261316875 0.852237654296875 0.3256172841796875 0.83487654296875 0.3235596708984375 0.806712962890625 0.3215020576171875 0.80362654296875 0.287037037109375 0.8032407412109375 0.270061728515625 0.801311728515625 0.24382716015625 0.8020833330078125 0.23713991796875 0.8032407412109375 0.2345679013671875 0.8055555556640625 0.2366255146484375 0.8464506171875 0.2412551435546875 0.852237654296875 0.2587448564453125 0.85455246875 0.2854938271484375 0.85532407421875
1 0.33487654296875 0.939814814453125 0.337962962890625 0.92862654296875 0.33693415625 0.8962191357421875 0.335905349609375 0.8900462958984375 0.3312757197265625 0.886959876953125 0.3034979423828125 0.8846450615234375 0.280864197265625 0.8854166669921875 0.265946501953125 0.88387345703125 0.2515432099609375 0.88580246875 0.2474279833984375 0.8927469140625 0.248971193359375 0.9355709873046875 0.2515432099609375 0.9390432099609375 0.3261316875 0.9413580244140625 0.33487654296875 0.939814814453125
1 0.43004115234375 0.9301697529296875 0.433127572265625 0.91512345703125 0.4315843623046875 0.903163580078125 0.43415637890625 0.8939043212890625 0.4295267490234375 0.8904320986328125 0.3796296298828125 0.8885030859375 0.369855966796875 0.886959876953125 0.3657407412109375 0.886959876953125 0.359053498046875 0.889660494140625 0.3415637861328125 0.8885030859375 0.340020576171875 0.8904320986328125 0.3415637861328125 0.9355709873046875 0.3703703701171875 0.9355709873046875 0.424897119140625 0.932484568359375 0.43004115234375 0.9301697529296875
1 0.4454732509765625 0.945987654296875 0.5066872431640626 0.9498456787109375 0.526234568359375 0.94830246875 0.5303497939453125 0.929012345703125 0.5303497939453125 0.9077932099609375 0.5257201650390625 0.8981481484375 0.513888888671875 0.8939043212890625 0.4578189296875 0.892361111328125 0.4444444443359375 0.8927469140625 0.4413580244140625 0.8966049384765625 0.439814814453125 0.9108796298828125 0.44084362109375 0.937885802734375 0.441872427734375 0.942515431640625 0.4454732509765625 0.945987654296875
1 0.62294238671875 0.9475308642578125 0.628086419921875 0.943287037109375 0.6296296298828125 0.9390432099609375 0.6306584365234374 0.9043209873046875 0.619855966796875 0.900462962890625 0.615226337890625 0.901234568359375 0.6126543212890625 0.8996913583984375 0.6100823046875 0.901234568359375 0.6033950615234375 0.901234568359375 0.5884773662109375 0.89737654296875 0.5756172841796875 0.9016203701171875 0.573045267578125 0.9016203701171875 0.5673868310546875 0.89737654296875 0.547839505859375 0.8985339501953125 0.5385802470703125 0.903163580078125 0.5344650205078125 0.9270833330078125 0.5344650205078125 0.94097222265625 0.545781892578125 0.945987654296875 0.58899176953125 0.9479166669921875 0.62294238671875 0.9475308642578125
1 0.71810699609375 0.9560185185546874 0.7268518515625 0.954861111328125 0.729938271484375 0.9529320986328125 0.73302469140625 0.9108796298828125 0.7314814814453126 0.9050925927734375 0.7294238681640625 0.903935185546875 0.7134773662109375 0.9035493828125 0.7026748974609375 0.9050925927734375 0.6887860078125 0.900848765625 0.68415637890625 0.9020061728515625 0.6784979423828125 0.900848765625 0.6574074072265625 0.906635802734375 0.6435185185546874 0.9047067900390625 0.6399176953125 0.9077932099609375 0.6373456787109375 0.9251543212890625 0.636831275390625 0.945987654296875 0.6399176953125 0.949459876953125 0.6784979423828125 0.9537037041015625 0.71810699609375 0.9560185185546874
1 0.816872427734375 0.9564043212890625 0.8245884775390625 0.9533179013671875 0.8276748974609375 0.94907407421875 0.831790123046875 0.9332561728515625 0.8328189296875 0.918209876953125 0.8312757197265624 0.91242283984375 0.8276748974609375 0.9074074072265625 0.8112139921875 0.9043209873046875 0.7962962958984375 0.9047067900390625 0.7854938271484375 0.9070216044921875 0.7705761318359375 0.9035493828125 0.761831275390625 0.9047067900390625 0.757201646484375 0.9070216044921875 0.7422839501953125 0.9054783955078125 0.738168724609375 0.9139660498046875 0.7350823046875 0.9336419755859375 0.7345679013671875 0.9498456787109375 0.7376543212890625 0.9529320986328125 0.7803497939453125 0.9560185185546874 0.816872427734375 0.9564043212890625
0 0.890625 0.23046875 0.8935546875 0.232421875 0.9296875 0.234375 0.93359375 0.2509765625 0.9306640625 0.2529296875 0.873046875 0.2509765625 0.8720703125 0.232421875 0.8896484375 0.2314453125
0 0.447265625 0.689453125 0.4541015625 0.6923828125 0.466796875 0.6923828125 0.466796875 0.712890625 0.4638671875 0.71484375 0.4453125 0.712890625 0.421875 0.7138671875 0.41796875 0.7109375 0.4208984375 0.69140625 0.439453125 0.69140625 0.4462890625 0.689453125
0 0.419921875 0.78125 0.45703125 0.783203125 0.458984375 0.7861328125 0.4580078125 0.8037109375 0.453125 0.8056640625 0.4072265625 0.8037109375 0.40625 0.79296875 0.408203125 0.7822265625 0.4189453125 0.78125
0 0.5791015625 0.3349609375 0.58203125 0.341796875 0.58203125 0.35546875 0.580078125 0.357421875 0.5302734375 0.3564453125 0.525390625 0.3525390625 0.5263671875 0.3369140625 0.5283203125 0.3359375 0.578125 0.3349609375
0 0.9326171875 0.1162109375 0.994140625 0.1162109375 0.9990234375 0.123046875 0.9990234375 0.1416015625 0.994140625 0.1435546875 0.955078125 0.1396484375 0.9365234375 0.140625 0.9326171875 0.1337890625 0.9326171875 0.1171875
0 0.744140625 0.7939453125 0.7802734375 0.7958984375 0.7822265625 0.8076171875 0.78125 0.8173828125 0.736328125 0.8154296875 0.7333984375 0.80859375 0.734375 0.794921875 0.7431640625 0.7939453125
0 0.5341796875 0.52734375 0.5576171875 0.53125 0.55859375 0.5419921875 0.5576171875 0.546875 0.5546875 0.548828125 0.5078125 0.546875 0.505859375 0.544921875 0.505859375 0.533203125 0.5087890625 0.5283203125 0.533203125 0.52734375
0 0.228515625 0.1083984375 0.232421875 0.109375 0.2314453125 0.1259765625 0.2294921875 0.1279296875 0.1845703125 0.1279296875 0.177734375 0.1259765625 0.1806640625 0.12109375 0.1806640625 0.1083984375 0.2275390625 0.1083984375
0 0.9208984375 0.7734375 0.943359375 0.7763671875 0.947265625 0.7841796875 0.947265625 0.7900390625 0.9365234375 0.79296875 0.8935546875 0.79296875 0.890625 0.791015625 0.8876953125 0.7822265625 0.888671875 0.7744140625 0.919921875 0.7734375
0 0.314453125 0.607421875 0.3203125 0.6103515625 0.33203125 0.609375 0.333984375 0.611328125 0.3330078125 0.626953125 0.3212890625 0.6298828125 0.2822265625 0.626953125 0.283203125 0.6142578125 0.2861328125 0.607421875 0.3134765625 0.607421875
0 0.9013671875 0.8701171875 0.923828125 0.8740234375 0.9267578125 0.890625 0.921875 0.8935546875 0.8779296875 0.890625 0.875 0.873046875 0.87890625 0.87109375 0.900390625 0.8701171875
0 0.75 0.1123046875 0.771484375 0.1142578125 0.7734375 0.125 0.7724609375 0.1337890625 0.751953125 0.1357421875 0.7138671875 0.1337890625 0.7119140625 0.1298828125 0.7109375 0.1162109375 0.712890625 0.1123046875 0.7490234375 0.1123046875
0 0.2421875 0.517578125 0.2666015625 0.51953125 0.2685546875 0.521484375 0.267578125 0.5380859375 0.26171875 0.5419921875 0.208984375 0.5400390625 0.2080078125 0.5341796875 0.2109375 0.5185546875 0.2138671875 0.5166015625 0.22265625 0.5185546875 0.2412109375 0.517578125
0 0.9716796875 0.873046875 0.9814453125 0.8740234375 0.9833984375 0.8759765625 0.986328125 0.8935546875 0.982421875 0.8955078125 0.9423828125 0.89453125 0.9365234375 0.8916015625 0.9365234375 0.873046875 0.970703125 0.873046875
0 0.2939453125 0.77734375 0.3134765625 0.7802734375 0.3232421875 0.779296875 0.3251953125 0.783203125 0.3232421875 0.80078125 0.2763671875 0.7998046875 0.2734375 0.796875 0.275390625 0.7783203125 0.29296875 0.77734375
0 0.814453125 0.11328125 0.861328125 0.115234375 0.8642578125 0.119140625 0.8642578125 0.1376953125 0.80078125 0.134765625 0.7978515625 0.1328125 0.7978515625 0.1162109375 0.7998046875 0.1142578125 0.8134765625 0.11328125
0 0.5068359375 0.71484375 0.5078125 0.6953125 0.529296875 0.69140625 0.5537109375 0.693359375 0.5556640625 0.6953125 0.5546875 0.716796875 0.5166015625 0.716796875 0.5078125 0.71484375
0 0.267578125 0.6865234375 0.291015625 0.6875 0.2900390625 0.7080078125 0.2880859375 0.708984375 0.240234375 0.7060546875 0.2431640625 0.6875 0.2666015625 0.6865234375
0 0.6650390625 0.791015625 0.6884765625 0.79296875 0.689453125 0.8125 0.685546875 0.814453125 0.640625 0.8115234375 0.6416015625 0.7919921875 0.6640625 0.791015625
0 0.2607421875 0.328125 0.27734375 0.328125 0.279296875 0.330078125 0.2802734375 0.34765625 0.2705078125 0.3505859375 0.251953125 0.349609375 0.2509765625 0.3310546875 0.251953125 0.3291015625 0.259765625 0.328125
0 0.2783203125 0.8623046875 0.30859375 0.8642578125 0.310546875 0.8662109375 0.310546875 0.8818359375 0.30859375 0.8837890625 0.259765625 0.880859375 0.2578125 0.8779296875 0.2587890625 0.8642578125 0.2626953125 0.8623046875 0.27734375 0.8623046875
0 0.564453125 0.111328125 0.5849609375 0.111328125 0.5849609375 0.1298828125 0.58203125 0.1318359375 0.525390625 0.1298828125 0.5244140625 0.119140625 0.52734375 0.1103515625 0.5634765625 0.111328125
0 0.8681640625 0.966796875 0.900390625 0.970703125 0.900390625 0.990234375 0.857421875 0.98828125 0.8544921875 0.984375 0.8544921875 0.9697265625 0.8583984375 0.966796875 0.8671875 0.966796875
0 0.7119140625 0.5322265625 0.7216796875 0.53515625 0.72265625 0.55078125 0.7197265625 0.5537109375 0.6708984375 0.5517578125 0.6689453125 0.5498046875 0.6689453125 0.5380859375 0.671875 0.53125 0.7109375 0.5322265625
0 0.287109375 0.943359375 0.30078125 0.9453125 0.30078125 0.962890625 0.296875 0.96484375 0.26171875 0.962890625 0.2578125 0.9609375 0.2587890625 0.9443359375 0.2861328125 0.943359375
0 0.68359375 0.11328125 0.685546875 0.1162109375 0.685546875 0.1279296875 0.68359375 0.1318359375 0.6796875 0.1328125 0.6259765625 0.1318359375 0.6240234375 0.1298828125 0.6240234375 0.1162109375 0.626953125 0.111328125 0.6826171875 0.11328125
0 0.3388671875 0.7802734375 0.353515625 0.779296875 0.3818359375 0.78125 0.384765625 0.783203125 0.384765625 0.79296875 0.3818359375 0.802734375 0.369140625 0.8037109375 0.3359375 0.80078125 0.3359375 0.7890625 0.3388671875 0.78125
0 0.916015625 0.9697265625 0.9541015625 0.97265625 0.95703125 0.982421875 0.95703125 0.9931640625 0.9541015625 0.994140625 0.912109375 0.9912109375 0.91015625 0.98828125 0.91015625 0.9716796875 0.9150390625 0.9697265625
0 0.6904296875 0.4384765625 0.7001953125 0.44140625 0.708984375 0.439453125 0.7265625 0.44140625 0.728515625 0.447265625 0.7275390625 0.4609375 0.6806640625 0.4609375 0.6689453125 0.458984375 0.6669921875 0.4560546875 0.666015625 0.4423828125 0.6689453125 0.439453125 0.689453125 0.4384765625
0 0.94921875 0.7724609375 0.9814453125 0.7724609375 0.984375 0.7744140625 0.9990234375 0.775390625 0.9990234375 0.7939453125 0.9970703125 0.794921875 0.9541015625 0.7939453125 0.9501953125 0.7900390625 0.94921875 0.7734375
0 0.8037109375 0.796875 0.841796875 0.796875 0.84765625 0.7978515625 0.8505859375 0.8037109375 0.849609375 0.8193359375 0.8037109375 0.818359375 0.8017578125 0.8154296875 0.8017578125 0.80078125 0.8037109375 0.7978515625
0 0.5849609375 0.787109375 0.6162109375 0.7890625 0.6181640625 0.791015625 0.6181640625 0.8095703125 0.5810546875 0.810546875 0.564453125 0.80859375 0.5634765625 0.796875 0.5654296875 0.7890625 0.583984375 0.7880859375
0 0.6748046875 0.9609375 0.7021484375 0.962890625 0.7041015625 0.98046875 0.7001953125 0.9833984375 0.66015625 0.98046875 0.66015625 0.9619140625 0.673828125 0.9609375
0 0.2587890625 0.775390625 0.2744140625 0.7783203125 0.2734375 0.796875 0.2705078125 0.798828125 0.232421875 0.798828125 0.2265625 0.796875 0.2265625 0.7822265625 0.2294921875 0.775390625 0.2578125 0.775390625
0 0.404296875 0.6103515625 0.44921875 0.6123046875 0.44921875 0.6318359375 0.396484375 0.6298828125 0.3984375 0.6123046875 0.4033203125 0.6103515625
0 0.2333984375 0.109375 0.2705078125 0.1083984375 0.2939453125 0.1103515625 0.294921875 0.1123046875 0.294921875 0.1240234375 0.2900390625 0.12890625 0.234375 0.1298828125 0.2314453125 0.123046875 0.2333984375 0.1103515625
0 0.5 0.87109375 0.5087890625 0.873046875 0.5302734375 0.8720703125 0.5322265625 0.8740234375 0.5322265625 0.890625 0.5302734375 0.892578125 0.4873046875 0.890625 0.4853515625 0.8876953125 0.4873046875 0.8720703125 0.4990234375 0.87109375
0 0.6669921875 0.2275390625 0.7109375 0.2275390625 0.7138671875 0.2294921875 0.7158203125 0.236328125 0.7158203125 0.2490234375 0.7138671875 0.2509765625 0.658203125 0.2490234375 0.6572265625 0.23046875 0.666015625 0.2275390625
0 0.6044921875 0.8740234375 0.634765625 0.8759765625 0.63671875 0.8779296875 0.63671875 0.89453125 0.634765625 0.896484375 0.5859375 0.89453125 0.5859375 0.876953125 0.5888671875 0.8740234375 0.603515625 0.8740234375
0 0.2587890625 0.4287109375 0.2763671875 0.4287109375 0.28125 0.4326171875 0.2802734375 0.44921875 0.2626953125 0.4501953125 0.2587890625 0.443359375 0.2587890625 0.4296875
0 0.72265625 0.337890625 0.751953125 0.33984375 0.75390625 0.34375 0.75390625 0.359375 0.7509765625 0.3603515625 0.6982421875 0.359375 0.6962890625 0.3564453125 0.6962890625 0.3447265625 0.69921875 0.3388671875 0.7216796875 0.337890625
0 0.6669921875 0.6171875 0.681640625 0.6162109375 0.685546875 0.6181640625 0.6884765625 0.623046875 0.6884765625 0.6376953125 0.6865234375 0.6396484375 0.6337890625 0.63671875 0.6337890625 0.6181640625 0.6357421875 0.6162109375 0.666015625 0.6171875
0 0.765625 0.62109375 0.8037109375 0.625 0.806640625 0.6396484375 0.8037109375 0.6435546875 0.7548828125 0.6416015625 0.7529296875 0.6376953125 0.7529296875 0.6220703125 0.7548828125 0.6201171875 0.7646484375 0.62109375
0 0.31640625 0.1279296875 0.318359375 0.1103515625 0.32421875 0.1083984375 0.3720703125 0.109375 0.3759765625 0.111328125 0.376953125 0.1259765625 0.373046875 0.12890625 0.3173828125 0.1279296875
1 0.8765432099609375 0.8672839501953125 0.918209876953125 0.8672839501953125 0.920781892578125 0.86612654296875 0.9202674892578125 0.8587962958984375 0.9295267490234375 0.8206018515625 0.94084362109375 0.7962962958984375 0.937242798828125 0.7947530859375 0.9223251025390625 0.7935956787109375 0.8945473251953125 0.79282407421875 0.880144033203125 0.78742283984375 0.8765432099609375 0.789737654296875 0.873971193359375 0.7966820986328125 0.875 0.8051697529296875 0.8713991767578125 0.81597222265625 0.86213991796875 0.820987654296875 0.85802469140625 0.8202160498046875 0.8544238681640625 0.82137345703125 0.8523662548828125 0.8252314814453126 0.8523662548828125 0.848765431640625 0.8554526748046875 0.8564814814453126 0.8626543212890625 0.86419753125 0.8765432099609375 0.8672839501953125
1 0.9768518515625 0.8657407412109375 0.991769546875 0.807484568359375 0.9897119345703125 0.800540123046875 0.9850823046875 0.7966820986328125 0.950102880859375 0.7935956787109375 0.9356995888671875 0.7966820986328125 0.926954732421875 0.827160494140625 0.9233539091796875 0.85262345703125 0.918209876953125 0.86342592578125 0.918209876953125 0.866512345703125 0.926954732421875 0.8672839501953125 0.973765431640625 0.8668981484375 0.9768518515625 0.8657407412109375
1 0.8564814814453126 0.9610339501953125 0.8626543212890625 0.962962962890625 0.886831275390625 0.963348765625 0.893004115234375 0.9537037041015625 0.9017489716796875 0.92052469140625 0.901234568359375 0.903163580078125 0.894032921875 0.901234568359375 0.8904320986328125 0.8958333330078125 0.878086419921875 0.8931327158203125 0.86882716015625 0.8935185185546874 0.8626543212890625 0.8981481484375 0.855967078125 0.90007716015625 0.8456790126953125 0.9108796298828125 0.8364197529296875 0.942901234375 0.83487654296875 0.956790123046875 0.8384773662109375 0.9594907412109375 0.848765431640625 0.9614197529296875 0.8564814814453126 0.9610339501953125
1 0.897119341796875 0.9556327158203125 0.9264403291015625 0.95987654296875 0.9423868310546875 0.9606481484375 0.945987654296875 0.95717592578125 0.9470164609375 0.9467592587890625 0.9562757197265624 0.9224537041015625 0.9578189296875 0.8981481484375 0.9562757197265624 0.8966049384765625 0.91923868359375 0.89467592578125 0.9074074072265625 0.8966049384765625 0.90277777734375 0.900848765625 0.9032921806640625 0.912037037109375 0.895061728515625 0.9456018515625 0.895061728515625 0.9533179013671875 0.897119341796875 0.9556327158203125
1 0.9994855966796875 0.97222222265625 0.9994855966796875 0.89737654296875 0.962962962890625 0.900848765625 0.958847736328125 0.9216820986328125 0.9495884775390625 0.945987654296875 0.9485596708984375 0.9606481484375 0.9526748974609375 0.9668209873046875 0.958847736328125 0.969135802734375 0.9994855966796875 0.97222222265625
1 0.9994855966796875 0.871913580078125 0.9994855966796875 0.7966820986328125 0.9974279833984375 0.7970679013671875 0.990226337890625 0.8163580244140625 0.9794238681640625 0.8595679013671875 0.97890946484375 0.8668981484375 0.980967078125 0.8703703701171875 0.9876543212890625 0.8722993828125 0.9994855966796875 0.871913580078125
1 0.8883744853515625 0.772762345703125 0.909979423828125 0.7708333330078125 0.9393004111328125 0.772762345703125 0.9444444443359375 0.7689043212890625 0.9470164609375 0.75887345703125 0.9444444443359375 0.75347222265625 0.935185185546875 0.7507716044921875 0.932098765625 0.7480709873046875 0.93004115234375 0.7488425927734375 0.92181069921875 0.7461419755859375 0.8966049384765625 0.7422839501953125 0.883230453125 0.7372685185546874 0.878086419921875 0.7376543212890625 0.8765432099609375 0.764660494140625 0.880144033203125 0.7766203701171875 0.883230453125 0.7770061728515625 0.8883744853515625 0.772762345703125
1 0.9994855966796875 0.7083256171875 0.9717078193359375 0.7569444443359375 0.9495884775390625 0.755787037109375 0.9465020576171875 0.76157407421875 0.945987654296875 0.7689043212890625 0.948045267578125 0.769290123046875 0.9994855966796875 0.77044753125 0.9994855966796875 0.7083256171875