1 0.0645833330078125 0.116796875 0.0692708330078125 0.113671875 0.0697916669921875 0.091796875 0.0661458330078125 0.02421875 0.0640625 0.021875 0.0364583330078125 0.021875 0.01875 0.01640625 0.0078125 0.025 0.0072916669921875 0.0421875 0.0130208330078125 0.110546875 0.0151041669921875 0.116015625 0.0645833330078125 0.116796875
1 0.1296875 0.11328125 0.1302083330078125 0.08671875 0.1302083330078125 0.05625 0.1270833330078125 0.025390625 0.1234375 0.023046875 0.0723958330078125 0.021875 0.0677083330078125 0.023046875 0.0708333330078125 0.1140625 0.0817708330078125 0.117578125 0.1265625 0.116796875 0.1296875 0.11328125
1 0.1333333330078125 0.115234375 0.14375 0.118359375 0.1786458330078125 0.11953125 0.1880208330078125 0.116015625 0.1869791669921875 0.0265625 0.1854166669921875 0.024609375 0.1604166669921875 0.02421875 0.1510416669921875 0.021875 0.1447916669921875 0.022265625 0.14375 0.020703125 0.1286458330078125 0.02578125 0.1322916669921875 0.073046875 0.1307291669921875 0.091796875 0.1333333330078125 0.115234375
1 0.2411458330078125 0.119921875 0.2453125 0.116015625 0.246875 0.099609375 0.2458333330078125 0.026171875 0.24375 0.025 0.2041666669921875 0.0234375 0.1989583330078125 0.02109375 0.190625 0.02578125 0.1890625 0.029296875 0.1885416669921875 0.096875 0.1911458330078125 0.115625 0.1953125 0.119140625 0.2411458330078125 0.119921875
1 0.2828125 0.123046875 0.2901041669921875 0.12109375 0.3036458330078125 0.120703125 0.30625 0.11015625 0.3046875 0.028125 0.3010416669921875 0.02578125 0.2755208330078125 0.02578125 0.2692708330078125 0.023828125 0.26875 0.022265625 0.2661458330078125 0.023828125 0.2605901044921875 0.023828125 0.2552083330078125 0.021875 0.2479166669921875 0.02734375 0.25 0.118359375 0.253125 0.1203125 0.2770833330078125 0.120703125 0.2828125 0.123046875
1 0.3135416669921875 0.123828125 0.3609375 0.12265625 0.3640625 0.119921875 0.365625 0.11328125 0.3640625 0.109765625 0.3666666669921875 0.096484375 0.3625 0.029296875 0.3598958330078125 0.02734375 0.3416666669921875 0.028125 0.3338541669921875 0.026953125 0.3244791669921875 0.021875 0.3223958330078125 0.02421875 0.3161458330078125 0.022265625 0.3067708330078125 0.029296875 0.30625 0.060546875 0.309375 0.099609375 0.3083333330078125 0.120703125 0.3135416669921875 0.123828125
1 0.0213541669921875 0.25546875 0.0645833330078125 0.25546875 0.0697916669921875 0.25390625 0.0723958330078125 0.2484375 0.0708333330078125 0.20546875 0.0661458330078125 0.193359375 0.0677083330078125 0.18125 0.0645833330078125 0.1609375 0.0510416669921875 0.159375 0.034375 0.159765625 0.0182291669921875 0.154296875 0.0145833330078125 0.158203125 0.0072916669921875 0.16015625 0.0057291669921875 0.162109375 0.0078125 0.21328125 0.0125 0.252734375 0.015625 0.255078125 0.0213541669921875 0.25546875
1 0.0776041669921875 0.2546875 0.084375 0.255859375 0.1286458330078125 0.255078125 0.1317708330078125 0.248046875 0.13125 0.219140625 0.1265625 0.1640625 0.1234375 0.161328125 0.1005208330078125 0.1609375 0.0848958330078125 0.15703125 0.0776041669921875 0.158203125 0.0682291669921875 0.163671875 0.0703125 0.19140625 0.0692708330078125 0.202734375 0.0744791669921875 0.2515625 0.0776041669921875 0.2546875
1 0.1890625 0.255078125 0.1890625 0.246875 0.184375 0.16484375 0.1791666669921875 0.162890625 0.1489583330078125 0.1625 0.1447916669921875 0.161328125 0.14375 0.159375 0.1328125 0.162890625 0.1291666669921875 0.166015625 0.1354166669921875 0.25390625 0.1401041669921875 0.25703125 0.1854166669921875 0.257421875 0.1890625 0.255078125
1 0.2203125 0.258984375 0.2453125 0.257421875 0.2489583330078125 0.25390625 0.2489583330078125 0.24296875 0.2442708330078125 0.16640625 0.234375 0.162109375 0.1911458330078125 0.1625 0.1864583330078125 0.165234375 0.1885416669921875 0.23671875 0.1916666669921875 0.2546875 0.1958333330078125 0.2578125 0.2203125 0.258984375
1 0.3046875 0.25859375 0.3078125 0.248046875 0.3083333330078125 0.2375 0.3057291669921875 0.16796875 0.3026041669921875 0.165625 0.2947916669921875 0.164453125 0.2505208330078125 0.163671875 0.2473958330078125 0.165234375 0.2510416669921875 0.258203125 0.2734375 0.26015625 0.3026041669921875 0.259765625 0.3046875 0.25859375
1 0.359375 0.26171875 0.3625 0.25703125 0.3614583330078125 0.1703125 0.3598958330078125 0.16875 0.3338541669921875 0.1671875 0.3177083330078125 0.16171875 0.3140625 0.162890625 0.3072916669921875 0.16953125 0.3109375 0.258203125 0.3151041669921875 0.2609375 0.3255208330078125 0.26171875 0.359375 0.26171875
1 0.4182291669921875 0.256640625 0.41875 0.23515625 0.41875 0.171875 0.4171875 0.168359375 0.4145833330078125 0.16640625 0.4036458330078125 0.166015625 0.3661458330078125 0.166796875 0.3630208330078125 0.16875 0.3635416669921875 0.25859375 0.36875 0.2609375 0.415625 0.26171875 0.4182291669921875 0.256640625
1 0.4760416669921875 0.25859375 0.4770833330078125 0.208984375 0.4739583330078125 0.198046875 0.4770833330078125 0.183203125 0.4765625 0.171484375 0.4703125 0.166796875 0.4244791669921875 0.16796875 0.4197916669921875 0.171484375 0.4197916669921875 0.25859375 0.4244791669921875 0.262109375 0.4734375 0.262890625 0.4760416669921875 0.25859375
1 0.5286458330078125 0.26328125 0.5307291669921875 0.26171875 0.5328125 0.21875 0.5317708330078125 0.17265625 0.5260416669921875 0.1703125 0.4791666669921875 0.17109375 0.4776041669921875 0.20859375 0.478125 0.262109375 0.4807291669921875 0.263671875 0.4947916669921875 0.2640625 0.5286458330078125 0.26328125
1 0.5666666669921875 0.263671875 0.5859375 0.263671875 0.5880208330078125 0.262109375 0.5885416669921875 0.2546875 0.5916666669921875 0.171875 0.5755208330078125 0.168359375 0.5677083330078125 0.16953125 0.5463541669921875 0.168359375 0.5354166669921875 0.170703125 0.5328125 0.202734375 0.5328125 0.262109375 0.5364583330078125 0.2640625 0.5604166669921875 0.265234375 0.5666666669921875 0.263671875
1 0.6427083330078125 0.262109375 0.6463541669921875 0.199609375 0.6463541669921875 0.174609375 0.6442708330078125 0.171484375 0.6260416669921876 0.170703125 0.596875 0.171484375 0.5942708330078125 0.17265625 0.5932291669921875 0.20390625 0.590625 0.21796875 0.590625 0.2640625 0.6057291669921875 0.265625 0.6401041669921875 0.26484375 0.6427083330078125 0.262109375
1 0.646875 0.265234375 0.6822916669921875 0.266015625 0.6869791669921875 0.262109375 0.690625 0.1609375 0.6791666669921875 0.156640625 0.675 0.152734375 0.6661458330078125 0.152734375 0.6604166669921875 0.153125 0.6473958330078124 0.159375 0.6442708330078125 0.1640625 0.646875 0.173046875 0.6479166669921875 0.191015625 0.64375 0.262109375 0.646875 0.265234375
1 0.7296875 0.265234375 0.7317708330078125 0.259375 0.7369791669921875 0.160546875 0.7234375 0.153515625 0.7057291669921875 0.153125 0.6927083330078125 0.1609375 0.6885416669921876 0.21328125 0.6875 0.25546875 0.6890625 0.265234375 0.7046875 0.26640625 0.7296875 0.265234375
1 0.7692708330078125 0.265625 0.7744791669921876 0.26171875 0.7791666669921875 0.161328125 0.76875 0.159375 0.7630208330078125 0.154296875 0.7484375 0.1546875 0.7463541669921875 0.1578125 0.7390625 0.162109375 0.7359375 0.184765625 0.7338541669921875 0.265234375 0.7359375 0.2640625 0.7473958330078125 0.266015625 0.7692708330078125 0.265625
1 0.7864583330078125 0.266796875 0.8109375 0.266796875 0.8151041669921875 0.262890625 0.8239583330078125 0.16953125 0.8229166669921875 0.165234375 0.8135416669921876 0.162109375 0.8088541669921875 0.1578125 0.8052083330078125 0.15703125 0.7947916669921875 0.157421875 0.7848958330078125 0.16171875 0.7817708330078125 0.164453125 0.7791666669921875 0.187109375 0.7760416669921875 0.2234375 0.7765625 0.262109375 0.7786458330078125 0.26484375 0.7864583330078125 0.266796875
1 0.859375 0.266796875 0.8630208330078125 0.259375 0.8677083330078125 0.212109375 0.86875 0.1828125 0.8671875 0.17890625 0.8541666669921875 0.176953125 0.8520833330078125 0.175 0.85 0.1765625 0.8369791669921876 0.174609375 0.8265625 0.177734375 0.8229166669921875 0.1890625 0.81875 0.226171875 0.8171875 0.265234375 0.8203125 0.266796875 0.8416666669921875 0.26796875 0.859375 0.266796875
1 0.9010416669921875 0.2671875 0.9052083330078124 0.265625 0.9078125 0.258984375 0.9104166669921875 0.2203125 0.9125 0.213671875 0.9130208330078124 0.181640625 0.909375 0.17890625 0.9 0.179296875 0.8947916669921875 0.175 0.8796875 0.175 0.8697916669921875 0.1796875 0.86875 0.18515625 0.8692708330078125 0.2 0.8640625 0.262890625 0.8692708330078125 0.26640625 0.9010416669921875 0.2671875
1 0.9510416669921875 0.26640625 0.9546875 0.259765625 0.959375 0.18203125 0.9427083330078125 0.176171875 0.9395833330078125 0.176953125 0.9354166669921875 0.175 0.928125 0.175 0.915625 0.181640625 0.9145833330078125 0.186328125 0.909375 0.266015625 0.9114583330078125 0.268359375 0.9458333330078125 0.26875 0.9510416669921875 0.26640625
1 0.965625 0.269921875 0.9854166669921876 0.2703125 0.9994791669921875 0.26875 0.9994791669921875 0.180859375 0.99375 0.18046875 0.9875 0.17734375 0.9703125 0.17734375 0.9614583330078125 0.181640625 0.9588541669921875 0.191796875 0.9578125 0.2359375 0.953125 0.26640625 0.9588541669921875 0.26953125 0.965625 0.269921875
1 0.0458333330078125 0.3875 0.08125 0.387109375 0.0833333330078125 0.381640625 0.0807291669921875 0.37109375 0.0807291669921875 0.351953125 0.075 0.2953125 0.0322916669921875 0.29375 0.0244791669921875 0.29453125 0.0203125 0.298046875 0.0208333330078125 0.34296875 0.0265625 0.383984375 0.0291666669921875 0.385546875 0.0458333330078125 0.3875
1 0.1421875 0.383203125 0.1385416669921875 0.354296875 0.1385416669921875 0.32578125 0.134375 0.296875 0.1059895830078125 0.295703125 0.0848958330078125 0.292578125 0.0770833330078125 0.29765625 0.0848958330078125 0.385546875 0.1046875 0.387890625 0.1390625 0.38671875 0.1421875 0.383203125
1 0.1520833330078125 0.386328125 0.1604166669921875 0.387109375 0.1864583330078125 0.386328125 0.1885416669921875 0.383984375 0.1885416669921875 0.378515625 0.18125 0.28671875 0.1770833330078125 0.284375 0.14375 0.28359375 0.1390625 0.28515625 0.1380208330078125 0.2890625 0.1369791669921875 0.30078125 0.1427083330078125 0.3734375 0.1463541669921875 0.383984375 0.1520833330078125 0.386328125
1 0.1875 0.38359375 0.1890625 0.385546875 0.1958333330078125 0.387109375 0.2302083330078125 0.3875 0.2328125 0.38359375 0.23125 0.34375 0.2260416669921875 0.28984375 0.2203125 0.284765625 0.2166666669921875 0.284375 0.1890625 0.283984375 0.1838541669921875 0.2875 0.1864583330078125 0.345703125 0.190625 0.366015625 0.1901041669921875 0.38046875 0.1875 0.38359375
1 0.275 0.38671875 0.275 0.380078125 0.2723958330078125 0.31015625 0.2697916669921875 0.290625 0.2619791669921875 0.28515625 0.2515625 0.2828125 0.2515625 0.284375 0.2463541669921875 0.2859375 0.2338541669921875 0.28515625 0.2286458330078125 0.28828125 0.234375 0.383984375 0.2369791669921875 0.3875 0.2723958330078125 0.387890625 0.275 0.38671875
1 0.3145833330078125 0.3875 0.3161458330078125 0.3828125 0.3145833330078125 0.312890625 0.3119791669921875 0.29296875 0.3036458330078125 0.28359375 0.2890625 0.284765625 0.2864583330078125 0.286328125 0.2760416669921875 0.286328125 0.2697916669921875 0.289453125 0.2765625 0.3859375 0.2786458330078125 0.38828125 0.3114583330078125 0.3890625 0.3145833330078125 0.3875
1 0.3192708330078125 0.371875 0.3177083330078125 0.38671875 0.3208333330078125 0.389453125 0.3588541669921875 0.390625 0.3604166669921875 0.387890625 0.3604166669921875 0.366015625 0.3578125 0.2859375 0.3552083330078125 0.2828125 0.3494791669921875 0.281640625 0.3260416669921875 0.28203125 0.3151041669921875 0.284375 0.3135416669921875 0.291015625 0.3166666669921875 0.326171875 0.3171875 0.362890625 0.3192708330078125 0.371875
1 0.4020833330078125 0.390625 0.4052083330078125 0.387890625 0.40625 0.373046875 0.4026041669921875 0.28984375 0.4010416669921875 0.287890625 0.3953125 0.28671875 0.3713541669921875 0.28671875 0.3630208330078125 0.2875 0.3598958330078125 0.291796875 0.3614583330078125 0.3890625 0.3625 0.390625 0.3692708330078125 0.391796875 0.4020833330078125 0.390625
1 0.4760416669921875 0.36328125 0.4755208330078125 0.31328125 0.4734375 0.30390625 0.453125 0.303515625 0.4395833330078125 0.301171875 0.4359375 0.29765625 0.4322916669921875 0.29765625 0.4208333330078125 0.30703125 0.4197916669921875 0.32734375 0.4213541669921875 0.3890625 0.4317708330078125 0.39140625 0.4734375 0.391015625 0.4760416669921875 0.36328125
1 0.5291666669921875 0.3921875 0.5317708330078125 0.390234375 0.5328125 0.384765625 0.5328125 0.305859375 0.5296875 0.303125 0.509375 0.30390625 0.4963541669921875 0.3015625 0.49375 0.298828125 0.4875 0.2984375 0.478125 0.305859375 0.4770833330078125 0.313671875 0.4770833330078125 0.389453125 0.4802083330078125 0.39140625 0.4875 0.3921875 0.5291666669921875 0.3921875
1 0.5432291669921875 0.39296875 0.5869791669921876 0.391796875 0.5895833330078125 0.38984375 0.5911458330078125 0.38046875 0.5921875 0.306640625 0.5885416669921875 0.3046875 0.5640625 0.305078125 0.5552083330078125 0.30234375 0.553125 0.3 0.5453125 0.299609375 0.5364583330078125 0.309765625 0.5348958330078125 0.3203125 0.5348958330078125 0.38203125 0.5364583330078125 0.389453125 0.5432291669921875 0.39296875
1 0.6473958330078124 0.387109375 0.65 0.30703125 0.64375 0.3046875 0.621875 0.3046875 0.6145833330078125 0.302734375 0.6109375 0.29921875 0.6026041669921876 0.29921875 0.5958333330078125 0.3078125 0.5932291669921875 0.326953125 0.5921875 0.359765625 0.5947916669921876 0.390625 0.6442708330078125 0.39140625 0.6473958330078124 0.387109375
1 0.6994791669921875 0.387109375 0.7020833330078124 0.307421875 0.6895833330078125 0.302734375 0.6546875 0.305078125 0.6526041669921875 0.306640625 0.6505208330078125 0.326171875 0.6505208330078125 0.390234375 0.6817708330078125 0.39296875 0.696875 0.391015625 0.6994791669921875 0.387109375
1 0.7421875 0.391796875 0.7510416669921876 0.389453125 0.7572916669921875 0.306640625 0.7313802080078124 0.305859375 0.7140625 0.30078125 0.7098958330078124 0.301953125 0.7046875 0.311328125 0.7015625 0.366015625 0.7010416669921875 0.387109375 0.7026041669921875 0.39140625 0.7322916669921875 0.390234375 0.7421875 0.391796875
1 0.80625 0.391015625 0.8119791669921875 0.3109375 0.8104166669921875 0.305859375 0.7947916669921875 0.307421875 0.7609375 0.30703125 0.7583333330078125 0.315625 0.7541666669921875 0.369140625 0.7541666669921875 0.391015625 0.7854166669921875 0.393359375 0.8 0.393359375 0.80625 0.391015625
1 0.8526041669921876 0.39296875 0.859375 0.390625 0.8609375 0.34921875 0.8661458330078124 0.311328125 0.8635416669921875 0.307421875 0.8520833330078125 0.3078125 0.8432291669921875 0.31015625 0.83125 0.31015625 0.8192708330078124 0.30703125 0.8145833330078125 0.308203125 0.8078125 0.37578125 0.8078125 0.389453125 0.8140625 0.39375 0.8208333330078125 0.391796875 0.8526041669921876 0.39296875
1 0.9078125 0.39296875 0.9098958330078125 0.391796875 0.9171875 0.34296875 0.9192708330078125 0.310546875 0.9161458330078125 0.30703125 0.9067708330078125 0.305078125 0.9036458330078125 0.302734375 0.8973958330078124 0.303125 0.8895833330078124 0.30703125 0.8723958330078125 0.306640625 0.8682291669921876 0.30859375 0.8619791669921875 0.36328125 0.8614583330078125 0.388671875 0.8630208330078125 0.39140625 0.8755208330078125 0.39296875 0.9078125 0.39296875
1 0.9604166669921875 0.393359375 0.9640625 0.39140625 0.9729166669921875 0.311328125 0.9703125 0.30703125 0.9473958330078125 0.3078125 0.9390625 0.302734375 0.928125 0.30234375 0.9255208330078125 0.30390625 0.9208333330078124 0.3125 0.9192708330078125 0.34453125 0.9145833330078125 0.37578125 0.9140625 0.390234375 0.9182291669921875 0.392578125 0.9541666669921876 0.39375 0.9604166669921875 0.393359375
1 0.9869791669921875 0.306640625 0.9739583330078125 0.310546875 0.9661458330078125 0.37890625 0.9666666669921875 0.393359375 0.9994791669921875 0.392578125 0.9994791669921875 0.30703125 0.9869791669921875 0.306640625
1 0.0854166669921875 0.508203125 0.0875 0.5015625 0.0848958330078125 0.491015625 0.0854166669921875 0.467578125 0.08125 0.423828125 0.078125 0.422265625 0.059375 0.42265625 0.04375 0.419921875 0.0286458330078125 0.4234375 0.0302083330078125 0.499609375 0.0322916669921875 0.507421875 0.0427083330078125 0.508984375 0.0854166669921875 0.508203125
1 0.0979166669921875 0.50859375 0.14375 0.508203125 0.1453125 0.505859375 0.14375 0.4671875 0.1385416669921875 0.425 0.1302083330078125 0.420703125 0.1046875 0.420703125 0.0848958330078125 0.42265625 0.0838541669921875 0.4390625 0.0869791669921875 0.494921875 0.0901041669921875 0.50625 0.0979166669921875 0.50859375
1 0.1526041669921875 0.507421875 0.1864583330078125 0.508203125 0.190625 0.50625 0.1911458330078125 0.501953125 0.1854166669921875 0.4140625 0.1838541669921875 0.411328125 0.1796875 0.41015625 0.1526041669921875 0.409765625 0.14375 0.411328125 0.1427083330078125 0.429296875 0.1458333330078125 0.485546875 0.1494791669921875 0.505078125 0.1526041669921875 0.507421875
1 0.2270833330078125 0.50859375 0.234375 0.505078125 0.2296875 0.414453125 0.2244791669921875 0.41171875 0.1916666669921875 0.4109375 0.1875 0.41484375 0.1890625 0.476953125 0.1932291669921875 0.506640625 0.1958333330078125 0.508984375 0.2270833330078125 0.50859375
1 0.2755208330078125 0.508203125 0.2723958330078125 0.414453125 0.2588541669921875 0.412109375 0.2364583330078125 0.4125 0.2328125 0.41484375 0.23125 0.443359375 0.234375 0.508203125 0.2375 0.509375 0.2755208330078125 0.508203125
1 0.3192708330078125 0.49765625 0.315625 0.418359375 0.3135416669921875 0.415234375 0.3078125 0.41328125 0.2791666669921875 0.41328125 0.275 0.41484375 0.2776041669921875 0.50859375 0.3109375 0.509375 0.3182291669921875 0.50625 0.3192708330078125 0.49765625
1 0.3598958330078125 0.509765625 0.3630208330078125 0.50859375 0.3604166669921875 0.417578125 0.3536458330078125 0.415234375 0.328125 0.413671875 0.3197916669921875 0.415625 0.321875 0.505859375 0.3229166669921875 0.507421875 0.33125 0.509375 0.3598958330078125 0.509765625
1 0.4041666669921875 0.510546875 0.4072916669921875 0.5078125 0.4098958330078125 0.498046875 0.4052083330078125 0.418359375 0.4015625 0.41484375 0.3942708330078125 0.413671875 0.3625 0.41484375 0.3609375 0.42734375 0.3630208330078125 0.508203125 0.3671875 0.510546875 0.4041666669921875 0.510546875
1 0.4640625 0.51015625 0.4692708330078125 0.50546875 0.4697916669921875 0.495703125 0.4708333330078125 0.44609375 0.4682291669921875 0.428125 0.4635416669921875 0.425390625 0.4421875 0.4265625 0.4213541669921875 0.42421875 0.4130208330078125 0.43046875 0.4125 0.457421875 0.415625 0.50859375 0.4182291669921875 0.510546875 0.4640625 0.51015625
1 0.5067708330078124 0.507421875 0.5145833330078124 0.509765625 0.5223958330078124 0.509765625 0.525 0.508203125 0.528125 0.432421875 0.5260416669921875 0.427734375 0.4864583330078125 0.426953125 0.478125 0.428515625 0.4755208330078125 0.43203125 0.4739583330078125 0.475 0.4739583330078125 0.50546875 0.4765625 0.510546875 0.4921875 0.5109375 0.5067708330078124 0.507421875
1 0.5807291669921875 0.502734375 0.5817708330078125 0.428515625 0.5723958330078125 0.426953125 0.5302083330078124 0.428125 0.5276041669921875 0.46171875 0.5270833330078125 0.508984375 0.5322916669921876 0.510546875 0.5776041669921875 0.509765625 0.5807291669921875 0.502734375
1 0.6359375 0.51015625 0.6380208330078125 0.504296875 0.6390625 0.464453125 0.6380208330078125 0.43125 0.6364583330078125 0.428125 0.6171875 0.426171875 0.6088541669921875 0.42734375 0.6026041669921876 0.423046875 0.5947916669921876 0.423046875 0.5859375 0.42890625 0.5848958330078124 0.437890625 0.5864583330078125 0.48203125 0.5848958330078124 0.494921875 0.5869791669921876 0.50859375 0.6359375 0.51015625
1 0.6901041669921875 0.50625 0.6911458330078125 0.480859375 0.6901041669921875 0.42890625 0.6833333330078125 0.426953125 0.6598958330078125 0.42578125 0.6520833330078125 0.42265625 0.6479166669921875 0.423046875 0.640625 0.431640625 0.6395833330078124 0.44921875 0.6390625 0.50859375 0.6401041669921875 0.509765625 0.6875 0.509375 0.6901041669921875 0.50625
1 0.7432291669921876 0.503125 0.7447916669921875 0.428125 0.7348958330078125 0.425390625 0.7302083330078125 0.421484375 0.7145088544921875 0.4265625 0.6984375 0.4265625 0.69375 0.428515625 0.6927083330078125 0.50859375 0.6953125 0.509765625 0.7411458330078124 0.51015625 0.7432291669921876 0.503125
1 0.7916666669921875 0.491796875 0.7973958330078125 0.446484375 0.796875 0.43125 0.7932291669921875 0.428515625 0.7515625 0.426953125 0.7479166669921875 0.428125 0.7442708330078125 0.475 0.7442708330078125 0.50859375 0.7901041669921876 0.509375 0.7921875 0.508203125 0.7916666669921875 0.491796875
1 0.8057291669921876 0.51015625 0.8458333330078125 0.509765625 0.8484375 0.50546875 0.8479166669921875 0.4875 0.853125 0.428515625 0.8494791669921875 0.426953125 0.8026041669921875 0.428515625 0.8005208330078125 0.4296875 0.7989583330078125 0.43671875 0.79375 0.494140625 0.7958333330078124 0.5078125 0.7989583330078125 0.509765625 0.8057291669921876 0.51015625
1 0.9010416669921875 0.508984375 0.9015625 0.4640625 0.9046875 0.43828125 0.9036458330078125 0.429296875 0.9010416669921875 0.427734375 0.8588541669921875 0.423046875 0.85625 0.425 0.8546875 0.43046875 0.8494791669921875 0.508203125 0.8520833330078125 0.51015625 0.8734375 0.510546875 0.9010416669921875 0.508984375
1 0.9473958330078125 0.508984375 0.95625 0.432421875 0.9541666669921876 0.428515625 0.9395833330078125 0.42734375 0.9276041669921875 0.428515625 0.9213541669921875 0.425 0.9078125 0.426171875 0.9015625 0.4703125 0.9046875 0.494140625 0.9 0.50859375 0.9182291669921875 0.510546875 0.9473958330078125 0.508984375
1 0.9994791669921875 0.42890625 0.9963541669921875 0.426953125 0.990625 0.425 0.9776041669921876 0.428125 0.9609375 0.428125 0.9588541669921875 0.429296875 0.95625 0.43671875 0.9526041669921875 0.47109375 0.9515625 0.50859375 0.9598958330078124 0.510546875 0.9994791669921875 0.508984375 0.9994791669921875 0.42890625
1 0 0.507421875 0.0260416669921875 0.508203125 0.0296875 0.50546875 0.0302083330078125 0.48203125 0.0265625 0.42421875 0.0229166669921875 0.420703125 0.0015625 0.4203125 0 0.4203125 0 0.507421875
1 0 0.383984375 0.0192708330078125 0.385546875 0.0234375 0.380078125 0.0182291669921875 0.296484375 0.015625 0.294140625 0.00625 0.293359375 0 0.29453125 0 0.383984375
1 0 0.628125 0.0364583330078125 0.628515625 0.0385416669921875 0.61953125 0.0328125 0.549609375 0.0307291669921875 0.54609375 0.0260416669921875 0.544921875 0.0020833330078125 0.54453125 0 0.544921875 0 0.628125
1 0.0640625 0.629296875 0.0921875 0.627734375 0.0942708330078125 0.624609375 0.0890625 0.54453125 0.0755208330078125 0.542578125 0.0536458330078125 0.542578125 0.0395833330078125 0.544140625 0.0354166669921875 0.548046875 0.0364583330078125 0.595703125 0.040625 0.62734375 0.0427083330078125 0.62890625 0.0640625 0.629296875
1 0.1265625 0.627734375 0.1473958330078125 0.626953125 0.15 0.616015625 0.1453125 0.54296875 0.1432291669921875 0.541796875 0.0973958330078125 0.5421875 0.0916666669921875 0.54375 0.0953125 0.60078125 0.0942708330078125 0.616796875 0.0963541669921875 0.626171875 0.1265625 0.627734375
1 0.190625 0.62421875 0.1890625 0.606640625 0.1901041669921875 0.58359375 0.1869791669921875 0.535546875 0.1817708330078125 0.53203125 0.1604166669921875 0.53125 0.1510416669921875 0.5328125 0.1489583330078125 0.536328125 0.1510416669921875 0.6234375 0.1541666669921875 0.6265625 0.1890625 0.6265625 0.190625 0.62421875
1 0.2338541669921875 0.627734375 0.2354166669921875 0.625 0.2348958330078125 0.609375 0.2328125 0.605859375 0.2354166669921875 0.596484375 0.2333333330078125 0.532421875 0.225 0.53125 0.2005208330078125 0.533203125 0.1947916669921875 0.532421875 0.1890625 0.533984375 0.1921875 0.6265625 0.1989583330078125 0.628515625 0.2302083330078125 0.62890625 0.2338541669921875 0.627734375
1 0.2515625 0.6296875 0.2791666669921875 0.62734375 0.2822916669921875 0.623046875 0.28125 0.604557421875 0.2828125 0.596484375 0.2817708330078125 0.55703125 0.2791666669921875 0.554296875 0.2796875 0.5328125 0.271875 0.531640625 0.253125 0.534375 0.2380208330078125 0.53203125 0.2354166669921875 0.53671875 0.2369791669921875 0.6265625 0.240625 0.628515625 0.246875 0.628125 0.2515625 0.6296875
1 0.3276041669921875 0.628515625 0.33125 0.623046875 0.3291666669921875 0.533984375 0.3098958330078125 0.53046875 0.2890625 0.533984375 0.2864583330078125 0.53828125 0.2864583330078125 0.60703125 0.2885416669921875 0.626953125 0.2927083330078125 0.628515625 0.3276041669921875 0.628515625
1 0.3723958330078125 0.623046875 0.3729166669921875 0.613671875 0.3692708330078125 0.5359375 0.3666666669921875 0.533984375 0.3572916669921875 0.532421875 0.334375 0.5328125 0.3317708330078125 0.534375 0.3322916669921875 0.623828125 0.3364583330078125 0.626171875 0.3692708330078125 0.624609375 0.3723958330078125 0.623046875
1 0.4161458330078125 0.623046875 0.4135416669921875 0.535546875 0.4067708330078125 0.532421875 0.3760416669921875 0.5328125 0.3734375 0.53515625 0.3744791669921875 0.6234375 0.3796875 0.626171875 0.4119791669921875 0.624609375 0.4161458330078125 0.623046875
1 0.4703125 0.62265625 0.4729166669921875 0.6203125 0.4744791669921875 0.597265625 0.4734375 0.54296875 0.4692708330078125 0.540234375 0.4604166669921875 0.5390625 0.4489583330078125 0.540234375 0.4421875 0.537890625 0.4348958330078125 0.540625 0.4322916669921875 0.539453125 0.425 0.54140625 0.4213541669921875 0.54375 0.4213541669921875 0.62265625 0.4239583330078125 0.62421875 0.4348958330078125 0.625 0.4703125 0.62265625
1 0.5265625 0.617578125 0.5265625 0.542578125 0.5161458330078125 0.53984375 0.4869791669921875 0.538671875 0.4807291669921875 0.540234375 0.4770833330078125 0.54296875 0.4755208330078125 0.54921875 0.4760416669921875 0.62265625 0.4786458330078125 0.623828125 0.5239583330078125 0.6234375 0.5265625 0.617578125
1 0.5796875 0.543359375 0.5640625 0.539453125 0.53125 0.54140625 0.5286458330078125 0.544140625 0.528125 0.573828125 0.5286458330078125 0.62265625 0.5453125 0.62421875 0.5786458330078125 0.623046875 0.5796875 0.543359375
1 0.6322916669921875 0.6203125 0.634375 0.544140625 0.6302083330078125 0.54140625 0.6239583330078124 0.540234375 0.6229166669921875 0.536328125 0.6 0.541015625 0.5848958330078124 0.538671875 0.5822916669921875 0.543359375 0.5828125 0.62265625 0.5848958330078124 0.623828125 0.6296875 0.6234375 0.6322916669921875 0.6203125
1 0.669921875 0.5673828125 0.00341796875 0.001953125
1 0.6822916669921875 0.623046875 0.684375 0.6203125 0.6838541669921875 0.601171875 0.6869791669921875 0.573046875 0.6864583330078124 0.547265625 0.684375 0.54453125 0.671875 0.538671875 0.6645833330078125 0.538671875 0.6552083330078124 0.54140625 0.6427083330078125 0.540234375 0.6369791669921875 0.54296875 0.6333333330078125 0.621484375 0.634375 0.623046875 0.6458333330078125 0.62421875 0.6822916669921875 0.623046875
1 0.734375 0.61953125 0.7348958330078125 0.61640625 0.7354166669921876 0.54296875 0.7307291669921875 0.540625 0.7177083330078124 0.5390625 0.6927083330078125 0.5390625 0.6875 0.545703125 0.6854166669921875 0.619140625 0.6880208330078125 0.621484375 0.7317708330078125 0.620703125 0.734375 0.61953125
1 0.7510416669921876 0.62109375 0.79375 0.620703125 0.7984375 0.54765625 0.796875 0.54296875 0.746875 0.54140625 0.7416666669921875 0.543359375 0.7416666669921875 0.5625 0.7369791669921875 0.594140625 0.7369791669921875 0.609765625 0.7401041669921875 0.616015625 0.7442708330078125 0.61953125 0.7510416669921876 0.62109375
1 0.8479166669921875 0.617578125 0.8510416669921875 0.543359375 0.8484375 0.541796875 0.8072916669921875 0.5421875 0.8036458330078124 0.543359375 0.8 0.54609375 0.7979166669921876 0.5640625 0.7963541669921875 0.6203125 0.821875 0.621875 0.8458333330078125 0.62109375 0.8479166669921875 0.617578125
1 0.89375 0.621875 0.8979166669921875 0.619921875 0.9046875 0.55390625 0.9046875 0.5453125 0.9026041669921875 0.542578125 0.8901041669921875 0.5390625 0.8765625 0.5390625 0.8567708330078125 0.54296875 0.853125 0.55703125 0.85 0.59375 0.85 0.618359375 0.8526041669921876 0.621484375 0.8807291669921875 0.623046875 0.89375 0.621875
1 0.9505208330078125 0.621484375 0.9572916669921875 0.552734375 0.9572916669921875 0.543359375 0.9557291669921875 0.5421875 0.940625 0.5390625 0.915625 0.5375 0.9109375 0.53984375 0.9057291669921875 0.546875 0.903125 0.5875 0.9026041669921875 0.61875 0.9052083330078124 0.621484375 0.9182291669921875 0.623046875 0.9505208330078125 0.621484375
1 0.9994791669921875 0.540625 0.9942708330078125 0.539453125 0.98125 0.54140625 0.965625 0.53984375 0.9598958330078124 0.541015625 0.95625 0.561328125 0.9526041669921875 0.620703125 0.9776041669921876 0.622265625 0.9994791669921875 0.6203125 0.9994791669921875 0.540625
1 0 0.76328125 0.03125 0.764453125 0.0359375 0.76328125 0.0390625 0.75859375 0.0338541669921875 0.702604296875 0.034375 0.67421875 0.0291666669921875 0.67109375 0.003125 0.6703125 0 0.670703125 0 0.76328125
1 0.0895833330078125 0.67421875 0.0859375 0.67265625 0.0557291669921875 0.66953125 0.0390625 0.674609375 0.0338541669921875 0.68046875 0.0416666669921875 0.76171875 0.0776041669921875 0.76171875 0.0947916669921875 0.758984375 0.0895833330078125 0.67421875
1 0.1182291669921875 0.760546875 0.1505208330078125 0.758203125 0.1473958330078125 0.66484375 0.1177083330078125 0.670703125 0.1046875 0.669921875 0.0942708330078125 0.673828125 0.0916666669921875 0.677734375 0.0911458330078125 0.699609375 0.096875 0.759375 0.0984375 0.760546875 0.1182291669921875 0.760546875
1 0.1921875 0.755859375 0.1942708330078125 0.754296875 0.19375 0.712109375 0.190625 0.6625 0.1973958330078125 0.65078125 0.196875 0.64765625 0.1609375 0.648828125 0.1572916669921875 0.65 0.15 0.6578125 0.1494791669921875 0.69609375 0.153125 0.755859375 0.1541666669921875 0.757421875 0.1921875 0.755859375
1 0.2369791669921875 0.7546875 0.2338541669921875 0.670703125 0.2354166669921875 0.658984375 0.2411458330078125 0.64921875 0.2395833330078125 0.64765625 0.2338541669921875 0.647265625 0.1994791669921875 0.65 0.1921875 0.666796875 0.1958333330078125 0.7546875 0.2083333330078125 0.756640625 0.234375 0.756640625 0.2369791669921875 0.7546875
1 0.2802083330078125 0.75546875 0.2796875 0.66328125 0.2828125 0.6515625 0.2755208330078125 0.64765625 0.2447916669921875 0.648046875 0.2375 0.6578125 0.2354166669921875 0.666015625 0.2375 0.755078125 0.2505208330078125 0.757421875 0.2760416669921875 0.757421875 0.2802083330078125 0.75546875
1 0.3067708330078125 0.75703125 0.3197916669921875 0.755078125 0.3229166669921875 0.751953125 0.3223958330078125 0.6765625 0.3255208330078125 0.652734375 0.3213541669921875 0.649609375 0.2932291669921875 0.649609375 0.2864583330078125 0.652734375 0.2828125 0.659765625 0.2796875 0.667578125 0.2817708330078125 0.754296875 0.2833333330078125 0.756640625 0.3067708330078125 0.75703125
1 0.3265625 0.75546875 0.3385416669921875 0.758203125 0.3661458330078125 0.758984375 0.3697916669921875 0.755078125 0.371875 0.744140625 0.3708333330078125 0.652734375 0.3666666669921875 0.650390625 0.33125 0.6515625 0.3244791669921875 0.667578125 0.3239583330078125 0.718359375 0.3260416669921875 0.73046875 0.3244791669921875 0.74453125 0.3265625 0.75546875
1 0.3895833330078125 0.759765625 0.4151041669921875 0.758203125 0.4182291669921875 0.755078125 0.41875 0.75078125 0.4171875 0.6640625 0.4151041669921875 0.654296875 0.4114583330078125 0.65 0.3760416669921875 0.651171875 0.3734375 0.653515625 0.3729166669921875 0.65859375 0.3734375 0.734375 0.3760416669921875 0.75703125 0.3791666669921875 0.759375 0.3895833330078125 0.759765625
1 0.4911458330078125 0.7578125 0.4947916669921875 0.75546875 0.4963541669921875 0.66796875 0.490625 0.65703125 0.484375 0.652734375 0.4791666669921875 0.652734375 0.4734375 0.65625 0.4619791669921875 0.659765625 0.453125 0.6578125 0.4458333330078125 0.658203125 0.4427083330078125 0.6609375 0.4401041669921875 0.675 0.4421875 0.75546875 0.4453125 0.75859375 0.4796875 0.756640625 0.4911458330078125 0.7578125
1 0.5494791669921875 0.734375 0.55 0.68828125 0.546875 0.668359375 0.5416666669921875 0.665625 0.5036458330078125 0.6671875 0.5005208330078125 0.67109375 0.4979166669921875 0.68125 0.496875 0.701171875 0.4984375 0.75546875 0.5010416669921876 0.757421875 0.546875 0.755859375 0.5494791669921875 0.734375
1 0.6046875 0.755078125 0.6067708330078125 0.681640625 0.5989583330078125 0.6609375 0.5953125 0.657421875 0.5916666669921875 0.656640625 0.56875 0.6578125 0.5567708330078125 0.656640625 0.55 0.658203125 0.5510416669921875 0.754296875 0.55625 0.757421875 0.6015625 0.75625 0.6046875 0.755078125
1 0.6067708330078125 0.755078125 0.6119791669921875 0.757421875 0.65625 0.755859375 0.6583333330078125 0.753125 0.6588541669921875 0.7453125 0.6578125 0.675390625 0.653125 0.66953125 0.6510416669921875 0.662109375 0.65 0.661328125 0.646875 0.66328125 0.6442708330078125 0.66015625 0.640625 0.659765625 0.6270833330078125 0.6609375 0.6197916669921875 0.657421875 0.6125 0.657421875 0.6088541669921875 0.658984375 0.6036458330078125 0.66640625 0.6036458330078125 0.671484375 0.6072916669921875 0.678125 0.6052083330078125 0.734375 0.6067708330078125 0.755078125
1 0.6598958330078125 0.752734375 0.6609375 0.754296875 0.6677083330078125 0.7546875 0.6880208330078125 0.7546875 0.70625 0.752734375 0.709375 0.7484375 0.7130208330078125 0.70390625 0.7114583330078125 0.671875 0.703125 0.660546875 0.6958333330078125 0.65546875 0.6640625 0.656640625 0.6578125 0.655078125 0.653125 0.65703125 0.6541666669921875 0.66484375 0.6604166669921875 0.679296875 0.6588541669921875 0.68515625 0.6598958330078125 0.752734375
1 0.7619791669921875 0.75234375 0.7661458330078125 0.675390625 0.7546875 0.665625 0.7536458330078125 0.66796875 0.7421875 0.66796875 0.7411458330078124 0.666796875 0.7270833330078125 0.67265625 0.7166666669921875 0.66875 0.7140625 0.672265625 0.7109375 0.7515625 0.7130208330078125 0.753125 0.7401041669921875 0.7546875 0.7619791669921875 0.75234375
1 0.7682291669921875 0.755078125 0.8135416669921876 0.75390625 0.8166666669921875 0.750390625 0.8203125 0.675390625 0.8177083330078125 0.671875 0.8104166669921875 0.667578125 0.7828125 0.665625 0.7796875 0.66953125 0.7708333330078125 0.66640625 0.7666666669921876 0.66796875 0.76875 0.691015625 0.7640625 0.74296875 0.7651041669921875 0.753515625 0.7682291669921875 0.755078125
1 0.8182291669921875 0.7515625 0.8208333330078125 0.75390625 0.846875 0.751171875 0.8520833330078125 0.75234375 0.8604166669921876 0.7515625 0.8640625 0.7484375 0.8671875 0.734375 0.8713541669921875 0.675 0.8625 0.667578125 0.84375 0.66953125 0.8229166669921875 0.666796875 0.8177083330078125 0.669921875 0.8166666669921875 0.671875 0.8192708330078124 0.6734375 0.8229166669921875 0.680859375 0.8182291669921875 0.7515625
1 0.8671875 0.748046875 0.8729166669921875 0.75078125 0.9140625 0.75078125 0.9166666669921875 0.748828125 0.9223958330078125 0.703125 0.9234375 0.673046875 0.9145833330078125 0.667578125 0.9041666669921875 0.668359375 0.89375 0.663671875 0.8708333330078125 0.66328125 0.8682291669921876 0.66484375 0.8661458330078124 0.668359375 0.8729166669921875 0.678125 0.8729166669921875 0.680859375 0.8671875 0.748046875
1 0.9723958330078125 0.74921875 0.9739583330078125 0.722265625 0.9776041669921876 0.70625 0.9802083330078125 0.6828125 0.9791666669921875 0.675 0.9703125 0.668359375 0.9598958330078124 0.664453125 0.9432291669921875 0.667578125 0.9380208330078125 0.66484375 0.9286458330078124 0.667578125 0.925 0.67109375 0.9182291669921875 0.748046875 0.921875 0.75234375 0.9703125 0.751953125 0.9723958330078125 0.74921875
1 0.9734375 0.749609375 0.9807291669921875 0.751171875 0.9994791669921875 0.750390625 0.9994791669921875 0.653515625 0.9885416669921875 0.653125 0.978125 0.66171875 0.9734375 0.659765625 0.9671875 0.66328125 0.9666666669921875 0.66484375 0.978125 0.671484375 0.9807291669921875 0.67578125 0.9734375 0.749609375
1 0 0.865625 0.009375 0.86640625 0.0213541669921875 0.863671875 0.0302083330078125 0.865625 0.0505208330078125 0.862890625 0.0661458330078125 0.86328125 0.0708333330078125 0.86640625 0.0744791669921875 0.866796875 0.0770833330078125 0.85 0.0760416669921875 0.820703125 0.0817708330078125 0.80703125 0.075 0.80546875 0.0260416669921875 0.80625 0.0151041669921875 0.8046875 0 0.805078125 0 0.865625
1 0 0.915625 0.0052083330078125 0.91640625 0.0119791669921875 0.91484375 0.0145833330078125 0.91640625 0.0322916669921875 0.9171875 0.078125 0.915625 0.0786458330078125 0.893359375 0.0760416669921875 0.86953125 0.0708333330078125 0.866796875 0.0583333330078125 0.865625 0.0223958330078125 0.866796875 0.0098958330078125 0.869140625 0 0.86875 0 0.915625
1 0.1614583330078125 0.865234375 0.1645833330078125 0.86328125 0.1651041669921875 0.80625 0.1630208330078125 0.803515625 0.1421875 0.805078125 0.1359375 0.8078125 0.13125 0.808203125 0.1302083330078125 0.806640625 0.1213541669921875 0.811328125 0.1197916669921875 0.809765625 0.1057291669921875 0.808984375 0.1026041669921875 0.80703125 0.0885416669921875 0.806640625 0.08125 0.812890625 0.0776041669921875 0.8234375 0.078125 0.859765625 0.08125 0.868359375 0.1479166669921875 0.867578125 0.1614583330078125 0.865234375
1 0.1645833330078125 0.91484375 0.1661458330078125 0.91171875 0.1645833330078125 0.86875 0.1619791669921875 0.866796875 0.0953125 0.86875 0.08125 0.870703125 0.0791666669921875 0.872265625 0.0807291669921875 0.915234375 0.0833333330078125 0.917578125 0.1598958330078125 0.916796875 0.1645833330078125 0.91484375
1 0.2494791669921875 0.823828125 0.2463541669921875 0.803515625 0.2265625 0.80390625 0.2208333330078125 0.801953125 0.18125 0.803515625 0.175 0.8046875 0.171875 0.80703125 0.1671875 0.817578125 0.1682291669921875 0.864453125 0.2057291669921875 0.8671875 0.2489583330078125 0.862109375 0.2494791669921875 0.823828125
1 0.2484375 0.91171875 0.25 0.90859375 0.25 0.86640625 0.2479166669921875 0.86484375 0.1682291669921875 0.865234375 0.165625 0.8671875 0.165625 0.89140625 0.1682291669921875 0.912890625 0.2098958330078125 0.913671875 0.2484375 0.91171875
1 0.3338541669921875 0.866015625 0.3338541669921875 0.82265625 0.33125 0.81875 0.2963541669921875 0.816015625 0.2526041669921875 0.817578125 0.2505208330078125 0.81953125 0.2510416669921875 0.859375 0.2536458330078125 0.863671875 0.3307291669921875 0.868359375 0.3338541669921875 0.866015625
1 0.3817708330078125 0.8640625 0.3963541669921875 0.864453125 0.4114583330078125 0.86640625 0.4192708330078125 0.862890625 0.4197916669921875 0.819921875 0.4182291669921875 0.815625 0.3505208330078125 0.816796875 0.3416666669921875 0.81796875 0.3369791669921875 0.82109375 0.3364583330078125 0.84609375 0.3390625 0.86328125 0.3692708330078125 0.865625 0.3817708330078125 0.8640625
1 0.2734375 0.91328125 0.309375 0.91328125 0.33125 0.908984375 0.3328125 0.903515625 0.3317708330078125 0.86875 0.3140625 0.865625 0.2567708330078125 0.8640625 0.253125 0.86484375 0.2510416669921875 0.867578125 0.2510416669921875 0.907421875 0.253125 0.91328125 0.2572916669921875 0.91484375 0.2734375 0.91328125
1 0.3869791669921875 0.91171875 0.3911458330078125 0.909375 0.3927083330078125 0.890625 0.3890625 0.884765625 0.3885416669921875 0.876953125 0.3916666669921875 0.87265625 0.3916666669921875 0.869921875 0.3890625 0.86796875 0.384375 0.866015625 0.3796875 0.8671875 0.3453125 0.865234375 0.3416666669921875 0.866015625 0.3348958330078125 0.87265625 0.334375 0.9015625 0.3369791669921875 0.911328125 0.3661458330078125 0.9125 0.3869791669921875 0.91171875
1 0.3541666669921875 0.81484375 0.3645833330078125 0.81796875 0.4145833330078125 0.816015625 0.4192708330078125 0.811328125 0.4208333330078125 0.79296875 0.4197916669921875 0.786328125 0.4171875 0.784765625 0.3963541669921875 0.783984375 0.38046875 0.7859375 0.371875 0.784765625 0.3697916669921875 0.782421875 0.3625 0.782421875 0.3552083330078125 0.785546875 0.3385416669921875 0.784375 0.3354166669921875 0.787109375 0.334375 0.803515625 0.3354166669921875 0.813671875 0.3385416669921875 0.81796875 0.3541666669921875 0.81484375
1 0.5046875 0.808984375 0.5057291669921875 0.80703125 0.5057291669921875 0.7859375 0.5005208330078125 0.783984375 0.4666666669921875 0.78203125 0.4401041669921875 0.7859375 0.4260416669921875 0.78515625 0.4229166669921875 0.787890625 0.421875 0.80390625 0.425 0.810546875 0.4776041669921875 0.812109375 0.5046875 0.808984375
1 0.5588541669921875 0.8078125 0.5916666669921875 0.805078125 0.5916666669921875 0.7828125 0.5833333330078125 0.7859375 0.5776041669921875 0.782421875 0.5588541669921875 0.78359375 0.5390625 0.781640625 0.5265625 0.78359375 0.5145833330078124 0.7828125 0.5088541669921876 0.7859375 0.5078125 0.8046875 0.509375 0.806640625 0.5151041669921875 0.808203125 0.5588541669921875 0.8078125
1 0.6296875 0.80859375 0.6447916669921875 0.80859375 0.678125 0.80625 0.6802083330078125 0.784765625 0.6776041669921875 0.78046875 0.6229166669921875 0.77890625 0.6098958330078125 0.78203125 0.5989583330078125 0.781640625 0.5953125 0.784765625 0.5947916669921876 0.80234375 0.5984375 0.809375 0.6223958330078125 0.80703125 0.6296875 0.80859375
1 0.4739583330078125 0.86328125 0.5015625 0.861328125 0.5052083330078125 0.859765625 0.50625 0.813671875 0.5046875 0.8109375 0.44375 0.81328125 0.425 0.81171875 0.4213541669921875 0.8140625 0.4208333330078125 0.86015625 0.4223958330078125 0.86171875 0.425 0.862890625 0.4739583330078125 0.86328125
1 0.5609375 0.86015625 0.5885416669921875 0.858203125 0.5916666669921875 0.85625 0.5916666669921875 0.81015625 0.5130208330078125 0.809765625 0.5078125 0.81328125 0.5072916669921875 0.821875 0.5067708330078124 0.8453125 0.5083333330078125 0.85703125 0.5104166669921875 0.85859375 0.5609375 0.86015625
1 0.6114583330078125 0.855859375 0.6302083330078125 0.857421875 0.6645833330078125 0.856640625 0.6755208330078125 0.8546875 0.678125 0.815234375 0.6765625 0.809375 0.61875 0.808984375 0.5989583330078125 0.812109375 0.5947916669921876 0.8140625 0.59375 0.839453125 0.5958333330078125 0.855859375 0.5984375 0.85703125 0.6114583330078125 0.855859375
1 0.5916666669921875 0.906640625 0.5932291669921875 0.904296875 0.59375 0.871484375 0.5921875 0.858984375 0.5302083330078124 0.8609375 0.51875 0.859765625 0.5114583330078125 0.86015625 0.5088541669921876 0.86171875 0.509375 0.9078125 0.5140625 0.908984375 0.55625 0.909375 0.5916666669921875 0.906640625
1 0.4776041669921875 0.912109375 0.5046875 0.910546875 0.5072916669921875 0.90859375 0.5083333330078125 0.87265625 0.5078125 0.866015625 0.5052083330078125 0.862109375 0.4244791669921875 0.866015625 0.4229166669921875 0.875 0.4223958330078125 0.901171875 0.4244791669921875 0.908984375 0.428125 0.911328125 0.4776041669921875 0.912109375
1 0.6333333330078125 0.9078125 0.6723958330078125 0.905859375 0.6791666669921875 0.904296875 0.6802083330078125 0.865625 0.6791666669921875 0.859375 0.675 0.85625 0.6046875 0.858203125 0.5963541669921875 0.859765625 0.5947916669921876 0.862109375 0.5942708330078125 0.9046875 0.5958333330078125 0.90625 0.5984375 0.907421875 0.6333333330078125 0.9078125
1 0.7010416669921875 0.859375 0.73125 0.85859375 0.7588541669921876 0.85703125 0.7614583330078125 0.85546875 0.7635416669921875 0.8234375 0.7619791669921875 0.809375 0.7296875 0.812109375 0.6848958330078125 0.809765625 0.6817708330078125 0.810546875 0.6807291669921876 0.813671875 0.6791666669921875 0.848828125 0.68125 0.855078125 0.6859375 0.858203125 0.7010416669921875 0.859375
1 0.8421875 0.858984375 0.846875 0.855859375 0.8473958330078125 0.810546875 0.8453125 0.808984375 0.8390625 0.808984375 0.7958333330078124 0.81171875 0.7932291669921875 0.810546875 0.765625 0.8109375 0.7640625 0.8359375 0.7640625 0.853515625 0.76875 0.85703125 0.7927083330078125 0.858984375 0.8421875 0.858984375
1 0.8453125 0.903515625 0.8473958330078125 0.90078125 0.8494791669921875 0.88125 0.8489583330078125 0.858984375 0.8453125 0.856640625 0.8375 0.85859375 0.81875 0.859375 0.7723958330078124 0.858203125 0.7661458330078125 0.8609375 0.765625 0.901171875 0.76875 0.90546875 0.8057291669921876 0.905859375 0.8453125 0.903515625
1 0.7177083330078124 0.90625 0.7635416669921875 0.904296875 0.765625 0.864453125 0.7645833330078124 0.859765625 0.7619791669921875 0.8578125 0.6817708330078125 0.858984375 0.68125 0.866015625 0.6807291669921876 0.896875 0.6817708330078125 0.903515625 0.684375 0.905859375 0.7177083330078124 0.90625
1 0.9135416669921875 0.859375 0.9453125 0.85625 0.95 0.81953125 0.9494791669921875 0.813671875 0.9463541669921876 0.811328125 0.9421875 0.81328125 0.8807291669921875 0.816796875 0.8625 0.816796875 0.8588541669921875 0.813671875 0.8520833330078125 0.812890625 0.8505208330078124 0.81796875 0.8510416669921875 0.84921875 0.865625 0.8609375 0.9052083330078124 0.85859375 0.9135416669921875 0.859375
1 0.8651041669921875 0.902734375 0.8880208330078125 0.90390625 0.9427083330078125 0.902734375 0.9447916669921875 0.9015625 0.9473958330078125 0.86953125 0.9458333330078125 0.85859375 0.9276041669921875 0.8578125 0.8583333330078124 0.86015625 0.8526041669921876 0.8640625 0.8520833330078125 0.884765625 0.8536458330078125 0.890625 0.8578125 0.89765625 0.8651041669921875 0.902734375
1 0.9994791669921875 0.8578125 0.9994791669921875 0.81171875 0.953125 0.8109375 0.9505208330078125 0.815625 0.9484375 0.830859375 0.9479166669921875 0.852734375 0.9526041669921875 0.8578125 0.99375 0.859375 0.9994791669921875 0.8578125
0 0.9994791669921875 0.8640625 0.9807291669921875 0.858984375 0.953125 0.859765625 0.9505208330078125 0.86328125 0.9494791669921875 0.87109375 0.9489583330078125 0.9015625 0.9635416669921875 0.90390625 0.9994791669921875 0.901171875 0.9994791669921875 0.8640625
0 0.384765625 0.916015625 0.3916015625 0.91796875 0.392578125 0.931640625 0.3896484375 0.9345703125 0.376953125 0.935546875 0.34765625 0.935546875 0.345703125 0.921875 0.3486328125 0.91796875 0.3837890625 0.916015625
0 0.966796875 0.2705078125 0.9990234375 0.271484375 0.9990234375 0.2880859375 0.9580078125 0.2880859375 0.9560546875 0.2861328125 0.9560546875 0.2724609375 0.9658203125 0.271484375
0 0.7861328125 0.2861328125 0.7861328125 0.2705078125 0.8017578125 0.2685546875 0.83203125 0.2705078125 0.833984375 0.2841796875 0.83203125 0.2861328125 0.8154296875 0.287109375 0.787109375 0.2861328125
0 0.6494140625 0.64453125 0.650390625 0.6513671875 0.6484375 0.6552734375 0.6064453125 0.6552734375 0.6015625 0.650390625 0.6015625 0.646484375 0.6044921875 0.64453125 0.6484375 0.64453125
0 0.3603515625 0.3935546875 0.392578125 0.39453125 0.3955078125 0.4052734375 0.390625 0.412109375 0.3486328125 0.4111328125 0.3486328125 0.39453125 0.359375 0.3935546875
0 0.2255859375 0.2607421875 0.2392578125 0.26171875 0.240234375 0.2763671875 0.236328125 0.279296875 0.1923828125 0.2783203125 0.1904296875 0.2763671875 0.1904296875 0.263671875 0.1923828125 0.2607421875 0.224609375 0.2607421875
0 0 0.9228515625 0.01171875 0.921875 0.0146484375 0.923828125 0.0146484375 0.9365234375 0.009765625 0.94140625 0 0.94140625 0 0.923828125
0 0.03125 0.2568359375 0.044921875 0.2587890625 0.0458984375 0.2724609375 0.0419921875 0.275390625 0.0302734375 0.2763671875 0 0.2734375 0 0.2578125 0.0107421875 0.255859375 0.0302734375 0.2568359375
0 0.943359375 0.396484375 0.94921875 0.4013671875 0.94921875 0.4130859375 0.9453125 0.4140625 0.9072265625 0.4140625 0.9033203125 0.412109375 0.90234375 0.408203125 0.90234375 0.3974609375 0.904296875 0.396484375 0.9423828125 0.396484375
0 0.203125 0.921875 0.20703125 0.919921875 0.248046875 0.9208984375 0.2470703125 0.9375 0.2353515625 0.939453125 0.203125 0.939453125 0.201171875 0.9365234375 0.203125 0.9228515625
0 0.359375 0.515625 0.40234375 0.5146484375 0.4052734375 0.5205078125 0.404296875 0.529296875 0.400390625 0.53125 0.361328125 0.53125 0.357421875 0.529296875 0.359375 0.5166015625
0 0.830078125 0.39453125 0.837890625 0.3984375 0.8388671875 0.40625 0.8388671875 0.4111328125 0.83203125 0.4130859375 0.796875 0.4130859375 0.79296875 0.412109375 0.791015625 0.408203125 0.791015625 0.3994140625 0.79296875 0.396484375 0.8291015625 0.39453125
0 0.7060546875 0.2685546875 0.7080078125 0.2705078125 0.7080078125 0.283203125 0.703125 0.2861328125 0.6611328125 0.2861328125 0.6591796875 0.2841796875 0.6591796875 0.271484375 0.6611328125 0.2685546875 0.705078125 0.2685546875
0 0.1982421875 0.3916015625 0.19921875 0.404296875 0.1953125 0.4091796875 0.1513671875 0.4091796875 0.1484375 0.4072265625 0.1484375 0.4013671875 0.1513671875 0.390625 0.1875 0.3896484375 0.197265625 0.3916015625
0 0.0849609375 0.3896484375 0.0859375 0.404296875 0.08203125 0.4072265625 0.0380859375 0.40625 0.03515625 0.404296875 0.03515625 0.3955078125 0.0361328125 0.390625 0.0390625 0.388671875 0.083984375 0.3896484375
0 0.490234375 0.2666015625 0.50390625 0.2685546875 0.50390625 0.28125 0.4951171875 0.2841796875 0.45703125 0.2822265625 0.455078125 0.279296875 0.4560546875 0.2685546875 0.458984375 0.2666015625 0.4892578125 0.2666015625
0 0.525390625 0.39453125 0.53515625 0.400390625 0.5341796875 0.412109375 0.4892578125 0.4111328125 0.4892578125 0.400390625 0.494140625 0.39453125 0.5244140625 0.39453125
0 0.49609375 0.9140625 0.4970703125 0.9287109375 0.4931640625 0.9326171875 0.453125 0.9326171875 0.4521484375 0.916015625 0.470703125 0.9130859375 0.4951171875 0.9140625
0 0.5537109375 0.9111328125 0.568359375 0.912109375 0.5712890625 0.9140625 0.5712890625 0.9306640625 0.5283203125 0.9306640625 0.52734375 0.9140625 0.53515625 0.9140625 0.54296875 0.9111328125 0.552734375 0.912109375
0 0.6923828125 0.513671875 0.7021484375 0.5146484375 0.7080078125 0.517578125 0.708984375 0.5283203125 0.7060546875 0.5302734375 0.66796875 0.5302734375 0.6640625 0.5283203125 0.6640625 0.5146484375 0.677734375 0.5126953125 0.69140625 0.513671875
0 0.626953125 0.267578125 0.6318359375 0.26953125 0.6337890625 0.2734375 0.6337890625 0.2822265625 0.6318359375 0.2841796875 0.6064453125 0.2861328125 0.5859375 0.2841796875 0.5859375 0.2685546875 0.6259765625 0.267578125
0 0.8896484375 0.267578125 0.8974609375 0.26953125 0.8994140625 0.2841796875 0.896484375 0.287109375 0.8505859375 0.2861328125 0.849609375 0.26953125 0.8798828125 0.26953125 0.888671875 0.267578125
0 0.6826171875 0.39453125 0.7001953125 0.396484375 0.701171875 0.4111328125 0.6953125 0.4130859375 0.654296875 0.4111328125 0.654296875 0.3974609375 0.65625 0.3955078125 0.681640625 0.39453125