1 0.044972376953125 0.374830109375 0.04715666015625 0.3761881142578125 0.0724346298828125 0.375912958984375 0.0874381298828125 0.37034028515625 0.082169765625 0.3514373984375 0.07919462890625 0.329235671875 0.0760271513671875 0.322541818359375 0.0739679609375 0.3049072705078125 0.068129306640625 0.3030944296875 0.037584306640625 0.308090427734375 0.0341989345703125 0.3107102666015625 0.03681226953125 0.322874466796875 0.0374941748046875 0.34837503515625 0.044972376953125 0.374830109375
1 0.0838752265625 0.3532245703125 0.086740080078125 0.3564594140625 0.090991626953125 0.369642119140625 0.0983676181640625 0.3713204599609375 0.1112796376953125 0.3713526328125 0.1239562841796875 0.36869446484375 0.1267619599609375 0.365350791015625 0.125786837890625 0.35420509375 0.1211815625 0.3251750146484375 0.114963626953125 0.3013206142578125 0.1112420068359375 0.300097109375 0.0937515986328125 0.30085276953125 0.0784454736328125 0.3029664345703125 0.0750264775390625 0.3052019384765625 0.0838752265625 0.3532245703125
1 0 0.361429455078125 0.0036068359375 0.374189087890625 0.013402484375 0.3799157744140625 0.042133076171875 0.37778944921875 0.0424182197265625 0.3692444267578125 0.03704090625 0.3549983857421875 0.0381747451171875 0.3502518740234375 0.0339151259765625 0.34287901953125 0.03387209375 0.3246808037109375 0.0312587587890625 0.312516603515625 0.0254201064453125 0.3107037626953125 0 0.31500062890625 0 0.361429455078125
1 0.129425064453125 0.36627962890625 0.15473666015625 0.3663888076171875 0.1714792470703125 0.3629876396484375 0.16912683984375 0.3597079638671875 0.1724449619140625 0.3563194560546875 0.1718397138671875 0.3494014375 0.1615961982421875 0.29724079296875 0.1592774150390625 0.294345451171875 0.1488939990234375 0.29370477734375 0.1237841533203125 0.2959016044921875 0.1174249814453125 0.2999434453125 0.116055767578125 0.3019996162109375 0.1200383154296875 0.3121076455078125 0.129425064453125 0.36627962890625
1 0.217363998046875 0.3562623115234375 0.2172711953125 0.349299458984375 0.2080270185546875 0.2908549658203125 0.16939183203125 0.29191144921875 0.163990302734375 0.295094955078125 0.1642848544921875 0.3043638134765625 0.175343439453125 0.3599386337890625 0.1770489013671875 0.361725806640625 0.1828203056640625 0.362769978515625 0.2140122509765625 0.359266484375 0.217363998046875 0.3562623115234375
1 0.211345140625 0.287466458984375 0.2124049931640625 0.3113848564453125 0.21934653125 0.355314310546875 0.22736946875 0.3584851552734375 0.2509083505859375 0.3560384931640625 0.25303345703125 0.3508179814453125 0.24338578125 0.2877614755859375 0.2178051875 0.2845776201171875 0.211345140625 0.287466458984375
1 0.244923119140625 0.2876269755859375 0.2547725439453125 0.3529894873046875 0.2575701474609375 0.355455662109375 0.279059248046875 0.353188333984375 0.28357845703125 0.345821982421875 0.281695462890625 0.3242992578125 0.2732838369140625 0.2812729716796875 0.2619427783203125 0.2814906337890625 0.244923119140625 0.2876269755859375
1 0.2879806474609375 0.348922326171875 0.29330685546875 0.35078 0.310284818359375 0.350069173828125 0.31575359765625 0.3476543369140625 0.3264477099609375 0.3459441708984375 0.32574832421875 0.3084395703125 0.3196057109375 0.2795439912109375 0.3157495908203125 0.2767831484375 0.303551765625 0.2790121474609375 0.2797775078125 0.27876846875 0.2764257607421875 0.2817726416015625 0.2785441298828125 0.3059857080078125 0.2854264912109375 0.3433366435546875 0.2879806474609375 0.348922326171875
1 0.333420203125 0.3430104990234375 0.341409513671875 0.3457970107421875 0.3710304970703125 0.3420436826171875 0.3748946904296875 0.3389946767578125 0.376549046875 0.328393482421875 0.3730439853515625 0.2942325556640625 0.367573869140625 0.2730236630859375 0.3632389287109375 0.27069198828125 0.3406576875 0.272280314453125 0.3310220908203125 0.2742851494140625 0.32309195703125 0.278077154296875 0.3283778037109375 0.308984072265625 0.3298492265625 0.3317046337890625 0.333420203125 0.3430104990234375
1 0.41400469140625 0.2666378359375 0.4056710576171875 0.2658178291015625 0.3885168994140625 0.2704168330078125 0.3797044453125 0.2700259951171875 0.3729337021484375 0.275265671875 0.3791449013671875 0.328553650390625 0.3826822529296875 0.339475181640625 0.3957287724609375 0.34104469140625 0.42374516796875 0.336657193359375 0.4249126318359375 0.332295015625 0.41400469140625 0.2666378359375
1 0.4491697763671875 0.255428490234375 0.4379376650390625 0.2509893056640625 0.4297385322265625 0.25170663671875 0.4177760810546875 0.2566259775390625 0.4155501015625 0.2606934873046875 0.421963048828125 0.31628747265625 0.4261392734375 0.3345113564453125 0.4314991064453125 0.336753365234375 0.4559956318359375 0.3334483681640625 0.4583561103515625 0.3309181953125 0.4491697763671875 0.255428490234375
1 0.4850073603515625 0.2519058310546875 0.47958027734375 0.2488951533203125 0.4722715361328125 0.24798548046875 0.452042701171875 0.252853484375 0.451152310546875 0.25448048828125 0.4598261982421875 0.33001502734375 0.46153166015625 0.33180219921875 0.466723369140625 0.3321225361328125 0.4902286279296875 0.3292915400390625 0.4924290556640625 0.3190298466796875 0.4850073603515625 0.2519058310546875
1 0.5277461201171875 0.32136187109375 0.5192739814453124 0.248133337890625 0.5175348935546875 0.2459618310546875 0.5039086787109375 0.2436684853515625 0.4864101982421875 0.250233994140625 0.492991603515625 0.313655583984375 0.4921775361328125 0.3279592041015625 0.50009959765625 0.329977046875 0.524083677734375 0.3267168828125 0.5270238525390625 0.324910546875 0.5277461201171875 0.32136187109375
1 0.52904001171875 0.32434687890625 0.5311906689453125 0.3253205498046875 0.5680531435546875 0.321708224609375 0.572874978515625 0.3178008828125 0.5671506728515625 0.258273888671875 0.5650417119140625 0.2518747041015625 0.5598917001953125 0.2461288525390625 0.5587067568359375 0.2384869990234375 0.5443246484375 0.239357994140625 0.546366359375 0.244988509765625 0.539184046875 0.2514260234375 0.5365209423828124 0.2504971865234375 0.5314637333984376 0.2517141865234375 0.52825455859375 0.2504458486328125 0.5218281376953126 0.2537190205078125 0.52904001171875 0.32434687890625
1 0.586433943359375 0.319325560546875 0.5950446484375 0.3174103935546875 0.6145848408203125 0.316475400390625 0.619473923828125 0.313336728515625 0.610892837890625 0.244765041015625 0.6075827890625 0.24234369921875 0.601845009765625 0.241683861328125 0.5687041552734375 0.2465196923828125 0.56733494140625 0.2485758623046875 0.5730256220703125 0.3077185234375 0.5751682080078125 0.3145020419921875 0.581208611328125 0.3186208896484375 0.586433943359375 0.319325560546875
1 0.6139258154296875 0.2499215556640625 0.620019994140625 0.313676228515625 0.6263038447265625 0.314675568359375 0.6630318203125 0.30952590625 0.6564668916015625 0.24039055078125 0.6494352216796875 0.236745705078125 0.633751150390625 0.240441541015625 0.614757029296875 0.2417160341796875 0.6139258154296875 0.2499215556640625
1 0.666043310546875 0.2318072001953125 0.6630695107421875 0.2332292021484375 0.6595079423828125 0.2397372177734375 0.6661064951171874 0.3092569072265625 0.709563515625 0.3042930810546875 0.7126462626953125 0.298214232421875 0.706383958984375 0.232537888671875 0.7047457470703125 0.2315193857421875 0.6827105771484375 0.233447212890625 0.666043310546875 0.2318072001953125
1 0.7629332041015625 0.294589248046875 0.762814849609375 0.281432212890625 0.7595868583984375 0.24453611328125 0.7571416494140625 0.2342935849609375 0.7535289765625 0.228413234375 0.746530931640625 0.22515272265625 0.712944880859375 0.2308020537109375 0.7104835263671875 0.23217922265625 0.711147951171875 0.2456757587890625 0.7165360078125 0.30135941015625 0.7448550283203125 0.300430921875 0.7595814580078125 0.2975934208984375 0.7629332041015625 0.294589248046875
1 0.7766266708984375 0.297651263671875 0.8076841162109375 0.2926104326171875 0.8146566083984375 0.2896767607421875 0.810511337890625 0.224589751953125 0.8079235556640625 0.218619734375 0.800068744140625 0.217370560546875 0.7635425185546875 0.2248262294921875 0.7611820380859375 0.2273564013671875 0.761401267578125 0.241666439453125 0.7646117783203125 0.2665585078125 0.76484848828125 0.292872578125 0.7672681455078125 0.296920923828125 0.7766266708984375 0.297651263671875
1 0.7791821630859375 0.32686067578125 0.7736797578125 0.328891177734375 0.772344169921875 0.3313316845703125 0.779152544921875 0.3973475302734375 0.7850920732421875 0.4003133740234375 0.823458259765625 0.3961822158203125 0.8246418681640625 0.38020033984375 0.8196990078125 0.3237031875 0.817002279296875 0.322390015625 0.7791821630859375 0.32686067578125
1 0.7728566162109375 0.3312868515625 0.7685216748046875 0.32895517578125 0.7415301708984375 0.3332530078125 0.7307015576171875 0.3334258359375 0.7277613818359375 0.3352321728515625 0.734225435546875 0.4032145244140625 0.7358972724609375 0.404617361328125 0.7436175849609375 0.4043291982421875 0.776859314453125 0.40064637109375 0.7786400986328125 0.39739236328125 0.7728566162109375 0.3312868515625
1 0.7763065068359375 0.4297404482421875 0.7399564775390625 0.4333079404296875 0.73445407421875 0.4353384423828125 0.74174126953125 0.5009251220703125 0.752158310546875 0.50195012890625 0.762919671875 0.5010086318359375 0.7668847392578125 0.49911262890625 0.7838627021484375 0.4984018017578125 0.779549306640625 0.43139312109375 0.7763065068359375 0.4297404482421875
1 0.8301926484375 0.490862970703125 0.8305867392578125 0.4776611025390625 0.825602181640625 0.42658946484375 0.822838203125 0.4245076240234375 0.81156439453125 0.4254939541015625 0.7839595703125 0.4286836162109375 0.780095376953125 0.431732623046875 0.785592380859375 0.482759427734375 0.7853327890625 0.4974986337890625 0.790625373046875 0.4989719736328125 0.82745422265625 0.4949753134765625 0.8301926484375 0.490862970703125
1 0.750315619140625 0.59893038671875 0.7546505595703125 0.6012620615234375 0.7792143349609375 0.598725734375 0.781608439453125 0.5965798955078125 0.79247067578125 0.5967914013671874 0.7938735146484375 0.595119564453125 0.79338528515625 0.5777348505859375 0.7890812978515624 0.52854005078125 0.7856703740234375 0.52496570703125 0.781570806640625 0.525324373046875 0.775597654296875 0.5219741943359375 0.7644919697265625 0.5248821962890625 0.7623076875 0.52352419140625 0.7473795087890625 0.524055685546875 0.7420452294921875 0.5280078603515626 0.750315619140625 0.59893038671875
1 0.8386324990234375 0.5873308994140625 0.835504046875 0.5279640732421875 0.8326391943359375 0.5247292294921875 0.8241374365234375 0.5219875517578125 0.7900053154296875 0.5272973818359376 0.7885688525390625 0.528584884765625 0.7959569228515625 0.59532456640625 0.801761951171875 0.5967530732421875 0.8335672177734375 0.594357748046875 0.8378766064453125 0.5904952412109375 0.8386324990234375 0.5873308994140625
1 0.576144666015625 0.34927146875 0.5685252275390625 0.3507126357421875 0.55710884765625 0.3559714775390625 0.5580342001953125 0.3783525380859375 0.56395084765625 0.422371658203125 0.5671600224609376 0.42363999609375 0.5957224892578125 0.419592 0.5975368974609375 0.4167223251953125 0.590006255859375 0.35425515625 0.576144666015625 0.34927146875
1 0.6309427451171875 0.3440899814453125 0.62424732421875 0.3442884794921875 0.61676238671875 0.3472669833984375 0.5947608408203126 0.3495791455078125 0.5922994853515625 0.350956314453125 0.599553056640625 0.4161586591796875 0.60600503125 0.419079669921875 0.6403052763671875 0.41569151171875 0.642119685546875 0.4128218369140625 0.634798865234375 0.34685082421875 0.6309427451171875 0.3440899814453125
1 0.6754246572265625 0.339036490234375 0.6577269482421875 0.341359392578125 0.6428715712890625 0.338786306640625 0.640376591796875 0.339779142578125 0.6367813994140625 0.3459028232421875 0.64427034375 0.4137955078125 0.647546767578125 0.4158325146484375 0.685366884765625 0.41136185546875 0.687458365234375 0.4057570078125 0.6796250986328125 0.339830828125 0.6754246572265625 0.339036490234375
1 0.7327889736328125 0.4045020263671875 0.7262240458984375 0.3353666728515625 0.721477533203125 0.334232833984375 0.7020718408203125 0.3367051640625 0.6883783759765625 0.3336431494140625 0.6854045751953125 0.3350651513671875 0.6820111318359375 0.34349483984375 0.686038046875 0.3954248125 0.688752255859375 0.408742015625 0.6919614306640625 0.4100103544921875 0.730840064453125 0.4058343623046875 0.7327889736328125 0.4045020263671875
1 0.5408531533203125 0.3531336279296875 0.534191357421875 0.3537164599609375 0.5294031484375 0.3580081357421875 0.5232874228515625 0.3589304697265625 0.520926943359375 0.3614606416015625 0.5264992685546875 0.407446265625 0.5306418681640624 0.42528581640625 0.5425626220703125 0.4257919892578125 0.5614558681640625 0.4233644921875 0.5546474931640625 0.357348646484375 0.5408531533203125 0.3531336279296875
1 0.528113263671875 0.42589431640625 0.5280204619140625 0.4189314638671875 0.5198348017578125 0.360781638671875 0.5096612080078124 0.356637123046875 0.5029657861328125 0.3568356201171875 0.489398748046875 0.361120791015625 0.4870718935546875 0.3640352978515625 0.4942918388671875 0.4288533076171875 0.497501013671875 0.4301216455078125 0.5067586630859375 0.429698982421875 0.5266431767578125 0.4267974853515625 0.528113263671875 0.42589431640625
1 0.451183205078125 0.3551695908203125 0.45995796875 0.4318571318359375 0.4636795888671875 0.43308063671875 0.4893018798828125 0.4308389765625 0.492754501953125 0.428987806640625 0.4836354169921875 0.35426676953125 0.478754404296875 0.35159559375 0.4536445595703125 0.3537924208984375 0.451183205078125 0.3551695908203125
1 0.4174626552734375 0.3592815849609375 0.42562409765625 0.4348609560546875 0.4288668974609375 0.43651362890625 0.4565389716796875 0.43409263671875 0.4589667021484375 0.4323311328125 0.457924330078125 0.4204167666015625 0.4484447783203125 0.3592819326171875 0.4434965166015625 0.3558420888671875 0.4174626552734375 0.3592815849609375
1 0.41609344140625 0.361337755859375 0.409162646484375 0.3588459130859375 0.386203458984375 0.36201641015625 0.382851712890625 0.3650205830078125 0.384095833984375 0.379240955078125 0.3933400107421875 0.4376854482421875 0.3965828095703125 0.43933812109375 0.4232972431640625 0.437775462890625 0.42562409765625 0.4348609560546875 0.41609344140625 0.361337755859375
1 0 0.476783765625 0.0029827138671875 0.479195533203125 0.036190818359375 0.4751283720703125 0.038895619140625 0.4706316953125 0.02791235546875 0.4100156943359375 0.0262741435546875 0.40899719140625 0.01192566015625 0.410252521484375 0 0.4123644482421875 0 0.476783765625
1 0.0719490712890625 0.405775705078125 0.06925234375 0.404462533203125 0.05416881640625 0.406169447265625 0.0391606103515625 0.4028351806640625 0.0310206552734375 0.4101310302734375 0.0372735517578125 0.457993494140625 0.0410799013671875 0.4719897001953125 0.05880568359375 0.4739243798828125 0.079748712890625 0.47131755078125 0.082041943359375 0.468018708984375 0.0719490712890625 0.405775705078125
1 0.0736545341796875 0.4075628779296875 0.07570565234375 0.4310072734375 0.0818065693359375 0.465328369140625 0.0841926015625 0.4689923798828125 0.0961806044921875 0.47026722265625 0.1227941630859375 0.4675515615234375 0.1318836884765625 0.4652072265625 0.132807705078125 0.463964556640625 0.1280020166015625 0.456252201171875 0.1236670751953125 0.453920525390625 0.1203650986328125 0.4456893349609375 0.116390623046875 0.4297714580078125 0.1132890595703125 0.4002225439453125 0.10345171484375 0.3999213720703125 0.078921564453125 0.4028420341796875 0.075435318359375 0.404308869140625 0.0736545341796875 0.4075628779296875
1 0.1297330302734375 0.464233556640625 0.1381675380859375 0.4662065654296875 0.1673097001953125 0.462882404296875 0.17226603515625 0.460512400390625 0.17131646484375 0.45556088671875 0.160302248046875 0.44180801171875 0.1526465146484375 0.395617384765625 0.1211519443359375 0.3956618681640625 0.1147591474609375 0.399319375 0.119927974609375 0.44069298828125 0.123330826171875 0.450077181640625 0.1296066025390625 0.4568863701171875 0.1297330302734375 0.464233556640625
1 0.2071459765625 0.4578480771484375 0.193608556640625 0.39164639453125 0.1914242734375 0.3902883896484375 0.1728417236328125 0.390365046875 0.16334869921875 0.388097369140625 0.1583923662109375 0.3904673740234375 0.15380590625 0.3970650546875 0.1581596630859375 0.4350244921875 0.1652424365234375 0.451057705078125 0.1635544560546875 0.461274564453125 0.1949817763671875 0.4604614111328125 0.2071459765625 0.4578480771484375
1 0.2184534091796875 0.4572460810546875 0.244008451171875 0.454235751953125 0.2473601982421875 0.4512315791015625 0.2466540751953125 0.443160556640625 0.236586755859375 0.387111736328125 0.2306808525390625 0.3845302275390625 0.2132913193359375 0.3864388896484375 0.20181576171875 0.3851192138671875 0.19613716015625 0.3910378935546875 0.197272333984375 0.409915111328125 0.2068097275390625 0.4540047333984375 0.208515189453125 0.4557919052734375 0.2184534091796875 0.4572460810546875
1 0.2784391904296875 0.3815137421875 0.2435928740234375 0.384562400390625 0.239384359375 0.38957791015625 0.2494772314453125 0.4518209150390625 0.2532661015625 0.45381308984375 0.2870539013671875 0.450469763671875 0.288901935546875 0.447984423828125 0.2884984365234375 0.443372412109375 0.28065709765625 0.3832560810546875 0.2784391904296875 0.3815137421875
1 0.289893201171875 0.447510423828125 0.294807837890625 0.45056593359375 0.3199513095703125 0.44875344140625 0.3248403935546875 0.4456147685546875 0.32357071875 0.4252002138671875 0.318403228515625 0.4074503310546875 0.3223763671875 0.399744478515625 0.321670244140625 0.39167345703125 0.316344037109375 0.389815783203125 0.315050146484375 0.3868307744140625 0.3132599541015625 0.3722709013671875 0.3053378916015625 0.37025305859375 0.2884608046875 0.372116888671875 0.28552062890625 0.3739232255859375 0.2834627734375 0.3799124072265625 0.289893201171875 0.447510423828125
1 0.31922503515625 0.381430927734375 0.32388815234375 0.393415796875 0.3248296494140625 0.404177158203125 0.32297354296875 0.412472345703125 0.3253259501953125 0.4157520234375 0.3275371220703125 0.4469279404296875 0.3541843056640625 0.4445966142578125 0.3575360517578125 0.44159244140625 0.3551486845703125 0.4143047001953125 0.3474593251953125 0.3677297392578125 0.340116958984375 0.3664357314453125 0.321702533203125 0.3684340615234375 0.314352095703125 0.3729499033203125 0.3140413994140625 0.3753007431640625 0.31922503515625 0.381430927734375
1 0.355355833984375 0.3635533994140625 0.3502650009765625 0.364386064453125 0.3488621630859375 0.3660579013671875 0.3590397646484375 0.441073607421875 0.363441955078125 0.444173951171875 0.38800573046875 0.441637623046875 0.392348744140625 0.43815944921875 0.3823056416015625 0.3646810810546875 0.374316330078125 0.3618945703125 0.355355833984375 0.3635533994140625
1 0.037964865234375 0.5013079423828125 0.01398078515625 0.504568107421875 0.0105954140625 0.5071879453125 0.02062103515625 0.5686622802734375 0.025879994140625 0.5697512861328125 0.0422782607421875 0.5683166240234375 0.0589872236328125 0.5645311220703125 0.0603981337890625 0.5570494365234375 0.0493731728515625 0.5018589501953125 0.037964865234375 0.5013079423828125
1 0 0.521830474609375 0.0044245185546875 0.5724029501953125 0.0172692890625 0.571666453125 0.021679552734375 0.56895694921875 0.0277616533203125 0.5676502822265626 0.029912310546875 0.5686239521484375 0.03179396875 0.566522947265625 0.0294079375 0.5628589365234375 0.0267031357421875 0.5673556142578124 0.023015140625 0.566516443359375 0.020049412109375 0.5621285966796875 0.0107971630859375 0.509493951171875 0.007386240234375 0.5059196064453125 0 0.5065658193359375 0 0.521830474609375
1 0.0363857724609375 0.65442018359375 0.0269990234375 0.6002482021484375 0.0256715078125 0.5968788583984375 0.0224623330078125 0.59561051953125 0.01371712890625 0.5959883505859375 0.00657651171875 0.597000349609375 0.0122927451171875 0.662337193359375 0.0332693994140625 0.660114697265625 0.036688396484375 0.657879193359375 0.0363857724609375 0.65442018359375
1 0.1066191328125 0.554167451171875 0.1004778564453125 0.5488956005859374 0.09659618359375 0.5399405751953125 0.09036883984375 0.4982722939453125 0.0865799697265625 0.4962801201171875 0.0587061455078125 0.496395107421875 0.0520699013671875 0.50317212109375 0.0605245615234375 0.5643966220703125 0.06742173046875 0.5665041318359375 0.10882896875 0.5617196396484375 0.1096857353515625 0.55970830078125 0.1066191328125 0.554167451171875
1 0.1080354443359375 0.49362845703125 0.1031544326171875 0.49095728125 0.0974839033203125 0.491066111328125 0.091670802734375 0.495447453125 0.091041337890625 0.5059589814453125 0.0969068798828125 0.5375897353515625 0.1003097314453125 0.5469739287109375 0.108870666015625 0.556294125 0.1092405400390625 0.560521802734375 0.11244971484375 0.561790140625 0.126252126953125 0.560195310546875 0.1335608681640625 0.5611049833984375 0.1502698310546875 0.55731948046875 0.1511938486328125 0.5560768115234375 0.1467997294921875 0.547166619140625 0.143078109375 0.5459431142578125 0.139599935546875 0.5416001005859375 0.130305990234375 0.494390970703125 0.1275756357421875 0.4926934638671875 0.1080354443359375 0.49362845703125
1 0.1887866640625 0.5431059619140625 0.180939923828125 0.536046939453125 0.1716796025390625 0.4892221435546875 0.1431252080078125 0.487460291015625 0.131776078125 0.4934878017578125 0.138717615234375 0.537417255859375 0.1498663330078125 0.55270746875 0.1496901357421875 0.5565956455078125 0.1740104638671875 0.5571788251953125 0.1942729228515625 0.5526951572265625 0.1887866640625 0.5431059619140625
1 0.1913744443359375 0.5490759794921874 0.191710693359375 0.5529193232421875 0.199531880859375 0.5537841630859375 0.230211380859375 0.5503255009765625 0.230253078125 0.5448999873046875 0.2258172626953125 0.5414153095703125 0.21713797265625 0.518938078125 0.21260801953125 0.484866818359375 0.2000739453125 0.483252474609375 0.194504291015625 0.48451430859375 0.1845996953125 0.4834444677734375 0.1795424873046875 0.4846614677734375 0.172738119140625 0.489516810546875 0.180939923828125 0.536046939453125 0.1913744443359375 0.5490759794921874
1 0.2272201005859375 0.5397434716796875 0.2327063603515625 0.5493326669921875 0.2620166484375 0.547930177734375 0.2639655556640625 0.546597841796875 0.2641081279296875 0.542325330078125 0.253771810546875 0.483201833984375 0.248890798828125 0.480530658203125 0.2342188427734375 0.481039736328125 0.2281575908203125 0.4796336455078125 0.2184211201171875 0.4804854765625 0.2141453564453125 0.484732318359375 0.21521328125 0.5028408671875 0.22220458984375 0.5355349580078125 0.2272201005859375 0.5397434716796875
1 0.2547967021484375 0.48311216796875 0.264990447265625 0.54650817578125 0.268678443359375 0.547347345703125 0.303457509765625 0.54353001953125 0.3040533505859375 0.5326341572265625 0.2931292646484375 0.4785966748046875 0.283191044921875 0.4771424990234375 0.2561995400390625 0.4814403310546875 0.2547967021484375 0.48311216796875
1 0.307011005859375 0.5428318525390625 0.337892255859375 0.5416791982421875 0.3426038076171875 0.51880497265625 0.335849208984375 0.5124249521484375 0.3287395458984375 0.4665738271484375 0.32450548046875 0.4653951552734375 0.30199148828125 0.467752150390625 0.297068779296875 0.47050648828125 0.29689258203125 0.4743946650390625 0.2993472001953125 0.5024510751953125 0.3040856396484375 0.50939476171875 0.305304208984375 0.517420951171875 0.307011005859375 0.5428318525390625
1 0.3292519912109375 0.4665289931640625 0.3398075390625 0.5399625283203126 0.34352916015625 0.541186033203125 0.3701427177734375 0.5384703720703125 0.3730156435546875 0.5358953671875 0.3626618447265625 0.4647678388671875 0.3526227509765625 0.46216066015625 0.331133650390625 0.46442798828125 0.3292519912109375 0.4665289931640625
1 0.362594595703125 0.463999169921875 0.3687802412109375 0.51109296484375 0.37465385546875 0.5369138701171875 0.402838376953125 0.5344480439453125 0.400534404296875 0.4963092744140625 0.39545837890625 0.461898513671875 0.38695662109375 0.4591568359375 0.3679961259765625 0.4608156640625 0.362594595703125 0.463999169921875
1 0.397852484375 0.45975267578125 0.4051988564453125 0.53191787109375 0.411104759765625 0.5344993818359375 0.4345763935546875 0.53128405078125 0.437894515625 0.5278955439453125 0.428322162109375 0.4597978583984375 0.422827830078125 0.45601851171875 0.3997677666015625 0.458036005859375 0.397852484375 0.45975267578125
1 0.4566492548828125 0.4530595205078125 0.441687451171875 0.4532066796875 0.430514517578125 0.455346013671875 0.4384069619140625 0.5278507099609375 0.441817884765625 0.5314250556640625 0.468431443359375 0.52870939453125 0.4702458525390625 0.525839720703125 0.467286861328125 0.4920182958984375 0.4614630166015625 0.45496202734375 0.4566492548828125 0.4530595205078125
1 0.49473837109375 0.45166353515625 0.4914619462890625 0.4496265283203125 0.4826831181640625 0.4496200234375 0.4673769931640625 0.4517336884765625 0.46405887109375 0.4551221962890625 0.4657320439453125 0.480148763671875 0.47274083203125 0.5248468857421875 0.476118130859375 0.528036896484375 0.5012279765625 0.5258400693359375 0.50400002734375 0.522112060546875 0.49473837109375 0.45166353515625
1 0.497611296875 0.4490885302734375 0.5045124736328125 0.5220672275390625 0.506797630859375 0.5245782353515624 0.509939556640625 0.5250779052734375 0.5350157763671874 0.522496744140625 0.536351365234375 0.52005623828125 0.5285261708984375 0.448320208984375 0.5247709248046875 0.4467123701171875 0.497611296875 0.4490885302734375
1 0.5529137490234375 0.44967205859375 0.5421523857421875 0.4506135556640625 0.53644016015625 0.4561479013671875 0.5328866640625 0.4568460673828125 0.532130771484375 0.4600104091796875 0.5379559521484375 0.5206904072265625 0.5437609814453125 0.5221189140625 0.56688829296875 0.520870087890625 0.571642876953125 0.516194078125 0.5635661640625 0.4533874072265625 0.5529137490234375 0.44967205859375
1 0.5774438984375 0.446751396484375 0.5669851611328125 0.45115190234375 0.5646583056640625 0.4540664091796875 0.571676501953125 0.5165784130859375 0.579665814453125 0.5193649248046875 0.603683517578125 0.5164890947265625 0.6049854814453125 0.5136642548828125 0.59800091015625 0.4515365859375 0.585575783203125 0.445265396484375 0.5774438984375 0.446751396484375
1 0.6255129326171875 0.4413840712890625 0.61963258203125 0.4449967451171875 0.61167689453125 0.442594568359375 0.604469029296875 0.4428378994140625 0.6007729609375 0.4478085771484375 0.5997399970703124 0.453708091796875 0.60443941015625 0.5133247529296875 0.607438763671875 0.5180969345703125 0.6098328681640625 0.5159510966796875 0.63548878515625 0.5140937705078125 0.6384962099609375 0.5130561025390625 0.640755814453125 0.509372927734375 0.6455023271484375 0.5105067666015625 0.643695990234375 0.5075665908203125 0.6476018798828125 0.4990920703125 0.64514859765625 0.494659390625 0.64681102734375 0.47824834765625 0.644045712890625 0.45254277734375 0.641256181640625 0.44426675390625 0.632141103515625 0.44041690625 0.6292009287109375 0.4422232431640625 0.6255129326171875 0.4413840712890625
1 0.68115970703125 0.440001095703125 0.646178890625 0.441512416015625 0.644297232421875 0.4436134208984375 0.651550802734375 0.5088157646484375 0.655474171875 0.5123452763671875 0.6908665595703125 0.5096361201171875 0.6941510556640625 0.50586327734375 0.690576955078125 0.4886195810546875 0.688124126953125 0.4428772744140625 0.68115970703125 0.440001095703125
1 0.7397251103515625 0.5014887880859376 0.7324379150390625 0.4359021103515625 0.729195115234375 0.4342494375 0.7077732646484375 0.4372854345703125 0.7013549150390626 0.4347487578125 0.6941470498046876 0.4349920888671875 0.6891490185546875 0.442787607421875 0.6930078095703125 0.4927959091796875 0.6958565185546876 0.5076504501953125 0.702652814453125 0.5086049560546875 0.736852185546875 0.5040637939453125 0.7397251103515625 0.5014887880859376
1 0.7409786396484375 0.533523041015625 0.7376349658203125 0.530717365234375 0.7267727275390625 0.530505859375 0.719220541015625 0.5327156953125 0.7060731455078125 0.5299931806640625 0.699579474609375 0.5324976845703125 0.698134939453125 0.5395950361328125 0.7051195107421875 0.601722705078125 0.708362310546875 0.6033753779296875 0.746862998046875 0.600781556640625 0.7492234775390625 0.598251384765625 0.7409786396484375 0.533523041015625
1 0.6642919677734375 0.607231033203125 0.6841428564453125 0.603945201171875 0.68735203125 0.6052135390625 0.7022465849609375 0.6042977099609375 0.703926494140625 0.59989069921875 0.6970427978515625 0.5389160341796875 0.6894650576171875 0.5349316865234375 0.674091681640625 0.5362766826171875 0.660977912109375 0.5339385029296875 0.6579032373046875 0.534207501953125 0.6551311865234375 0.5379355107421875 0.6594271015625 0.5929401591796875 0.662107685546875 0.6058730283203125 0.6642919677734375 0.607231033203125
1 0.6519260185546875 0.607538361328125 0.6571513515625 0.6082430322265625 0.6599234033203125 0.6045150234375 0.6545017216796875 0.5484470390625 0.6516113154296875 0.53901801171875 0.6483012666015625 0.536596669921875 0.64420169921875 0.5369553359375 0.6409588994140625 0.5353026640625 0.6301639130859376 0.535859826171875 0.622544474609375 0.5373009931640625 0.618747533203125 0.54111866796875 0.6267489228515625 0.60896651953125 0.6294456513671876 0.61027969140625 0.6519260185546875 0.607538361328125
1 0.6146143408203125 0.5410929990234375 0.61239643359375 0.53935066015625 0.606658654296875 0.538690822265625 0.594838775390625 0.5393376513671875 0.5857492490234375 0.5416819873046875 0.5867082265625 0.564447380859375 0.592759373046875 0.6100038388671875 0.5975731357421875 0.6119063466796875 0.624732765625 0.6095301865234375 0.61988270703125 0.5599958857421875 0.6146143408203125 0.5410929990234375
1 0.585691408203125 0.55872719921875 0.5824983779296875 0.5458391630859375 0.5785750078125 0.5423096513671875 0.5631343837890626 0.542885978515625 0.5510293603515625 0.552077830078125 0.558013931640625 0.6142054990234375 0.5653562978515625 0.6154995068359375 0.5879375400390625 0.6139111806640625 0.59139016015625 0.6120600107421875 0.5916672314453125 0.6093248369140625 0.585691408203125 0.55872719921875
1 0.517324955078125 0.5445701279296875 0.5252173984375 0.61707482421875 0.5335510322265625 0.617894830078125 0.5555525771484375 0.6155826689453125 0.557879431640625 0.612668162109375 0.5496762919921875 0.5425143046875 0.543257943359375 0.5399776279296875 0.5217015927734375 0.5414762880859375 0.517324955078125 0.5445701279296875
1 0.48138649609375 0.5469397822265625 0.49016933203125 0.6178174755859375 0.496554056640625 0.619969818359375 0.520126564453125 0.6179074912109375 0.522453419921875 0.614992984375 0.514283904296875 0.5452234609375 0.508924072265625 0.5429814521484375 0.4909884677734375 0.5445506142578125 0.48138649609375 0.5469397822265625
1 0.4905809033203125 0.6166196396484375 0.485589609375 0.5949815791015625 0.479471212890625 0.548656453125 0.474111380859375 0.5464144443359376 0.4643076591796875 0.5464976064453125 0.4530338515625 0.5474839375 0.448623587890625 0.5501934423828125 0.45625510546875 0.613813615234375 0.4580950673828125 0.617138125 0.4642027197265625 0.6220256416015625 0.4878088525390625 0.6203476474609375 0.4905809033203125 0.6166196396484375
1 0.43407335546875 0.549142765625 0.42180828125 0.550603095703125 0.4163731259765625 0.5534022685546875 0.4237611962890625 0.62014194921875 0.4287430830078125 0.6239661279296875 0.438580427734375 0.6242673017578125 0.453374107421875 0.6221984697265625 0.4563142822265625 0.6203921328125 0.4471198759765625 0.5507122763671874 0.43407335546875 0.549142765625
1 0.4053763896484375 0.5516534248046875 0.3839209140625 0.554305087890625 0.381972005859375 0.555637423828125 0.3876707587890625 0.608970234375 0.3916452333984375 0.62488811328125 0.396526244140625 0.6275592890625 0.4180825947265625 0.6260606298828125 0.4224336806640625 0.6167726064453125 0.4169528212890625 0.554126103515625 0.4053763896484375 0.5516534248046875
1 0.379544275390625 0.5573989267578126 0.3772927431640625 0.55527225390625 0.370563697265625 0.555086416015625 0.3526280927734375 0.556655578125 0.3492427216796875 0.55927541796875 0.3574458623046875 0.629429275390625 0.3683417236328125 0.630025115234375 0.3867225244140625 0.627642451171875 0.3886714326171875 0.626310115234375 0.3879989345703125 0.618623427734375 0.379544275390625 0.5573989267578126
1 0.356420970703125 0.62951894140625 0.3504626259765625 0.5909253349609375 0.3475628125 0.5636824287109375 0.3487302763671875 0.5593202509765625 0.343916513671875 0.5574177431640625 0.317403830078125 0.5612864072265625 0.3146654052734375 0.56539875 0.3235908115234375 0.632003931640625 0.3252962734375 0.6337911044921875 0.330521607421875 0.634495775390625 0.3525231533203125 0.63218361328125 0.356420970703125 0.62951894140625
1 0.312095103515625 0.5714327646484375 0.3087850537109375 0.5690114228515625 0.2961420322265625 0.5720539248046875 0.277626732421875 0.572899251953125 0.2726703984375 0.575269255859375 0.2716374345703125 0.5811687705078125 0.28170475390625 0.637217591796875 0.2921217939453125 0.638242599609375 0.3218100283203125 0.635257939453125 0.3234899365234375 0.6308509287109375 0.312095103515625 0.5714327646484375
1 0.2790752744140625 0.6366730888671875 0.2701417939453125 0.575877755859375 0.2605815205078125 0.57284141015625 0.2419653466796875 0.5725337333984375 0.2353371748046875 0.5735008994140625 0.233556390625 0.5767549072265625 0.2295913232421875 0.57865091015625 0.2291716806640625 0.585658595703125 0.238146857421875 0.6410284140625 0.2485302744140625 0.6416690869140625 0.2746986357421875 0.6397669287109375 0.2790752744140625 0.6366730888671875
1 0.1926387177734375 0.6225478427734376 0.1984612265625 0.635980380859375 0.2023173466796875 0.6387412236328125 0.199578919921875 0.64285356640625 0.21323876171875 0.6455312470703125 0.234761486328125 0.6436482529296875 0.237600787109375 0.640688912109375 0.2365920400390625 0.6291588818359375 0.226860970703125 0.576953404296875 0.2257352041015625 0.5758900673828125 0.2207452451171875 0.5778757373046876 0.21391532421875 0.576536896484375 0.1975506826171875 0.5783558935546875 0.1909561376953125 0.5797073935546875 0.1870919453125 0.582756400390625 0.1926387177734375 0.6225478427734376
1 0.1752168955078125 0.647695900390625 0.203981111328125 0.64595391015625 0.20385468359375 0.6386067236328125 0.1976797822265625 0.6329505390625 0.1932856630859375 0.6240403466796876 0.1852856083984375 0.579816224609375 0.1698449833984375 0.5803925517578125 0.164485150390625 0.5781505439453125 0.1578233544921875 0.578733375 0.154337109375 0.5802002109375 0.150607416015625 0.5847865546875 0.1570701337890625 0.6291451748046875 0.1627500712890625 0.6468502255859375 0.1752168955078125 0.647695900390625
1 0.149036453125 0.5845367197265625 0.146339724609375 0.5832235478515625 0.130932724609375 0.5841842099609375 0.1189447216796875 0.5829093671875 0.1097462490234375 0.5899105478515625 0.1197382451171875 0.651000548828125 0.12089763671875 0.6524482197265625 0.1332635869140625 0.652140892578125 0.1562900244140625 0.6497390634765625 0.1611118583984375 0.64583172265625 0.149036453125 0.5845367197265625
1 0.1022693837890625 0.587079203125 0.083821333984375 0.5886931982421875 0.070220669921875 0.59259403515625 0.07135584375 0.6114712529296875 0.080246291015625 0.65406837109375 0.0830102705078125 0.6561502109375 0.1157731787109375 0.6528965517578125 0.11953649609375 0.64869454296875 0.108586857421875 0.588462876953125 0.1022693837890625 0.587079203125
1 0.0551579912109375 0.5915881923828125 0.0286453076171875 0.5954568564453125 0.0272760947265625 0.5975130283203125 0.0376796630859375 0.6574051923828125 0.0415357822265625 0.66016603515625 0.0732737998046875 0.6570020419921875 0.0771379912109375 0.6539530361328125 0.06827176171875 0.5939263720703125 0.0639031962890625 0.5912103623046875 0.0551579912109375 0.5915881923828125
1 0.028700419921875 0.678716412109375 0.036943921875 0.7198210244140625 0.0428162001953125 0.7220182001953125 0.059180841796875 0.7201992041015625 0.0605581279296875 0.71233318359375 0.053776640625 0.67613525 0.0500213955078125 0.67452741015625 0.0375881962890625 0.6740660693359375 0.028700419921875 0.678716412109375
1 0.05811158203125 0.6784669248046875 0.0557511025390625 0.6809970966796876 0.055196958984375 0.6864674453125 0.0610961259765625 0.718482533203125 0.06590988671875 0.720385041015625 0.078208587890625 0.7193090439453125 0.081526708984375 0.7159205361328125 0.0746107236328125 0.678185265625 0.0708891025390625 0.6769617607421875 0.05811158203125 0.6784669248046875
1 0.11025730078125 0.7137942119140624 0.1066769169921875 0.6846744658203125 0.1038873857421875 0.6763984423828125 0.1022155478515625 0.6749956044921875 0.094974056640625 0.6748546005859375 0.0811380185546875 0.6760650966796875 0.0777862724609375 0.67906926953125 0.078686072265625 0.695256146484375 0.0830976708984375 0.71617037109375 0.086374095703125 0.7182073779296875 0.1055363408203125 0.718854556640625 0.11025730078125 0.7137942119140624
1 0.1345601484375 0.702373359375 0.1316105654296875 0.6863658154296876 0.127250072265625 0.67783995703125 0.1227806318359375 0.6739709453125 0.11649678125 0.67297160546875 0.1088437197265625 0.6740284384765625 0.1071301845703125 0.6780511142578125 0.11083699609375 0.714518046875 0.117734166015625 0.716625556640625 0.133586361328125 0.714851392578125 0.135333521484375 0.7112130498046875 0.1345601484375 0.702373359375
1 0.1612584375 0.712430400390625 0.158939654296875 0.7095350576171875 0.1574184619140625 0.698049859375 0.1535367890625 0.689094833984375 0.1524271669921875 0.6764117998046875 0.1489826181640625 0.67245312109375 0.144748552734375 0.67127444921875 0.1366166689453125 0.6727604482421875 0.131282388671875 0.676712623046875 0.1370726083984375 0.7133845576171876 0.1397693369140625 0.7146977294921875 0.153160177734375 0.714300734375 0.1612584375 0.712430400390625
1 0.18443551953125 0.6999462109375 0.1792088505859375 0.675617810546875 0.176789193359375 0.6715694658203125 0.1712948603515625 0.6677901181640625 0.1656243310546875 0.6678989501953125 0.157114501953125 0.6709671201171875 0.154409701171875 0.6754637978515625 0.1602335458984375 0.71252006640625 0.1628966494140625 0.7134489033203125 0.1818907705078125 0.7121744091796876 0.185040767578125 0.7068642294921875 0.18443551953125 0.6999462109375
1 0.181056884765625 0.6731324716796875 0.1872586748046875 0.7086065693359375 0.198221787109375 0.709971078125 0.21137725390625 0.7068837431640626 0.2115615234375 0.697185716796875 0.203847947265625 0.6680403017578125 0.1917590693359375 0.66561245703125 0.1852653974609375 0.6681169599609375 0.181056884765625 0.6731324716796875
1 0.207535943359375 0.6688794736328125 0.213359787109375 0.7059357412109375 0.2181399248046875 0.7074539150390625 0.23450456640625 0.70563491796875 0.2355375302734375 0.69973540234375 0.2300499345703125 0.666522478515625 0.2267398857421875 0.66410113671875 0.210274369140625 0.6647671298828125 0.207535943359375 0.6688794736328125
1 0.245868505859375 0.6643639794921875 0.23667810546875 0.6655553115234375 0.233427234375 0.6697124873046875 0.2369322958984375 0.7038734140625 0.24331701953125 0.706025755859375 0.2551032744140625 0.7049945927734375 0.259379037109375 0.70074775 0.253109998046875 0.664504984375 0.24720409375 0.6619234736328125 0.245868505859375 0.6643639794921875
1 0.28545459765625 0.6918827392578125 0.2833281572265625 0.6734795224609375 0.2788667880859375 0.6638006611328126 0.271053673828125 0.65712597265625 0.263400611328125 0.6581828056640625 0.2599816142578125 0.6604183095703124 0.256008474609375 0.6681241611328125 0.2605720537109375 0.702579755859375 0.2710899697265625 0.7047577666015625 0.2808264404296875 0.703905935546875 0.2857827744140625 0.701535931640625 0.28545459765625 0.6918827392578125
1 0.3074736240234375 0.7015746083984375 0.31127056640625 0.6977569345703125 0.310329068359375 0.6869955712890625 0.3070432373046875 0.6671446845703125 0.3021366728515625 0.65827932421875 0.298826623046875 0.6558579833984375 0.28857770703125 0.6567546474609375 0.2846798896484375 0.659419318359375 0.282210462890625 0.666606337890625 0.28558909765625 0.6934200771484375 0.2837329912109375 0.7017152646484375 0.28899194921875 0.7028042705078125 0.3074736240234375 0.7015746083984375
1 0.3334886708984375 0.6625073515625 0.330321193359375 0.655813498046875 0.3270447685546875 0.6537764921875 0.3151576396484375 0.65365465234375 0.3081434501953125 0.662013837890625 0.3127406533203125 0.696853765625 0.317655291015625 0.6999092763671875 0.3345996279296875 0.698814115234375 0.3375061787109375 0.6966234443359375 0.337178001953125 0.686970251953125 0.3334886708984375 0.6625073515625
1 0.3634136142578125 0.68583676171875 0.3580941435546875 0.6545455087890625 0.3539273271484375 0.654135505859375 0.3509871513671875 0.6559418427734375 0.34238451953125 0.6520471611328125 0.3384530771484375 0.6543274990234375 0.335269455078125 0.6592533427734375 0.3385646953125 0.6969181123046875 0.3535937490234375 0.69753962109375 0.362238078125 0.6960087880859375 0.3640524873046875 0.6931391142578125 0.3634136142578125 0.68583676171875
1 0.3856653427734375 0.6509715126953125 0.365133884765625 0.652380505859375 0.3613705673828125 0.6565825166015625 0.3641869873046875 0.6946764521484375 0.3715293525390625 0.695970458984375 0.38936408203125 0.6932482939453125 0.3856653427734375 0.6509715126953125
1 0.4206219423828125 0.6668897392578125 0.412640703125 0.65829337890625 0.4105317431640625 0.6518941943359375 0.4027778046875 0.6517980244140625 0.396216884765625 0.6535338583984375 0.390302908203125 0.656762197265625 0.3885557490234375 0.6604005390625 0.3919599365234375 0.693408462890625 0.41313833984375 0.6934919736328125 0.4237988271484375 0.69139747265625 0.425134416015625 0.688956966796875 0.4206219423828125 0.6668897392578125
1 0.4547473271484375 0.6910134873046875 0.4560990595703125 0.6769532841796875 0.45226715625 0.65676289453125 0.4495704287109375 0.65544972265625 0.4234356904296875 0.6577362158203125 0.4210415859375 0.6598820546875 0.4204201923828125 0.664583732421875 0.4239830966796875 0.6816994462890625 0.4238405244140625 0.6859719580078125 0.4205560283203125 0.6897447998046875 0.434283119140625 0.6931911494140625 0.4547473271484375 0.6910134873046875
1 0.48085651171875 0.682532810546875 0.4793514638671875 0.6594279140625 0.47636018359375 0.648845884765625 0.4725713125 0.6468537119140625 0.462389646484375 0.6485190439453125 0.453703619140625 0.6554753916015625 0.4575530029296875 0.6876698125 0.4587796435546875 0.68988615234375 0.4618879443359375 0.6900014873046875 0.4790757275390625 0.685786818359375 0.48085651171875 0.682532810546875
1 0.496555392578125 0.6435935478515625 0.4807031962890625 0.6453677109375 0.4779311455078125 0.6490957197265625 0.48105826171875 0.6848388173828125 0.4890139482421875 0.6872409931640625 0.500632078125 0.684288158203125 0.502068541015625 0.68300065625 0.5000604541015625 0.6777544736328125 0.5003617431640625 0.6575897529296875 0.496555392578125 0.6435935478515625
1 0.4985459990234375 0.636835697265625 0.501420259765625 0.6578844208984375 0.5046294345703125 0.659152759765625 0.5265637294921875 0.6560719287109374 0.5282436396484375 0.65166491796875 0.526554322265625 0.6382580478515625 0.529359998046875 0.6349143740234375 0.5065770068359375 0.634196693359375 0.4985459990234375 0.636835697265625
1 0.532714416015625 0.67915766015625 0.52785762109375 0.6590569375 0.5224977890625 0.6568149296875 0.509619392578125 0.65716708984375 0.5040833642578125 0.6588132578125 0.5018990810546875 0.65745525390625 0.5012104384765625 0.6613882646484375 0.50194211328125 0.6756534697265625 0.50483251953125 0.68508249609375 0.5100914765625 0.6861715009765625 0.5315469521484375 0.683519837890625 0.532714416015625 0.67915766015625
1 0.5308314208984375 0.657634935546875 0.5329161650390625 0.6814636669921875 0.5387548193359375 0.6832765078125 0.5623273271484375 0.6812141806640625 0.5629823447265625 0.6768968359375 0.55805830078125 0.6560274443359375 0.55010261328125 0.653625267578125 0.540878587890625 0.6544322646484375 0.5308314208984375 0.657634935546875
1 0.529193208984375 0.656616431640625 0.5343849169921875 0.6569367685546875 0.5485652763671875 0.6537597666015625 0.5569325341796875 0.654964107421875 0.5580327470703125 0.6498332607421875 0.55470521875 0.6354078876953125 0.560619193359375 0.632179548828125 0.551193419921875 0.6306805400390625 0.540499306640625 0.6323907060546875 0.535752794921875 0.6312568671875 0.5276881611328125 0.6335115361328125 0.525772876953125 0.63522820703125 0.52805803515625 0.63773921484375 0.529193208984375 0.656616431640625
1 0.5770941181640625 0.6493274365234375 0.5876120341796875 0.6515054462890625 0.584460701171875 0.633191896484375 0.587266376953125 0.62984822265625 0.578865494140625 0.628259546875 0.562912423828125 0.6288807080078125 0.5568639482421875 0.630571708984375 0.5544698447265625 0.6327175478515625 0.55833537109375 0.6532922705078125 0.5615109208984375 0.6541762744140625 0.569953501953125 0.6503394345703125 0.5770941181640625 0.6493274365234375
1 0.5883343017578125 0.647956771484375 0.590720333984375 0.6516207822265625 0.6182915341796875 0.6480467861328125 0.6148712021484375 0.626658560546875 0.5886019658203125 0.6274077158203125 0.5826207392578125 0.62986738671875 0.586611359375 0.6341655673828125 0.5883343017578125 0.647956771484375
1 0.645685201171875 0.62473723828125 0.6414847607421875 0.6239428994140624 0.6189371435546875 0.625915560546875 0.61596334375 0.6273375634765626 0.61928280078125 0.64757278515625 0.6246090087890624 0.6494304599609375 0.640461205078125 0.6476562958984375 0.6472575009765625 0.6486108017578125 0.648626712890625 0.6465546298828125 0.645685201171875 0.62473723828125
1 0.6482810556640625 0.6248974052734375 0.6497605517578126 0.6418081181640625 0.6532051005859375 0.645766796875 0.65648959765625 0.641993955078125 0.6708044560546875 0.640354291015625 0.676752056640625 0.637510287109375 0.6755415595703125 0.6236742490234375 0.66666185546875 0.6225147421875 0.6482810556640625 0.6248974052734375
1 0.699912994140625 0.6366457958984375 0.7061295927734375 0.6368764658203125 0.7082883232421875 0.6320402880859375 0.707548576171875 0.623584931640625 0.70468372265625 0.620350087890625 0.6831609970703125 0.62223308203125 0.6794649296875 0.6272037607421875 0.6800365537109375 0.6337374443359375 0.6843297958984375 0.6414946337890625 0.693352072265625 0.638381630859375 0.69854378125 0.6387019677734375 0.699912994140625 0.6366457958984375
1 0.70927959375 0.619295828125 0.7096077705078125 0.6289490205078125 0.7136658173828125 0.639518662109375 0.740250052734375 0.6389762490234375 0.7377505947265625 0.631908708984375 0.7371197939453125 0.6187965078125 0.73544795703125 0.617393669921875 0.7291304814453125 0.61600999609375 0.70927959375 0.619295828125
1 0.77049601953125 0.6289214765625 0.7678154345703125 0.615988607421875 0.7426719638671875 0.617801099609375 0.738807771484375 0.6208501064453125 0.74278224609375 0.6367679833984375 0.7472853125 0.6410213310546875 0.7554508203125 0.6399196650390625 0.7608523505859375 0.6367361591796875 0.7694630546875 0.6348209921875 0.77049601953125 0.6289214765625
1 0.7714025546875 0.6156747744140625 0.772310427734375 0.6260518037109375 0.7747637099609375 0.6304844833984375 0.774920103515625 0.6384397822265625 0.80323734765625 0.6359623447265625 0.799721576171875 0.6147462861328125 0.79753729296875 0.61338828125 0.7840792021484375 0.613016607421875 0.7714025546875 0.6156747744140625
1 0.8027626259765624 0.6140929521484375 0.8035615517578125 0.6291268271484375 0.806695404296875 0.6354363447265625 0.811954361328125 0.6365253505859375 0.8277393076171875 0.6339825185546875 0.83515699609375 0.6302353447265625 0.832308287109375 0.6153808046875 0.82883011328125 0.611037791015625 0.8027626259765624 0.6140929521484375
1 0.58880505078125 0.6533374521484375 0.5757249052734374 0.651383607421875 0.5601417080078125 0.6562324462890625 0.5627725224609375 0.6804006787109375 0.57113978125 0.6816050185546875 0.5910915439453125 0.6794721904296875 0.58880505078125 0.6533374521484375
1 0.5998703720703125 0.6794786943359375 0.6224179892578126 0.677506033203125 0.623383703125 0.670837849609375 0.6195181748046875 0.6502631259765626 0.6050688173828125 0.6503654521484376 0.591367279296875 0.6531132861328125 0.59406534375 0.6780501875 0.5998703720703125 0.6794786943359375
1 0.6405284541015624 0.64842496484375 0.625802025390625 0.65126246484375 0.6231644736328125 0.6565278115234375 0.6254254140625 0.6764683662109375 0.6281221435546875 0.6777815361328124 0.64513373046875 0.677455044921875 0.65271954296875 0.67562954296875 0.650769298828125 0.6533381494140625 0.648383265625 0.649674138671875 0.6405284541015624 0.64842496484375
1 0.6699140634765625 0.641981294921875 0.65628784765625 0.6396879482421876 0.651297888671875 0.6416736181640625 0.655281771484375 0.675405376953125 0.6804588681640625 0.67397721875 0.684457560546875 0.67246555078125 0.6863055927734375 0.6699802109375 0.68312063671875 0.6512823271484375 0.677533501953125 0.64054012890625 0.6699140634765625 0.641981294921875
1 0.7089944462890625 0.6401113095703125 0.69686387109375 0.643108978515625 0.690714521484375 0.6436469765625 0.6879505419921875 0.6415651357421875 0.6844306708984375 0.6426476376953125 0.689582017578125 0.67201721875 0.6948409755859375 0.673106224609375 0.718379859375 0.6706595625 0.7168667392578125 0.653364515625 0.71281694140625 0.6424878173828125 0.7089944462890625 0.6401113095703125
1 0.7357425048828125 0.638932986328125 0.7195123623046875 0.6422893203125 0.7171182578125 0.644435158203125 0.719102126953125 0.6671108857421875 0.7209420888671875 0.670435396484375 0.7496390556640625 0.6679247373046875 0.7474789892578125 0.649137185546875 0.74417701171875 0.6409059951171875 0.7403881416015625 0.638913822265625 0.7357425048828125 0.638932986328125
1 0.77437769140625 0.637876501953125 0.7712021416015625 0.636992498046875 0.760508029296875 0.6387026650390625 0.7494695947265625 0.6423793359375 0.7476215615234375 0.644864673828125 0.7489248603515625 0.665663564453125 0.751243642578125 0.6685589052734375 0.77744562890625 0.66704108203125 0.782435587890625 0.665055412109375 0.7767300986328125 0.6411561787109376 0.77437769140625 0.637876501953125
1 0.813215962890625 0.6627497548828125 0.81254346484375 0.65506306640625 0.8093504345703125 0.6421750302734375 0.802461337890625 0.6342576728515625 0.795833166015625 0.6352248388671875 0.7854080537109375 0.6400096796875 0.7787798818359375 0.640976845703125 0.7828471591796875 0.663857576171875 0.7866360302734375 0.6658497490234375 0.8117795 0.6640372568359375 0.813215962890625 0.6627497548828125
1 0.8394583125 0.632182685546875 0.830713107421875 0.6325605166015625 0.8277729326171875 0.6343668525390626 0.8160203037109375 0.6357823505859375 0.8095266318359375 0.6382868544921875 0.8136947841796875 0.6623205869140625 0.81533299609375 0.66333908984375 0.8353856337890625 0.6623592646484375 0.842937822265625 0.6601494287109375 0.8420124697265625 0.6377683681640625 0.8394583125 0.632182685546875
1 0.8036825771484375 0.6895313203125 0.8001627060546875 0.690613822265625 0.7988607431640625 0.693438662109375 0.8028365537109375 0.73298026953125 0.8071042451171875 0.7345432763671875 0.8250734736328125 0.7333584482421875 0.8265260810546875 0.720451248046875 0.8213747353515625 0.6910816669921875 0.8176194892578125 0.689473828125 0.8036825771484375 0.6895313203125
1 0.8006858955078126 0.732006599609375 0.796844583984375 0.694002330078125 0.7935345361328126 0.69158098828125 0.783184744140625 0.6913246484375 0.77419609375 0.6948219873046875 0.772860505859375 0.6972624931640625 0.774902216796875 0.702893009765625 0.777659458984375 0.7344084287109375 0.7819607734375 0.7363557685546875 0.798392666015625 0.7353054404296875 0.8006858955078126 0.732006599609375
1 0.750279263671875 0.6988508193359375 0.7534400048828125 0.7349782509765626 0.7582873916015626 0.7372650927734375 0.77622299609375 0.7356959306640625 0.772692380859375 0.6953408212890625 0.7667528525390624 0.6923749775390625 0.755445419921875 0.6929769736328125 0.75103515625 0.6956864775390625 0.750279263671875 0.6988508193359375
1 0.73681640625 0.71533203125 0.0009765625 0.0009765625
1 0.72653055859375 0.7048013232421875 0.72990112109375 0.737424912109375 0.7316065830078124 0.7392120849609375 0.751558345703125 0.7370792548828125 0.75292755859375 0.735023083984375 0.7479941064453125 0.6963398115234375 0.7381231357421875 0.6956543046875 0.7284539150390625 0.6972748046875 0.72653055859375 0.7048013232421875
1 0.7239427763671875 0.698831306640625 0.7072755107421875 0.6971912939453125 0.70139516015625 0.7008039677734375 0.7052364716796875 0.7388082373046875 0.710050232421875 0.740710744140625 0.727507015625 0.73957075 0.7239427763671875 0.698831306640625
1 0.6780660986328125 0.6997467861328125 0.681596712890625 0.7401018955078125 0.7003137626953125 0.7415625751953125 0.704690400390625 0.738468736328125 0.69958882421875 0.6978637919921875 0.6961778994140625 0.6942894482421875 0.685450162109375 0.6956152783203124 0.6822409873046875 0.69434694140625 0.6780660986328125 0.6997467861328125
1 0.6683377001953125 0.6947887685546875 0.654669787109375 0.6979209375 0.6543254658203125 0.69988744140625 0.658503025390625 0.7417350556640625 0.6623255205078125 0.7441115634765625 0.6796814296875 0.7418185654296875 0.68099146484375 0.733183876953125 0.67710845703125 0.70060512109375 0.674789673828125 0.6977097802734376 0.6683377001953125 0.6947887685546875
1 0.652309306640625 0.700451109375 0.6480416162109375 0.6988881025390625 0.634239203125 0.70048293359375 0.63027413671875 0.7023789365234375 0.6300643154296875 0.705882779296875 0.6331483984375 0.7234276611328125 0.6338720009765625 0.74350271484375 0.63718205078125 0.7459240556640625 0.6556301005859375 0.744310060546875 0.6575453837890625 0.742593390625 0.652309306640625 0.700451109375
1 0.60663437890625 0.703672595703125 0.6108455634765625 0.7459045439453125 0.6217750498046875 0.7468847177734375 0.631477896484375 0.745648552734375 0.6334268056640625 0.7443162158203125 0.633502126953125 0.739275037109375 0.627577408203125 0.7010657646484375 0.6192437744140625 0.7002457587890625 0.60663437890625 0.703672595703125
1 0.589143970703125 0.7044282548828125 0.5858675458984375 0.7023912490234375 0.582616673828125 0.7065484248046875 0.5849878974609375 0.74545586328125 0.589390087890625 0.7485562060546875 0.6078045126953125 0.7465578759765625 0.6091064765625 0.7437330361328125 0.6042066484375 0.705434099609375 0.6030808828125 0.70437076171875 0.589143970703125 0.7044282548828125
1 0.5705614208984375 0.7045049130859375 0.5624631630859375 0.7063752470703125 0.5596238623046875 0.709334587890625 0.563910369140625 0.7465253544921875 0.5702278427734375 0.747909029296875 0.5831062392578125 0.7475568671875 0.5849542724609375 0.7450715283203125 0.5809784619140625 0.7055299208984375 0.5787605546875 0.70378758203125 0.5705614208984375 0.7045049130859375
1 0.5383701357421875 0.714292255859375 0.541261876953125 0.7473450126953125 0.5440258564453125 0.7494268525390625 0.5614490146484375 0.7479025234375 0.5581537744140626 0.710237755859375 0.5537179580078125 0.706753078125 0.542343275390625 0.7065864052734375 0.538957904296875 0.7092062431640626 0.5383701357421875 0.714292255859375
1 0.5154862705078125 0.71242157421875 0.518336314453125 0.7508998447265625 0.523116451171875 0.752418017578125 0.537910130859375 0.750349185546875 0.5403714853515625 0.7489720166015625 0.5363956748046875 0.7094304091796875 0.5300109501953125 0.7072780673828125 0.522836708984375 0.707905732421875 0.5154862705078125 0.71242157421875
1 0.4958115791015625 0.7118192294921875 0.49242620703125 0.7144390673828125 0.4934268818359375 0.7317789482421875 0.4954493232421875 0.7430913291015625 0.494763806640625 0.752962171875 0.4984518017578125 0.7538013427734375 0.51987365234375 0.7507653447265625 0.518235439453125 0.749746841796875 0.512688666015625 0.7099553994140625 0.4958115791015625 0.7118192294921875
1 0.49242620703125 0.7144390673828125 0.4890825341796875 0.7116333916015625 0.4700547880859375 0.7125235517578125 0.4742323486328125 0.7543711650390625 0.4928148974609375 0.7542945078125 0.4970570361328125 0.7496633310546875 0.49242620703125 0.7144390673828125
1 0.4542133359375 0.7557353251953125 0.468629068359375 0.7552486650390625 0.47303933203125 0.75253916015625 0.4680722548828125 0.713471552734375 0.4541689677734375 0.713913380859375 0.4492798828125 0.7170520537109375 0.4525078740234375 0.7539481533203125 0.4542133359375 0.7557353251953125
1 0.42553925 0.717192708984375 0.429111228515625 0.74621637109375 0.42607051171875 0.75277563671875 0.432623361328125 0.7568496513671875 0.4511050361328125 0.7556199912109375 0.4524406240234375 0.753179484375 0.4476080458984375 0.7156492158203125 0.437123755859375 0.7138555390625 0.42553925 0.717192708984375
1 0.411669587890625 0.71801887109375 0.40664600390625 0.7196202060546875 0.405310416015625 0.7220607119140625 0.4078578359375 0.75707997265625 0.4126715986328125 0.7589824814453126 0.4270537060546875 0.7581114853515625 0.430405453125 0.7551073125 0.4236239658203125 0.71890937890625 0.42038116796875 0.71725670703125 0.411669587890625 0.71801887109375
1 0.385107134765625 0.7331228984375 0.3877043251953125 0.756906796875 0.3987683115234375 0.75942430859375 0.406354123046875 0.7575988076171875 0.4054879482421875 0.7417962646484375 0.399119369140625 0.728024224609375 0.39334796484375 0.7269800517578126 0.38627459765625 0.728760720703125 0.385107134765625 0.7331228984375
1 0.3619959677734375 0.722752025390625 0.36481238671875 0.7608459619140625 0.366996669921875 0.762203966796875 0.3849658984375 0.7610191396484375 0.38664580859375 0.7566121279296875 0.381704283203125 0.7237387041015625 0.377402966796875 0.7217913642578125 0.3744372392578125 0.717403517578125 0.3619959677734375 0.722752025390625
1 0.339582849609375 0.7262620244140625 0.3427435908203125 0.7623894560546876 0.3469776572265625 0.7635681279296875 0.3643671904296875 0.7616594638671875 0.35997980859375 0.723315693359375 0.357249455078125 0.7216181865234375 0.349529142578125 0.7219063515625 0.34341341796875 0.72282868359375 0.339582849609375 0.7262620244140625
1 0.3275047158203125 0.7652717890625 0.340794681640625 0.7637217919921875 0.3426427158203125 0.7612364521484375 0.3379782626953125 0.72562785546875 0.329510130859375 0.72327051171875 0.3183035712890625 0.725025509765625 0.3217333115234375 0.7642276171875 0.3275047158203125 0.7652717890625
1 0.3080882802734375 0.7263065087890626 0.29838543359375 0.727542673828125 0.2949328134765625 0.72939384375 0.29867325 0.766245111328125 0.3019160478515625 0.767897783203125 0.3162981572265625 0.7670267880859375 0.320708419921875 0.764317283203125 0.3217077587890625 0.75803343359375 0.3163882880859375 0.7267421806640625 0.3080882802734375 0.7263065087890626
1 0.28960660546875 0.7275361689453125 0.278265546875 0.72775383203125 0.272763142578125 0.729784333984375 0.2791666826171875 0.7675644384765625 0.2808385205078125 0.7689672763671875 0.2967243408203125 0.767577447265625 0.298706875 0.7666294443359375 0.2982025009765625 0.7608644287109375 0.2928157802734375 0.7288045078125 0.28960660546875 0.7275361689453125
1 0.277645490234375 0.756079240234375 0.2712930546875 0.730687501953125 0.2675714345703125 0.7294639970703125 0.253222951171875 0.7307193271484375 0.251744791015625 0.7374323447265625 0.25434198046875 0.7612162421875 0.252284125 0.767205423828125 0.2540904619140625 0.770145599609375 0.2650199482421875 0.7711257734375 0.2777302197265625 0.7688519404296875 0.277645490234375 0.756079240234375
1 0.845970740234375 0.812858169921875 0.8435255302734375 0.802615642578125 0.8406943017578125 0.7997651328125 0.83854230859375 0.7751677333984375 0.8355510283203125 0.764585703125 0.812289216796875 0.7642971904296875 0.7919595078125 0.76801219140625 0.78901933203125 0.7698185283203125 0.785457763671875 0.7763265439453125 0.7882741826171875 0.8144204794921875 0.7911726611328125 0.8180396572265625 0.832302828125 0.8159903388671875 0.845970740234375 0.812858169921875
1 0.7819876630859375 0.766173681640625 0.7525428759765626 0.7660388330078125 0.7119587802734375 0.7684276533203125 0.71511144921875 0.8103649326171875 0.7184470498046875 0.8189804580078125 0.7307121259765625 0.8175201259765625 0.7575946826171875 0.817879140625 0.7872829169921876 0.81489448046875 0.78616388671875 0.7843975654296875 0.7819876630859375 0.766173681640625
1 0.7251424716796875 0.8187819609375 0.7200180126953125 0.81923029296875 0.7171450869140625 0.8218052978515625 0.718717384765625 0.8456788623046875 0.722935306640625 0.8584772314453125 0.7379307353515625 0.85871440625 0.788730123046875 0.855044587890625 0.7873084697265625 0.8210886630859375 0.7844099912109375 0.817469486328125 0.7251424716796875 0.8187819609375
1 0.79501397265625 0.8560439267578125 0.8321118212890625 0.855121943359375 0.8462921806640625 0.85194494140625 0.840090390625 0.81647084375 0.792878123046875 0.819826830078125 0.7904167685546875 0.8212039990234375 0.793274884765625 0.8538724208984375 0.79501397265625 0.8560439267578125
1 0.7205156494140625 0.85442888671875 0.7173226201171875 0.8415408505859375 0.716800765625 0.8237718037109375 0.7150280546875 0.8212159619140625 0.6731836923828125 0.821004107421875 0.6500900048828125 0.822637267578125 0.6472170791015625 0.8252122724609375 0.6502769453125 0.8601867001953125 0.652528478515625 0.8623133740234376 0.6947844111328125 0.861327392578125 0.7188021162109375 0.8584515625 0.7205156494140625 0.85442888671875
1 0.654189572265625 0.8222786015625 0.668059234375 0.821452439453125 0.690329779296875 0.8222149521484375 0.71127280859375 0.8196081220703125 0.714212984375 0.8178017861328125 0.7154476982421875 0.8142082763671875 0.7099426220703124 0.7689913193359375 0.6727102734375 0.768375966796875 0.6496502109375 0.7703934609375 0.643635359375 0.772468796875 0.6425687705078125 0.7779839775390625 0.645721439453125 0.8199212578125 0.6486871669921875 0.824309103515625 0.654189572265625 0.8222786015625
1 0.6413448017578125 0.82301509765625 0.64380615625 0.8216379287109375 0.642896947265625 0.7876371708984375 0.6404934345703125 0.7719691279296875 0.6274132900390625 0.7700152822265625 0.58262875390625 0.771609763671875 0.578151240234375 0.7735506005859375 0.575412814453125 0.7776629443359375 0.5743045283203125 0.788603638671875 0.5767510732421876 0.8224698974609375 0.5790362314453125 0.8249809052734375 0.6041460771484375 0.822784078125 0.6413448017578125 0.82301509765625
1 0.6325430908203125 0.864061869140625 0.647815591796875 0.861563869140625 0.6486468056640625 0.8533583486328125 0.6445539765625 0.824283435546875 0.6056834150390625 0.822649578125 0.6029530615234375 0.8209520732421876 0.59745065625 0.822982576171875 0.58207728125 0.824327572265625 0.577734267578125 0.8278057451171875 0.581987150390625 0.8646121787109375 0.60665180078125 0.8632288544921874 0.609382154296875 0.864926359375 0.6325430908203125 0.864061869140625
1 0.577820333984375 0.86420217578125 0.5789205478515626 0.8590713291015625 0.5751720390625 0.8280299111328125 0.571962865234375 0.826761572265625 0.55146503125 0.828554900390625 0.5100658662109375 0.827529544921875 0.5083523310546875 0.8315522216796875 0.511445822265625 0.8669109833984375 0.5131512841796875 0.86869815625 0.5544159501953125 0.8681861748046875 0.5682519873046875 0.866975677734375 0.577820333984375 0.86420217578125
1 0.508326779296875 0.8253580380859376 0.5105783115234375 0.8274847119140625 0.5498940693359375 0.82830506640625 0.571895615234375 0.825992904296875 0.57525543359375 0.8171788828125 0.572607138671875 0.7810066171875 0.56960778515625 0.7762344375 0.570976998046875 0.774178265625 0.553864537109375 0.7733517548828125 0.5478833115234375 0.77581142578125 0.5431704248046875 0.7750619208984375 0.540566498046875 0.7807116015625 0.5366350556640626 0.7829919384765625 0.5124828525390625 0.7843304306640625 0.505476734375 0.7868797666015624 0.508326779296875 0.8253580380859376
1 0.4896016572265625 0.82970720703125 0.4953730615234375 0.83075137890625 0.505966298828125 0.8278882109375 0.5072682626953126 0.8250633701171874 0.503426951171875 0.787059099609375 0.4971431025390625 0.78605976171875 0.49015312890625 0.7769893994140625 0.4746788798828125 0.777181392578125 0.4424956669921875 0.7811588876953125 0.439244794921875 0.785316064453125 0.4362548505859375 0.7983577646484376 0.4392555390625 0.8267536748046875 0.443313408203125 0.8318205234375 0.4896016572265625 0.82970720703125
1 0.4392810908203125 0.832947857421875 0.4432905263671875 0.8728737998046875 0.4937119677734375 0.8707861513671875 0.5094632890625 0.867858984375 0.505999923828125 0.8282725439453125 0.4958518828125 0.8303222119140625 0.4603249951171875 0.83149403125 0.4473121005859375 0.8303088544921875 0.4392810908203125 0.832947857421875
1 0.4371411767578125 0.8734117978515625 0.4400813515625 0.8716054609375 0.43897039453125 0.835298697265625 0.4366179873046875 0.8320190205078125 0.4186151328125 0.8328195146484375 0.41461644140625 0.8343311826171875 0.3805260166015625 0.8342154990234375 0.3738642216796875 0.834798330078125 0.3714701171875 0.8369441689453125 0.3761681953125 0.872937099609375 0.3784869775390625 0.8758324423828125 0.426413439453125 0.8747376298828125 0.4371411767578125 0.8734117978515625
1 0.3683510732421875 0.79539122265625 0.3671499853515625 0.7993690654296876 0.371545439453125 0.83190298828125 0.3738642216796875 0.834798330078125 0.3981172998046875 0.834612841796875 0.4340221328125 0.8318588515625 0.4364834873046875 0.8304816826171875 0.4381297724609375 0.8256903369140625 0.434978439453125 0.807376787109375 0.434414888671875 0.79503325390625 0.436506369140625 0.7894284072265625 0.434565533203125 0.7849508935546875 0.4324485 0.78436155859375 0.4306004658203125 0.7868468974609375 0.409859185546875 0.7917597333984375 0.389193228515625 0.7916313896484375 0.3712912490234375 0.7935848857421876 0.3683510732421875 0.79539122265625
1 0.321325748046875 0.8362966416015625 0.310564384765625 0.837238138671875 0.308203904296875 0.839768310546875 0.311742591796875 0.874313572265625 0.3140277490234375 0.8768245791015625 0.374798982421875 0.874993271484375 0.370613349609375 0.838955505859375 0.36716880078125 0.8349968271484375 0.342605025390625 0.8375331552734375 0.321325748046875 0.8362966416015625
1 0.3052623935546875 0.8179509189453125 0.304456732421875 0.832350623046875 0.3079685302734375 0.837077970703125 0.3202672314453125 0.8360019736328125 0.33590960546875 0.83773165234375 0.36713517578125 0.8346124931640625 0.3695292802734375 0.8324666552734376 0.367326181640625 0.795480888671875 0.3655534697265625 0.7929250478515625 0.358790798828125 0.792354876953125 0.3460805283203125 0.7946287099609375 0.339216982421875 0.7929055341796875 0.3100411953125 0.795845361328125 0.304437916015625 0.796722861328125 0.3021446865234375 0.800021703125 0.3052623935546875 0.8179509189453125
1 0.2474891796875 0.800930677734375 0.23686231640625 0.8034095126953125 0.24203921484375 0.8389732763671875 0.2437783017578125 0.841144783203125 0.25805953515625 0.83912078515625 0.28897441015625 0.83835246484375 0.30008009375 0.835444462890625 0.303877037109375 0.831626787109375 0.304985322265625 0.820686091796875 0.3014304912109375 0.797760529296875 0.2946678203125 0.797190357421875 0.2901566826171875 0.798746859375 0.2868130078125 0.7959411845703125 0.2840571015625 0.7880494951171875 0.2727160439453125 0.7882671572265625 0.268877404296875 0.7975103466796875 0.2639210712890625 0.799880349609375 0.2474891796875 0.800930677734375
1 0.2457043291015625 0.88086572265625 0.244258458984375 0.864339345703125 0.237797076171875 0.843604453125 0.1792437529296875 0.8471781005859375 0.1769505224609375 0.8504769423828125 0.1796149619140625 0.8750295087890625 0.183563884765625 0.8847532041015626 0.192989658203125 0.8862522119140624 0.2284829208984375 0.88469605859375 0.2427977783203125 0.88305639453125 0.2457043291015625 0.88086572265625
1 0.3087351669921875 0.8753512392578126 0.310927521484375 0.8708993955078125 0.3106329697265625 0.861630537109375 0.30451591015625 0.838929140625 0.27353378515625 0.8389287919921875 0.244391623046875 0.8422529541015625 0.2419638935546875 0.84401445703125 0.2492242001953125 0.87978322265625 0.2560541201171875 0.8811220625 0.2869689951171875 0.8803537421875 0.3032663876953125 0.8777660771484375 0.3087351669921875 0.8753512392578126
1 0.108070287109375 0.812740974609375 0.1127576220703125 0.807296294921875 0.1114301064453125 0.803926953125 0.053935298828125 0.8077952685546875 0.0395706708984375 0.820670294921875 0.043327251953125 0.8459018642578126 0.045268087890625 0.850379376953125 0.0514429912109375 0.8560355625 0.1103406357421875 0.8504954091796875 0.1070373232421875 0.818640490234375 0.108070287109375 0.812740974609375
1 0.0908203125 0.87548828125 0.0009765625 0.0009765625
1 0.07716615625 0.8549469052734375 0.0514093662109375 0.8556512275390625 0.0504853486328125 0.856893896484375 0.0539056806640625 0.8782821220703125 0.0641384521484375 0.88900515625 0.0894500478515625 0.8891143349609375 0.1186930849609375 0.886943177734375 0.1124159716796875 0.856510259765625 0.1077784072265625 0.8507195751953125 0.07716615625 0.8549469052734375
1 0.030575283203125 0.8536012119140625 0.0290379462890625 0.8537357119140625 0.032400435546875 0.8921691494140624 0.05228494921875 0.889267650390625 0.0544436796875 0.88443147265625 0.047477923828125 0.8579315654296875 0.0435209287109375 0.8540177197265625 0.030575283203125 0.8536012119140625
1 0.034809349609375 0.8547798837890624 0.0443440712890625 0.8516220458984375 0.039226349609375 0.8226367998046875 0.0423763466796875 0.81732662109375 0.055027439453125 0.8084742705078125 0.05062525 0.80537392578125 0.046114111328125 0.8069304287109375 0.0367219619140625 0.80581575390625 0.0269854912109375 0.8066675849609375 0.0249693330078125 0.807231251953125 0.0291724453125 0.855273048828125 0.034809349609375 0.8547798837890624
1 0.1785564453125 0.8747348408203125 0.1732961513671875 0.8500221064453125 0.1685160146484375 0.8485039326171875 0.1392393525390625 0.850290755859375 0.115910291015625 0.849233576171875 0.114297630859375 0.8544092548828125 0.1200286728515625 0.884502671875 0.1222802060546875 0.8866293447265625 0.168702955078125 0.8860533662109376 0.17779248046875 0.88370903125 0.1785564453125 0.8747348408203125
1 0.174050708984375 0.8232340341796875 0.1778826123046875 0.843424423828125 0.1807138408203125 0.8462749326171874 0.198817568359375 0.8466274423828125 0.2396787353515625 0.8415034482421875 0.240240951171875 0.830223251953125 0.2356612275390625 0.8073873564453125 0.2326954990234375 0.802999509765625 0.2049561748046875 0.8046518330078125 0.198848521484375 0.7997643173828125 0.1995371650390625 0.7958313076171875 0.1803668466796875 0.8009939794921875 0.1735961044921875 0.8062336552734375 0.1723613916015625 0.8098271650390625 0.174050708984375 0.8232340341796875
1 0.1090615546875 0.8122669736328125 0.1077259658203125 0.8147074794921875 0.1117851708984375 0.8433980576171874 0.1138268818359375 0.84902857421875 0.117136931640625 0.8514499150390625 0.16957453125 0.8487986005859375 0.1739847939453125 0.846089095703125 0.1749249560546875 0.833226728515625 0.1706317119140625 0.8254695390625 0.1685308232421875 0.813260505859375 0.17113475 0.80761082421875 0.1778718671875 0.8019868134765625 0.1755867109375 0.7994758056640625 0.1462091728515625 0.8001096259765625 0.1226702900390625 0.8025562880859375 0.1171342607421875 0.8042024560546875 0.1090615546875 0.8122669736328125
1 0.25200866796875 0.73876046484375 0.2283176318359375 0.7397631181640625 0.2310303994140625 0.77216309375 0.2357769111328125 0.7732969326171875 0.2530991953125 0.770619599609375 0.2548463544921875 0.7669812578125 0.25200866796875 0.73876046484375
1 0.232088916015625 0.7724577607421875 0.2317862919921875 0.768998751953125 0.229979955078125 0.766058576171875 0.2263323203125 0.7361701611328125 0.219023580078125 0.73526048828125 0.2149912626953125 0.7363878232421875 0.2079434482421875 0.7443626748046875 0.2063980390625 0.7503070224609375 0.21002012109375 0.7740012548828125 0.2158251484375 0.7754297607421875 0.2301400068359375 0.77379009765625 0.232088916015625 0.7724577607421875
1 0.1882351328125 0.7433759951171875 0.18478251171875 0.7452271650390625 0.184026619140625 0.7483915068359375 0.18750612890625 0.7763582490234375 0.1932775322265625 0.777402421875 0.208550033203125 0.7749044228515625 0.2096838720703125 0.77015791015625 0.206289091796875 0.7549638681640625 0.2068176826171875 0.7432993369140625 0.1882351328125 0.7433759951171875
1 0.184009138671875 0.7363874755859375 0.1818248564453125 0.735029470703125 0.17362572265625 0.7357468017578125 0.1636458056640625 0.739718140625 0.162411091796875 0.7433116494140625 0.163680765625 0.763726205078125 0.1685456328125 0.778017078125 0.1850111494140625 0.7773510849609375 0.1864812373046875 0.776447916015625 0.1831393515625 0.7559563427734375 0.184009138671875 0.7363874755859375
1 0.1611844501953125 0.7410953095703126 0.1563370634765625 0.7388084677734374 0.1487176259765625 0.740249634765625 0.146222646484375 0.7412424697265625 0.14495430859375 0.7444516435546875 0.14774517578125 0.7763513974609375 0.1525589375 0.778253904296875 0.167008294921875 0.7781515771484375 0.1673943134765625 0.77075955859375 0.16490740625 0.7659425439453125 0.1611844501953125 0.7410953095703126
1 0.135135779296875 0.779778232421875 0.144771375 0.7777733994140625 0.146241462890625 0.7768702314453125 0.1439226796875 0.773974888671875 0.146089482421875 0.763328861328125 0.14502155859375 0.7452203125 0.1431479716796875 0.74151146875 0.1388466552734375 0.7395641279296875 0.12805166796875 0.7401212900390625 0.1249769931640625 0.7403902890625 0.122616513671875 0.7429204619140625 0.1267685205078125 0.778573892578125 0.1284403583984375 0.7799767294921875 0.135135779296875 0.779778232421875
1 0.110216939453125 0.7428434560546875 0.1008920390625 0.7424974501953125 0.1004804677734375 0.743695287109375 0.104733349609375 0.780501720703125 0.1079761494140625 0.782154392578125 0.1248868623046875 0.780674896484375 0.1262560751953125 0.7786187265625 0.1216252470703125 0.743394462890625 0.1152405224609375 0.7412421201171875 0.110216939453125 0.7428434560546875
1 0.0915671396484375 0.7421514443359375 0.084014951171875 0.7443612802734375 0.080797705078125 0.748902791015625 0.0857392294921875 0.78177621484375 0.104288154296875 0.7813152216796875 0.098842255859375 0.7426767822265625 0.0915671396484375 0.7421514443359375
1 0.0586952841796875 0.7500619501953125 0.0626791669921875 0.7837937080078125 0.065854716796875 0.7846777119140625 0.0837566962890625 0.7827242158203125 0.0806295810546875 0.746981119140625 0.0767734609375 0.7442202763671875 0.067961005859375 0.7438294384765625 0.0608540146484375 0.745225771484375 0.0586952841796875 0.7500619501953125
1 0.0391214677734375 0.7506126083984375 0.039987642578125 0.766415150390625 0.0442311171875 0.785407703125 0.0626791669921875 0.7837937080078125 0.0582245361328125 0.7446812685546875 0.052864703125 0.742439259765625 0.0456568369140625 0.7426825908203125 0.0408013779296875 0.74620559765625 0.0391214677734375 0.7506126083984375
1 0.031719923828125 0.7427400830078125 0.019421224609375 0.743816080078125 0.023288087890625 0.788014533203125 0.0416352626953125 0.78524753515625 0.0424920302734375 0.7832361962890625 0.0392559677734375 0.7521499453125 0.0400871826171875 0.743944423828125 0.031719923828125 0.7427400830078125
1 0.0225510703125 0.67925441015625 0.0138394912109375 0.68001657421875 0.0176391044921875 0.7234463583984375 0.0197225126953125 0.7236513603515625 0.0328779794921875 0.720564025390625 0.034079068359375 0.716586181640625 0.0269196357421875 0.6819704189453125 0.0225510703125 0.67925441015625
0 0.388671875 0.791015625 0.388671875 0.771484375 0.392578125 0.7646484375 0.4228515625 0.76171875 0.4345703125 0.7626953125 0.4345703125 0.7744140625 0.4296875 0.7900390625 0.412109375 0.7919921875 0.3896484375 0.791015625
0 0.2685546875 0.7724609375 0.27734375 0.7734375 0.279296875 0.7802734375 0.271484375 0.7890625 0.2705078125 0.796875 0.2666015625 0.80078125 0.2451171875 0.80078125 0.2109375 0.8046875 0.2041015625 0.8037109375 0.203125 0.798828125 0.2041015625 0.791015625 0.2119140625 0.7783203125 0.267578125 0.7724609375
0 0.7666015625 0.2998046875 0.7763671875 0.2998046875 0.77734375 0.3125 0.75 0.3173828125 0.7470703125 0.31640625 0.74609375 0.302734375 0.765625 0.2998046875
0 0.6025390625 0.5185546875 0.60546875 0.5205078125 0.6064453125 0.53125 0.5927734375 0.533203125 0.5908203125 0.53515625 0.580078125 0.53515625 0.578125 0.5224609375 0.5810546875 0.5205078125 0.6015625 0.51953125
0 0.779296875 0.7529296875 0.7783203125 0.7412109375 0.78125 0.73828125 0.802734375 0.7373046875 0.806640625 0.73828125 0.806640625 0.7509765625 0.7802734375 0.7529296875
0 0.423828125 0.875 0.4423828125 0.8759765625 0.4423828125 0.888671875 0.427734375 0.890625 0.416015625 0.8896484375 0.4150390625 0.876953125 0.4228515625 0.875
0 0.0341796875 0.7265625 0.0576171875 0.724609375 0.0595703125 0.728515625 0.0595703125 0.7373046875 0.037109375 0.7392578125 0.03515625 0.73828125 0.0341796875 0.7275390625
0 0.08203125 0.7236328125 0.1044921875 0.7216796875 0.1083984375 0.73046875 0.1064453125 0.734375 0.083984375 0.7353515625 0.0810546875 0.728515625 0.08203125 0.724609375
0 0.228515625 0.3779296875 0.2314453125 0.3642578125 0.23828125 0.359375 0.2705078125 0.3564453125 0.2802734375 0.357421875 0.2822265625 0.3662109375 0.2763671875 0.37890625 0.2373046875 0.3828125 0.2314453125 0.3828125 0.2294921875 0.37890625
0 0.26953125 0.70703125 0.2744140625 0.7119140625 0.2734375 0.720703125 0.251953125 0.7236328125 0.2470703125 0.72265625 0.24609375 0.7099609375 0.2685546875 0.70703125
0 0.435546875 0.693359375 0.4541015625 0.6923828125 0.45703125 0.6943359375 0.458984375 0.7041015625 0.453125 0.70703125 0.43359375 0.70703125 0.4306640625 0.7041015625 0.4306640625 0.6962890625 0.4345703125 0.6943359375
0 0.4951171875 0.33203125 0.4990234375 0.3330078125 0.5 0.345703125 0.482421875 0.3486328125 0.47265625 0.3486328125 0.470703125 0.3369140625 0.47265625 0.3349609375 0.494140625 0.33203125
0 0.15625 0.369140625 0.1826171875 0.3662109375 0.1845703125 0.3701171875 0.1845703125 0.3779296875 0.1806640625 0.380859375 0.1591796875 0.3828125 0.15625 0.37890625 0.15625 0.3701171875
0 0.0576171875 0.7880859375 0.0654296875 0.7900390625 0.0654296875 0.7998046875 0.0537109375 0.802734375 0.04296875 0.802734375 0.0400390625 0.7998046875 0.0400390625 0.791015625 0.04296875 0.7890625 0.056640625 0.7880859375
0 0.3310546875 0.76953125 0.3349609375 0.7734375 0.3310546875 0.7939453125 0.302734375 0.796875 0.2880859375 0.796875 0.2900390625 0.7744140625 0.2998046875 0.7705078125 0.330078125 0.76953125
0 0.6083984375 0.8662109375 0.6123046875 0.8681640625 0.61328125 0.8798828125 0.6064453125 0.8828125 0.5859375 0.8818359375 0.583984375 0.8681640625 0.607421875 0.8662109375
0 0.650390625 0.7470703125 0.6533203125 0.751953125 0.6533203125 0.759765625 0.634765625 0.76171875 0.6259765625 0.7607421875 0.6259765625 0.7490234375 0.6494140625 0.7470703125
0 0.2119140625 0.7783203125 0.2333984375 0.7763671875 0.232421875 0.7802734375 0.23828125 0.7919921875 0.23828125 0.7998046875 0.236328125 0.8017578125 0.205078125 0.8037109375 0.203125 0.80078125 0.2041015625 0.791015625 0.2119140625 0.779296875
0 0.267578125 0.5498046875 0.287109375 0.548828125 0.2900390625 0.5546875 0.2890625 0.5615234375 0.287109375 0.5625 0.265625 0.5634765625 0.26171875 0.5546875 0.2626953125 0.5517578125 0.267578125 0.55078125
0 0.3251953125 0.5439453125 0.3505859375 0.5419921875 0.3525390625 0.5517578125 0.3505859375 0.5546875 0.3291015625 0.5576171875 0.3251953125 0.552734375 0.3251953125 0.544921875
0 0.3916015625 0.697265625 0.3935546875 0.69921875 0.3935546875 0.708984375 0.3916015625 0.7109375 0.375 0.712890625 0.369140625 0.7119140625 0.3662109375 0.7080078125 0.3671875 0.69921875 0.390625 0.697265625
0 0.4384765625 0.5341796875 0.4404296875 0.537109375 0.4404296875 0.5478515625 0.423828125 0.5498046875 0.4140625 0.548828125 0.4130859375 0.5380859375 0.4150390625 0.5361328125 0.4375 0.5341796875
0 0.5849609375 0.3212890625 0.587890625 0.333984375 0.580078125 0.337890625 0.5712890625 0.3388671875 0.560546875 0.3388671875 0.55859375 0.3369140625 0.55859375 0.326171875 0.560546875 0.32421875 0.580078125 0.3232421875 0.583984375 0.3212890625
0 0.3193359375 0.7041015625 0.3212890625 0.7099609375 0.3193359375 0.7177734375 0.296875 0.7197265625 0.2939453125 0.7109375 0.294921875 0.7060546875 0.30078125 0.7041015625 0.318359375 0.7041015625
0 0.1787109375 0.5576171875 0.1904296875 0.5595703125 0.1904296875 0.5703125 0.1884765625 0.572265625 0.166015625 0.5732421875 0.1640625 0.5712890625 0.1640625 0.560546875 0.177734375 0.55859375
0 0.1513671875 0.716796875 0.1552734375 0.720703125 0.15625 0.728515625 0.1513671875 0.7314453125 0.140625 0.732421875 0.130859375 0.7314453125 0.12890625 0.7294921875 0.12890625 0.71875 0.150390625 0.7177734375
0 0.037109375 0.8974609375 0.0595703125 0.8955078125 0.0625 0.9013671875 0.0625 0.90625 0.05859375 0.91015625 0.0390625 0.91015625 0.037109375 0.8984375
0 0 0.3857421875 0.01171875 0.384765625 0.0166015625 0.392578125 0.013671875 0.3974609375 0 0.3994140625 0 0.38671875
0 0.4970703125 0.8720703125 0.521484375 0.87109375 0.5244140625 0.880859375 0.5224609375 0.8857421875 0.498046875 0.88671875 0.49609375 0.880859375 0.4970703125 0.873046875
0 0.7197265625 0.5087890625 0.7216796875 0.521484375 0.703125 0.5244140625 0.6943359375 0.5234375 0.6923828125 0.513671875 0.703125 0.509765625 0.71875 0.5087890625
0 0.646484375 0.677734375 0.650390625 0.6845703125 0.6494140625 0.69140625 0.6318359375 0.693359375 0.623046875 0.6923828125 0.6220703125 0.6806640625 0.6455078125 0.677734375
0 0.4921875 0.689453125 0.49609375 0.69140625 0.4970703125 0.701171875 0.4951171875 0.7041015625 0.4755859375 0.705078125 0.46875 0.703125 0.46875 0.6923828125 0.4755859375 0.689453125 0.4912109375 0.689453125
0 0.4228515625 0.3408203125 0.4248046875 0.34765625 0.4248046875 0.353515625 0.4228515625 0.35546875 0.404296875 0.357421875 0.3984375 0.357421875 0.396484375 0.3544921875 0.3955078125 0.3447265625 0.3974609375 0.3427734375 0.421875 0.3408203125
0 0.5810546875 0.75 0.5849609375 0.7529296875 0.5859375 0.7568359375 0.5849609375 0.763671875 0.5791015625 0.765625 0.55859375 0.765625 0.556640625 0.755859375 0.5615234375 0.751953125 0.580078125 0.75
0 0.7626953125 0.8583984375 0.767578125 0.861328125 0.7685546875 0.873046875 0.740234375 0.8759765625 0.740234375 0.8603515625 0.76171875 0.859375
0 0.181640625 0.7255859375 0.1806640625 0.71875 0.1826171875 0.71484375 0.1962890625 0.712890625 0.20703125 0.71484375 0.2080078125 0.724609375 0.2060546875 0.7275390625 0.1865234375 0.728515625 0.1826171875 0.7255859375
0 0.4580078125 0.6259765625 0.4619140625 0.626953125 0.462890625 0.63671875 0.4599609375 0.6513671875 0.451171875 0.654296875 0.4287109375 0.65625 0.41796875 0.65625 0.4189453125 0.630859375 0.427734375 0.6279296875 0.45703125 0.6259765625
0 0.3369140625 0.3466796875 0.33984375 0.3505859375 0.33984375 0.361328125 0.3369140625 0.36328125 0.3271484375 0.3623046875 0.314453125 0.365234375 0.3115234375 0.3515625 0.326171875 0.34765625 0.3359375 0.34765625
0 0.5380859375 0.755859375 0.541015625 0.779296875 0.5390625 0.7822265625 0.5009765625 0.7861328125 0.49609375 0.78515625 0.494140625 0.7802734375 0.4931640625 0.759765625 0.4951171875 0.7578125 0.5341796875 0.75390625 0.537109375 0.755859375
0 0.1142578125 0.373046875 0.119140625 0.375 0.1201171875 0.3828125 0.1201171875 0.3955078125 0.115234375 0.3984375 0.0751953125 0.400390625 0.0732421875 0.3955078125 0.0732421875 0.380859375 0.0810546875 0.375 0.11328125 0.3740234375
0 0.77734375 0.669921875 0.7802734375 0.6796875 0.7763671875 0.6845703125 0.7548828125 0.685546875 0.751953125 0.685546875 0.75 0.6796875 0.751953125 0.671875 0.7763671875 0.669921875
0 0.189453125 0.8876953125 0.1923828125 0.888671875 0.1923828125 0.90234375 0.181640625 0.9033203125 0.16796875 0.90234375 0.1669921875 0.890625 0.169921875 0.888671875 0.1884765625 0.8876953125
0 0.8017578125 0.501953125 0.8037109375 0.5029296875 0.8037109375 0.5146484375 0.78125 0.517578125 0.775390625 0.5166015625 0.775390625 0.50390625 0.80078125 0.501953125
0 0.384765625 0.7646484375 0.3876953125 0.7666015625 0.38671875 0.7880859375 0.384765625 0.7919921875 0.3681640625 0.7919921875 0.3515625 0.794921875 0.3408203125 0.7919921875 0.3447265625 0.7685546875 0.35546875 0.765625 0.3837890625 0.7646484375