1 0.0339506171875 0.2395833330078125 0.043209876953125 0.2403549384765625 0.047839505859375 0.2372685185546875 0.0483539091796875 0.2341820986328125 0.045781892578125 0.2029320986328125 0.0365226337890625 0.2010030859375 0.0293209873046875 0.2010030859375 0.02520576171875 0.2025462958984375 0.02520576171875 0.2314814814453125 0.0272633740234375 0.23919753125 0.028806583984375 0.24112654296875 0.0339506171875 0.2395833330078125
1 0.0694444443359375 0.2403549384765625 0.0715020576171875 0.2318672841796875 0.067901234375 0.2029320986328125 0.0555555556640625 0.2010030859375 0.04681069921875 0.202160494140625 0.045781892578125 0.20717592578125 0.0488683125 0.2372685185546875 0.054012345703125 0.2395833330078125 0.0694444443359375 0.2403549384765625
1 0.0956790126953125 0.2376543212890625 0.0895061728515625 0.2029320986328125 0.0745884775390625 0.2006172841796875 0.068930041015625 0.202160494140625 0.0720164609375 0.238811728515625 0.07407407421875 0.24112654296875 0.0910493828125 0.2407407412109375 0.0956790126953125 0.2376543212890625
1 0.1193415634765625 0.2114197529296875 0.1213991767578125 0.20987654296875 0.1213991767578125 0.2025462958984375 0.117798353515625 0.182098765625 0.092078189453125 0.1832561728515625 0.090020576171875 0.1847993828125 0.0905349794921875 0.1975308642578125 0.095164609375 0.212962962890625 0.1193415634765625 0.2114197529296875
1 0.1486625517578125 0.182484568359375 0.1203703701171875 0.181712962890625 0.121913580078125 0.20987654296875 0.1286008232421875 0.2121913583984375 0.1507201650390625 0.210262345703125 0.1486625517578125 0.182484568359375
1 0.1764403291015625 0.20987654296875 0.1784979423828125 0.20447530859375 0.179012345703125 0.182098765625 0.1507201650390625 0.181712962890625 0.1496913583984375 0.1894290126953125 0.1517489716796875 0.2094907412109375 0.15689300390625 0.2114197529296875 0.1764403291015625 0.20987654296875
1 0.2047325107421875 0.2094907412109375 0.2078189296875 0.20794753125 0.2078189296875 0.18402777734375 0.2062757197265625 0.18132716015625 0.1887860078125 0.1805555556640625 0.1805555556640625 0.182098765625 0.1795267490234375 0.1882716044921875 0.1779835390625 0.2064043212890625 0.18004115234375 0.2094907412109375 0.192901234375 0.210262345703125 0.2047325107421875 0.2094907412109375
1 0.241769546875 0.1902006171875 0.240226337890625 0.1828703701171875 0.234053498046875 0.1809413583984375 0.2093621396484375 0.18132716015625 0.2093621396484375 0.2083333330078125 0.212962962890625 0.20987654296875 0.238168724609375 0.2094907412109375 0.241769546875 0.1902006171875
1 0.1183127568359375 0.241512345703125 0.1234567900390625 0.2395833330078125 0.1265432099609375 0.2341820986328125 0.1203703701171875 0.2148919755859375 0.1126543212890625 0.21257716015625 0.095164609375 0.21257716015625 0.09310699609375 0.2160493828125 0.0946502060546875 0.23302469140625 0.0915637861328125 0.2376543212890625 0.1018518515625 0.241512345703125 0.1183127568359375 0.241512345703125
1 0.1517489716796875 0.23919753125 0.1563786005859375 0.2368827158203125 0.1604938271484375 0.2376543212890625 0.154835390625 0.23572530859375 0.1532921806640625 0.232638888671875 0.15020576171875 0.213348765625 0.1255144033203125 0.212962962890625 0.1224279833984375 0.213734568359375 0.1208847734375 0.216435185546875 0.1244855966796875 0.2376543212890625 0.1265432099609375 0.2395833330078125 0.140946501953125 0.2407407412109375 0.1517489716796875 0.23919753125
1 0.18004115234375 0.238811728515625 0.1784979423828125 0.21257716015625 0.1754115224609375 0.2114197529296875 0.153806583984375 0.2121913583984375 0.1507201650390625 0.2141203701171875 0.1522633740234375 0.2376543212890625 0.164094650390625 0.241512345703125 0.1784979423828125 0.2399691357421875 0.18004115234375 0.238811728515625
1 0.21193415625 0.2376543212890625 0.21193415625 0.22955246875 0.2083333330078125 0.2110339501953125 0.1995884775390625 0.2094907412109375 0.18415637890625 0.20987654296875 0.179012345703125 0.2121913583984375 0.1805555556640625 0.23919753125 0.195987654296875 0.2403549384765625 0.20987654296875 0.23919753125 0.21193415625 0.2376543212890625
1 0.242798353515625 0.2318672841796875 0.240226337890625 0.2114197529296875 0.238168724609375 0.20987654296875 0.212962962890625 0.2094907412109375 0.2103909462890625 0.2118055556640625 0.21399176953125 0.236111111328125 0.2268518515625 0.23919753125 0.2407407412109375 0.23919753125 0.242798353515625 0.2318672841796875
1 0.2844650205078125 0.1828703701171875 0.28600823046875 0.1805555556640625 0.2844650205078125 0.161265431640625 0.258230453125 0.161265431640625 0.2587448564453125 0.18132716015625 0.2633744853515625 0.1832561728515625 0.2803497939453125 0.18402777734375 0.2844650205078125 0.1828703701171875
1 0.3132716044921875 0.161265431640625 0.28600823046875 0.161265431640625 0.2875514404296875 0.182098765625 0.2973251025390625 0.182484568359375 0.3117283955078125 0.17862654296875 0.3132716044921875 0.161265431640625
1 0.270061728515625 0.2091049384765625 0.27520576171875 0.2091049384765625 0.2793209873046875 0.2064043212890625 0.27520576171875 0.195987654296875 0.278806583984375 0.1855709873046875 0.2592592587890625 0.1832561728515625 0.24794238671875 0.1836419755859375 0.244855966796875 0.1859567900390625 0.2443415634765625 0.1952160498046875 0.2602880654296875 0.1979166669921875 0.26697530859375 0.207561728515625 0.270061728515625 0.2091049384765625
1 0.278806583984375 0.2376543212890625 0.30504115234375 0.238040123046875 0.3065843623046875 0.2322530859375 0.304012345703125 0.21257716015625 0.29681069921875 0.210262345703125 0.272119341796875 0.2114197529296875 0.27109053515625 0.2145061728515625 0.27520576171875 0.224537037109375 0.2757201650390625 0.233410494140625 0.278806583984375 0.2376543212890625
1 0.30504115234375 0.199459876953125 0.3014403291015625 0.184413580078125 0.29012345703125 0.1836419755859375 0.2813786005859375 0.1855709873046875 0.2793209873046875 0.1875 0.2793209873046875 0.20717592578125 0.2839506171875 0.2091049384765625 0.3034979423828125 0.2110339501953125 0.30504115234375 0.199459876953125
1 0.3204732509765625 0.2091049384765625 0.331790123046875 0.2094907412109375 0.333847736328125 0.20717592578125 0.3323045263671875 0.182098765625 0.3137860078125 0.1793981484375 0.3029835390625 0.1828703701171875 0.304012345703125 0.2029320986328125 0.307098765625 0.213348765625 0.3143004111328125 0.213734568359375 0.3204732509765625 0.2091049384765625
1 0.3616255146484375 0.207561728515625 0.3626543212890625 0.19830246875 0.3605967080078125 0.181712962890625 0.3436213994140625 0.1797839501953125 0.3328189296875 0.1836419755859375 0.3343621396484375 0.2056327158203125 0.337962962890625 0.210262345703125 0.3415637861328125 0.2087191357421875 0.3616255146484375 0.207561728515625
1 0.335905349609375 0.2168209873046875 0.331790123046875 0.20987654296875 0.3173868310546875 0.210262345703125 0.3065843623046875 0.213734568359375 0.307098765625 0.2376543212890625 0.32407407421875 0.2399691357421875 0.3374485595703125 0.2376543212890625 0.335905349609375 0.2168209873046875
1 0.3683127568359375 0.2349537041015625 0.3662551435546875 0.210262345703125 0.3626543212890625 0.20794753125 0.337962962890625 0.2087191357421875 0.33693415625 0.20987654296875 0.33899176953125 0.2368827158203125 0.3482510283203125 0.23842592578125 0.3657407412109375 0.238040123046875 0.3683127568359375 0.2349537041015625
1 0.395061728515625 0.1809413583984375 0.390946501953125 0.17862654296875 0.3693415634765625 0.17862654296875 0.3636831279296875 0.181712962890625 0.3657407412109375 0.2064043212890625 0.36882716015625 0.2083333330078125 0.3966049384765625 0.206790123046875 0.395061728515625 0.1809413583984375
1 0.4274691357421875 0.1797839501953125 0.424897119140625 0.1782407412109375 0.4022633740234375 0.17862654296875 0.3976337451171875 0.182098765625 0.4007201650390625 0.206790123046875 0.4094650205078125 0.20794753125 0.4284979423828125 0.206790123046875 0.4274691357421875 0.1797839501953125
1 0.3981481484375 0.210262345703125 0.394032921875 0.2083333330078125 0.386831275390625 0.20794753125 0.36882716015625 0.2091049384765625 0.3693415634765625 0.23572530859375 0.3827160498046875 0.23842592578125 0.399176955078125 0.2372685185546875 0.3981481484375 0.210262345703125
1 0.4295267490234375 0.2368827158203125 0.432098765625 0.2349537041015625 0.43004115234375 0.2091049384765625 0.4254115224609375 0.207561728515625 0.4022633740234375 0.2083333330078125 0.4007201650390625 0.2094907412109375 0.4007201650390625 0.23572530859375 0.4032921806640625 0.2376543212890625 0.4295267490234375 0.2368827158203125
1 0.4387860078125 0.1570216044921875 0.437242798828125 0.1601080244140625 0.437242798828125 0.175540123046875 0.4634773662109375 0.176311728515625 0.4634773662109375 0.156635802734375 0.4387860078125 0.1570216044921875
1 0.494855966796875 0.1751543212890625 0.494855966796875 0.1574074072265625 0.492798353515625 0.153163580078125 0.477880658203125 0.1523919755859375 0.4655349794921875 0.1547067900390625 0.4645061728515625 0.1697530859375 0.467078189453125 0.1770833330078125 0.4912551435546875 0.17669753125 0.494855966796875 0.1751543212890625
1 0.4614197529296875 0.2025462958984375 0.4603909462890625 0.179012345703125 0.4511316875 0.17669753125 0.4387860078125 0.17669753125 0.4315843623046875 0.17862654296875 0.4305555556640625 0.18132716015625 0.432098765625 0.20717592578125 0.4346707822265625 0.2087191357421875 0.45987654296875 0.20717592578125 0.4614197529296875 0.2025462958984375
1 0.49382716015625 0.2002314814453125 0.4912551435546875 0.1793981484375 0.488168724609375 0.1778549384765625 0.4753086416015625 0.1774691357421875 0.467078189453125 0.17862654296875 0.4634773662109375 0.18132716015625 0.4634773662109375 0.19907407421875 0.4655349794921875 0.20717592578125 0.4912551435546875 0.2060185185546875 0.49382716015625 0.2002314814453125
1 0.46399176953125 0.2345679013671875 0.4634773662109375 0.223765431640625 0.4603909462890625 0.2083333330078125 0.4475308642578125 0.20717592578125 0.4356995888671875 0.2083333330078125 0.432098765625 0.2106481484375 0.4346707822265625 0.2364969140625 0.4423868310546875 0.238040123046875 0.4624485595703125 0.2368827158203125 0.46399176953125 0.2345679013671875
1 0.4912551435546875 0.235339505859375 0.492798353515625 0.2314814814453125 0.4912551435546875 0.20794753125 0.473765431640625 0.207561728515625 0.467078189453125 0.2087191357421875 0.4645061728515625 0.2106481484375 0.4645061728515625 0.2341820986328125 0.4660493828125 0.2364969140625 0.477880658203125 0.2376543212890625 0.4912551435546875 0.235339505859375
1 0.5236625517578125 0.2033179013671875 0.5226337451171875 0.17669753125 0.519032921875 0.1751543212890625 0.4974279833984375 0.176311728515625 0.4943415634765625 0.179012345703125 0.4953703701171875 0.2052469140625 0.49794238671875 0.2064043212890625 0.5216049384765625 0.2056327158203125 0.5236625517578125 0.2033179013671875
1 0.5257201650390625 0.2064043212890625 0.539094650390625 0.2056327158203125 0.5504115224609375 0.20717592578125 0.5534979423828125 0.2056327158203125 0.5534979423828125 0.17592592578125 0.5257201650390625 0.1747685185546875 0.5195473251953125 0.1863425927734375 0.519032921875 0.1890432099609375 0.522119341796875 0.192515431640625 0.5231481484375 0.202160494140625 0.5257201650390625 0.2064043212890625
1 0.5226337451171875 0.2349537041015625 0.52109053515625 0.2087191357421875 0.5164609052734375 0.206790123046875 0.4963991767578125 0.2064043212890625 0.4933127568359375 0.20987654296875 0.49382716015625 0.236111111328125 0.501028806640625 0.2376543212890625 0.52109053515625 0.2364969140625 0.5226337451171875 0.2349537041015625
1 0.5529835390625 0.2314814814453125 0.5514403291015625 0.2087191357421875 0.5365226337890625 0.2060185185546875 0.5257201650390625 0.2064043212890625 0.5216049384765625 0.20987654296875 0.5216049384765625 0.2349537041015625 0.52520576171875 0.2364969140625 0.5504115224609375 0.2368827158203125 0.5529835390625 0.2314814814453125
1 0.5504115224609375 0.2341820986328125 0.554012345703125 0.2364969140625 0.581790123046875 0.2368827158203125 0.587962962890625 0.2345679013671875 0.6100823046875 0.2341820986328125 0.609053498046875 0.2322530859375 0.595164609375 0.2322530859375 0.5925925927734375 0.233410494140625 0.5853909462890625 0.22762345703125 0.5853909462890625 0.2121913583984375 0.5884773662109375 0.2094907412109375 0.58487654296875 0.2091049384765625 0.5828189296875 0.2064043212890625 0.5565843623046876 0.2056327158203125 0.549897119140625 0.20794753125 0.547839505859375 0.20987654296875 0.5493827158203125 0.227237654296875 0.551954732421875 0.229938271484375 0.5504115224609375 0.2341820986328125
1 0.6126543212890625 0.17592592578125 0.58487654296875 0.175540123046875 0.5833333330078125 0.1782407412109375 0.5843621396484375 0.2056327158203125 0.6126543212890625 0.2056327158203125 0.61419753125 0.2033179013671875 0.6126543212890625 0.17592592578125
1 0.616769546875 0.2314814814453125 0.613168724609375 0.206790123046875 0.5910493828125 0.2060185185546875 0.58487654296875 0.2083333330078125 0.58487654296875 0.2345679013671875 0.5874485595703125 0.23572530859375 0.6126543212890625 0.236111111328125 0.616769546875 0.2314814814453125
1 0.564814814453125 0.2974537041015625 0.5895061728515625 0.29552469140625 0.5992798349609375 0.2962962958984375 0.6044238681640625 0.2939814814453125 0.605967078125 0.289737654296875 0.6054526748046875 0.26697530859375 0.6044238681640625 0.258487654296875 0.6023662548828125 0.2569444443359375 0.5756172841796875 0.255787037109375 0.549897119140625 0.2565586416015625 0.5396090537109375 0.258487654296875 0.5406378603515625 0.2824074072265625 0.539094650390625 0.286651234375 0.5421810703125 0.29552469140625 0.564814814453125 0.2974537041015625
1 0.53806584375 0.2912808642578125 0.5365226337890625 0.2573302470703125 0.519032921875 0.2565586416015625 0.5056584365234374 0.2581018515625 0.4922839501953125 0.2565586416015625 0.477880658203125 0.2581018515625 0.47479423828125 0.26080246875 0.4763374482421875 0.295138888671875 0.5344650205078125 0.2966820986328125 0.5396090537109375 0.2939814814453125 0.53806584375 0.2912808642578125
1 0.471193416015625 0.258487654296875 0.454218107421875 0.2573302470703125 0.4506172841796875 0.258487654296875 0.4511316875 0.2966820986328125 0.4706790126953125 0.2970679013671875 0.473765431640625 0.284336419921875 0.471193416015625 0.258487654296875
1 0.450102880859375 0.258487654296875 0.44084362109375 0.2565586416015625 0.4295267490234375 0.2573302470703125 0.4279835390625 0.258487654296875 0.4295267490234375 0.2966820986328125 0.450102880859375 0.2966820986328125 0.450102880859375 0.258487654296875
1 0.4274691357421875 0.258487654296875 0.4254115224609375 0.2569444443359375 0.412037037109375 0.2573302470703125 0.403806583984375 0.26080246875 0.40689300390625 0.2966820986328125 0.409979423828125 0.29822530859375 0.4284979423828125 0.2970679013671875 0.4274691357421875 0.258487654296875
1 0.4063786005859375 0.292438271484375 0.4032921806640625 0.25887345703125 0.401234568359375 0.2569444443359375 0.383230453125 0.25617283984375 0.382201646484375 0.2573302470703125 0.3842592587890625 0.2962962958984375 0.3894032919921875 0.29822530859375 0.404835390625 0.2974537041015625 0.4063786005859375 0.292438271484375
1 0.36213991796875 0.29822530859375 0.3806584365234375 0.297839505859375 0.3837448564453125 0.2943672841796875 0.3806584365234375 0.258487654296875 0.3734567900390625 0.2569444443359375 0.3647119345703125 0.2577160498046875 0.361111111328125 0.25887345703125 0.359053498046875 0.2631172841796875 0.3585390947265625 0.272762345703125 0.3605967080078125 0.2820216044921875 0.359053498046875 0.2966820986328125 0.36213991796875 0.29822530859375
1 0.344135802734375 0.2989969140625 0.356995884765625 0.298611111328125 0.361111111328125 0.2966820986328125 0.359053498046875 0.258487654296875 0.34310699609375 0.2577160498046875 0.3343621396484375 0.261188271484375 0.3333333330078125 0.261959876953125 0.33693415625 0.266717978515625 0.3395061728515625 0.2966820986328125 0.344135802734375 0.2989969140625
1 0.3395061728515625 0.295138888671875 0.335905349609375 0.2654320986328125 0.3374485595703125 0.26157407421875 0.3328189296875 0.2596450615234375 0.3173868310546875 0.2596450615234375 0.3153292177734375 0.261188271484375 0.317901234375 0.2974537041015625 0.320987654296875 0.2993827158203125 0.337962962890625 0.298611111328125 0.3395061728515625 0.295138888671875
1 0.317901234375 0.2962962958984375 0.3143004111328125 0.2604166669921875 0.3117283955078125 0.258487654296875 0.2983539091796875 0.2577160498046875 0.293209876953125 0.26080246875 0.29681069921875 0.2974537041015625 0.299897119140625 0.2997685185546875 0.3153292177734375 0.2993827158203125 0.317901234375 0.2962962958984375
1 0.29423868359375 0.2997685185546875 0.2962962958984375 0.29552469140625 0.2916666669921875 0.261959876953125 0.2896090537109375 0.2596450615234375 0.2813786005859375 0.25887345703125 0.2757201650390625 0.2596450615234375 0.2716049384765625 0.2631172841796875 0.2716049384765625 0.281635802734375 0.274176955078125 0.297839505859375 0.2767489716796875 0.2997685185546875 0.29423868359375 0.2997685185546875
1 0.2726337451171875 0.28125 0.269032921875 0.2635030859375 0.2664609052734375 0.2731481484375 0.263888888671875 0.275462962890625 0.2515432099609375 0.2746913583984375 0.2494855966796875 0.2773919755859375 0.2515432099609375 0.2993827158203125 0.272119341796875 0.2993827158203125 0.2736625517578125 0.2974537041015625 0.2726337451171875 0.28125
1 0.23302469140625 0.2997685185546875 0.2484567900390625 0.3001543212890625 0.2505144033203125 0.2935956787109375 0.2474279833984375 0.261188271484375 0.244855966796875 0.25887345703125 0.231995884765625 0.2581018515625 0.227880658203125 0.2592592587890625 0.223765431640625 0.261959876953125 0.2263374482421875 0.2681327158203125 0.227880658203125 0.2966820986328125 0.23302469140625 0.2997685185546875
1 0.16923868359375 0.2970679013671875 0.1836419755859375 0.2989969140625 0.200102880859375 0.297839505859375 0.2134773662109375 0.2989969140625 0.2273662548828125 0.2974537041015625 0.2263374482421875 0.26157407421875 0.221193416015625 0.258487654296875 0.208847736328125 0.2581018515625 0.1954732509765625 0.2604166669921875 0.182098765625 0.2596450615234375 0.1733539091796875 0.2627314814453125 0.168209876953125 0.261959876953125 0.1656378603515625 0.2681327158203125 0.1656378603515625 0.286265431640625 0.168209876953125 0.2889660498046875 0.1666666669921875 0.2935956787109375 0.16923868359375 0.2970679013671875
1 0.130144033203125 0.3001543212890625 0.1373456787109375 0.297839505859375 0.1481481484375 0.297839505859375 0.1594650205078125 0.3001543212890625 0.1635802470703125 0.297839505859375 0.1625514404296875 0.2731481484375 0.159979423828125 0.261188271484375 0.1563786005859375 0.2600308642578125 0.1466049384765625 0.26080246875 0.144032921875 0.2623456787109375 0.1275720166015625 0.26080246875 0.1023662548828125 0.26080246875 0.0982510283203125 0.261959876953125 0.0982510283203125 0.284336419921875 0.1018518515625 0.2966820986328125 0.1054526748046875 0.3001543212890625 0.130144033203125 0.3001543212890625
1 0.0437242802734375 0.3024691357421875 0.06995884765625 0.2989969140625 0.0874485595703125 0.301311728515625 0.09722222265625 0.3001543212890625 0.0992798349609375 0.2966820986328125 0.0946502060546875 0.2654320986328125 0.092078189453125 0.261959876953125 0.077160494140625 0.26080246875 0.0313786005859375 0.2631172841796875 0.0303497939453125 0.267361111328125 0.0334362138671875 0.2905092587890625 0.0375514404296875 0.301311728515625 0.0437242802734375 0.3024691357421875
1 0.0504115224609375 0.3560956787109375 0.054012345703125 0.3591820986328125 0.064814814453125 0.3599537041015625 0.079218107421875 0.3568672841796875 0.1054526748046875 0.3591820986328125 0.1116255146484375 0.35802469140625 0.11213991796875 0.3449074072265625 0.105967078125 0.3202160498046875 0.085905349609375 0.3171296298828125 0.0776748974609375 0.3171296298828125 0.0643004111328125 0.32137345703125 0.0462962958984375 0.3198302470703125 0.0447530859375 0.320987654296875 0.0447530859375 0.3283179013671875 0.0473251025390625 0.3445216044921875 0.0504115224609375 0.3560956787109375
1 0.1784979423828125 0.3572530859375 0.1805555556640625 0.355709876953125 0.17592592578125 0.320987654296875 0.153806583984375 0.318287037109375 0.1162551435546875 0.3194444443359375 0.113168724609375 0.320987654296875 0.1162551435546875 0.3514660498046875 0.119855966796875 0.357638888671875 0.1584362138671875 0.35802469140625 0.1784979423828125 0.3572530859375
1 0.1893004111328125 0.3568672841796875 0.2006172841796875 0.3560956787109375 0.2062757197265625 0.3537808642578125 0.238168724609375 0.3533950615234375 0.238168724609375 0.3279320986328125 0.2366255146484375 0.3206018515625 0.234053498046875 0.317515431640625 0.1893004111328125 0.3167438271484375 0.1815843623046875 0.3190586416015625 0.1795267490234375 0.320987654296875 0.1795267490234375 0.3283179013671875 0.1836419755859375 0.355709876953125 0.1893004111328125 0.3568672841796875
1 0.2587448564453125 0.3198302470703125 0.25205761328125 0.317901234375 0.23919753125 0.3194444443359375 0.2407407412109375 0.35532407421875 0.2505144033203125 0.357638888671875 0.261831275390625 0.3572530859375 0.2587448564453125 0.3198302470703125
1 0.2834362138671875 0.355709876953125 0.2813786005859375 0.3206018515625 0.2782921806640625 0.317901234375 0.26286008203125 0.317901234375 0.2592592587890625 0.3198302470703125 0.26080246875 0.355709876953125 0.2644032919921875 0.35802469140625 0.2803497939453125 0.3572530859375 0.2834362138671875 0.355709876953125
1 0.306069958984375 0.355709876953125 0.304012345703125 0.3198302470703125 0.3004115224609375 0.317515431640625 0.2824074072265625 0.3198302470703125 0.2839506171875 0.355709876953125 0.28600823046875 0.3572530859375 0.3034979423828125 0.35802469140625 0.306069958984375 0.355709876953125
1 0.3276748974609375 0.320987654296875 0.3215020576171875 0.318287037109375 0.3045267490234375 0.3194444443359375 0.306069958984375 0.355709876953125 0.30915637890625 0.3572530859375 0.3302469140625 0.355709876953125 0.3276748974609375 0.320987654296875
1 0.4135802470703125 0.34992283984375 0.412037037109375 0.318287037109375 0.397119341796875 0.317515431640625 0.39197530859375 0.3198302470703125 0.3924897119140625 0.355709876953125 0.3955761318359375 0.3568672841796875 0.412037037109375 0.3560956787109375 0.4135802470703125 0.34992283984375
1 0.431069958984375 0.318287037109375 0.4171810703125 0.318287037109375 0.4146090537109375 0.3194444443359375 0.41512345703125 0.355709876953125 0.4356995888671875 0.355709876953125 0.435185185546875 0.3206018515625 0.431069958984375 0.318287037109375
1 0.45576131640625 0.320987654296875 0.4485596708984375 0.3171296298828125 0.437757201171875 0.317515431640625 0.4356995888671875 0.3198302470703125 0.4356995888671875 0.355709876953125 0.4382716044921875 0.3568672841796875 0.4562757197265625 0.3560956787109375 0.45576131640625 0.320987654296875
1 0.4773662548828125 0.3560956787109375 0.4794238681640625 0.352237654296875 0.4783950615234375 0.318287037109375 0.4753086416015625 0.3167438271484375 0.45987654296875 0.317515431640625 0.4552469140625 0.320987654296875 0.4583333330078125 0.3429783955078125 0.4573045263671875 0.355709876953125 0.4773662548828125 0.3560956787109375
1 0.5246913583984375 0.3541666669921875 0.54012345703125 0.354938271484375 0.543209876953125 0.3533950615234375 0.543209876953125 0.32947530859375 0.541152263671875 0.317515431640625 0.5236625517578125 0.318287037109375 0.508230453125 0.3163580244140625 0.496913580078125 0.317901234375 0.4835390947265625 0.3163580244140625 0.4804526748046875 0.317901234375 0.4804526748046875 0.3530092587890625 0.48302469140625 0.355709876953125 0.51286008203125 0.3560956787109375 0.5246913583984375 0.3541666669921875
1 0.5725308642578125 0.3558267744140625 0.609053498046875 0.3531261572265625 0.6103739716796875 0.3325316357421875 0.6103739716796875 0.31594907421875 0.5565843623046876 0.3164749228515625 0.5462962958984375 0.3187897373046875 0.5447530859375 0.3199471455078125 0.5447530859375 0.3504255400390625 0.5473251025390625 0.3546693671875 0.5725308642578125 0.3558267744140625
1 0.0637860078125 0.4332561728515625 0.08076131640625 0.432484568359375 0.08487654296875 0.4309413583984375 0.0823045263671875 0.3981481484375 0.0797325107421875 0.386959876953125 0.0694444443359375 0.38117283984375 0.0637860078125 0.380401234375 0.060185185546875 0.3815586416015625 0.0529835390625 0.3873456787109375 0.051954732421875 0.394290123046875 0.05504115234375 0.4193672841796875 0.0606995888671875 0.4382716044921875 0.0637860078125 0.4332561728515625
1 0.113168724609375 0.4301697529296875 0.113168724609375 0.41705246875 0.10802469140625 0.386959876953125 0.09722222265625 0.3815586416015625 0.0910493828125 0.3815586416015625 0.081790123046875 0.386959876953125 0.08076131640625 0.39197530859375 0.0853909462890625 0.432098765625 0.1116255146484375 0.432484568359375 0.113168724609375 0.4301697529296875
1 0.14197530859375 0.417438271484375 0.1373456787109375 0.3881172841796875 0.12294238671875 0.38117283984375 0.115226337890625 0.3827160498046875 0.1095679013671875 0.386959876953125 0.1147119345703125 0.43132716015625 0.1224279833984375 0.4328703701171875 0.1404320986328125 0.432098765625 0.14197530859375 0.417438271484375
1 0.17181069921875 0.42862654296875 0.1666666669921875 0.3873456787109375 0.1543209873046875 0.380787037109375 0.1476337451171875 0.380787037109375 0.138888888671875 0.386188271484375 0.143004115234375 0.4305555556640625 0.14609053515625 0.431712962890625 0.1697530859375 0.4309413583984375 0.17181069921875 0.42862654296875
1 0.1965020576171875 0.4305555556640625 0.19907407421875 0.4278549384765625 0.1995884775390625 0.4189814814453125 0.1965020576171875 0.386959876953125 0.1826131689453125 0.380401234375 0.1774691357421875 0.38117283984375 0.168209876953125 0.38580246875 0.17181069921875 0.42862654296875 0.1743827158203125 0.4305555556640625 0.182098765625 0.43132716015625 0.1965020576171875 0.4305555556640625
1 0.2026748974609375 0.4239969140625 0.2026748974609375 0.4293981484375 0.223765431640625 0.4301697529296875 0.2304526748046875 0.42862654296875 0.2314814814453125 0.4108796298828125 0.2268518515625 0.38580246875 0.2206790126953125 0.3831018515625 0.206790123046875 0.38117283984375 0.1975308642578125 0.3854166669921875 0.195987654296875 0.386959876953125 0.200102880859375 0.411651234375 0.1995884775390625 0.4185956787109375 0.2026748974609375 0.4239969140625
1 0.2644032919921875 0.4305555556640625 0.282921810546875 0.4305555556640625 0.28600823046875 0.42862654296875 0.2824074072265625 0.3842592587890625 0.27109053515625 0.3788580244140625 0.2654320986328125 0.3792438271484375 0.2566872431640625 0.3842592587890625 0.2546296298828125 0.38657407421875 0.2546296298828125 0.40007716015625 0.258230453125 0.42862654296875 0.2644032919921875 0.4305555556640625
1 0.3132716044921875 0.4293981484375 0.314814814453125 0.42862654296875 0.314814814453125 0.4035493828125 0.312242798828125 0.38580246875 0.299897119140625 0.3788580244140625 0.29423868359375 0.3792438271484375 0.2844650205078125 0.3846450615234375 0.2844650205078125 0.4047067900390625 0.28806584375 0.42862654296875 0.295781892578125 0.4301697529296875 0.3132716044921875 0.4293981484375
1 0.3436213994140625 0.403935185546875 0.3410493828125 0.3831018515625 0.3312757197265625 0.37847222265625 0.32407407421875 0.37847222265625 0.3137860078125 0.386188271484375 0.316872427734375 0.42862654296875 0.3276748974609375 0.4301697529296875 0.34310699609375 0.429012345703125 0.3436213994140625 0.403935185546875
1 0.37294238671875 0.4278549384765625 0.37294238671875 0.4043209873046875 0.3703703701171875 0.3846450615234375 0.3626543212890625 0.3792438271484375 0.3554526748046875 0.3777006171875 0.3513374482421875 0.3788580244140625 0.3425925927734375 0.3854166669921875 0.3446502060546875 0.42862654296875 0.3544238681640625 0.4305555556640625 0.369855966796875 0.4297839501953125 0.37294238671875 0.4278549384765625
1 0.4017489716796875 0.4270833330078125 0.3996913583984375 0.3854166669921875 0.3873456787109375 0.3777006171875 0.3827160498046875 0.3777006171875 0.3786008232421875 0.38117283984375 0.371913580078125 0.3831018515625 0.373971193359375 0.42862654296875 0.3765432099609375 0.4301697529296875 0.3981481484375 0.4301697529296875 0.4017489716796875 0.4270833330078125
1 0.4295267490234375 0.3927469140625 0.4274691357421875 0.38387345703125 0.4212962958984375 0.3792438271484375 0.4146090537109375 0.377314814453125 0.401234568359375 0.383487654296875 0.40277777734375 0.4282407412109375 0.41100823046875 0.4301697529296875 0.43004115234375 0.429012345703125 0.4295267490234375 0.3927469140625
1 0.45987654296875 0.42862654296875 0.4583333330078125 0.3846450615234375 0.4485596708984375 0.37847222265625 0.442901234375 0.3769290126953125 0.4305555556640625 0.3842592587890625 0.4295267490234375 0.414737654296875 0.4315843623046875 0.4282407412109375 0.4485596708984375 0.4297839501953125 0.45987654296875 0.42862654296875
1 0.4866255146484375 0.4270833330078125 0.4876543212890625 0.4224537041015625 0.4866255146484375 0.383487654296875 0.4768518515625 0.3765432099609375 0.4727366259765625 0.3757716044921875 0.46193415625 0.38117283984375 0.458847736328125 0.3850308642578125 0.4583333330078125 0.4162808642578125 0.460905349609375 0.42862654296875 0.484053498046875 0.429012345703125 0.4866255146484375 0.4270833330078125
1 0.5066872431640626 0.4297839501953125 0.520061728515625 0.4278549384765625 0.5216049384765625 0.4216820986328125 0.5205761318359375 0.3935185185546875 0.515946501953125 0.3831018515625 0.5092592587890625 0.38117283984375 0.5015432099609375 0.38117283984375 0.4943415634765625 0.3842592587890625 0.490226337890625 0.3908179013671875 0.4886831279296875 0.3969907412109375 0.490226337890625 0.4278549384765625 0.494855966796875 0.4293981484375 0.5066872431640626 0.4297839501953125
1 0.5529835390625 0.4282407412109375 0.5545267490234375 0.426311728515625 0.554012345703125 0.3962191357421875 0.5473251025390625 0.383487654296875 0.543209876953125 0.3819444443359375 0.532921810546875 0.3815586416015625 0.5257201650390625 0.383487654296875 0.52109053515625 0.395061728515625 0.5205761318359375 0.4043209873046875 0.5236625517578125 0.425540123046875 0.5293209873046875 0.42862654296875 0.5529835390625 0.4282407412109375
1 0.5555555556640625 0.42669753125 0.5565843623046876 0.4282407412109375 0.5833333330078125 0.429012345703125 0.5864197529296875 0.425540123046875 0.5833333330078125 0.389660494140625 0.579218107421875 0.3846450615234375 0.570987654296875 0.380015431640625 0.554012345703125 0.383487654296875 0.5565843623046876 0.3873456787109375 0.5534979423828125 0.3904320986328125 0.55504115234375 0.39197530859375 0.5555555556640625 0.42669753125
1 0.5905349794921875 0.4274691357421875 0.598765431640625 0.4278549384765625 0.6126543212890625 0.42669753125 0.6157407412109375 0.425540123046875 0.615226337890625 0.4020061728515625 0.6126543212890625 0.3912037041015625 0.606995884765625 0.38387345703125 0.6023662548828125 0.38117283984375 0.594135802734375 0.380787037109375 0.587962962890625 0.383487654296875 0.585905349609375 0.3904320986328125 0.5874485595703125 0.3958333330078125 0.58693415625 0.425540123046875 0.5905349794921875 0.4274691357421875
1 0.0884773662109375 0.5011574072265625 0.0905349794921875 0.4992283955078125 0.0910493828125 0.4841820986328125 0.0853909462890625 0.456790123046875 0.0766460908203125 0.452160494140625 0.070987654296875 0.4510030859375 0.0663580244140625 0.45177469140625 0.060185185546875 0.4583333330078125 0.0596707822265625 0.463734568359375 0.0673868310546875 0.4992283955078125 0.0704732509765625 0.5019290126953125 0.0884773662109375 0.5011574072265625
1 0.1162551435546875 0.5015432099609375 0.1203703701171875 0.4980709873046875 0.1162551435546875 0.4594907412109375 0.105967078125 0.4525462958984375 0.1013374482421875 0.45177469140625 0.095164609375 0.4529320986328125 0.08899176953125 0.456790123046875 0.087962962890625 0.4645061728515625 0.0915637861328125 0.491512345703125 0.0910493828125 0.5015432099609375 0.1162551435546875 0.5015432099609375
1 0.1476337451171875 0.4992283955078125 0.1481481484375 0.47492283984375 0.1445473251953125 0.456790123046875 0.13580246875 0.45177469140625 0.128086419921875 0.451388888671875 0.1193415634765625 0.4560185185546875 0.1172839501953125 0.4587191357421875 0.11882716015625 0.48302469140625 0.1224279833984375 0.4992283955078125 0.132201646484375 0.5011574072265625 0.1476337451171875 0.4992283955078125
1 0.1754115224609375 0.4992283955078125 0.17592592578125 0.4726080244140625 0.1733539091796875 0.4564043212890625 0.1712962958984375 0.454089505859375 0.162037037109375 0.4510030859375 0.154835390625 0.45177469140625 0.1466049384765625 0.4564043212890625 0.147119341796875 0.4787808642578125 0.15020576171875 0.4988425927734375 0.1589506171875 0.5011574072265625 0.1754115224609375 0.4992283955078125
1 0.20318930078125 0.5 0.2052469140625 0.4972993828125 0.2052469140625 0.477237654296875 0.2026748974609375 0.4564043212890625 0.1965020576171875 0.452160494140625 0.187757201171875 0.4506172841796875 0.1836419755859375 0.45177469140625 0.174897119140625 0.4583333330078125 0.1743827158203125 0.4783950615234375 0.1774691357421875 0.4984567900390625 0.1882716044921875 0.5007716044921875 0.20318930078125 0.5
1 0.2335390947265625 0.4980709873046875 0.2335390947265625 0.473765431640625 0.230967078125 0.4564043212890625 0.2242798349609375 0.45177469140625 0.2160493828125 0.4502314814453125 0.2047325107421875 0.456790123046875 0.2062757197265625 0.4988425927734375 0.20987654296875 0.500385802734375 0.230967078125 0.499614197265625 0.2335390947265625 0.4980709873046875
1 0.26080246875 0.499614197265625 0.26286008203125 0.4980709873046875 0.26080246875 0.4564043212890625 0.2494855966796875 0.4510030859375 0.24382716015625 0.4506172841796875 0.2325102880859375 0.457561728515625 0.2325102880859375 0.483410494140625 0.2345679013671875 0.4984567900390625 0.23713991796875 0.500385802734375 0.26080246875 0.499614197265625
1 0.27109053515625 0.5 0.2865226337890625 0.499614197265625 0.2896090537109375 0.4961419755859375 0.2875514404296875 0.463348765625 0.289094650390625 0.4564043212890625 0.2757201650390625 0.449459876953125 0.261831275390625 0.454861111328125 0.2602880654296875 0.4564043212890625 0.2602880654296875 0.46527777734375 0.2633744853515625 0.4984567900390625 0.27109053515625 0.5
1 0.317901234375 0.4980709873046875 0.3184156376953125 0.48842592578125 0.3184156376953125 0.47492283984375 0.3153292177734375 0.456790123046875 0.310185185546875 0.452160494140625 0.30092592578125 0.449459876953125 0.2885802470703125 0.4560185185546875 0.2906378603515625 0.4980709873046875 0.293209876953125 0.5 0.3153292177734375 0.499614197265625 0.317901234375 0.4980709873046875
1 0.346193416015625 0.466435185546875 0.3436213994140625 0.4556327158203125 0.33487654296875 0.44907407421875 0.3276748974609375 0.448688271484375 0.3173868310546875 0.457561728515625 0.3194444443359375 0.4980709873046875 0.3395061728515625 0.499614197265625 0.3467078193359375 0.4988425927734375 0.346193416015625 0.466435185546875
1 0.3755144033203125 0.494984568359375 0.3755144033203125 0.4675925927734375 0.3734567900390625 0.4583333330078125 0.363168724609375 0.448688271484375 0.3554526748046875 0.44907407421875 0.34722222265625 0.4564043212890625 0.34722222265625 0.4787808642578125 0.3503086416015625 0.4980709873046875 0.3734567900390625 0.4984567900390625 0.3755144033203125 0.494984568359375
1 0.4017489716796875 0.462962962890625 0.3996913583984375 0.4529320986328125 0.3883744853515625 0.44907407421875 0.383230453125 0.44907407421875 0.375 0.454861111328125 0.3765432099609375 0.4980709873046875 0.383230453125 0.4992283955078125 0.4007201650390625 0.4984567900390625 0.4017489716796875 0.462962962890625
1 0.4295267490234375 0.4980709873046875 0.4305555556640625 0.4641203701171875 0.4284979423828125 0.45447530859375 0.4156378603515625 0.44830246875 0.41100823046875 0.448688271484375 0.4022633740234375 0.45447530859375 0.4017489716796875 0.4841820986328125 0.4043209873046875 0.49652777734375 0.4089506171875 0.4984567900390625 0.4295267490234375 0.4980709873046875
1 0.4614197529296875 0.4837962958984375 0.4573045263671875 0.4529320986328125 0.445987654296875 0.44907407421875 0.4346707822265625 0.4529320986328125 0.4315843623046875 0.45794753125 0.431069958984375 0.48302469140625 0.4346707822265625 0.4980709873046875 0.4593621396484375 0.4980709873046875 0.4614197529296875 0.4837962958984375
1 0.5036008232421875 0.4988425927734375 0.505144033203125 0.496913580078125 0.5046296298828125 0.4668209873046875 0.49794238671875 0.4537037041015625 0.491769546875 0.45177469140625 0.48302469140625 0.4525462958984375 0.4768518515625 0.4587191357421875 0.4742798349609375 0.468364197265625 0.47479423828125 0.4953703701171875 0.4768518515625 0.4980709873046875 0.4876543212890625 0.5 0.5036008232421875 0.4988425927734375
1 0.51286008203125 0.4980709873046875 0.5339506171875 0.4984567900390625 0.5365226337890625 0.4926697529296875 0.5365226337890625 0.477237654296875 0.534979423828125 0.462962962890625 0.5303497939453125 0.454089505859375 0.5226337451171875 0.4502314814453125 0.5149176953125 0.4498456787109375 0.5102880654296875 0.452160494140625 0.505144033203125 0.45987654296875 0.5036008232421875 0.4675925927734375 0.5056584365234374 0.497685185546875 0.508230453125 0.499614197265625 0.51286008203125 0.4980709873046875
1 0.566872427734375 0.494598765625 0.56584362109375 0.466435185546875 0.5586419755859375 0.4533179013671875 0.5534979423828125 0.4510030859375 0.5396090537109375 0.4525462958984375 0.54012345703125 0.4564043212890625 0.537037037109375 0.457561728515625 0.53600823046875 0.460262345703125 0.5365226337890625 0.4953703701171875 0.543209876953125 0.497685185546875 0.564814814453125 0.4980709873046875 0.566872427734375 0.494598765625
1 0.5956790126953125 0.465663580078125 0.592078189453125 0.4564043212890625 0.587962962890625 0.4525462958984375 0.5802469140625 0.4510030859375 0.57407407421875 0.452160494140625 0.56995884765625 0.4594907412109375 0.566872427734375 0.4594907412109375 0.5673868310546875 0.4957561728515625 0.5756172841796875 0.4980709873046875 0.595164609375 0.4972993828125 0.5956790126953125 0.465663580078125
1 0.6296296298828125 0.48572530859375 0.6291152265625 0.465663580078125 0.6265432099609375 0.4560185185546875 0.619855966796875 0.4506172841796875 0.6116255146484375 0.449459876953125 0.6023662548828125 0.452160494140625 0.5977366259765625 0.45987654296875 0.598765431640625 0.49652777734375 0.6275720166015625 0.496913580078125 0.6296296298828125 0.494984568359375 0.6296296298828125 0.48572530859375
1 0.115226337890625 0.5910493828125 0.1183127568359375 0.58757716015625 0.1147119345703125 0.579861111328125 0.1116255146484375 0.534336419921875 0.1044238681640625 0.531635802734375 0.1023662548828125 0.5293209873046875 0.09979423828125 0.5304783955078125 0.095164609375 0.528935185546875 0.0823045263671875 0.5300925927734375 0.0745884775390625 0.5331790126953125 0.0725308642578125 0.5358796298828125 0.07407407421875 0.565586419921875 0.0787037041015625 0.5918209873046875 0.0853909462890625 0.59375 0.115226337890625 0.5910493828125
1 0.1507201650390625 0.5918209873046875 0.1543209873046875 0.5844907412109375 0.1507201650390625 0.5412808642578125 0.1481481484375 0.5324074072265625 0.1265432099609375 0.53125 0.115226337890625 0.534336419921875 0.1126543212890625 0.536651234375 0.1157407412109375 0.579861111328125 0.1147119345703125 0.5895061728515625 0.1203703701171875 0.5918209873046875 0.1507201650390625 0.5918209873046875
1 0.170781892578125 0.5918209873046875 0.191872427734375 0.590663580078125 0.1934156376953125 0.5891203701171875 0.19084362109375 0.5595679013671875 0.1923868310546875 0.5358796298828125 0.1887860078125 0.5320216044921875 0.181069958984375 0.530864197265625 0.153806583984375 0.531635802734375 0.1517489716796875 0.5331790126953125 0.1522633740234375 0.562885802734375 0.1553497939453125 0.588734568359375 0.1574074072265625 0.590663580078125 0.170781892578125 0.5918209873046875
1 0.234053498046875 0.5895061728515625 0.2350823046875 0.588348765625 0.2304526748046875 0.5779320986328125 0.227880658203125 0.5331790126953125 0.2206790126953125 0.5304783955078125 0.1995884775390625 0.5297067900390625 0.191872427734375 0.534336419921875 0.1913580244140625 0.5625 0.19495884765625 0.5898919755859375 0.22890946484375 0.5910493828125 0.234053498046875 0.5895061728515625
1 0.274176955078125 0.58487654296875 0.2705761318359375 0.579089505859375 0.2664609052734375 0.531635802734375 0.255144033203125 0.5293209873046875 0.2376543212890625 0.5304783955078125 0.2304526748046875 0.5327932099609375 0.229938271484375 0.534336419921875 0.2314814814453125 0.5895061728515625 0.234053498046875 0.590663580078125 0.2705761318359375 0.5898919755859375 0.274176955078125 0.58487654296875
1 0.3076131689453125 0.5895061728515625 0.30915637890625 0.588348765625 0.3086419755859375 0.5640432099609375 0.30504115234375 0.5304783955078125 0.3034979423828125 0.5293209873046875 0.282921810546875 0.5293209873046875 0.2716049384765625 0.530864197265625 0.2685185185546875 0.5327932099609375 0.272119341796875 0.5844907412109375 0.2757201650390625 0.588734568359375 0.2793209873046875 0.5898919755859375 0.3076131689453125 0.5895061728515625
1 0.3436213994140625 0.5435956787109375 0.345164609375 0.5293209873046875 0.3312757197265625 0.52777777734375 0.3132716044921875 0.5285493828125 0.3096707822265625 0.5297067900390625 0.3065843623046875 0.5339506171875 0.3106995888671875 0.5891203701171875 0.3312757197265625 0.590663580078125 0.3477366259765625 0.588734568359375 0.3436213994140625 0.5435956787109375
1 0.386831275390625 0.588734568359375 0.3816872431640625 0.5447530859375 0.383230453125 0.530864197265625 0.380144033203125 0.528935185546875 0.3518518515625 0.528935185546875 0.346193416015625 0.534336419921875 0.345164609375 0.543209876953125 0.348765431640625 0.5891203701171875 0.3796296298828125 0.5898919755859375 0.386831275390625 0.588734568359375
1 0.42592592578125 0.588348765625 0.4223251025390625 0.528163580078125 0.394032921875 0.525462962890625 0.386831275390625 0.5293209873046875 0.38580246875 0.5331790126953125 0.3873456787109375 0.588348765625 0.3904320986328125 0.5898919755859375 0.42181069921875 0.5895061728515625 0.42592592578125 0.588348765625
1 0.462962962890625 0.5860339501953125 0.4645061728515625 0.58217592578125 0.45987654296875 0.5285493828125 0.4562757197265625 0.5270061728515625 0.4284979423828125 0.525848765625 0.4254115224609375 0.5293209873046875 0.424897119140625 0.5597993828125 0.4279835390625 0.588348765625 0.45987654296875 0.587962962890625 0.462962962890625 0.5860339501953125
1 0.4835390947265625 0.587962962890625 0.49794238671875 0.5864197529296875 0.5025720166015625 0.582561728515625 0.50205761328125 0.525848765625 0.49794238671875 0.5219907412109375 0.4742798349609375 0.52237654296875 0.4665637861328125 0.5246913583984375 0.4624485595703125 0.528935185546875 0.4655349794921875 0.58487654296875 0.467078189453125 0.5868055556640625 0.4763374482421875 0.5864197529296875 0.4835390947265625 0.587962962890625
1 0.528806583984375 0.588348765625 0.5406378603515625 0.5868055556640625 0.5426954736328125 0.58487654296875 0.5416666669921875 0.5285493828125 0.54012345703125 0.5266203701171875 0.532921810546875 0.526234568359375 0.526234568359375 0.5219907412109375 0.5195473251953125 0.5243055556640625 0.511831275390625 0.52237654296875 0.503086419921875 0.5297067900390625 0.5025720166015625 0.58487654296875 0.5144032919921875 0.588348765625 0.522119341796875 0.5868055556640625 0.528806583984375 0.588348765625
1 0.5828189296875 0.5856481484375 0.5843621396484375 0.58217592578125 0.5828189296875 0.528163580078125 0.570987654296875 0.5246913583984375 0.5663580244140625 0.525462962890625 0.5576131689453125 0.5231481484375 0.5493827158203125 0.5239197529296875 0.5447530859375 0.5300925927734375 0.543209876953125 0.545138888671875 0.543209876953125 0.5856481484375 0.557098765625 0.587962962890625 0.573045267578125 0.587962962890625 0.5828189296875 0.5856481484375
1 0.598765431640625 0.587962962890625 0.6116255146484375 0.5864197529296875 0.6193415634765626 0.5871913583984375 0.621913580078125 0.5833333330078125 0.6224279833984375 0.5748456787109375 0.621913580078125 0.528935185546875 0.61882716015625 0.5266203701171875 0.6105967080078125 0.525462962890625 0.609053498046875 0.5219907412109375 0.598765431640625 0.525462962890625 0.5884773662109375 0.52507716015625 0.5843621396484375 0.5293209873046875 0.5843621396484375 0.5787037041015625 0.581790123046875 0.5841049384765625 0.577160494140625 0.58487654296875 0.598765431640625 0.587962962890625
1 0.119855966796875 0.6855709873046875 0.1234567900390625 0.68402777734375 0.126028806640625 0.6801697529296875 0.123971193359375 0.6605991513671875 0.123971193359375 0.6265432099609375 0.115226337890625 0.6238425927734375 0.1105967080078125 0.625 0.09722222265625 0.6242283955078125 0.08693415625 0.627314814453125 0.085905349609375 0.636188271484375 0.092078189453125 0.67862654296875 0.096193416015625 0.6832561728515625 0.119855966796875 0.6855709873046875
1 0.1646090537109375 0.6828703701171875 0.1666666669921875 0.6793981484375 0.1666666669921875 0.67322530859375 0.162037037109375 0.6230709873046875 0.14609053515625 0.624614197265625 0.133230453125 0.621913580078125 0.123971193359375 0.62847222265625 0.1244855966796875 0.65972222265625 0.1286008232421875 0.682098765625 0.1404320986328125 0.6836419755859375 0.1646090537109375 0.6828703701171875
1 0.1826131689453125 0.6836419755859375 0.19907407421875 0.682484568359375 0.204218107421875 0.6805555556640625 0.2052469140625 0.6739969140625 0.200102880859375 0.625385802734375 0.1754115224609375 0.6238425927734375 0.1671810703125 0.624614197265625 0.1635802470703125 0.6269290126953125 0.1625514404296875 0.6342592587890625 0.1687242802734375 0.68132716015625 0.17181069921875 0.6832561728515625 0.1826131689453125 0.6836419755859375
1 0.227880658203125 0.682484568359375 0.242798353515625 0.6805555556640625 0.244855966796875 0.67862654296875 0.242798353515625 0.656635802734375 0.2433127568359375 0.630015431640625 0.2412551435546875 0.619598765625 0.23302469140625 0.6222993828125 0.22222222265625 0.622685185546875 0.2165637861328125 0.6207561728515625 0.204218107421875 0.6261574072265625 0.20318930078125 0.644290123046875 0.2078189296875 0.6801697529296875 0.2124485595703125 0.682484568359375 0.227880658203125 0.682484568359375
1 0.2793209873046875 0.6805555556640625 0.28189300390625 0.67592592578125 0.282921810546875 0.6631944443359375 0.2803497939453125 0.6257716044921875 0.258230453125 0.6230709873046875 0.2474279833984375 0.6242283955078125 0.2433127568359375 0.6277006171875 0.2433127568359375 0.6570216044921875 0.2474279833984375 0.679012345703125 0.258230453125 0.682484568359375 0.2793209873046875 0.6805555556640625
1 0.2824074072265625 0.6782407412109375 0.28600823046875 0.6809413583984375 0.299897119140625 0.682098765625 0.316872427734375 0.6809413583984375 0.318930041015625 0.6793981484375 0.3204732509765625 0.66512345703125 0.317901234375 0.6412037041015625 0.3184156376953125 0.6257716044921875 0.314814814453125 0.6238425927734375 0.2937242802734375 0.622685185546875 0.2854938271484375 0.6234567900390625 0.2813786005859375 0.6265432099609375 0.2824074072265625 0.6385030859375 0.280864197265625 0.64737654296875 0.2834362138671875 0.6643518515625 0.2824074072265625 0.6782407412109375
1 0.35802469140625 0.679012345703125 0.354938271484375 0.6350308642578125 0.356995884765625 0.6211419755859375 0.3523662548828125 0.61882716015625 0.3328189296875 0.621913580078125 0.3261316875 0.6211419755859375 0.320987654296875 0.6234567900390625 0.318930041015625 0.6296296298828125 0.3204732509765625 0.6809413583984375 0.3333333330078125 0.682484568359375 0.355967078125 0.68132716015625 0.35802469140625 0.679012345703125
1 0.388888888671875 0.68132716015625 0.399176955078125 0.67862654296875 0.3966049384765625 0.6774691357421875 0.3945473251953125 0.670910494140625 0.3935185185546875 0.624614197265625 0.3626543212890625 0.622685185546875 0.3564814814453125 0.6261574072265625 0.3554526748046875 0.62847222265625 0.3564814814453125 0.67862654296875 0.3605967080078125 0.6809413583984375 0.3683127568359375 0.681712962890625 0.388888888671875 0.68132716015625
1 0.431069958984375 0.679012345703125 0.432098765625 0.672839505859375 0.4284979423828125 0.619598765625 0.4032921806640625 0.6180555556640625 0.3976337451171875 0.619598765625 0.3935185185546875 0.6238425927734375 0.395061728515625 0.6805555556640625 0.3966049384765625 0.682098765625 0.4284979423828125 0.681712962890625 0.431069958984375 0.679012345703125
1 0.4665637861328125 0.68132716015625 0.47222222265625 0.6782407412109375 0.47151491796875 0.6260520830078125 0.4324609052734375 0.6249768515625 0.431069958984375 0.6342592587890625 0.43415637890625 0.6774691357421875 0.4382716044921875 0.681712962890625 0.4665637861328125 0.68132716015625
1 0.5123456787109375 0.6809413583984375 0.5144032919921875 0.679012345703125 0.5149176953125 0.6716820986328125 0.511831275390625 0.621913580078125 0.49794238671875 0.619212962890625 0.4876543212890625 0.6211419755859375 0.484053498046875 0.6172839501953125 0.480967078125 0.6168981484375 0.4763374482421875 0.6242283955078125 0.475823044921875 0.664737654296875 0.47890946484375 0.67669753125 0.484053498046875 0.68132716015625 0.5123456787109375 0.6809413583984375
1 0.5524691357421875 0.6793981484375 0.5504115224609375 0.6269290126953125 0.54681069921875 0.6203703701171875 0.530864197265625 0.6176697529296875 0.5185185185546874 0.6180555556640625 0.5154320986328125 0.6203703701171875 0.513888888671875 0.625 0.513888888671875 0.67862654296875 0.5164609052734375 0.6805555556640625 0.522119341796875 0.68132716015625 0.5524691357421875 0.6793981484375
1 0.5905349794921875 0.6774691357421875 0.5905349794921875 0.6381172841796875 0.5884773662109375 0.622685185546875 0.58487654296875 0.6176697529296875 0.579218107421875 0.6203703701171875 0.557098765625 0.619212962890625 0.554012345703125 0.6203703701171875 0.5514403291015625 0.625385802734375 0.5524691357421875 0.67862654296875 0.5586419755859375 0.6809413583984375 0.587962962890625 0.6801697529296875 0.5905349794921875 0.6774691357421875
1 0.6296296298828125 0.67862654296875 0.630144033203125 0.66705246875 0.6275720166015625 0.624614197265625 0.62294238671875 0.619212962890625 0.6172839501953125 0.6207561728515625 0.595164609375 0.619212962890625 0.5915637861328125 0.6230709873046875 0.5915637861328125 0.67862654296875 0.604938271484375 0.6809413583984375 0.626028806640625 0.6805555556640625 0.6296296298828125 0.67862654296875
1 0.1373456787109375 0.7654320986328125 0.1342592587890625 0.7368827158203125 0.136831275390625 0.729938271484375 0.1337448564453125 0.7233796298828125 0.134773662109375 0.716435185546875 0.133230453125 0.7141203701171875 0.121913580078125 0.712962962890625 0.11419753125 0.7145061728515625 0.1064814814453125 0.712962962890625 0.1003086416015625 0.716435185546875 0.095164609375 0.723765431640625 0.1003086416015625 0.7770061728515625 0.1157407412109375 0.7800925927734375 0.1363168720703125 0.7773919755859375 0.1373456787109375 0.7654320986328125
1 0.1543209873046875 0.778935185546875 0.168209876953125 0.7785493828125 0.1723251025390625 0.775462962890625 0.1733539091796875 0.77044753125 0.170781892578125 0.735339505859375 0.1723251025390625 0.7260802470703125 0.1697530859375 0.7206790126953125 0.1702674892578125 0.7168209873046875 0.1543209873046875 0.7141203701171875 0.1507201650390625 0.715663580078125 0.136831275390625 0.716435185546875 0.1342592587890625 0.7206790126953125 0.133230453125 0.735339505859375 0.13786008203125 0.775848765625 0.1399176953125 0.7773919755859375 0.1543209873046875 0.778935185546875
1 0.2011316875 0.7797067900390625 0.2073045263671875 0.77777777734375 0.208847736328125 0.770061728515625 0.2052469140625 0.7264660498046875 0.2103909462890625 0.7168209873046875 0.2103909462890625 0.712962962890625 0.2026748974609375 0.71527777734375 0.1923868310546875 0.713348765625 0.1846707822265625 0.7160493828125 0.1754115224609375 0.7160493828125 0.1712962958984375 0.719135802734375 0.1676954736328125 0.7253086416015625 0.1733539091796875 0.77777777734375 0.1754115224609375 0.7793209873046875 0.1826131689453125 0.7800925927734375 0.2011316875 0.7797067900390625
1 0.2463991767578125 0.7716049384765625 0.24382716015625 0.7413580244140625 0.2453703701171875 0.7229938271484375 0.2484567900390625 0.716435185546875 0.244855966796875 0.713734568359375 0.2268518515625 0.7087191357421875 0.217078189453125 0.71257716015625 0.206790123046875 0.723765431640625 0.20987654296875 0.7770061728515625 0.225823044921875 0.778935185546875 0.244855966796875 0.7785493828125 0.2463991767578125 0.7716049384765625
1 0.253086419921875 0.7797067900390625 0.2803497939453125 0.7785493828125 0.282921810546875 0.7770061728515625 0.2813786005859375 0.7202932099609375 0.2757201650390625 0.7141203701171875 0.265946501953125 0.7199074072265625 0.2515432099609375 0.7199074072265625 0.2463991767578125 0.7233796298828125 0.2443415634765625 0.7264660498046875 0.2443415634765625 0.7492283955078125 0.24794238671875 0.77777777734375 0.253086419921875 0.7797067900390625
1 0.3106995888671875 0.778935185546875 0.320987654296875 0.7773919755859375 0.3220164609375 0.7600308642578125 0.3194444443359375 0.7314814814453126 0.320987654296875 0.7168209873046875 0.3184156376953125 0.715663580078125 0.3106995888671875 0.716435185546875 0.307098765625 0.7195216044921875 0.3034979423828125 0.71875 0.2865226337890625 0.721836419921875 0.2824074072265625 0.724151234375 0.28189300390625 0.744598765625 0.2844650205078125 0.7773919755859375 0.2865226337890625 0.778935185546875 0.3106995888671875 0.778935185546875
1 0.3595679013671875 0.77777777734375 0.3585390947265625 0.723765431640625 0.36213991796875 0.713348765625 0.355967078125 0.7114197529296875 0.333847736328125 0.71257716015625 0.3276748974609375 0.7145061728515625 0.320987654296875 0.724151234375 0.323045267578125 0.775848765625 0.3261316875 0.77777777734375 0.33487654296875 0.778935185546875 0.3595679013671875 0.77777777734375
1 0.3976337451171875 0.7766203701171875 0.3996913583984375 0.7735339501953125 0.3996913583984375 0.7658179013671875 0.3955761318359375 0.7141203701171875 0.386831275390625 0.7118055556640625 0.375 0.71257716015625 0.3626543212890625 0.7160493828125 0.3605967080078125 0.7195216044921875 0.359053498046875 0.735339505859375 0.361111111328125 0.775848765625 0.363168724609375 0.77777777734375 0.3976337451171875 0.7766203701171875
1 0.4362139921875 0.775848765625 0.437757201171875 0.7685185185546874 0.4356995888671875 0.7160493828125 0.429012345703125 0.712962962890625 0.41100823046875 0.71257716015625 0.403806583984375 0.713348765625 0.399176955078125 0.7195216044921875 0.3986625517578125 0.736111111328125 0.4017489716796875 0.772762345703125 0.4043209873046875 0.775848765625 0.4362139921875 0.775848765625
1 0.4768518515625 0.772762345703125 0.4794238681640625 0.744984568359375 0.477880658203125 0.7160493828125 0.470164609375 0.7114197529296875 0.4563616259765625 0.7118055556640625 0.4495884775390625 0.7087191357421875 0.4393004111328125 0.713734568359375 0.4362139921875 0.7175925927734375 0.4393004111328125 0.77507716015625 0.44907407421875 0.778935185546875 0.4727366259765625 0.7766203701171875 0.4768518515625 0.772762345703125
1 0.491769546875 0.77777777734375 0.5154320986328125 0.775848765625 0.520061728515625 0.77237654296875 0.5195473251953125 0.7226080244140625 0.5174897119140625 0.71257716015625 0.511831275390625 0.70987654296875 0.501028806640625 0.7106481484375 0.48713991796875 0.70794753125 0.484053498046875 0.7094907412109375 0.480967078125 0.7145061728515625 0.4804526748046875 0.76427469140625 0.481995884765625 0.77237654296875 0.48713991796875 0.7770061728515625 0.491769546875 0.77777777734375
1 0.5282921806640625 0.7766203701171875 0.557098765625 0.775848765625 0.557098765625 0.73032407421875 0.5534979423828125 0.7118055556640625 0.5396090537109375 0.710262345703125 0.522119341796875 0.7114197529296875 0.5195473251953125 0.71527777734375 0.5185185185546874 0.7226080244140625 0.520061728515625 0.7623456787109375 0.518004115234375 0.77237654296875 0.522119341796875 0.775848765625 0.5282921806640625 0.7766203701171875
1 0.595164609375 0.7735339501953125 0.5967078193359375 0.7453703701171875 0.5956790126953125 0.7214506171875 0.5925925927734375 0.713348765625 0.587962962890625 0.7087191357421875 0.5735596708984375 0.7083333330078125 0.560185185546875 0.710262345703125 0.557098765625 0.7121913583984375 0.5586419755859375 0.7743055556640625 0.5632716044921875 0.7766203701171875 0.5915637861328125 0.775462962890625 0.595164609375 0.7735339501953125
1 0.6337448564453125 0.7746913583984375 0.63580246875 0.77237654296875 0.6363168720703125 0.7376543212890625 0.63580246875 0.723765431640625 0.6327160498046875 0.713348765625 0.630144033203125 0.710262345703125 0.6234567900390625 0.7094907412109375 0.6154835390625 0.7114197529296875 0.6018518515625 0.7110339501953125 0.5977366259765625 0.713348765625 0.59722222265625 0.7731481484375 0.6054526748046875 0.776234568359375 0.6203703701171875 0.7766203701171875 0.6337448564453125 0.7746913583984375
1 0.644032921875 0.199459876953125 0.6424897119140625 0.17592592578125 0.619855966796875 0.1747685185546875 0.61419753125 0.17669753125 0.61419753125 0.202160494140625 0.6157407412109375 0.2052469140625 0.6414609052734375 0.2052469140625 0.644032921875 0.199459876953125
1 0.6435185185546874 0.2168209873046875 0.640946501953125 0.2064043212890625 0.619855966796875 0.2060185185546875 0.6147119345703125 0.2083333330078125 0.615226337890625 0.2341820986328125 0.61882716015625 0.235339505859375 0.643004115234375 0.2341820986328125 0.6435185185546874 0.2168209873046875
1 0.6733539091796875 0.202160494140625 0.6723251025390625 0.1751543212890625 0.644032921875 0.1751543212890625 0.6445473251953125 0.2029320986328125 0.647119341796875 0.20447530859375 0.67181069921875 0.20447530859375 0.6733539091796875 0.202160494140625
1 0.7026748974609375 0.1782407412109375 0.7011316875 0.175540123046875 0.6903292177734375 0.1739969140625 0.674897119140625 0.1743827158203125 0.6754115224609375 0.2037037041015625 0.7006172841796875 0.2033179013671875 0.7026748974609375 0.2002314814453125 0.7026748974609375 0.1782407412109375
1 0.7304526748046875 0.204089505859375 0.7325102880859375 0.2006172841796875 0.7325102880859375 0.182484568359375 0.7294238681640625 0.175540123046875 0.7253086416015625 0.1739969140625 0.7062757197265624 0.1743827158203125 0.70318930078125 0.1778549384765625 0.7026748974609375 0.1998456787109375 0.704218107421875 0.2029320986328125 0.7062757197265624 0.20447530859375 0.7304526748046875 0.204089505859375
1 0.6733539091796875 0.2314814814453125 0.672839505859375 0.2064043212890625 0.6712962958984375 0.2052469140625 0.647119341796875 0.2052469140625 0.6435185185546874 0.20987654296875 0.6424897119140625 0.230709876953125 0.645061728515625 0.2341820986328125 0.6712962958984375 0.2341820986328125 0.6733539091796875 0.2314814814453125
1 0.68004115234375 0.2056327158203125 0.674897119140625 0.20794753125 0.674897119140625 0.2341820986328125 0.7016460908203125 0.233410494140625 0.7016460908203125 0.2064043212890625 0.68004115234375 0.2056327158203125
1 0.7335390947265625 0.230709876953125 0.7304526748046875 0.20177469140625 0.72479423828125 0.20447530859375 0.7062757197265624 0.204089505859375 0.7037037041015625 0.2064043212890625 0.70318930078125 0.2118055556640625 0.70318930078125 0.229938271484375 0.7052469140625 0.23302469140625 0.717078189453125 0.2341820986328125 0.7335390947265625 0.230709876953125
1 0.6244855966796875 0.2943672841796875 0.628086419921875 0.29282407421875 0.6286008232421875 0.289737654296875 0.6275720166015625 0.2573302470703125 0.623971193359375 0.255401234375 0.609053498046875 0.25617283984375 0.605967078125 0.2581018515625 0.6054526748046875 0.2627314814453125 0.605967078125 0.286651234375 0.6044238681640625 0.293209876953125 0.611111111328125 0.29552469140625 0.6244855966796875 0.2943672841796875
1 0.6486625517578125 0.29012345703125 0.6481481484375 0.25617283984375 0.647119341796875 0.255015431640625 0.638888888671875 0.255015431640625 0.6286008232421875 0.2569444443359375 0.6275720166015625 0.293209876953125 0.643004115234375 0.2947530859375 0.6507201650390625 0.293209876953125 0.6486625517578125 0.29012345703125
1 0.6687242802734376 0.2947530859375 0.67181069921875 0.293209876953125 0.672839505859375 0.2569444443359375 0.6656378603515625 0.2546296298828125 0.6532921806640625 0.255015431640625 0.649176955078125 0.2581018515625 0.649176955078125 0.283564814453125 0.647119341796875 0.293209876953125 0.66100823046875 0.29552469140625 0.6687242802734376 0.2947530859375
1 0.693930041015625 0.2565586416015625 0.6923868310546875 0.255015431640625 0.68004115234375 0.255015431640625 0.6723251025390625 0.2569444443359375 0.67181069921875 0.293209876953125 0.674897119140625 0.2947530859375 0.6923868310546875 0.2935956787109375 0.693930041015625 0.2565586416015625
1 0.7155349794921875 0.29012345703125 0.717078189453125 0.255015431640625 0.712962962890625 0.253086419921875 0.706790123046875 0.25347222265625 0.7026748974609375 0.2519290126953125 0.695987654296875 0.2546296298828125 0.6944444443359375 0.2592592587890625 0.6944444443359375 0.292438271484375 0.69907407421875 0.2939814814453125 0.7114197529296875 0.2939814814453125 0.7155349794921875 0.29012345703125
1 0.7314814814453126 0.253086419921875 0.720164609375 0.253086419921875 0.7165637861328125 0.255015431640625 0.7155349794921875 0.25887345703125 0.7160493828125 0.293209876953125 0.7376543212890625 0.293209876953125 0.7386831279296875 0.255015431640625 0.7314814814453126 0.253086419921875
1 0.761831275390625 0.255787037109375 0.758230453125 0.25347222265625 0.74382716015625 0.2527006171875 0.740226337890625 0.2573302470703125 0.7397119345703125 0.2916666669921875 0.7505144033203125 0.2935956787109375 0.761831275390625 0.293209876953125 0.761831275390625 0.255787037109375
1 0.78806584375 0.25347222265625 0.769032921875 0.2519290126953125 0.7654320986328125 0.2546296298828125 0.7644032919921875 0.2604166669921875 0.7649176953125 0.2916666669921875 0.7865226337890625 0.292438271484375 0.789094650390625 0.289737654296875 0.78806584375 0.25347222265625
1 0.812757201171875 0.289737654296875 0.812242798828125 0.2527006171875 0.8106995888671875 0.2511574072265625 0.7937242802734376 0.250385802734375 0.791152263671875 0.2538580244140625 0.7896090537109375 0.2631172841796875 0.79012345703125 0.2905092587890625 0.7921810703125 0.29205246875 0.8106995888671875 0.2916666669921875 0.812757201171875 0.289737654296875
1 0.8353909462890625 0.29012345703125 0.8353909462890625 0.25347222265625 0.831790123046875 0.2511574072265625 0.8173868310546875 0.2511574072265625 0.8143004111328125 0.2573302470703125 0.8132716044921875 0.2908950615234375 0.818930041015625 0.292438271484375 0.8328189296875 0.2916666669921875 0.8353909462890625 0.29012345703125
1 0.8585390947265625 0.289737654296875 0.8605967080078125 0.2515432099609375 0.856995884765625 0.25 0.8415637861328125 0.249614197265625 0.837962962890625 0.2515432099609375 0.83693415625 0.25617283984375 0.83487654296875 0.289737654296875 0.8410493828125 0.29205246875 0.8554526748046875 0.29205246875 0.8585390947265625 0.289737654296875
1 0.861111111328125 0.2905092587890625 0.865226337890625 0.29205246875 0.9125514404296875 0.29205246875 0.918209876953125 0.2966820986328125 0.9233539091796875 0.26697530859375 0.9238683125 0.2546296298828125 0.92181069921875 0.252314814453125 0.90277777734375 0.249614197265625 0.8976337451171875 0.2472993828125 0.8899176953125 0.2472993828125 0.882201646484375 0.25 0.8657407412109375 0.2515432099609375 0.8626543212890625 0.2546296298828125 0.8600823046875 0.2654320986328125 0.859053498046875 0.2793209873046875 0.861111111328125 0.2824074072265625 0.8595679013671875 0.286265431640625 0.861111111328125 0.2905092587890625
1 0.7772633740234375 0.230709876953125 0.778806583984375 0.2199074072265625 0.7803497939453125 0.1639660498046875 0.77520576171875 0.1574074072265625 0.7649176953125 0.156635802734375 0.7566872431640626 0.161651234375 0.7541152265625 0.1685956787109375 0.75205761328125 0.1894290126953125 0.7515432099609375 0.2310956787109375 0.7546296298828125 0.23302469140625 0.7757201650390625 0.2314814814453125 0.7772633740234375 0.230709876953125
1 0.7366255146484375 0.2322530859375 0.748971193359375 0.232638888671875 0.751028806640625 0.2283950615234375 0.7505144033203125 0.19830246875 0.7536008232421875 0.1635802470703125 0.7484567900390625 0.159336419921875 0.7376543212890625 0.159336419921875 0.7335390947265625 0.161651234375 0.730967078125 0.1658950615234375 0.7304526748046875 0.1724537041015625 0.7335390947265625 0.1828703701171875 0.7335390947265625 0.230709876953125 0.7366255146484375 0.2322530859375
1 0.79681069921875 0.2318672841796875 0.799897119140625 0.230709876953125 0.8014403291015625 0.22762345703125 0.804012345703125 0.1720679013671875 0.8024691357421875 0.161265431640625 0.7973251025390625 0.1577932099609375 0.7865226337890625 0.1577932099609375 0.78189300390625 0.162037037109375 0.779835390625 0.1890432099609375 0.779835390625 0.22010030859375 0.77777777734375 0.230709876953125 0.782921810546875 0.2322530859375 0.79681069921875 0.2318672841796875
1 0.827160494140625 0.230709876953125 0.82818930078125 0.22762345703125 0.83076131640625 0.175540123046875 0.83076131640625 0.164737654296875 0.827160494140625 0.158564814453125 0.8225308642578125 0.1570216044921875 0.8137860078125 0.1570216044921875 0.80915637890625 0.15972222265625 0.8055555556640625 0.1658950615234375 0.8045267490234375 0.1774691357421875 0.8029835390625 0.2287808642578125 0.8065843623046876 0.2318672841796875 0.8245884775390625 0.2318672841796875 0.827160494140625 0.230709876953125
1 0.855967078125 0.2083333330078125 0.8575102880859375 0.161265431640625 0.8523662548828125 0.15625 0.845164609375 0.1554783955078125 0.837962962890625 0.1574074072265625 0.8328189296875 0.1643518515625 0.829218107421875 0.2283950615234375 0.8343621396484375 0.2314814814453125 0.8523662548828125 0.230709876953125 0.855967078125 0.2083333330078125
1 0.8827160498046875 0.227237654296875 0.8842592587890625 0.164737654296875 0.88117283984375 0.1574074072265625 0.8744855966796875 0.1543209873046875 0.865226337890625 0.155864197265625 0.8595679013671875 0.161265431640625 0.8544238681640625 0.227237654296875 0.8564814814453126 0.229938271484375 0.8806584365234374 0.229938271484375 0.8827160498046875 0.227237654296875
1 0.9284979423828125 0.2287808642578125 0.9305555556640625 0.18132716015625 0.9305555556640625 0.1639660498046875 0.929012345703125 0.162037037109375 0.9104938271484375 0.161651234375 0.8976337451171875 0.1577932099609375 0.8924897119140625 0.1608796298828125 0.886831275390625 0.16782407421875 0.8842592587890625 0.2064043212890625 0.8837448564453125 0.2264660498046875 0.8863168720703125 0.23032407421875 0.916152263671875 0.2314814814453125 0.9284979423828125 0.2287808642578125
1 0.9115226337890625 0.3503086416015625 0.918209876953125 0.349151234375 0.9212962958984375 0.32137345703125 0.920781892578125 0.3140432099609375 0.9187242802734376 0.3117283955078125 0.901234568359375 0.3097993828125 0.8683127568359374 0.309413580078125 0.8600823046875 0.3113425927734375 0.855967078125 0.3140432099609375 0.8533950615234375 0.3391203701171875 0.85390946484375 0.348765431640625 0.8554526748046875 0.34992283984375 0.9115226337890625 0.3503086416015625
1 0.854938271484375 0.3140432099609375 0.8503086416015625 0.3117283955078125 0.83487654296875 0.3117283955078125 0.8323045263671875 0.3136574072265625 0.8312757197265624 0.320987654296875 0.83076131640625 0.349151234375 0.848765431640625 0.3503086416015625 0.8518518515625 0.3464506171875 0.854938271484375 0.3140432099609375
1 0.8312757197265624 0.34992283984375 0.8287037041015625 0.3252314814453125 0.8312757197265624 0.3136574072265625 0.8276748974609375 0.3113425927734375 0.8137860078125 0.3113425927734375 0.8096707822265625 0.3136574072265625 0.810185185546875 0.3479938271484375 0.8173868310546875 0.34992283984375 0.8204732509765625 0.3483796298828125 0.8312757197265624 0.34992283984375
1 0.8076131689453125 0.3225308642578125 0.8096707822265625 0.3136574072265625 0.80092592578125 0.3117283955078125 0.789094650390625 0.3125 0.7865226337890625 0.3167438271484375 0.78600823046875 0.349151234375 0.807098765625 0.346836419921875 0.80915637890625 0.3418209873046875 0.8076131689453125 0.3225308642578125
1 0.784979423828125 0.3456790126953125 0.7854938271484375 0.3140432099609375 0.782921810546875 0.3125 0.7644032919921875 0.3132716044921875 0.7613168720703125 0.326388888671875 0.761831275390625 0.3503086416015625 0.7726337451171875 0.3514660498046875 0.7824074072265625 0.34992283984375 0.784979423828125 0.3456790126953125
1 0.7602880654296875 0.3285493828125 0.761831275390625 0.3140432099609375 0.7474279833984375 0.3132716044921875 0.742798353515625 0.3144290126953125 0.73919753125 0.3337191357421875 0.7397119345703125 0.3518518515625 0.759773662109375 0.352237654296875 0.761831275390625 0.34992283984375 0.7602880654296875 0.3285493828125
1 0.7366255146484375 0.35262345703125 0.7386831279296875 0.349537037109375 0.7397119345703125 0.3136574072265625 0.7376543212890625 0.3125 0.720164609375 0.3132716044921875 0.71810699609375 0.3171296298828125 0.7175925927734375 0.3452932099609375 0.7196502060546875 0.352237654296875 0.7232510283203125 0.3533950615234375 0.7366255146484375 0.35262345703125
1 0.7155349794921875 0.352237654296875 0.717078189453125 0.3456790126953125 0.7155349794921875 0.329089505859375 0.717078189453125 0.3140432099609375 0.69907407421875 0.314814814453125 0.6954732509765625 0.3171296298828125 0.6954732509765625 0.352237654296875 0.6985596708984375 0.3533950615234375 0.7134773662109375 0.3530092587890625 0.7155349794921875 0.352237654296875
1 0.695987654296875 0.3452932099609375 0.6965020576171875 0.317515431640625 0.6923868310546875 0.3152006171875 0.6846707822265625 0.314814814453125 0.6784979423828125 0.3152006171875 0.6743827158203125 0.31867283984375 0.6743827158203125 0.35262345703125 0.6923868310546875 0.3537808642578125 0.69495884765625 0.3518518515625 0.695987654296875 0.3452932099609375
1 0.67181069921875 0.3541666669921875 0.6743827158203125 0.352237654296875 0.6738683125 0.3198302470703125 0.67181069921875 0.3163580244140625 0.662037037109375 0.3152006171875 0.653806583984375 0.3167438271484375 0.65277777734375 0.317901234375 0.654835390625 0.3206018515625 0.6517489716796875 0.3279320986328125 0.6522633740234375 0.344135802734375 0.65020576171875 0.352237654296875 0.654835390625 0.35455246875 0.67181069921875 0.3541666669921875
1 0.65277777734375 0.3456790126953125 0.6522633740234375 0.329089505859375 0.65689300390625 0.3171296298828125 0.643004115234375 0.3152006171875 0.6327160498046875 0.317515431640625 0.633230453125 0.3518518515625 0.6383744853515625 0.3541666669921875 0.65020576171875 0.3530092587890625 0.65277777734375 0.3456790126953125
1 0.6363168720703125 0.3530092587890625 0.6373456787109375 0.352237654296875 0.632201646484375 0.3436535498046875 0.633230453125 0.317515431640625 0.630144033203125 0.3163580244140625 0.6126543212890625 0.317515431640625 0.6105967080078125 0.3206018515625 0.611111111328125 0.3537808642578125 0.6126543212890625 0.354938271484375 0.6306584365234374 0.35455246875 0.6363168720703125 0.3530092587890625
1 0.647119341796875 0.42592592578125 0.647119341796875 0.394290123046875 0.640946501953125 0.3831018515625 0.6342592587890625 0.380015431640625 0.621913580078125 0.3815586416015625 0.61882716015625 0.386188271484375 0.6172839501953125 0.394290123046875 0.6172839501953125 0.4251543212890625 0.619855966796875 0.42669753125 0.634773662109375 0.4274691357421875 0.647119341796875 0.42592592578125
1 0.6779835390625 0.425540123046875 0.6774691357421875 0.3904320986328125 0.67181069921875 0.383487654296875 0.66512345703125 0.3796296298828125 0.6553497939453125 0.380401234375 0.6476337451171875 0.383487654296875 0.6476337451171875 0.4251543212890625 0.6543209873046875 0.4270833330078125 0.674897119140625 0.4270833330078125 0.6779835390625 0.425540123046875
1 0.706790123046875 0.4274691357421875 0.7093621396484375 0.422839505859375 0.70987654296875 0.4016203701171875 0.7073045263671875 0.386959876953125 0.6954732509765625 0.3788580244140625 0.6893004111328125 0.3788580244140625 0.6774691357421875 0.3827160498046875 0.68004115234375 0.392361111328125 0.679012345703125 0.4251543212890625 0.682098765625 0.4270833330078125 0.706790123046875 0.4274691357421875
1 0.740226337890625 0.4251543212890625 0.741769546875 0.4220679013671875 0.7412551435546875 0.39467592578125 0.734053498046875 0.380787037109375 0.7294238681640625 0.37847222265625 0.7206790126953125 0.378086419921875 0.7124485595703125 0.3792438271484375 0.7093621396484375 0.3831018515625 0.7093621396484375 0.425540123046875 0.7124485595703125 0.4270833330078125 0.7268518515625 0.4270833330078125 0.740226337890625 0.4251543212890625
1 0.7757201650390625 0.4251543212890625 0.7772633740234375 0.4216820986328125 0.7757201650390625 0.4155092587890625 0.7757201650390625 0.378086419921875 0.772119341796875 0.3769290126953125 0.7463991767578125 0.3765432099609375 0.740226337890625 0.3792438271484375 0.742798353515625 0.4239969140625 0.7443415634765626 0.4251543212890625 0.7602880654296875 0.42592592578125 0.7757201650390625 0.4251543212890625
1 0.8106995888671875 0.37847222265625 0.7793209873046875 0.377314814453125 0.7767489716796875 0.38117283984375 0.7767489716796875 0.4247685185546875 0.807098765625 0.42322530859375 0.8096707822265625 0.412037037109375 0.8106995888671875 0.37847222265625
1 0.844135802734375 0.422839505859375 0.845164609375 0.3765432099609375 0.8137860078125 0.3769290126953125 0.8112139921875 0.3819444443359375 0.8096707822265625 0.4023919755859375 0.80915637890625 0.4224537041015625 0.8106995888671875 0.4243827158203125 0.842078189453125 0.4251543212890625 0.844135802734375 0.422839505859375
1 0.876028806640625 0.4220679013671875 0.8806584365234374 0.4143518515625 0.8806584365234374 0.3996913583984375 0.8827160498046875 0.394290123046875 0.880144033203125 0.3881172841796875 0.880144033203125 0.3769290126953125 0.8492798349609375 0.3765432099609375 0.845164609375 0.39544753125 0.8456790126953125 0.42322530859375 0.848765431640625 0.4247685185546875 0.859053498046875 0.4243827158203125 0.876028806640625 0.4220679013671875
1 0.9043209873046875 0.423611111328125 0.9089506171875 0.4224537041015625 0.912037037109375 0.3981481484375 0.9115226337890625 0.375385802734375 0.8873456787109375 0.3765432099609375 0.883230453125 0.3796296298828125 0.8852880654296875 0.3850308642578125 0.88117283984375 0.406635802734375 0.8806584365234374 0.414737654296875 0.88580246875 0.41782407421875 0.8883744853515625 0.4216820986328125 0.9043209873046875 0.423611111328125
1 0.6604938271484375 0.494598765625 0.66100823046875 0.4899691357421875 0.6604938271484375 0.4668209873046875 0.657921810546875 0.45987654296875 0.6507201650390625 0.451388888671875 0.640946501953125 0.4498456787109375 0.6337448564453125 0.4510030859375 0.630144033203125 0.457561728515625 0.630144033203125 0.494598765625 0.632201646484375 0.4961419755859375 0.6584362138671875 0.4961419755859375 0.6604938271484375 0.494598765625
1 0.692901234375 0.4660493828125 0.69084362109375 0.460262345703125 0.685185185546875 0.4533179013671875 0.6815843623046876 0.4510030859375 0.6743827158203125 0.4510030859375 0.670781892578125 0.452160494140625 0.662037037109375 0.45987654296875 0.6615226337890625 0.494598765625 0.6743827158203125 0.49652777734375 0.6923868310546875 0.4953703701171875 0.692901234375 0.4660493828125
1 0.7227366259765625 0.4957561728515625 0.7242798349609375 0.494598765625 0.7253086416015625 0.4756944443359375 0.7253086416015625 0.4648919755859375 0.7227366259765625 0.4583333330078125 0.7165637861328125 0.452160494140625 0.7093621396484375 0.449459876953125 0.7016460908203125 0.44907407421875 0.6954732509765625 0.4525462958984375 0.693930041015625 0.4618055556640625 0.6934156376953124 0.494598765625 0.695987654296875 0.49652777734375 0.7052469140625 0.496913580078125 0.7227366259765625 0.4957561728515625
1 0.765946501953125 0.4957561728515625 0.768004115234375 0.488811728515625 0.7674897119140625 0.4506172841796875 0.7654320986328125 0.449459876953125 0.7366255146484375 0.4498456787109375 0.730967078125 0.4525462958984375 0.7294238681640625 0.4594907412109375 0.7273662548828125 0.4876543212890625 0.7325102880859375 0.4934413583984375 0.73713991796875 0.4957561728515625 0.765946501953125 0.4957561728515625
1 0.80092592578125 0.4957561728515625 0.8029835390625 0.494212962890625 0.8034979423828125 0.488811728515625 0.8034979423828125 0.4498456787109375 0.80092592578125 0.448688271484375 0.78600823046875 0.4502314814453125 0.7716049384765625 0.449459876953125 0.769032921875 0.4525462958984375 0.7674897119140625 0.4660493828125 0.76697530859375 0.494598765625 0.7705761318359375 0.4961419755859375 0.784979423828125 0.494984568359375 0.80092592578125 0.4957561728515625
1 0.8384773662109375 0.449459876953125 0.8065843623046876 0.448688271484375 0.804012345703125 0.4529320986328125 0.804012345703125 0.494212962890625 0.831790123046875 0.494598765625 0.8364197529296875 0.4895833330078125 0.8384773662109375 0.449459876953125
1 0.8482510283203125 0.4918981484375 0.855967078125 0.4903549384765625 0.8585390947265625 0.494598765625 0.8662551435546875 0.494984568359375 0.869855966796875 0.485339505859375 0.8724279833984375 0.449459876953125 0.869855966796875 0.4479166669921875 0.8616255146484375 0.4479166669921875 0.842078189453125 0.4498456787109375 0.840020576171875 0.454089505859375 0.837962962890625 0.4668209873046875 0.8384773662109375 0.486111111328125 0.8467078193359375 0.4876543212890625 0.8482510283203125 0.4918981484375
1 0.9084362138671875 0.47762345703125 0.907921810546875 0.457561728515625 0.9053497939453125 0.449459876953125 0.894032921875 0.44637345703125 0.8744855966796875 0.4479166669921875 0.871913580078125 0.4506172841796875 0.8708847734375 0.462962962890625 0.8708847734375 0.494598765625 0.9017489716796875 0.4953703701171875 0.9053497939453125 0.49112654296875 0.9084362138671875 0.47762345703125
1 0.66512345703125 0.6805555556640625 0.66923868359375 0.67862654296875 0.6666666669921875 0.6238425927734375 0.653806583984375 0.61612654296875 0.649176955078125 0.6176697529296875 0.6404320986328125 0.616512345703125 0.636831275390625 0.619212962890625 0.633230453125 0.619212962890625 0.6296296298828125 0.624614197265625 0.6306584365234374 0.6631944443359375 0.62705761328125 0.67862654296875 0.633230453125 0.6805555556640625 0.66512345703125 0.6805555556640625
1 0.7047325107421875 0.67862654296875 0.7052469140625 0.6689814814453126 0.7052469140625 0.625385802734375 0.7026748974609375 0.6230709873046875 0.693930041015625 0.621913580078125 0.67181069921875 0.622685185546875 0.668209876953125 0.624614197265625 0.6676954736328125 0.67862654296875 0.67181069921875 0.6801697529296875 0.7026748974609375 0.6797839501953125 0.7047325107421875 0.67862654296875
1 0.7453703701171875 0.67862654296875 0.7433127568359374 0.6238425927734375 0.740226337890625 0.6211419755859375 0.7134773662109375 0.6180555556640625 0.7078189296875 0.6211419755859375 0.70576131640625 0.625 0.7047325107421875 0.67862654296875 0.7165637861328125 0.68132716015625 0.7422839501953125 0.6801697529296875 0.7453703701171875 0.67862654296875
1 0.7793209873046875 0.6805555556640625 0.7824074072265625 0.6751543212890625 0.7839506171875 0.6604938271484375 0.782921810546875 0.6230709873046875 0.778806583984375 0.619212962890625 0.774176955078125 0.62152777734375 0.7515432099609375 0.6211419755859375 0.74382716015625 0.6234567900390625 0.74382716015625 0.6619405859375 0.7412551435546875 0.67862654296875 0.7494855966796875 0.6809413583984375 0.7793209873046875 0.6805555556640625
1 0.8065843623046876 0.6801697529296875 0.8106995888671875 0.681712962890625 0.8245884775390625 0.67862654296875 0.82818930078125 0.672839505859375 0.827160494140625 0.6608796298828125 0.8297325107421875 0.6180555556640625 0.8225308642578125 0.605709876953125 0.8194444443359375 0.6033950615234375 0.8065843623046876 0.6018518515625 0.7962962958984375 0.6068672841796875 0.7937242802734376 0.6122685185546874 0.7916666669921875 0.6269290126953125 0.791152263671875 0.6535493828125 0.795781892578125 0.6782407412109375 0.799897119140625 0.6805555556640625 0.8065843623046876 0.6801697529296875
1 0.8585390947265625 0.6805555556640625 0.8616255146484375 0.679012345703125 0.8636831279296875 0.636959876953125 0.8605967080078125 0.6114969140625 0.8533950615234375 0.6041666669921875 0.8410493828125 0.6018518515625 0.8353909462890625 0.6033950615234375 0.8302469140625 0.613040123046875 0.8276748974609375 0.6577932099609375 0.8302469140625 0.6774691357421875 0.8343621396484375 0.6805555556640625 0.8585390947265625 0.6805555556640625
1 0.880144033203125 0.6805555556640625 0.8837448564453125 0.6847993828125 0.883230453125 0.6836419755859375 0.88786008203125 0.6809413583984375 0.8904320986328125 0.67322530859375 0.8924897119140625 0.641589505859375 0.890946501953125 0.6145833330078125 0.886831275390625 0.6060956787109375 0.8786008232421875 0.6018518515625 0.8662551435546875 0.6018518515625 0.86213991796875 0.6091820986328125 0.8636831279296875 0.6323302470703125 0.86213991796875 0.6778549384765625 0.8647119345703125 0.6797839501953125 0.880144033203125 0.6805555556640625
1 0.6738683125 0.77507716015625 0.67592592578125 0.7689043212890625 0.67592592578125 0.7480709873046875 0.6754115224609375 0.721836419921875 0.672839505859375 0.71527777734375 0.6646090537109375 0.7106481484375 0.6466049384765625 0.71257716015625 0.6399176953125 0.7145061728515625 0.6373456787109375 0.7214506171875 0.63580246875 0.772762345703125 0.6399176953125 0.776234568359375 0.66306584375 0.7766203701171875 0.6738683125 0.77507716015625
1 0.7114197529296875 0.776234568359375 0.715020576171875 0.77237654296875 0.7155349794921875 0.7399691357421875 0.7134773662109375 0.7172067900390625 0.70987654296875 0.7141203701171875 0.6970164609375 0.71257716015625 0.6815843623046876 0.713348765625 0.6764403291015625 0.715663580078125 0.6774691357421875 0.775462962890625 0.682098765625 0.7770061728515625 0.7016460908203125 0.77777777734375 0.7114197529296875 0.776234568359375
1 0.7515432099609375 0.77237654296875 0.7541152265625 0.7453703701171875 0.753086419921875 0.7202932099609375 0.74794238671875 0.7148919755859375 0.738168724609375 0.71527777734375 0.730967078125 0.712962962890625 0.727880658203125 0.7145061728515625 0.719135802734375 0.7145061728515625 0.7160493828125 0.7175925927734375 0.717078189453125 0.77507716015625 0.721193416015625 0.7766203701171875 0.7494855966796875 0.776234568359375 0.7515432099609375 0.77237654296875
1 0.7587448564453125 0.7770061728515625 0.7896090537109375 0.775848765625 0.7926954736328125 0.7430555556640625 0.7921810703125 0.72222222265625 0.79012345703125 0.716435185546875 0.78806584375 0.713348765625 0.782921810546875 0.7110339501953125 0.7592592587890625 0.7121913583984375 0.753086419921875 0.71527777734375 0.755144033203125 0.727237654296875 0.7525720166015625 0.77237654296875 0.7541152265625 0.77507716015625 0.7587448564453125 0.7770061728515625
1 0.7983539091796875 0.7770061728515625 0.817901234375 0.7770061728515625 0.820987654296875 0.7739197529296875 0.8235596708984375 0.7364969140625 0.8173868310546875 0.7033179013671875 0.808127572265625 0.6979166669921875 0.7993827158203125 0.6975308642578125 0.79423868359375 0.7006172841796875 0.7921810703125 0.712962962890625 0.7937242802734376 0.7233796298828125 0.7921810703125 0.7743055556640625 0.793209876953125 0.776234568359375 0.7983539091796875 0.7770061728515625
1 0.825102880859375 0.7773919755859375 0.850823044921875 0.776234568359375 0.8544238681640625 0.7345679013671875 0.85390946484375 0.7168209873046875 0.8436213994140624 0.6967592587890625 0.83899176953125 0.6948302470703125 0.8235596708984375 0.695987654296875 0.8194444443359375 0.7029320986328125 0.82407407421875 0.7322530859375 0.8220164609375 0.7743055556640625 0.825102880859375 0.7773919755859375
1 0.852880658203125 0.775462962890625 0.8554526748046875 0.7770061728515625 0.8765432099609375 0.7770061728515625 0.882201646484375 0.76967592578125 0.8842592587890625 0.7430555556640625 0.8842592587890625 0.7179783955078125 0.880144033203125 0.7029320986328125 0.87294238671875 0.6956018515625 0.865226337890625 0.6952160498046875 0.850823044921875 0.7037037041015625 0.848765431640625 0.706790123046875 0.8533950615234375 0.71875 0.8544238681640625 0.73032407421875 0.852880658203125 0.775462962890625
1 0.662037037109375 0.58294753125 0.66306584375 0.577160494140625 0.6615226337890625 0.528935185546875 0.6574074072265625 0.52507716015625 0.651234568359375 0.5239197529296875 0.6265432099609375 0.525462962890625 0.62294238671875 0.52777777734375 0.6224279833984375 0.5844907412109375 0.6265432099609375 0.58757716015625 0.657921810546875 0.5864197529296875 0.662037037109375 0.58294753125
1 0.7062757197265624 0.58487654296875 0.7037037041015625 0.5273919755859375 0.69907407421875 0.52507716015625 0.6723251025390625 0.5246913583984375 0.6676954736328125 0.525848765625 0.6635802470703125 0.5293209873046875 0.6635802470703125 0.58487654296875 0.668209876953125 0.5864197529296875 0.6846707822265625 0.5868055556640625 0.7062757197265624 0.58487654296875
1 0.7268518515625 0.5860339501953125 0.742798353515625 0.58487654296875 0.7443415634765626 0.5814043212890625 0.7443415634765626 0.5293209873046875 0.7412551435546875 0.5266203701171875 0.7345679013671875 0.525462962890625 0.71399176953125 0.52507716015625 0.706790123046875 0.52777777734375 0.70576131640625 0.5320216044921875 0.706790123046875 0.5717592587890625 0.7062757197265624 0.5837191357421875 0.7047325107421875 0.58487654296875 0.7268518515625 0.5860339501953125
1 0.757201646484375 0.5864197529296875 0.782921810546875 0.5860339501953125 0.78600823046875 0.5748456787109375 0.7844650205078125 0.5273919755859375 0.7782921806640625 0.5246913583984375 0.7541152265625 0.5235339501953125 0.748971193359375 0.52507716015625 0.7458847734375 0.528935185546875 0.7443415634765626 0.5814043212890625 0.7433127568359374 0.5833333330078125 0.7376543212890625 0.58487654296875 0.757201646484375 0.5864197529296875
0 0.1767578125 0.7900390625 0.17578125 0.783203125 0.177734375 0.78125 0.2021484375 0.78125 0.2041015625 0.783203125 0.203125 0.791015625 0.177734375 0.7900390625
0 0.5107421875 0.6826171875 0.515625 0.6875 0.515625 0.6923828125 0.5126953125 0.6953125 0.4931640625 0.6953125 0.4873046875 0.6923828125 0.486328125 0.685546875 0.48828125 0.6826171875 0.509765625 0.6826171875
0 0.2177734375 0.5009765625 0.234375 0.501953125 0.2353515625 0.51171875 0.232421875 0.513671875 0.2060546875 0.5126953125 0.2060546875 0.501953125 0.216796875 0.5009765625
0 0.1083984375 0.69189453125 0.0302734375 0.013671875
0 0.798828125 0.2333984375 0.7998046875 0.2431640625 0.796875 0.24609375 0.7685546875 0.24609375 0.767578125 0.2421875 0.7685546875 0.234375 0.7705078125 0.2333984375 0.7978515625 0.2333984375
0 0.6376953125 0.35546875 0.640625 0.357421875 0.640625 0.3671875 0.6357421875 0.369140625 0.6123046875 0.3681640625 0.611328125 0.357421875 0.6142578125 0.35546875 0.63671875 0.35546875
0 0.1025390625 0.3017578125 0.107421875 0.3037109375 0.1064453125 0.314453125 0.0859375 0.3154296875 0.0771484375 0.3134765625 0.078125 0.302734375 0.1015625 0.3017578125
0 0.49609375 0.357421875 0.5205078125 0.3583984375 0.51953125 0.369140625 0.5087890625 0.37109375 0.4892578125 0.3701171875 0.4873046875 0.359375 0.4951171875 0.357421875
0 0.5166015625 0.2978515625 0.51953125 0.302734375 0.51953125 0.3095703125 0.505859375 0.3125 0.48828125 0.3115234375 0.4873046875 0.2998046875 0.494140625 0.296875 0.515625 0.2978515625
0 0.873046875 0.2314453125 0.875 0.2333984375 0.875 0.2421875 0.8701171875 0.24609375 0.8447265625 0.24609375 0.841796875 0.244140625 0.8427734375 0.234375 0.8447265625 0.232421875 0.8720703125 0.232421875
0 0.798828125 0.2998046875 0.03173828125 0.01513671875
0 0.3603515625 0.7802734375 0.36328125 0.783203125 0.36328125 0.7890625 0.359375 0.791015625 0.3388671875 0.791015625 0.3349609375 0.7861328125 0.3359375 0.78125 0.3388671875 0.7802734375 0.359375 0.7802734375
0 0.2861328125 0.4306640625 0.2939453125 0.4326171875 0.2939453125 0.4423828125 0.265625 0.4423828125 0.265625 0.431640625 0.28515625 0.431640625
0 0.1435546875 0.595703125 0.1455078125 0.59375 0.1591796875 0.5927734375 0.1728515625 0.59375 0.173828125 0.6025390625 0.171875 0.6044921875 0.146484375 0.6044921875 0.14453125 0.5966796875
0 0.1953125 0.2412109375 0.2255859375 0.2412109375 0.2265625 0.2431640625 0.2255859375 0.2529296875 0.2001953125 0.25390625 0.1953125 0.2509765625 0.1953125 0.2421875
0 0.912109375 0.232421875 0.9140625 0.234375 0.9140625 0.2421875 0.9111328125 0.2451171875 0.8828125 0.244140625 0.8828125 0.234375 0.884765625 0.232421875 0.9111328125 0.232421875
0 0.1337890625 0.2412109375 0.1611328125 0.2412109375 0.1650390625 0.2490234375 0.1650390625 0.2529296875 0.1630859375 0.25390625 0.138671875 0.2548828125 0.1337890625 0.2529296875 0.1337890625 0.2421875
0 0.818359375 0.779296875 0.822265625 0.78125 0.822265625 0.7890625 0.818359375 0.791015625 0.796875 0.791015625 0.7939453125 0.7880859375 0.7939453125 0.78125 0.796875 0.779296875 0.8173828125 0.779296875
0 0.248046875 0.359375 0.279296875 0.3603515625 0.279296875 0.369140625 0.2763671875 0.37109375 0.25 0.37109375 0.248046875 0.369140625 0.248046875 0.3603515625
0 0.4658203125 0.5908203125 0.4677734375 0.5927734375 0.4677734375 0.599609375 0.46484375 0.6025390625 0.4404296875 0.6025390625 0.4384765625 0.6005859375 0.439453125 0.5908203125 0.46484375 0.5908203125
0 0.2724609375 0.5927734375 0.2744140625 0.59765625 0.2724609375 0.603515625 0.2548828125 0.6044921875 0.2451171875 0.6025390625 0.2451171875 0.59375 0.271484375 0.5927734375
0 0.79638671875 0.6875 0.029296875 0.01318359375
0 0.1201171875 0.78125 0.123046875 0.783203125 0.123046875 0.7900390625 0.1201171875 0.791015625 0.0947265625 0.7900390625 0.0947265625 0.783203125 0.0966796875 0.78125 0.119140625 0.78125
0 0.369140625 0.30615234375 0.03173828125 0.0146484375
0 0.267578125 0.6904296875 0.029296875 0.01318359375
0 0.5537109375 0.2490234375 0.5546875 0.2373046875 0.5830078125 0.2373046875 0.583984375 0.2412109375 0.5830078125 0.2490234375 0.5546875 0.2490234375
0 0.3486328125 0.591796875 0.3505859375 0.5947265625 0.3505859375 0.6015625 0.3486328125 0.603515625 0.3212890625 0.6025390625 0.3212890625 0.5927734375 0.3232421875 0.591796875 0.34765625 0.591796875
0 0.1826171875 0.4326171875 0.2119140625 0.4326171875 0.212890625 0.4345703125 0.212890625 0.4423828125 0.2099609375 0.4443359375 0.185546875 0.4443359375 0.1826171875 0.4423828125 0.1826171875 0.43359375
0 0.3427734375 0.359375 0.3662109375 0.3583984375 0.373046875 0.361328125 0.3720703125 0.37109375 0.3447265625 0.37109375 0.3427734375 0.369140625 0.3427734375 0.3603515625
0 0.884765625 0.4970703125 0.8857421875 0.505859375 0.8818359375 0.5087890625 0.8564453125 0.5087890625 0.8544921875 0.50390625 0.857421875 0.4970703125 0.8837890625 0.4970703125
0 0.732421875 0.234375 0.7333984375 0.24609375 0.7255859375 0.248046875 0.7060546875 0.248046875 0.703125 0.24609375 0.703125 0.2373046875 0.70703125 0.234375 0.7314453125 0.234375
0 0.0947265625 0.361328125 0.0966796875 0.3701171875 0.0947265625 0.373046875 0.08984375 0.3740234375 0.0654296875 0.373046875 0.0654296875 0.3623046875 0.0810546875 0.359375 0.09375 0.361328125
0 0.888671875 0.3515625 0.890625 0.353515625 0.890625 0.359375 0.888671875 0.36328125 0.884765625 0.3642578125 0.861328125 0.3642578125 0.859375 0.36328125 0.859375 0.353515625 0.861328125 0.3515625 0.8876953125 0.3515625
0 0.6923828125 0.3564453125 0.6962890625 0.3544921875 0.7236328125 0.35546875 0.7236328125 0.365234375 0.720703125 0.3671875 0.6953125 0.3671875 0.693359375 0.3662109375 0.693359375 0.357421875
0 0.6435546875 0.2373046875 0.646484375 0.2353515625 0.673828125 0.236328125 0.673828125 0.2470703125 0.66796875 0.2490234375 0.6474609375 0.2490234375 0.6435546875 0.244140625 0.6435546875 0.23828125
0 0.359375 0.68359375 0.361328125 0.693359375 0.3544921875 0.6962890625 0.3349609375 0.6953125 0.333984375 0.6845703125 0.3583984375 0.68359375
0 0.1103515625 0.59375 0.1123046875 0.595703125 0.1123046875 0.6025390625 0.109375 0.60546875 0.0869140625 0.60546875 0.083984375 0.603515625 0.0830078125 0.5966796875 0.0849609375 0.59375 0.109375 0.59375
0 0.45703125 0.779296875 0.470703125 0.78125 0.4716796875 0.787109375 0.4658203125 0.7900390625 0.4453125 0.7900390625 0.443359375 0.7880859375 0.4443359375 0.7802734375 0.4560546875 0.779296875
0 0.3251953125 0.2412109375 0.3525390625 0.2392578125 0.35546875 0.2431640625 0.35546875 0.2509765625 0.353515625 0.2529296875 0.328125 0.2529296875 0.3251953125 0.25 0.3251953125 0.2421875
0 0.5341796875 0.58984375 0.5361328125 0.599609375 0.525390625 0.6015625 0.5078125 0.6005859375 0.5078125 0.5908203125 0.533203125 0.58984375
0 0.513671875 0.4306640625 0.515625 0.4326171875 0.515625 0.4384765625 0.5126953125 0.4423828125 0.49609375 0.443359375 0.4853515625 0.4423828125 0.484375 0.4345703125 0.486328125 0.4306640625 0.5126953125 0.4306640625
0 0.5048828125 0.5 0.5068359375 0.50390625 0.505859375 0.5126953125 0.4794921875 0.5126953125 0.4775390625 0.5107421875 0.4775390625 0.501953125 0.4794921875 0.5 0.50390625 0.5
0 0.3837890625 0.24560546875 0.03125 0.015625
0 0.45068359375 0.68896484375 0.02880859375 0.01220703125
0 0.033203125 0.2548828125 0.03125 0.244140625 0.0390625 0.2412109375 0.060546875 0.2421875 0.0634765625 0.2548828125 0.0341796875 0.2548828125
0 0.6416015625 0.2958984375 0.6435546875 0.296875 0.6435546875 0.306640625 0.6416015625 0.30859375 0.62890625 0.3095703125 0.61328125 0.30859375 0.6123046875 0.2978515625 0.640625 0.2958984375
0 0.513671875 0.779296875 0.5166015625 0.78125 0.5146484375 0.7900390625 0.490234375 0.7900390625 0.48828125 0.7880859375 0.490234375 0.779296875 0.5126953125 0.779296875
0 0.8330078125 0.5869140625 0.8359375 0.58984375 0.8349609375 0.5986328125 0.8212890625 0.6005859375 0.8076171875 0.599609375 0.8056640625 0.5888671875 0.83203125 0.5869140625
0 0.62744140625 0.24267578125 0.03076171875 0.01416015625
0 0.1943359375 0.685546875 0.19921875 0.6865234375 0.2001953125 0.69140625 0.19921875 0.6962890625 0.1962890625 0.697265625 0.17578125 0.697265625 0.171875 0.6953125 0.171875 0.6865234375 0.193359375 0.685546875
0 0.8828125 0.2919921875 0.884765625 0.29296875 0.884765625 0.302734375 0.8828125 0.3046875 0.8701171875 0.3056640625 0.85546875 0.3046875 0.8544921875 0.2939453125 0.859375 0.2919921875 0.8818359375 0.2919921875
0 0.7802734375 0.353515625 0.802734375 0.3525390625 0.8095703125 0.353515625 0.810546875 0.3564453125 0.8095703125 0.36328125 0.806640625 0.365234375 0.783203125 0.3662109375 0.779296875 0.36328125 0.7802734375 0.3544921875
0 0.4423828125 0.2392578125 0.4716796875 0.2392578125 0.47265625 0.2412109375 0.47265625 0.2509765625 0.470703125 0.2529296875 0.4580078125 0.2529296875 0.443359375 0.251953125 0.44140625 0.2490234375 0.4423828125 0.240234375
0 0.248046875 0.78125 0.2734375 0.78125 0.2763671875 0.78515625 0.275390625 0.7900390625 0.2724609375 0.791015625 0.2509765625 0.791015625 0.248046875 0.7900390625 0.248046875 0.7822265625
0 0.87548828125 0.431640625 0.03173828125 0.013671875
0 0.50732421875 0.24462890625 0.03173828125 0.013671875