1 0.07312630078125 0.1963349345703125 0.07153120703125 0.1896487373046875 0.0356106904296875 0.1871369306640625 0.020702421875 0.1864811875 0.017365306640625 0.2342041591796875 0.0421041669921875 0.23438708984375 0.0605237509765625 0.2364486025390625 0.070948228515625 0.2348570849609375 0.07312630078125 0.1963349345703125
1 0.1159439755859375 0.2403239619140625 0.1330663193359375 0.238814060546875 0.1443287119140625 0.2399883486328125 0.1480786005859375 0.2232338056640625 0.147990591796875 0.194995298828125 0.1192810908203125 0.192600990234375 0.109423587890625 0.1934586650390625 0.1059391845703125 0.191668033203125 0.0997006455078125 0.192392025390625 0.0792284609375 0.190186982421875 0.0750156103515625 0.191439369140625 0.0718650625 0.2291200283203125 0.0739733056640625 0.2358421083984375 0.1159439755859375 0.2403239619140625
1 0.1745507509765625 0.2428751689453125 0.2249471220703125 0.244852248046875 0.2271881083984375 0.2423017412109375 0.2265025771484375 0.2004853916015625 0.2209655732421875 0.198551228515625 0.1542291318359375 0.194271306640625 0.1515826435546875 0.1952464794921875 0.1498817197265625 0.197448005859375 0.1502370322265625 0.21448961328125 0.1471366728515625 0.236704 0.14946021484375 0.240347177734375 0.1745507509765625 0.2428751689453125
1 0.306067775390625 0.2056623876953125 0.2846231142578125 0.2026158525390625 0.2511337880859375 0.2022077734375 0.2327142041015625 0.20014626171875 0.228987591796875 0.20181939453125 0.2287275595703125 0.242409390625 0.2320774013671875 0.2461243349609375 0.2550076884765625 0.250048244140625 0.306484185546875 0.25132736328125 0.308586974609375 0.236004623046875 0.306067775390625 0.2056623876953125
1 0.375380876953125 0.2542113662109375 0.3829973935546875 0.2559042001953125 0.3856977060546875 0.25415930078125 0.3851467353515625 0.210418638671875 0.3724525400390625 0.2075972509765625 0.3539791318359375 0.2063054638671875 0.3112261904296875 0.2056363544921875 0.3091197646484375 0.2062625478515625 0.3088775546875 0.2097263115234375 0.308752083984375 0.248391994140625 0.3106432119140625 0.2508447021484375 0.375380876953125 0.2542113662109375
1 0.460752201171875 0.2574738994140625 0.46342196484375 0.24141731640625 0.4633608681640625 0.2127939462890625 0.3930054619140625 0.2086477060546875 0.3881718115234375 0.2114036611328125 0.3861821259765625 0.2472317724609375 0.3891551962890625 0.256334794921875 0.407250015625 0.255666384765625 0.4205111845703125 0.2577539296875 0.4549460751953125 0.25938836328125 0.460752201171875 0.2574738994140625
1 0.4884354013671875 0.2597964423828125 0.5005895341796875 0.26296680859375 0.50477547265625 0.2620992841796875 0.5401828388671875 0.264575208984375 0.54231617578125 0.2635641533203125 0.5458471298828125 0.2351919638671875 0.5447902822265625 0.2208085126953125 0.5419805029296875 0.2167445888671875 0.507193935546875 0.2127650966796875 0.4716789208984375 0.211828623046875 0.465872794921875 0.2137430859375 0.4639656630859375 0.255764884765625 0.466289205078125 0.2594080625 0.4884354013671875 0.2597964423828125
1 0.47856189453125 0.3051286220703125 0.493227953125 0.3092481298828125 0.5122683359375 0.3098060732421875 0.522936841796875 0.31209906640625 0.5358194228515625 0.3122264150390625 0.5390597978515625 0.3101325361328125 0.5418928515625 0.29911505078125 0.54358650390625 0.267520427734375 0.542181615234375 0.265488466796875 0.5001032958984375 0.2625460634765625 0.49046108984375 0.2603248369140625 0.4729063330078125 0.2606442666015625 0.467613357421875 0.26259461328125 0.4661386396484375 0.3058068818359375 0.47856189453125 0.3051286220703125
1 0.387086591796875 0.300665767578125 0.3889238955078125 0.303888201171875 0.4386994677734375 0.3073688486328125 0.4552548359375 0.3065927900390625 0.459306212890625 0.3076495791015625 0.46305973828125 0.305591583984375 0.4652414462890625 0.2817659814453125 0.462508767578125 0.2618509208984375 0.4589974521484375 0.26044515234375 0.4152720341796875 0.25893455078125 0.3958530625 0.2564164111328125 0.3901814970703125 0.2564065615234375 0.3880212470703125 0.25780248046875 0.3864854326171875 0.2723913779296875 0.387086591796875 0.300665767578125
1 0.3851972822265625 0.305561333984375 0.3840185986328125 0.3445401123046875 0.3867476416015625 0.3497586259765625 0.450459005859375 0.353053525390625 0.4598840966796875 0.3510053798828125 0.46176976953125 0.3314132666015625 0.4601172158203125 0.31080024609375 0.452095197265625 0.307532080078125 0.3851972822265625 0.305561333984375
1 0.3854394921875 0.3020975703125 0.3852940224609375 0.2599322412109375 0.382430419921875 0.2566380419921875 0.34448421484375 0.25359783984375 0.309482349609375 0.2526972490234375 0.30778142578125 0.25489877734375 0.3074602978515625 0.26686540234375 0.3079807197265625 0.296294380859375 0.3098449345703125 0.299131951171875 0.3812266416015625 0.30334995703125 0.3854394921875 0.3020975703125
1 0.2667134033203125 0.29650264453125 0.2825134111328125 0.2991544677734375 0.302633919921875 0.2990144521484375 0.3058204697265625 0.2976902998046875 0.30778142578125 0.25489877734375 0.3064034482421875 0.252481951171875 0.30121812109375 0.25289284765625 0.285445025390625 0.249856162109375 0.2539275634765625 0.250746203125 0.2299709755859375 0.2467505283203125 0.22624436328125 0.24842366015625 0.226902982421875 0.290624873046875 0.2287671982421875 0.293462443359375 0.2667134033203125 0.29650264453125
1 0.2023146884765625 0.244043123046875 0.156509755859375 0.242773853515625 0.148651029296875 0.2445447841796875 0.1469573779296875 0.2761394072265625 0.1483102607421875 0.2862893681640625 0.1697280087890625 0.289720765625 0.2242564951171875 0.2916000458984375 0.2252791591796875 0.2769752646484375 0.2231654619140625 0.24820836328125 0.2023146884765625 0.244043123046875
1 0.0727586201171875 0.2384643818359375 0.0703903447265625 0.272332296875 0.0722294658203125 0.2829030029296875 0.0895151005859375 0.2864322001953125 0.1451237109375 0.287613521484375 0.1466522529296875 0.24363152734375 0.1354705966796875 0.2413026513671875 0.0919335634765625 0.2370980126953125 0.0727586201171875 0.2384643818359375
1 0.0533396474609375 0.2359462412109375 0.0322197509765625 0.2356296279296875 0.0254142373046875 0.2370874619140625 0.017257658203125 0.235743609375 0.014082015625 0.2811574052734375 0.0473829560546875 0.2842595224609375 0.0690429150390625 0.28422715625 0.0705983701171875 0.23986030078125 0.0533396474609375 0.2359462412109375
1 0.0688276171875 0.2873060576171875 0.0643169140625 0.28544366015625 0.0171070927734375 0.282142427734375 0.014001279296875 0.2823119931640625 0.0108256376953125 0.3277257890625 0.0426140390625 0.3303353955078125 0.0678660498046875 0.330554208984375 0.069538244140625 0.3213892705078125 0.0688276171875 0.2873060576171875
1 0.0683093720703125 0.375834322265625 0.0699833837890625 0.374017658203125 0.0708983994140625 0.360932328125 0.0676776640625 0.333248248046875 0.044207314453125 0.329673318359375 0.0410476767578125 0.3306126083984375 0.01341830078125 0.3275203408203125 0.0108256376953125 0.3277257890625 0.0075423466796875 0.37467903515625 0.0584249560546875 0.3770768603515625 0.0683093720703125 0.375834322265625
1 0.0165030146484375 0.4603894287109375 0.0214210380859375 0.47117543359375 0.0262405009765625 0.5202422578125 0.0317775048828125 0.5221764208984375 0.0481983125 0.52332467578125 0.0730179091796875 0.5223530185546875 0.077472970703125 0.5176368681640625 0.0754454638671875 0.50976019921875 0.0765201337890625 0.4870174189453125 0.0728938974609375 0.457758005859375 0.069651705078125 0.4525036103515625 0.0564712724609375 0.4492614775390625 0.0262761455078125 0.445989794921875 0.0214155830078125 0.4491306123046875 0.0157171064453125 0.449505625 0.0165030146484375 0.4603894287109375
1 0 0.52074176953125 0.0024472060546875 0.5212856806640624 0.0246741376953125 0.5205194716796875 0.025725533203125 0.5128581015625 0.020389283203125 0.449058845703125 0.0066418759765625 0.4465505556640625 0.00250976171875 0.4466483544921875 0 0.4825396162109375 0 0.52074176953125
1 0.0831856328125 0.465439076171875 0.0868405986328125 0.5016619013671875 0.086087056640625 0.5124380556640625 0.0836576845703125 0.5176826005859375 0.0886546259765625 0.519965744140625 0.1173910390625 0.521975189453125 0.1275463955078125 0.5242322998046876 0.1256192646484375 0.4854230859375 0.1268266787109375 0.4534077177734375 0.124422400390625 0.450919126953125 0.115752671875 0.4495393916015625 0.1003581650390625 0.4484629033203125 0.085828484375 0.44976735546875 0.084181384765625 0.4511991572265625 0.0831856328125 0.465439076171875
1 0.177576544921875 0.4650781298828125 0.1749551513671875 0.458320166015625 0.1373588046875 0.45027675 0.132200390625 0.450302783203125 0.1277722421875 0.454634072265625 0.125861474609375 0.4819593212890625 0.12905893359375 0.524724810546875 0.1386742265625 0.527330900390625 0.1762956669921875 0.5276411806640625 0.1782046162109375 0.4929676572265625 0.177576544921875 0.4650781298828125
1 0.2283660498046875 0.527801595703125 0.229361802734375 0.5135616767578125 0.226026146484375 0.458023953125 0.215357640625 0.4557309599609375 0.2028805615234375 0.4571789443359375 0.1838401787109375 0.4566210009765625 0.1806267158203125 0.4583300166015625 0.179374568359375 0.527856478515625 0.1828858837890625 0.5292622470703126 0.2049513427734375 0.53080521484375 0.224612525390625 0.529859591796875 0.2283660498046875 0.527801595703125
1 0.276089021484375 0.5311387109375 0.2763563251953125 0.519941810546875 0.2735876455078125 0.463670244140625 0.2681044658203125 0.46096635546875 0.2373423642578125 0.4584285146484375 0.2326701875 0.4588752939453125 0.227782712890625 0.4624009736328125 0.23063394921875 0.5248662255859375 0.232363603515625 0.5296281103515625 0.2342816435546875 0.531695955078125 0.2738211240234375 0.534074080078125 0.276089021484375 0.5311387109375
1 0.323783263671875 0.5275124150390625 0.3224983896484375 0.46476994921875 0.320013375 0.4634359462890625 0.2799069208984375 0.4617916640625 0.27672037109375 0.46311581640625 0.2770076728515625 0.532749927734375 0.278952625 0.53443291015625 0.2907550810546875 0.5352582177734375 0.309282314453125 0.535780279296875 0.321759392578125 0.5343322939453125 0.323783263671875 0.5275124150390625
1 0.33924214453125 0.4612998515625 0.330384029296875 0.4626141552734375 0.32598279296875 0.4665605810546875 0.325593654296875 0.5311197109375 0.3309960966796875 0.5349781875 0.3696169248046875 0.535745095703125 0.3713178486328125 0.533543568359375 0.373029322265625 0.46482271484375 0.369112505859375 0.4618416123046875 0.33924214453125 0.4612998515625
1 0.4182567294921875 0.533345154296875 0.4177003056640625 0.467559669921875 0.414242814453125 0.46538417578125 0.40808501171875 0.464953580078125 0.400793259765625 0.465990669921875 0.3787547119140625 0.46406283984375 0.3755143369140625 0.46615671875 0.373598115234375 0.471437146484375 0.3723441494140625 0.5336153349609375 0.379312955078125 0.53719659765625 0.41382858203125 0.5376764423828125 0.4182567294921875 0.533345154296875
1 0.423334408203125 0.534473708984375 0.42576559765625 0.5365774375 0.4313564267578125 0.537741875 0.46427877734375 0.538883796875 0.46643902734375 0.5374878779296876 0.4683479775390625 0.502814353515625 0.4674489658203125 0.4714251796875 0.465557837890625 0.4689724716796875 0.4593192978515625 0.4696964638671875 0.434255673828125 0.466783611328125 0.42442508203125 0.4672564228515625 0.42280489453125 0.4683033623046875 0.421895333984375 0.5034335146484376 0.423334408203125 0.534473708984375
1 0.46950156640625 0.4715687109375 0.4694910166015625 0.5380880380859375 0.509543646484375 0.5405020458984375 0.5112445703125 0.53830051953125 0.513286263671875 0.4943544091796875 0.510795794921875 0.4709755849609375 0.4870563232421875 0.4712492822265625 0.47220187890625 0.4698238134765625 0.46950156640625 0.4715687109375
1 0.146882095703125 0.29933881640625 0.143395875 0.2901999111328125 0.12300442578125 0.286840279296875 0.1091224580078125 0.2862563017578125 0.0913160849609375 0.28771837109375 0.0745260947265625 0.286931044921875 0.0713126318359375 0.288640060546875 0.07015904296875 0.319885703125 0.07259205078125 0.329337705078125 0.0960893125 0.3325277724609375 0.145486294921875 0.33404822265625 0.146882095703125 0.29933881640625
1 0.1439308408203125 0.3784150791015625 0.1470042880859375 0.3565855546875 0.1467566240234375 0.338004498046875 0.14529791015625 0.3367422607421875 0.101760876953125 0.3325376220703125 0.073996939453125 0.33136966796875 0.071350453125 0.3323448408203125 0.0719821591796875 0.3749309150390625 0.0918873701171875 0.3778698017578125 0.1099283642578125 0.3779711171875 0.132453150390625 0.3803196923828125 0.1439308408203125 0.3784150791015625
1 0.157466228515625 0.288089849609375 0.1490405263671875 0.2905946240234375 0.1471835830078125 0.3171501474609375 0.1501046474609375 0.3343711689453125 0.2008257841796875 0.339078169921875 0.2137083642578125 0.33920551953125 0.2205138779296875 0.33774768359375 0.2225915732421875 0.330158080078125 0.2233953037109375 0.3039156513671875 0.2209892080078125 0.294078787109375 0.2108876767578125 0.2910519521484375 0.2046760498046875 0.29139108203125 0.2027041845703125 0.2900929619140625 0.2030002197265625 0.28585947265625 0.1978687177734375 0.2855006435546875 0.195006931640625 0.2895547177734375 0.1829622666015625 0.2921931728515625 0.157466228515625 0.288089849609375
1 0.2213896142578125 0.3842182685546875 0.2237651611328125 0.3797434482421875 0.2237560712890625 0.343002080078125 0.21157502734375 0.3402165751953125 0.172116283203125 0.3366838623046875 0.1515633623046875 0.33563340625 0.1478636611328125 0.33692167578125 0.149543126953125 0.3571498330078125 0.1470617490234375 0.3705123779296875 0.1489816064453125 0.37992849609375 0.1986226181640625 0.38533345703125 0.2213896142578125 0.3842182685546875
1 0.3042864736328125 0.3196274716796875 0.303310361328125 0.30408943359375 0.3014192333984375 0.3016367255859375 0.2321977763671875 0.2960227998046875 0.225851587890625 0.2982862431640625 0.224672904296875 0.3372650224609375 0.227401947265625 0.34248353515625 0.2761149013671875 0.343956154296875 0.29675796484375 0.346173146484375 0.301483966796875 0.344956642578125 0.3042864736328125 0.3196274716796875
1 0.225808671875 0.343145611328125 0.2241419326171875 0.37435537109375 0.226061791015625 0.383771490234375 0.229438544921875 0.387101572265625 0.27916029296875 0.3913519443359375 0.293176822265625 0.3900116083984375 0.3008202509765625 0.391319578125 0.30400680078125 0.38999542578125 0.3039977119140625 0.3532540556640625 0.2997023056640625 0.3483127578125 0.28792676171875 0.3471025869140625 0.2824166708984375 0.344783560546875 0.2567322470703125 0.343374275390625 0.254787294921875 0.34169129296875 0.24695548046875 0.3430773623046875 0.22845516015625 0.3421704384765625 0.225808671875 0.343145611328125
1 0.3830693984375 0.3286172119140625 0.3824987880859375 0.314654505859375 0.379579541015625 0.3047817587890625 0.363725708984375 0.302899662109375 0.3419850146484375 0.3040866162109375 0.3164351513671875 0.300753017578125 0.3064699990234375 0.3031501435546875 0.305237490234375 0.3428986474609375 0.3070747939453125 0.3461210810546875 0.38002286328125 0.3500618720703125 0.3817507001953125 0.347475482421875 0.3830693984375 0.3286172119140625
1 0.3260613525390625 0.34744875 0.3136919228515625 0.3473572841796875 0.306832583984375 0.34958484375 0.3051945751953125 0.3877580146484375 0.3070318779296875 0.3909804482421875 0.3336618662109375 0.393616087890625 0.3791420322265625 0.3921554365234375 0.3819714521484375 0.36644140234375 0.3762693388671875 0.3521198681640625 0.3260613525390625 0.34744875
1 0.46422241796875 0.311087310546875 0.4616657578125 0.347649263671875 0.462962998046875 0.351220677734375 0.533804642578125 0.3557876630859375 0.5397667861328125 0.3295192021484375 0.5357117734375 0.3137658662109375 0.479372896484375 0.3082792900390625 0.4700823681640625 0.30840312109375 0.46422241796875 0.311087310546875
1 0.4539972333984375 0.3540744306640625 0.40983940234375 0.351373359375 0.3845604794921875 0.3515394072265625 0.382057642578125 0.3873316357421875 0.38362582421875 0.3944026953125 0.400965283203125 0.3971621669921875 0.453035666015625 0.39732258203125 0.456082201171875 0.3758779208984375 0.456428423828125 0.3561781591796875 0.4539972333984375 0.3540744306640625
1 0.4592203818359375 0.397368314453125 0.4950870732421875 0.40064984765625 0.4972204111328125 0.399638791015625 0.5265237978515624 0.40091439453125 0.5310003173828125 0.3737685595703125 0.533375865234375 0.3692937392578125 0.53161748046875 0.3575684443359375 0.4963177626953125 0.3535530693359375 0.4828412958984375 0.35454442578125 0.46593425 0.35297542578125 0.45964188671875 0.3544691435546875 0.45802169921875 0.35551608203125 0.456843015625 0.394494861328125 0.4592203818359375 0.397368314453125
1 0.6089304248046875 0.2105973359375 0.60212491015625 0.212055169921875 0.5895689130859375 0.222006017578125 0.578823306640625 0.23556416015625 0.5791768017578125 0.2452574931640625 0.5751039658203125 0.2666303876953125 0.576914357421875 0.27023768359375 0.58004708203125 0.269683255859375 0.59630278125 0.258444138671875 0.643431865234375 0.2628999599609375 0.6676306630859375 0.2634318701171875 0.6716282158203125 0.265258384765625 0.674787853515625 0.2643190947265625 0.6765426025390625 0.261347841796875 0.6810962216796875 0.2183508720703125 0.6781787939453126 0.2158263974609375 0.6659439248046874 0.213810619140625 0.64838916796875 0.214130048828125 0.6192472529296875 0.21054526953125 0.6089304248046875 0.2105973359375
1 0.7182710625 0.2692934599609375 0.7291279541015625 0.2688924140625 0.7470074755859375 0.2713029052734375 0.7528136015625 0.26938844140625 0.755829587890625 0.2336320966796875 0.7558277705078125 0.2262838232421875 0.7539635546875 0.223446251953125 0.749966001953125 0.22161973828125 0.6842558603515625 0.21741158203125 0.6821225224609375 0.2184226376953125 0.6811249521484375 0.225314283203125 0.6789468798828125 0.26383643359375 0.683970734375 0.2657347138671875 0.7182710625 0.2692934599609375
1 0.7584044287109375 0.2705528798828125 0.7952705087890625 0.274291041015625 0.809746365234375 0.2737563134765625 0.8240607470703125 0.27553076171875 0.82827359765625 0.274278375 0.831969662109375 0.258293556640625 0.8336651318359375 0.2340472080078125 0.8318547412109375 0.2304399130859375 0.8201599345703126 0.228075154296875 0.7816198427734375 0.2261536572265625 0.7709513369140625 0.2238606640625 0.7642534716796875 0.223779048828125 0.758393521484375 0.2264632373046875 0.755406265625 0.269182994140625 0.7584044287109375 0.2705528798828125
1 0.90453732421875 0.25292587890625 0.9038106943359375 0.2633171708984375 0.8965745849609374 0.27093280859375 0.89646875390625 0.279820533203125 0.912026552734375 0.2859361201171875 0.97465779296875 0.289928978515625 0.9783844052734375 0.288255845703125 0.982101927734375 0.24984134375 0.978671349609375 0.2472809873046875 0.9582529892578125 0.24430621875 0.95352698828125 0.24552272265625 0.9150945458984375 0.242061775390625 0.898729380859375 0.2474920693359375 0.9022676083984374 0.248512974609375 0.90453732421875 0.25292587890625
1 1 0.246200720703125 0.9911484287109374 0.2458330029296875 0.9854230390625 0.2465928779296875 0.98428908984375 0.2480605625 0.982435783203125 0.289312634765625 0.9854070361328126 0.2910673837890625 0.9936174384765625 0.2916415107421875 1 0.2915187177734375 1 0.246200720703125
1 1 0.29151046484375 0.9848938857421875 0.2910315009765625 0.9822473974609375 0.292006673828125 0.980411912109375 0.2961325146484375 0.9772882763671875 0.3334283095703125 0.9786124296875 0.3366148603515625 1 0.3368754755859375 1 0.29151046484375
1 0.9458246396484375 0.3335486259765625 0.95187479296875 0.335518671875 0.9724815390625 0.3357994033203125 0.9766656591796875 0.327583603515625 0.978791724609375 0.297179453125 0.975414970703125 0.29384937109375 0.9582100732421875 0.2891655869140625 0.9227488828125 0.2874593876953125 0.9113250166015625 0.2885942763671875 0.9086516162109375 0.2899543115234375 0.906473544921875 0.3284764619140625 0.9083108486328125 0.33169889453125 0.9458246396484375 0.3335486259765625
1 0.9007212431640625 0.32962119921875 0.9055818056640625 0.3264803828125 0.9080577294921875 0.2910730166015625 0.90322226171875 0.2864806982421875 0.88874640625 0.28701542578125 0.8739726982421875 0.284435369140625 0.840483373046875 0.2840272890625 0.835622810546875 0.287168107421875 0.8343561181640625 0.29790837890625 0.8323897080078125 0.3186550810546875 0.833904064453125 0.326495865234375 0.88367963671875 0.3299765126953125 0.9007212431640625 0.32962119921875
1 0.832246056640625 0.283838025390625 0.82959775 0.277464923828125 0.8152564560546876 0.27607533984375 0.7909500107421875 0.27708287890625 0.760781794921875 0.2734263330078125 0.7580545703125 0.2755560947265625 0.756084525390625 0.2816062490234375 0.75171747265625 0.3145609072265625 0.7554997275390625 0.319466322265625 0.8269352587890625 0.3229146025390625 0.8300930791015625 0.3146270390625 0.832246056640625 0.283838025390625
1 0.6730171015625 0.3117648525390625 0.6749620537109375 0.3134478359375 0.67898651953125 0.3148894873046875 0.696856634765625 0.314978853515625 0.745642224609375 0.3203239970703125 0.747910123046875 0.317388626953125 0.7490691669921875 0.308187806640625 0.75284233203125 0.2763518525390625 0.7514912666015625 0.2735501650390625 0.7398233720703125 0.2708005439453125 0.68132424609375 0.26670988671875 0.6781376953125 0.2680340400390625 0.675979263671875 0.2767782314453125 0.6749871474609375 0.3057146982421875 0.6730171015625 0.3117648525390625
1 0.573702712890625 0.2792949736328125 0.570629265625 0.30112449609375 0.5719534189453125 0.304311046875 0.5706041708984375 0.3088576328125 0.5728469755859374 0.3136553994140625 0.5953430302734375 0.309040564453125 0.614410326171875 0.309213646484375 0.66821036328125 0.3141359443359375 0.6709645009765625 0.3116213212890625 0.6739248447265626 0.2692864267578125 0.6710612412109375 0.2659922275390625 0.5997602705078126 0.2606196337890625 0.5965198974609375 0.26271351171875 0.5955492392578124 0.2692202939453125 0.5858819384765624 0.274732203125 0.57694126953125 0.2698528203125 0.573702712890625 0.2792949736328125
1 0.567015755859375 0.3233029990234375 0.5648860537109375 0.339010603515625 0.5650511640625 0.3513979755859375 0.567320880859375 0.3558108798828125 0.5895747265625 0.3546598076171875 0.597650568359375 0.357158248046875 0.6649539853515625 0.360704328125 0.6676273857421875 0.3593442919921875 0.6697589052734375 0.3509849619140625 0.6711026982421875 0.3243935546875 0.67099323046875 0.318584732421875 0.667589564453125 0.3156395126953125 0.6224323447265625 0.3124818125 0.618921029296875 0.3110760439453125 0.5930751328125 0.3119759345703125 0.5700121025390625 0.3173246123046875 0.567015755859375 0.3233029990234375
1 0.7004850048828125 0.3171662958984375 0.676853181640625 0.31590054296875 0.674099044921875 0.3184151669921875 0.672434123046875 0.3569732001953125 0.674730751953125 0.3610012412109375 0.73730816796875 0.3657638251953125 0.74732714453125 0.3625969755859375 0.7508562822265625 0.3268765126953125 0.74909971484375 0.3224994912109375 0.7004850048828125 0.3171662958984375
1 0.8272600234375 0.325644525390625 0.7579847421875 0.320800326171875 0.754231216796875 0.3228583203125 0.7509191962890625 0.36284815625 0.7537558876953125 0.366527216796875 0.8102293251953125 0.3700894794921875 0.82573148046875 0.3696265185546875 0.8315321533203125 0.345667234375 0.830069802734375 0.32970844921875 0.8272600234375 0.325644525390625
1 0.8610850224609375 0.37287216796875 0.8897945234375 0.3752664765625 0.9007321513671875 0.373710841796875 0.904989736328125 0.334947361328125 0.902585458984375 0.3324587705078125 0.837874705078125 0.3287072431640625 0.830582953125 0.32974433203125 0.830913171875 0.3545190751953125 0.8275938779296875 0.3651158154296875 0.8291082353515625 0.3729566005859375 0.8357253642578125 0.3741928046875 0.8610850224609375 0.37287216796875
1 0.97205276171875 0.349305478515625 0.9716454423828125 0.34038187109375 0.969268076171875 0.33750841796875 0.9061505986328126 0.3330948134765625 0.9029371357421875 0.334803830078125 0.90181278515625 0.3582570673828125 0.8990024970703125 0.368948958984375 0.9001651767578125 0.374444685546875 0.932412904296875 0.3778598994140625 0.9694404580078125 0.379288884765625 0.97205276171875 0.349305478515625
1 1 0.3377605751953125 0.97909866796875 0.3370356064453125 0.975345142578125 0.3390936015625 0.97365330859375 0.378036498046875 0.975625173828125 0.3793346171875 1 0.38075667578125 1 0.3377605751953125
1 0.5703746875 0.3637593134765625 0.5659465390625 0.3680906015625 0.5658407080078125 0.376978326171875 0.5723501875 0.37975398046875 0.5780755771484375 0.37899410546875 0.592015005859375 0.393504904296875 0.591557498046875 0.4000475703125 0.5955281396484375 0.402258947265625 0.6612113681640625 0.4068519658203125 0.6659642822265625 0.405250599609375 0.669654892578125 0.3672209609375 0.664333185546875 0.362207896484375 0.6227949296875 0.358916513671875 0.5984884833984375 0.359924052734375 0.5877392412109375 0.3587856474609375 0.58098755078125 0.3594737578125 0.5739667392578125 0.364010494140625 0.5703746875 0.3637593134765625
1 0.6987411640625 0.36422719140625 0.6755686669921875 0.3637670458984375 0.6728683544921875 0.3655119453125 0.6704731669921875 0.39976472265625 0.6720951728515625 0.406066056640625 0.7279478115234375 0.411131888671875 0.7424236669921875 0.41059716015625 0.746846361328125 0.3842210498046875 0.7468696376953124 0.369139640625 0.6987411640625 0.36422719140625
1 0.8166689775390625 0.418109365234375 0.8219619521484375 0.41615901953125 0.8257100234375 0.3920562021484375 0.8264079228515625 0.3747014990234375 0.82400364453125 0.372212908203125 0.8194660302734375 0.370735373046875 0.7593198037109375 0.368076517578125 0.75300052734375 0.3699550986328125 0.7497350595703125 0.37978211328125 0.7461233671875 0.409308890625 0.748500732421875 0.41218234375 0.790444490234375 0.417049060546875 0.8166689775390625 0.418109365234375
1 0.8950714951171875 0.417790634765625 0.89876210546875 0.37976099609375 0.8968440654296875 0.3776931513671875 0.865136400390625 0.37392895703125 0.84401650390625 0.37361234375 0.830486212890625 0.37537342578125 0.8271920126953125 0.378237029296875 0.8242567626953125 0.412838787109375 0.826067154296875 0.4164460830078125 0.856289193359375 0.41933290234375 0.8903185830078125 0.419392001953125 0.8950714951171875 0.417790634765625
1 0.8990959609375 0.419232287109375 0.9108176787109376 0.42121218359375 0.9570550244140625 0.423671923828125 0.9638336259765625 0.4225989521484375 0.962482560546875 0.4197972646484375 0.9643180458984375 0.415671423828125 0.9638030771484375 0.4082872666015625 0.96193886328125 0.4054496962890625 0.9646875458984375 0.3808902509765625 0.9591236298828125 0.3793409501953125 0.9118868955078125 0.3764245810546875 0.9031364296875 0.37619943359375 0.898842841796875 0.378606408203125 0.8975510556640625 0.3970798173828125 0.8990959609375 0.419232287109375
1 1 0.3818129150390625 0.99409858203125 0.380626404296875 0.9760844990234375 0.3801402265625 0.9734110986328125 0.3815002607421875 0.970848984375 0.39601739453125 0.967938828125 0.422886015625 0.97293576953125 0.4251691591796875 1 0.4261078896484375 1 0.3818129150390625
1 0.6185737060546875 0.5446454697265625 0.624715146484375 0.4789416015625 0.608104134765625 0.473139111328125 0.6028380712890625 0.474704595703125 0.5869304140625 0.4735922236328125 0.5822044140625 0.474808728515625 0.579396453125 0.4780930771484375 0.57648993359375 0.51965824609375 0.5771180048828125 0.5475477724609376 0.5785767177734376 0.5488100107421875 0.6153064189453125 0.5471242109375 0.6185737060546875 0.5446454697265625
1 0.6589241884765625 0.5501742626953126 0.6616245009765624 0.5484293642578125 0.6636752841796875 0.5412246220703125 0.6681194365234375 0.4924188291015625 0.665092541015625 0.48408553125 0.6592576845703125 0.479036583984375 0.6293873232421875 0.478494822265625 0.6272808974609375 0.4791210166015625 0.6245842216796875 0.4955624619140625 0.62005933203125 0.54552284375 0.6230036728515626 0.5476624560546876 0.6373180546875 0.5494369033203125 0.6589241884765625 0.5501742626953126
1 0.6686344052734375 0.499802984375 0.664649578125 0.54941438671875 0.7036489951171875 0.5521414912109375 0.7059168935546875 0.549206123046875 0.7082906240234375 0.5373830283203125 0.712976986328125 0.485113470703125 0.70133600390625 0.4819789873046875 0.672465029296875 0.481893853515625 0.6686344052734375 0.499802984375
1 0.746861263671875 0.553616208984375 0.7507726259765625 0.5345524912109375 0.751307234375 0.5121586904296875 0.756623486328125 0.49512693359375 0.756054693359375 0.488512501953125 0.7496528623046875 0.484197396484375 0.7435219716796875 0.4833819384765625 0.733097494140625 0.484973455078125 0.7182161376953125 0.483932849609375 0.71432805078125 0.487915158203125 0.711281515625 0.5093598193359375 0.707861845703125 0.5508891044921875 0.7098337109375 0.552187224609375 0.746861263671875 0.553616208984375
1 0.7977169609375 0.5563988974609375 0.8051574599609375 0.5016147158203125 0.8033183388671875 0.4910440087890625 0.7989152841796875 0.48764216015625 0.7670461455078125 0.486187142578125 0.7597005703125 0.48799395703125 0.75158362890625 0.537703158203125 0.750695525390625 0.550403626953125 0.75501784375 0.5549600625 0.7780019541015625 0.55811424609375 0.7929640478515625 0.5580002646484375 0.7977169609375 0.5563988974609375
1 0.8430356552734375 0.557247421875 0.8447885859375 0.5469278955078125 0.8494516708984375 0.509739748046875 0.84955568359375 0.49350375 0.8466651689453125 0.4905944140625 0.835996662109375 0.4883014208984375 0.811744041015625 0.488539234375 0.8070449521484375 0.489370876953125 0.80534402734375 0.4915724033203125 0.80036344921875 0.555423724609375 0.80379402734375 0.5579840810546876 0.8387151552734375 0.5600392587890625 0.8430356552734375 0.557247421875
1 0.90801553125 0.5571503232421875 0.913093208984375 0.558278876953125 0.936751943359375 0.5591597685546875 0.93996540625 0.5574507529296875 0.9408015029296874 0.5528682841796875 0.9458682724609375 0.5099071962890624 0.94642979296875 0.4871285322265625 0.9482383662109375 0.4833875546875 0.94229404296875 0.4725297841796875 0.9347044384765625 0.4704520888671875 0.9249007587890625 0.4705400380859375 0.9201478466796875 0.472141404296875 0.9144279111328125 0.4949461015625 0.9066644658203125 0.5543486357421875 0.90801553125 0.5571503232421875
1 0.97655691015625 0.54299271875 0.9834304345703125 0.488942380859375 0.9805111875 0.4790696318359375 0.9736769443359375 0.473564056640625 0.9557435986328126 0.4719232900390625 0.951261625 0.4770243037109375 0.948726421875 0.4911565732421875 0.9414779443359375 0.5579432646484375 0.94290974609375 0.5595903642578125 0.9685134345703125 0.5621542373046875 0.9733470830078125 0.559398283203125 0.97655691015625 0.54299271875
1 1 0.4737094931640625 0.994283689453125 0.473844787109375 0.9868842890625 0.476421326171875 0.9794688837890625 0.5234723720703125 0.9801202314453125 0.5362804892578125 0.97637216015625 0.5603833056640625 0.9802889765625 0.563364408203125 0.9962235458984375 0.5640919169921875 1 0.5100861103515625 1 0.4737094931640625
0 0.1044921875 0.3935546875 0.1103515625 0.3955078125 0.109375 0.408203125 0.0625 0.40625 0.05859375 0.404296875 0.0576171875 0.39453125 0.0615234375 0.3916015625 0.103515625 0.3935546875
0 0.3857421875 0.5576171875 0.41796875 0.5595703125 0.419921875 0.5615234375 0.419921875 0.5712890625 0.4150390625 0.5732421875 0.392578125 0.5732421875 0.3720703125 0.5703125 0.37109375 0.5595703125 0.3740234375 0.5576171875 0.384765625 0.5576171875
0 0.9375 0.5810546875 0.9755859375 0.583984375 0.9765625 0.59375 0.9736328125 0.5966796875 0.9677734375 0.59765625 0.9296875 0.5947265625 0.9296875 0.5830078125 0.9365234375 0.5810546875
0 0.0712890625 0.5458984375 0.10546875 0.548828125 0.107421875 0.55859375 0.1044921875 0.5615234375 0.0576171875 0.5595703125 0.0556640625 0.5576171875 0.0556640625 0.546875 0.0703125 0.5458984375
0 0.7333984375 0.4248046875 0.7744140625 0.4267578125 0.7802734375 0.431640625 0.7783203125 0.44140625 0.7333984375 0.439453125 0.728515625 0.4375 0.7294921875 0.427734375 0.732421875 0.4248046875
0 0.3837890625 0.4072265625 0.388671875 0.4091796875 0.412109375 0.41015625 0.4140625 0.419921875 0.4111328125 0.4248046875 0.3642578125 0.421875 0.36328125 0.4091796875 0.365234375 0.4072265625 0.3828125 0.4072265625
0 0.970703125 0.4384765625 0.9990234375 0.4404296875 0.9990234375 0.455078125 0.9638671875 0.453125 0.9619140625 0.447265625 0.962890625 0.439453125 0.9697265625 0.4384765625
0 0.7001953125 0.568359375 0.705078125 0.5703125 0.734375 0.5712890625 0.736328125 0.572265625 0.736328125 0.583984375 0.7138671875 0.5849609375 0.69140625 0.5830078125 0.6884765625 0.580078125 0.689453125 0.5703125 0.69921875 0.5693359375