1 0.0171556123046875 0 0.01446904296875 0.0769332958984375 0.02262716015625 0.07914837109375 0.036006962890625 0.0792295673828125 0.048277798828125 0.08158826171875 0.0497662119140625 0.083184388671875 0.0559756845703125 0.0822431162109375 0.0898652265625 0.084584677734375 0.09511383984375 0.081679662109375 0.0967772890625 0.078263412109375 0.09746396875 0.05859947265625 0.0949290205078125 0.0280139765625 0.0953035751953125 0.0025485732421875 0.09431131640625 0 0.0171556123046875 0
1 0.0963440869140625 0 0.098891185546875 0.017729322265625 0.098965845703125 0.0598100322265625 0.1012425263671875 0.0830517939453125 0.1129723447265625 0.086163671875 0.1329679951171875 0.0884060859375 0.1520566435546875 0.0871424873046875 0.17456888671875 0.09101693359375 0.2013015634765625 0.091950458984375 0.2036002802734375 0.0850820546875 0.2038267275390625 0.063857892578125 0.20194051171875 0.0294346748046875 0.2029683935546875 0 0.0963440869140625 0
1 0.2055419765625 0 0.20390506640625 0.04687497265625 0.2064559267578125 0.091744416015625 0.22743936328125 0.0951794365234375 0.3034842802734375 0.0989930966796875 0.3051342646484375 0.0959624140625 0.3054366064453125 0.0430858173828125 0.30761414453125 0.03968751953125 0.305865017578125 0.0160781435546875 0.307663109375 0.00880621875 0.30739846875 0 0.2055419765625 0
1 0.311459548828125 0 0.308617841796875 0.05516407421875 0.3086386435546875 0.0987870537109375 0.368598666015625 0.1062854306640625 0.3978883271484375 0.1076942861328125 0.404111263671875 0.1063674453125 0.4095410400390625 0.054055939453125 0.41142871484375 0 0.311459548828125 0
1 0.4142680654296875 0 0.4123758837890625 0.0170953212890625 0.4084798056640625 0.099185283203125 0.41028034375 0.1065828740234375 0.4518139130859375 0.11112155859375 0.503182513671875 0.1140735029296875 0.5065901962890625 0.1049275986328125 0.510302666015625 0.0575746123046875 0.509507666015625 0.03612176171875 0.5125157060546875 0.0236805810546875 0.5138511181640625 0.000178919921875 0.5087275224609376 0 0.4142680654296875 0
1 0.5131399560546875 0.035283509765625 0.5117372216796875 0.0607130087890625 0.513863349609375 0.07352649609375 0.507822787109375 0.1138495078125 0.5139380087890625 0.1156072060546875 0.5416584716796875 0.1177333388671875 0.6012659755859375 0.120586953125 0.6048621591796876 0.10604310546875 0.6120471884765625 0.032946861328125 0.6120422958984375 0.0036078310546875 0.517963837890625 0.0003225390625 0.5131399560546875 0.035283509765625
1 0.60779369921875 0.0810530302734375 0.6076480380859375 0.0999637880859375 0.6045120869140626 0.116067859375 0.6064338037109375 0.11999534375 0.621234697265625 0.1236005029296875 0.653040951171875 0.1266413896484375 0.695196326171875 0.1281134873046875 0.6990642421875 0.120527806640625 0.704916302734375 0.085602740234375 0.7148602822265625 0.007198314453125 0.6171831943359375 0.00378735546875 0.60779369921875 0.0810530302734375
1 0.8125373681640625 0.0106092734375 0.718973001953125 0.00734193359375 0.7110241875 0.0433518916015625 0.7068490380859375 0.074475140625 0.7068784130859375 0.0883735224609375 0.7047008740234375 0.0917718193359375 0.7013225654296875 0.114816103515625 0.7003910830078125 0.1267507431640625 0.7034082998046876 0.1287862939453125 0.7660330224609375 0.1336754609375 0.771120064453125 0.1353972548828125 0.7927656982421875 0.134608986328125 0.79756509765625 0.115088666015625 0.8125373681640625 0.0106092734375
1 0.9109194921875 0.023309755859375 0.9112426357421874 0.01405613671875 0.8187064482421875 0.0108247021484375 0.8130269765625 0.0260678759765625 0.80444533984375 0.0801995048828125 0.8022996220703125 0.1121656982421875 0.7976617939453124 0.1270592099609375 0.7988674560546875 0.1367522529296875 0.8302134775390625 0.13823291796875 0.86762086328125 0.14301355078125 0.8866556552734375 0.14329222265625 0.88994216015625 0.1376164267578125 0.8948492744140625 0.11501156640625 0.8998212626953125 0.0758093525390625 0.9109194921875 0.023309755859375
1 1 0.0171556123046875 0.9168976259765625 0.01425361328125 0.9060282890625 0.0601985634765625 0.89314787890625 0.134254033203125 0.89438046875 0.1431759423828125 0.8989264921875 0.14565091796875 0.927688599609375 0.147427388671875 0.9481175546875 0.15200116015625 0.982655830078125 0.150505 1 0.076741732421875 1 0.0171556123046875
1 0.88808653125 0.20549425 0.876262462890625 0.20508134375 0.868416470703125 0.208667732421875 0.84161155859375 0.3424588173828125 0.840314091796875 0.35013426171875 0.843317845703125 0.352555380859375 0.849947158203125 0.3543310322265625 0.885378970703125 0.356726451171875 0.889044921875 0.35492428125 0.891561513671875 0.3565563134765625 0.9213518017578125 0.3583686875 0.9286163818359375 0.35669218359375 0.93495805078125 0.337225720703125 0.9401613798828125 0.306138376953125 0.950788357421875 0.267133640625 0.9607910859375 0.2165259765625 0.95935653125 0.2133875791015625 0.921488912109375 0.2070467236328125 0.9013720830078125 0.2082744169921875 0.88808653125 0.20549425
1 1 0.213648767578125 0.9691646318359375 0.2125719736328125 0.96391601953125 0.2154769892578125 0.9529793603515625 0.2633497763671875 0.954117701171875 0.27497065625 0.946895958984375 0.2901599736328125 0.9404331123046875 0.31309654296875 0.9364060703125 0.3399785498046875 0.932336189453125 0.353347744140625 0.9342444423828125 0.3576607958984375 0.9372885888671875 0.358925212890625 0.9599220107421875 0.3593295517578125 0.9650090517578125 0.361051345703125 0.9768600498046875 0.3606931162109375 0.9819470908203125 0.36241491015625 1 0.3615094267578125 1 0.213648767578125
1 0.7564905048828126 0.34797915234375 0.818628064453125 0.352079232421875 0.8335501376953125 0.35221428515625 0.8372026240234375 0.350797681640625 0.8624921943359375 0.2161816044921875 0.86328903515625 0.2081026396484375 0.861787158203125 0.2068920810546875 0.817696603515625 0.20187806640625 0.78118275390625 0.20098901171875 0.776488623046875 0.20275527734375 0.77056679296875 0.2249386650390625 0.768176271484375 0.2491755576171875 0.7575113466796874 0.3040065107421875 0.7530265185546875 0.3439978115234375 0.7564905048828126 0.34797915234375
1 0.6851287216796875 0.195318505859375 0.676167638671875 0.2455765068359375 0.674345064453125 0.26828908203125 0.669004646484375 0.2885625849609375 0.661017884765625 0.34039876171875 0.6639812451171875 0.3439765830078125 0.7348583349609376 0.348381853515625 0.74515359765625 0.3483553349609375 0.749333638671875 0.3465711162109375 0.7535112333984375 0.3301173837890625 0.7549274326171875 0.30430231640625 0.760117296875 0.2736005400390625 0.7647820537109375 0.25793589453125 0.7744457265625 0.202297900390625 0.77249708203125 0.19914155078125 0.7653536806640625 0.197347947265625 0.73498198046875 0.19744545703125 0.714512634765625 0.194028388671875 0.693962501953125 0.192924724609375 0.6851287216796875 0.195318505859375
1 0.6473822822265625 0.18550754296875 0.6410381669921875 0.190304490234375 0.6005058486328125 0.1865728447265625 0.5916989970703125 0.1881954912109375 0.5856290615234375 0.21462012109375 0.5783338720703125 0.276131388671875 0.573081578125 0.338100033203125 0.576112259765625 0.339750017578125 0.6043333486328125 0.3422796708984375 0.645947705078125 0.344504951171875 0.655241716796875 0.343671392578125 0.65909616796875 0.33647127734375 0.6599578837890625 0.3117949599609375 0.664988623046875 0.3003895087890625 0.669287396484375 0.2804656689453125 0.669879826171875 0.263500701171875 0.682477486328125 0.1975421474609375 0.680569234375 0.193229095703125 0.66878555859375 0.19165948828125 0.6689202021484375 0.187803814453125 0.6654427509765625 0.1842080400390625 0.6473822822265625 0.18550754296875
1 0.5393022177734375 0.1852076416015625 0.531429296875 0.1895651650390625 0.5239603056640625 0.1823556650390625 0.5034371005859375 0.1804808662109375 0.4972276298828125 0.1814221396484375 0.4950635546875 0.184434869140625 0.494958287109375 0.202188923828125 0.4905358876953125 0.2109133564453125 0.4880915087890625 0.2366925185546875 0.48458344921875 0.2929315087890625 0.4865320947265625 0.296087857421875 0.4847340029296875 0.3033597822265625 0.4876973642578125 0.3069376044921875 0.484004484375 0.3095109091796875 0.481613962890625 0.3337478017578125 0.5668855703125 0.3386557392578125 0.570645771484375 0.3341545966796875 0.587572814453125 0.1884374384765625 0.5850562216796875 0.1868054072265625 0.577331408203125 0.1869216884765625 0.5718918486328125 0.1805551337890625 0.5631927119140625 0.1790932392578125 0.5539121650390625 0.1795412314453125 0.550692982421875 0.1832891904296875 0.5393022177734375 0.1852076416015625
1 0.451662125 0.1744264306640625 0.4475897998046875 0.173126109375 0.4188007626953125 0.1721207734375 0.398129451171875 0.174487216796875 0.39451123046875 0.21914123046875 0.392784119140625 0.327557494140625 0.4266198046875 0.3314413251953125 0.4430841474609375 0.331630234375 0.4620112236328125 0.3349934462890625 0.4764461357421875 0.334339412109375 0.4806371943359375 0.317500111328125 0.47970755078125 0.2999029345703125 0.482349607421875 0.283202560546875 0.485370505859375 0.226174482421875 0.489155189453125 0.206232689453125 0.489529744140625 0.18076728515625 0.4788415703125 0.17730574609375 0.461443298828125 0.174381958984375 0.456789560546875 0.1749915224609375 0.4537588779296875 0.1733415380859375 0.451662125 0.1744264306640625
1 0.372721169921875 0.165107111328125 0.3712462216796875 0.1631254169921875 0.367120037109375 0.163367365234375 0.36490210546875 0.1679223642578125 0.360735529296875 0.169321015625 0.33858926953125 0.169705763671875 0.325817806640625 0.166943548828125 0.303725404296875 0.16578602734375 0.29850371875 0.167919908203125 0.296171947265625 0.2199535615234375 0.298299287109375 0.321169708984375 0.30183059375 0.3232232138671875 0.326493447265625 0.3244704970703125 0.34285007421875 0.3277439462890625 0.37940431640625 0.3274762978515625 0.38614134375 0.32616741015625 0.3891291865234375 0.3143045810546875 0.3911133330078125 0.2869651962890625 0.390715529296875 0.2541381064453125 0.3925944072265625 0.24455277734375 0.3950314482421875 0.1747650693359375 0.386453490234375 0.1698330693359375 0.3845317734375 0.165905583984375 0.3793639453125 0.1664971953125 0.372721169921875 0.165107111328125
1 0.2818080380859375 0.15961612890625 0.26691289453125 0.15870994140625 0.262111048828125 0.1635607470703125 0.2462281181640625 0.1614619521484375 0.1974030390625 0.1593709052734375 0.1958203759765625 0.16047375 0.19555108984375 0.168185099609375 0.196467875 0.2303691728515625 0.2007568427734375 0.313903076171875 0.202732416015625 0.3162882900390625 0.211445017578125 0.317364615234375 0.2479454013671875 0.3186392373046875 0.2591611298828125 0.3217331630859375 0.289505900390625 0.3224067880859375 0.2937667275390625 0.318309166015625 0.29477655078125 0.2893916064453125 0.29328324609375 0.25845644921875 0.2946761962890625 0.1743488876953125 0.2928487294921875 0.167722431640625 0.2847713984375 0.163193951171875 0.2818080380859375 0.15961612890625
1 0.1001163955078125 0.306914294921875 0.105136115234375 0.3105639267578125 0.1431518408203125 0.3126635400390625 0.15540921484375 0.315407802734375 0.191909599609375 0.316682423828125 0.196644123046875 0.31375945703125 0.197656392578125 0.2995114140625 0.192708908203125 0.1611371708984375 0.1806265712890625 0.15338053125 0.14965999609375 0.155773494140625 0.0952068564453125 0.152713833984375 0.0938286044921875 0.16270268359375 0.0950379248046875 0.27546790234375 0.1001163955078125 0.306914294921875
1 0.080500212890625 0.1464097021484375 0.072788865234375 0.146140416015625 0.0655242841796875 0.147816919921875 0.06444224609375 0.14932328515625 0.0453401328125 0.1509724501953125 0.0140345048828125 0.1483350830078125 0.0119646806640625 0.1486488408203125 0.0066328134765625 0.30133355078125 0.0352468125 0.3073512626953125 0.0610051669921875 0.30670661328125 0.0696639091796875 0.3093252099609375 0.0912556865234375 0.3100792119140625 0.09547612109375 0.307138291015625 0.096246033203125 0.2998304619140625 0.092846921875 0.279251767578125 0.0942361923828125 0.2542078359375 0.090942349609375 0.2158750869140625 0.09224594140625 0.163805529296875 0.0896326533203125 0.150202953125 0.080500212890625 0.1464097021484375
1 0.0862726787109375 0.3643365068359375 0.08738164453125 0.3620590068359375 0.085365677734375 0.3608304951171875 0.08224074609375 0.3618794833984375 0.0800497431640625 0.36566334765625 0.0707018740234375 0.36803917578125 0.0625437568359375 0.3658241005859375 0.04764861328125 0.3649179130859375 0.041412212890625 0.3666303212890625 0.033227166015625 0.3651863798828125 0.016194876953125 0.3665217880859375 0.0165510537109375 0.474238724609375 0.0208840947265625 0.4975522958984375 0.02544358203125 0.4996417060546875 0.028393478515625 0.5036050947265625 0.0474551982421875 0.5031126318359375 0.0941565966796875 0.5070597060546875 0.10652168359375 0.5067194296875 0.109767794921875 0.502200333984375 0.1079354365234375 0.4662348466796875 0.1094752607421875 0.4516191884765625 0.10808233203125 0.3735909443359375 0.10537479296875 0.362687341796875 0.10338575390625 0.3606876943359375 0.0977173017578125 0.36087578515625 0.09338915234375 0.36690124609375 0.0862726787109375 0.3643365068359375
1 0.1793094931640625 0.3679714619140625 0.1751025224609375 0.370526814453125 0.1456782177734375 0.3729736337890625 0.1349631162109375 0.370283228515625 0.11954041796875 0.3697446552734375 0.113818107421875 0.3714750166015625 0.11004444140625 0.3763617255859375 0.1116393349609375 0.448606458984375 0.110303921875 0.47210812109375 0.1122305302734375 0.5053746357421876 0.1203751826171875 0.507975279296875 0.1599870361328125 0.50858648046875 0.1681316904296875 0.5111871240234375 0.2000187294921875 0.51191460546875 0.202209732421875 0.5081307412109375 0.2031473427734375 0.4518019892578125 0.2016160908203125 0.436693048828125 0.2036222734375 0.3792434990234375 0.1996172685546875 0.37601533984375 0.197803265625 0.36900331640625 0.1896855419921875 0.3656315380859375 0.182894658203125 0.3684826962890625 0.1793094931640625 0.3679714619140625
1 0.2870664140625 0.37752498046875 0.2597388623046875 0.3788869072265625 0.2316120224609375 0.3736582822265625 0.210467013671875 0.3748500703125 0.2073151533203125 0.3766701943359375 0.2046492197265625 0.453012548828125 0.2049662373046875 0.48815304296875 0.207323703125 0.5090813994140625 0.20929927734375 0.5114666142578125 0.25816475 0.512400958984375 0.264279970703125 0.5141586572265625 0.288929359375 0.5157915087890625 0.2906601298828125 0.510447421875 0.2909673623046875 0.4869098544921875 0.2901950048828125 0.47954816796875 0.2877053408203125 0.477145001953125 0.2916381318359375 0.452961966796875 0.2902439697265625 0.4486668681640625 0.2921093828125 0.43946710546875 0.2941290302734375 0.3816319892578125 0.2870664140625 0.37752498046875
1 0.296645623046875 0.3832640205078125 0.2930690078125 0.5151639931640625 0.2960592958984375 0.5179706796875 0.3366320078125 0.520545623046875 0.378854705078125 0.5200898837890625 0.3810861005859375 0.51514931640625 0.386597896484375 0.38679126171875 0.3800493701171875 0.3827022060546875 0.380170548828125 0.3792320986328125 0.3771802587890625 0.376425412109375 0.3699291435546875 0.37771634765625 0.3693208037109375 0.3803973671875 0.364770935546875 0.38294074609375 0.3445098427734375 0.3833913251953125 0.3337812763671875 0.38108648828125 0.304004453125 0.378888544921875 0.296645623046875 0.3832640205078125
1 0.3912785625 0.3854105634765625 0.3885600048828125 0.38956204296875 0.3850764287109375 0.4303603828125 0.382453333984375 0.52021555078125 0.3880544658203125 0.5219552978515625 0.409673171875 0.5219381630859375 0.42195747265625 0.523911291015625 0.4615827900390625 0.5241369248046875 0.4638141865234375 0.5191963583984375 0.46807012109375 0.4857597041015625 0.475225775390625 0.3987650810546875 0.4749271142578125 0.392578048828125 0.4679318193359375 0.386543203125 0.4670517470703125 0.382266056640625 0.450600869140625 0.3816915791015625 0.443174716796875 0.3879948916015625 0.418498400390625 0.38713317578125 0.40161421875 0.384227341796875 0.3912785625 0.3854105634765625
1 0.535291064453125 0.38850940234375 0.5316924345703125 0.3883837353515625 0.5297033974609375 0.3863840888671875 0.528500181640625 0.391360560546875 0.52276440625 0.3934764892578125 0.5079231201171875 0.39102803125 0.4837205 0.3913409697265625 0.4774840986328125 0.39305337890625 0.4697984453125 0.4657461015625 0.4697090869140625 0.49778410546875 0.4647885087890625 0.520774533203125 0.4657359033203125 0.5231238427734375 0.47286583984375 0.525303013671875 0.5217313125 0.526237357421875 0.530917609375 0.5284883388671875 0.545839681640625 0.5286233916015625 0.5479498984375 0.5271529306640625 0.54989609765625 0.5156397646484375 0.5620127236328125 0.4044980107421875 0.5616871337890625 0.3990821142578125 0.5510797451171875 0.3933071689453125 0.5507272265625 0.388662408203125 0.5477369384765625 0.385855720703125 0.5436511474609375 0.384940966796875 0.535291064453125 0.38850940234375
1 0.56532615625 0.398051078125 0.5597029873046875 0.426421498046875 0.552921888671875 0.48795071875 0.549965865234375 0.528381443359375 0.5596662529296875 0.5306503759765625 0.5992511767578125 0.532032712890625 0.6213031875 0.5343469365234375 0.6301235029296876 0.5323387216796875 0.63530234765625 0.516692029296875 0.6499894228515625 0.405640037109375 0.647066455078125 0.4009055126953125 0.635309708984375 0.3985647705078125 0.6359449775390625 0.395112615234375 0.633522634765625 0.390781611328125 0.6165172744140625 0.3913458837890625 0.6064937431640625 0.3983305693359375 0.5843878759765625 0.397558615234375 0.5741599345703124 0.3956572978515625 0.56532615625 0.398051078125
1 0.65992725390625 0.5337655302734375 0.7134060712890625 0.535247013671875 0.71713934375 0.531517005859375 0.72366462109375 0.4773135673828125 0.7310185595703125 0.443599060546875 0.73584244140625 0.40863808984375 0.730822720703125 0.4049884599609375 0.705632314453125 0.404108791015625 0.6621635634765625 0.3960281884765625 0.657496361328125 0.3970233193359375 0.6521534970703124 0.402627306640625 0.63430354296875 0.5305545048828125 0.636319509765625 0.5317830166015625 0.65992725390625 0.5337655302734375
1 0.7211663857421875 0.5046349990234374 0.7186142919921875 0.533498701171875 0.7205898662109375 0.5358839150390625 0.78375560546875 0.5400198994140625 0.791981044921875 0.540307138671875 0.797189265625 0.5385588251953125 0.803759828125 0.5125377158203125 0.8205191728515625 0.41584148046875 0.81710904296875 0.4103178701171875 0.813564271484375 0.4086499326171875 0.8011453271484374 0.4105324794921875 0.77964780078125 0.407079505859375 0.761627724609375 0.407222306640625 0.758610505859375 0.4051867548828125 0.7400090185546875 0.407239439453125 0.7372769970703125 0.4117764873046875 0.7211663857421875 0.5046349990234374
1 0.883682466796875 0.4053079501953125 0.8765256005859375 0.4038999140625 0.87287311328125 0.4053165166015625 0.8661899453125 0.4050831357421875 0.8595079990234376 0.41218451171875 0.8479948330078125 0.4102383125 0.8456128837890625 0.4047506064453125 0.8444769892578124 0.407799240234375 0.8253075537109374 0.4113762431640625 0.8144651455078125 0.45655005859375 0.8126156435546875 0.4800337685546875 0.809140638671875 0.491107509765625 0.80852128125 0.5088436123046876 0.8009225380859375 0.5348288173828125 0.802289771484375 0.53989505078125 0.8248558720703125 0.5422272275390625 0.8295230732421875 0.5412320966796875 0.8659965302734375 0.543277853515625 0.8783885458984375 0.5421664423828125 0.88055262109375 0.5391537119140625 0.900210451171875 0.4626326513671875 0.9084958720703125 0.416983505859375 0.9039229208984375 0.415279666015625 0.8874720419921875 0.4147051884765625 0.88498237890625 0.4123020205078125 0.883682466796875 0.4053079501953125
1 0.9668120146484375 0.5452542578125 0.992591193359375 0.4260967822265625 0.9927527646484375 0.42146997265625 0.99024963671875 0.4194523740234375 0.9677373935546875 0.415577927734375 0.950732033203125 0.4161422001953125 0.916328400390625 0.4137826865234375 0.91163426953125 0.4155489521484375 0.88279748046875 0.5338275771484375 0.88251473046875 0.5419244931640625 0.8880889326171875 0.544435375 0.962077490234375 0.548177224609375 0.9668120146484375 0.5452542578125
1 0.1174595537109375 0.54724930078125 0.11237251171875 0.5455275068359375 0.1082193994140625 0.5465405908203125 0.0604090361328125 0.5448710166015625 0.0518335244140625 0.55460853125 0.0448382294921875 0.548573685546875 0.0299993896484375 0.560794744140625 0.031894177734375 0.5654933623046875 0.0220591474609375 0.567080103515625 0.0215205751953125 0.5825028017578125 0.02475566796875 0.5930387900390625 0.0240420595703125 0.6134738642578125 0.0268303837890625 0.6220640625 0.027564794921875 0.645251966796875 0.0321426396484375 0.6762948388671876 0.042384044921875 0.6778105908203125 0.050649876953125 0.6769411259765625 0.0655584853515625 0.67746174609375 0.0680885419921875 0.6787082119140625 0.0881919072265625 0.6778660859375 0.113869474609375 0.6795348408203125 0.11660149609375 0.6749977939453125 0.112860884765625 0.634719255859375 0.112512046875 0.5710108642578124 0.1174595537109375 0.54724930078125
1 0 0.675711783203125 0.0259331669921875 0.67723611328125 0.0295721904296875 0.6762050771484375 0.02982801171875 0.668879296875 0.02092569921875 0.5847982548828125 0.0203797890625 0.55621240625 0.0174568203125 0.5514778818359375 0.0015334970703125 0.5505357890625 0 0.5508088017578125 0 0.675711783203125
1 0.214582158203125 0.5517990107421875 0.2088463828125 0.5539149384765625 0.200771498046875 0.5640559736328125 0.202373728515625 0.680309251953125 0.2089761123046875 0.6828560380859375 0.2192444453125 0.683600654296875 0.2799609150390625 0.68417676953125 0.2838961533203125 0.67466325 0.2827957587890625 0.6472161513671875 0.2852083173828125 0.59286909375 0.2871520703125 0.566686412109375 0.290600146484375 0.5563838056640625 0.2814677060546875 0.5525905556640625 0.2747710732421875 0.552742740234375 0.272119837890625 0.5549663837890625 0.261811109375 0.5553784697265625 0.2366207041015625 0.5544988017578125 0.222306970703125 0.5516827294921876 0.214582158203125 0.5517990107421875
1 0.1145537080078125 0.6452013857421875 0.1180091220703125 0.678907326171875 0.126694794921875 0.680754787109375 0.153007630859375 0.6789713876953125 0.176574982421875 0.682110603515625 0.196137328125 0.68202166015625 0.1993430458984375 0.678659267578125 0.2000994931640625 0.6717370068359375 0.1988767099609375 0.5593573544921875 0.202798482421875 0.55022940234375 0.194126275390625 0.547996375 0.1863476044921875 0.5496549248046875 0.138036615234375 0.5475818310546875 0.1214780224609375 0.550091892578125 0.1129832978515625 0.5575160029296875 0.1145537080078125 0.6452013857421875
1 0.366395345703125 0.6852649375 0.3722860947265625 0.590273767578125 0.37556207421875 0.5701597958984375 0.371812890625 0.5596058544921875 0.360624091796875 0.5557407939453125 0.3466763408203125 0.557183916015625 0.301422962890625 0.555989671875 0.291953916015625 0.5618356064453125 0.28922189453125 0.566372654296875 0.2866440849609375 0.684410150390625 0.30201292578125 0.6864909931640625 0.362662072265625 0.6889949462890625 0.366395345703125 0.6852649375
1 0.4335710048828125 0.559832306640625 0.4211655244140625 0.5613292861328125 0.3847055322265625 0.558897962890625 0.3804447060546875 0.5629955859375 0.37690237890625 0.5759971640625 0.369571689453125 0.6680041650390625 0.370927904296875 0.6881254814453125 0.373431033203125 0.6901430810546875 0.380127666015625 0.68999089453125 0.3857287978515625 0.6917306416015625 0.4119877783203125 0.6914895126953124 0.4355685927734375 0.6942431611328125 0.44589078515625 0.6934455068359375 0.4495432705078125 0.692028904296875 0.4506791650390625 0.68898026953125 0.453610705078125 0.6639901943359375 0.459994001953125 0.5696338837890625 0.45548837109375 0.566002205078125 0.454581369140625 0.562496193359375 0.4489937021484375 0.5603708798828125 0.4335710048828125 0.559832306640625
1 0.4598103935546875 0.604370859375 0.452668203125 0.690979916015625 0.4562129755859375 0.6926478525390625 0.4967587587890625 0.6959939306640625 0.530214998046875 0.6960041357421874 0.5334745732421875 0.69109947265625 0.5403340126953124 0.6125873330078125 0.545402697265625 0.5853556630859374 0.54513096484375 0.5783974970703125 0.5408272998046875 0.5689823056640625 0.533818541015625 0.5633330283203125 0.5271757646484375 0.5619429443359375 0.4889715380859375 0.565241275390625 0.48388449609375 0.5635194814453125 0.4674336181640625 0.56294500390625 0.4636868818359375 0.5670605791015625 0.4598103935546875 0.604370859375
1 0.60161108984375 0.5676305849609375 0.5666799033203125 0.5656386845703125 0.558820447265625 0.569610640625 0.5547211923828125 0.5690814541015625 0.55123027734375 0.565871248046875 0.5445201787109375 0.5664090009765625 0.5464015029296875 0.5714931875 0.5468911103515625 0.586951791015625 0.541133298828125 0.619177884765625 0.5349225927734375 0.6938523017578125 0.536411005859375 0.6954484296875 0.553245173828125 0.6948781787109375 0.58313933203125 0.698624369140625 0.6094790966796875 0.6960698359375 0.6128329228515625 0.688466201171875 0.6169138212890625 0.660041923828125 0.61885757421875 0.6338592431640625 0.6267231572265625 0.5854931728515625 0.6254232451171875 0.5784991015625 0.62250027734375 0.573764578125 0.61350248046875 0.56611565234375 0.60161108984375 0.5676305849609375
1 0.6699177294921875 0.57194609375 0.6611108798828125 0.5735687392578125 0.6570250888671875 0.5726539853515625 0.6489208291015625 0.5688966396484375 0.6309411455078126 0.5678827373046875 0.62828991015625 0.5701063798828125 0.628251962890625 0.58593259765625 0.6136726025390625 0.6939000498046874 0.6181782333984375 0.697531728515625 0.6874726591796875 0.7030398447265624 0.693383470703125 0.6959115400390625 0.6969882265625 0.6516430927734375 0.7085442421875 0.586034203125 0.707150080078125 0.581739103515625 0.698572123046875 0.576807103515625 0.6951754580078126 0.570897923828125 0.69003455859375 0.570718400390625 0.691482578125 0.5734712294921875 0.68517885546875 0.577111474609375 0.674396431640625 0.5763489072265625 0.6729753408203125 0.5728249423828125 0.6699177294921875 0.57194609375
1 0.7636791484375 0.7022266953125 0.770416173828125 0.700917806640625 0.777608541015625 0.671830109375 0.7889870751953125 0.5965640810546875 0.7883762890625 0.5845755859375 0.7768080419921874 0.5768368984375 0.76088471875 0.5758948056640625 0.73940065625 0.5720562646484375 0.7085417958984375 0.5713646875 0.7093031357421875 0.5937814560546875 0.696045724609375 0.678632814453125 0.6958865986328125 0.6979291396484375 0.7184392333984375 0.7006468828125 0.7636791484375 0.7022266953125
1 0.790594220703125 0.5800205859375 0.79188066796875 0.587400224609375 0.7900850234375 0.6093416640625 0.78063677734375 0.658810578125 0.7782866494140624 0.6818907685546876 0.774852037109375 0.6918078076171875 0.7740686611328125 0.699501203125 0.7785742919921875 0.7031328828125 0.845352125 0.707008966796875 0.8510744365234375 0.70527860546875 0.8769233828125 0.5988628095703125 0.8756369345703126 0.591483169921875 0.8565996962890625 0.5765349833984375 0.840148818359375 0.575960505859375 0.8359418486328125 0.5785158583984376 0.83235668359375 0.5780046240234376 0.8307336279296875 0.580264171875 0.8204652939453125 0.5795195556640625 0.8169474501953125 0.577080484375 0.806692580078125 0.57595030078125 0.796871013671875 0.577151474609375 0.790594220703125 0.5800205859375
1 0.8734838779296875 0.5794408173828125 0.86881667578125 0.580435947265625 0.868248728515625 0.5819602646484375 0.8681814072265625 0.5838881025390625 0.8771792041015625 0.59153702734375 0.8779515625 0.5988987138671875 0.8703283369140625 0.6403245693359375 0.859416162109375 0.6727567060546875 0.8536583505859375 0.7049827998046875 0.8582178388671875 0.707072208984375 0.8725719638671875 0.7087315791015625 0.92550976171875 0.71096624609375 0.93354425390625 0.7019819140625 0.9530809052734375 0.6289309599609375 0.96035405859375 0.5975298583984375 0.95942012890625 0.5947949814453125 0.9423853935546875 0.5814608740234375 0.899147982421875 0.5814951396484375 0.8734838779296875 0.5794408173828125
1 0.9541152109375 0.584572751953125 0.960814291015625 0.5990900810546875 0.9373987060546874 0.694781798828125 0.9334634677734375 0.704295318359375 0.938469724609375 0.7083305166015625 0.9621447900390625 0.708385193359375 0.97084392578125 0.7098470859375 0.9925164892578126 0.70828768359375 0.9966769619140625 0.5891473408203125 0.9920366875 0.5893713369140625 0.9884919150390625 0.587703400390625 0.9853669833984375 0.5887523876953125 0.9833779453125 0.5867527412109375 0.98501446484375 0.584107626953125 0.976194150390625 0.58611583984375 0.9711340361328125 0.5836229111328125 0.9541152109375 0.584572751953125
1 0.9190322158203125 0.8080215283203125 0.9385541689453125 0.809089287109375 0.9528140439453125 0.8134476298828125 0.96666754296875 0.8147034794921875 0.9700348330078125 0.8067142783203125 0.982877296875 0.7484850263671875 0.9830119404296875 0.7446293525390625 0.98052227734375 0.7422261845703125 0.969293083984375 0.7395178271484375 0.927056923828125 0.7403591337890625 0.913307458984375 0.7950823740234375 0.9119022783203125 0.805842357421875 0.914365013671875 0.8090166591796875 0.9190322158203125 0.8080215283203125
1 0.8607956259765625 0.751170517578125 0.8510487197265625 0.794452400390625 0.852092810546875 0.80877225390625 0.87166862109375 0.8082977431640626 0.888025248046875 0.8115711923828125 0.9075741298828125 0.8118678173828126 0.91703828515625 0.7766828505859374 0.9197813251953125 0.7570907197265625 0.9236896337890625 0.7483483359375 0.923958919921875 0.7406369873046875 0.9219698818359375 0.73863733984375 0.9173700009765625 0.7377046337890625 0.874700537109375 0.7362145830078125 0.8597380712890625 0.737236232421875 0.8555311025390625 0.7397915849609376 0.8607956259765625 0.751170517578125
1 0.7888462841796875 0.806949673828125 0.79594929296875 0.8098999794921875 0.8072323427734375 0.811066068359375 0.839687330078125 0.8102692333984375 0.8485076455078125 0.80826101953125 0.85187004296875 0.770932787109375 0.8568334609375 0.7614551728515625 0.858685408203125 0.752640978515625 0.8550574052734375 0.7386169306640625 0.849997291015625 0.7361240009765625 0.83767259765625 0.735307576171875 0.81401099609375 0.73486733203125 0.8026471611328125 0.7360146494140625 0.800536943359375 0.737485109375 0.7893444638671875 0.7926836787109375 0.7888462841796875 0.806949673828125
1 0.72645290234375 0.8101753759765625 0.7841656171875 0.8083303720703126 0.7953715615234375 0.7527462353515625 0.8005234794921875 0.7378706767578125 0.79551722265625 0.733835478515625 0.788766732421875 0.73552993359375 0.76363018359375 0.7331079951171875 0.748708111328125 0.732972943359375 0.7435133544921875 0.7343356884765625 0.7382108828125 0.738782974609375 0.731613392578125 0.76557521875 0.73115560546875 0.7786845126953125 0.7251260615234375 0.8039524404296875 0.72645290234375 0.8101753759765625
1 0.6741516064453125 0.73075541015625 0.6698234580078125 0.73678087109375 0.6624560546875 0.770880943359375 0.659443728515625 0.7981844228515625 0.6616102490234375 0.809841208984375 0.67235228125 0.8117604794921875 0.6919011630859375 0.812057103515625 0.6971363115234375 0.80953765625 0.7048880537109375 0.808650240234375 0.7094475419921875 0.8107396494140625 0.7197158759765625 0.8114842646484375 0.724259453125 0.7992897255859375 0.7368301845703125 0.7341023076171875 0.7261016181640625 0.73179746875 0.7096238115234375 0.731994126953125 0.705050859375 0.73029028515625 0.7024400166015625 0.7313572255859375 0.688072427734375 0.730083423828125 0.6741516064453125 0.73075541015625
1 0.5994873876953125 0.7316224169921876 0.5953097919921875 0.748076150390625 0.593370931640625 0.80359786328125 0.6005143330078125 0.805391466796875 0.6195356611328126 0.8060557060546875 0.6226875224609375 0.8042355830078125 0.6376095947265625 0.8043706357421875 0.6411139736328125 0.8071952744140625 0.653425203125 0.8083972685546875 0.655562349609375 0.8061556728515625 0.6547361337890625 0.800336255859375 0.662792662109375 0.7612417578125 0.6658723095703125 0.73201044140625 0.6638698076171875 0.7303963623046875 0.6464446064453125 0.7282437099609375 0.6171280166015625 0.727605990234375 0.602666177734375 0.7290311591796875 0.5994873876953125 0.7316224169921876
1 0.5290509404296875 0.7735570498046875 0.528159849609375 0.784334986328125 0.5323154091796874 0.79799141796875 0.55179696875 0.8002158798828125 0.556477634765625 0.798835181640625 0.5744977109375 0.7986923818359375 0.5793399501953125 0.7926848740234375 0.589232517578125 0.730492234375 0.5862152998046875 0.728456681640625 0.575486732421875 0.7261518447265625 0.5374306123046875 0.7252089326171876 0.5337377333984376 0.72778223828125 0.53300821484375 0.7339333642578125 0.53120155078125 0.7709298876953125 0.5290509404296875 0.7735570498046875
1 0.4693247041015625 0.7888430576171875 0.474696943359375 0.7971374501953125 0.4782417158203125 0.79880538671875 0.5007943505859375 0.801523130859375 0.5193823740234375 0.799856013671875 0.523925951171875 0.7876614736328125 0.52953565625 0.7596766220703125 0.5317486953125 0.7257825908203125 0.4896202490234375 0.723539357421875 0.47928459375 0.7247225791015625 0.475930767578125 0.7323262138671875 0.474498658203125 0.7438573330078125 0.4759491240234375 0.761279677734375 0.4717286904296875 0.76422059765625 0.4704312236328125 0.7718960419921875 0.4693247041015625 0.7888430576171875
1 0.4555140439453125 0.8011000205078125 0.45915306640625 0.8000689853515625 0.4639683759765625 0.7948326123046875 0.463710107421875 0.78748887890625 0.469780044921875 0.7610642490234375 0.4694764912109375 0.7255381865234375 0.4639157529296875 0.7226417373046875 0.4418098857421875 0.721869783203125 0.421178966796875 0.7230795244140625 0.4170123896484375 0.7244781748046875 0.413957224609375 0.7382688408203125 0.4116768642578125 0.774090708984375 0.4149278681640625 0.79891064453125 0.4555140439453125 0.8011000205078125
1 0.402196798828125 0.7949917275390626 0.4086327177734375 0.7728262919921876 0.4103292216796875 0.72424479296875 0.4073254677734375 0.721823673828125 0.365197021484375 0.7195804404296875 0.3553619912109375 0.7211671826171875 0.353658150390625 0.725740134765625 0.3518698427734375 0.7916901201171875 0.357363259765625 0.79651440625 0.3799158955078125 0.799232150390625 0.3974218818359375 0.7990713974609375 0.402196798828125 0.7949917275390626
1 0.299387384765625 0.7616766455078126 0.297362845703125 0.790172732421875 0.300353134765625 0.7929794189453125 0.3183597470703125 0.793222185546875 0.3270319541015625 0.7954552138671875 0.341967490234375 0.7952046982421875 0.3467693359375 0.79035389453125 0.35170337890625 0.7669778994140625 0.35223705859375 0.722216169921875 0.3492333046875 0.7197950517578126 0.337950255859375 0.718628962890625 0.302424193359375 0.718932515625 0.2982576162109375 0.720331166015625 0.2974093642578125 0.744621916015625 0.299387384765625 0.7616766455078126
1 0.247754390625 0.79577508203125 0.28635152734375 0.795964810546875 0.29067967578125 0.7899393505859374 0.2962624521484375 0.7627256328125 0.294658986328125 0.7202055 0.29264301953125 0.7189769873046875 0.2427897607421875 0.71685003515625 0.2386097197265625 0.71863425390625 0.2374199677734375 0.7232251572265626 0.235532517578125 0.7625350859375 0.237849591796875 0.78462014453125 0.2411116142578125 0.794384998046875 0.247754390625 0.79577508203125
1 0.2006062236328125 0.7898822177734375 0.22479537890625 0.789954845703125 0.2299901357421875 0.788592099609375 0.234372140625 0.78102437109375 0.233242373046875 0.7396788916015625 0.23603926953125 0.7185444921875 0.2242825234375 0.7162037490234375 0.195506951171875 0.714812845703125 0.1795028427734375 0.716184158203125 0.180406162109375 0.7787537998046875 0.1837624345703125 0.7858196806640625 0.18627902734375 0.7874517119140625 0.2006062236328125 0.7898822177734375
1 0.1301624384765625 0.7878083037109375 0.1553259169921875 0.789459107421875 0.17491519140625 0.788599029296875 0.1770658017578125 0.7859718671875 0.178847982421875 0.764415994140625 0.1748760322265625 0.7160225869140625 0.1672185400390625 0.7142110302734375 0.1533381123046875 0.7137263154296875 0.1188133017578125 0.7148369072265625 0.1180996923828125 0.735271982421875 0.120309052734375 0.7604415810546875 0.1251427177734375 0.7841586728515625 0.1301624384765625 0.7878083037109375
1 0.058664779296875 0.712736474609375 0.06376160546875 0.7731363310546875 0.067470396484375 0.784846974609375 0.112683380859375 0.7871979208984375 0.1192159970703125 0.777003029296875 0.1152281357421875 0.714325673828125 0.1121839892578125 0.7130612578125 0.0787681435546875 0.7118943505859375 0.058664779296875 0.712736474609375
1 0.00964751953125 0.775107001953125 0.01873956640625 0.780056955078125 0.056375845703125 0.77828294140625 0.060109119140625 0.7745529345703125 0.0617431923828125 0.7572383037109375 0.0545789892578125 0.7118217216796875 0.019661265625 0.7094442548828125 0.0073096435546875 0.70939896484375 0.0031296015625 0.711183181640625 0.00357881640625 0.7277984873046875 0.006840837890625 0.7375633408203125 0.0066143916015625 0.7587875029296876 0.00964751953125 0.775107001953125
1 0 0.8672977265625 0.0005725947265625 0.8728436572265625 0.0020744716796875 0.8740542177734375 0.0262097705078125 0.875669115234375 0.0376139990234375 0.8733650966796875 0.0402517705078125 0.871527021484375 0.0405271826171875 0.81942155859375 0.03645485546875 0.8181212373046876 0 0.817208271484375 0 0.8672977265625
1 0.067827806640625 0.8188307666015625 0.045721939453125 0.8180588125 0.04255661328125 0.8202645029296874 0.0409005029296875 0.867689298828125 0.0423215947265625 0.871213263671875 0.0499386923828125 0.8741815224609375 0.0808514111328125 0.873330830078125 0.0805992685546875 0.8215929814453125 0.0770679609375 0.8195394775390625 0.067827806640625 0.8188307666015625
1 0.0903939052734375 0.821162943359375 0.0842113623046875 0.82133308203125 0.0805454111328125 0.8231352509765625 0.0844635048828125 0.8730709287109375 0.08900952734375 0.87554590625 0.1079904619140625 0.87736684765625 0.1229529267578125 0.876345197265625 0.1237607861328125 0.853211150390625 0.120197658203125 0.8225897509765625 0.0903939052734375 0.821162943359375
1 0.1464798857421875 0.8806411162109375 0.1614019580078125 0.8807761689453125 0.164674998046875 0.875485939453125 0.1643151416015625 0.826832630859375 0.1597960458984375 0.82358651953125 0.1546686123046875 0.823021427734375 0.125852646484375 0.8227872275390625 0.1226199990234375 0.8269207548828125 0.124169607421875 0.870983158203125 0.12599707421875 0.8776096142578125 0.126984861328125 0.8788022216796875 0.1464798857421875 0.8806411162109375
1 0.204246458984375 0.877253841796875 0.2033994404296875 0.8278114462890624 0.196797056640625 0.8252646611328125 0.168522111328125 0.8242772783203125 0.1653837138671875 0.8257118330078125 0.164957748046875 0.867389021484375 0.1666640361328125 0.8774855849609375 0.16815244921875 0.879081712890625 0.1763240302734375 0.880911220703125 0.201541365234375 0.8810197548828125 0.204246458984375 0.877253841796875
1 0.24468452734375 0.8836844599609375 0.246875529296875 0.8799005947265625 0.2475487451171875 0.86062222265625 0.246095833984375 0.8285303623046875 0.243092080078125 0.8261092431640625 0.211191576171875 0.825767328125 0.2065109091796875 0.8271480263671875 0.20492824609375 0.82825087109375 0.204903763671875 0.843691521484375 0.206709193359375 0.8804281435546875 0.213325041015625 0.8825893623046875 0.24468452734375 0.8836844599609375
1 0.2912194609375 0.8629193134765625 0.290902443359375 0.8277788173828124 0.25698597265625 0.8262083916015625 0.25026241015625 0.8271317119140625 0.2491534443359375 0.8294092119140625 0.2477911025390625 0.8536820087890625 0.24991967578125 0.88116501171875 0.262190513671875 0.88352370703125 0.2843367724609375 0.8831389580078125 0.2885706708984375 0.8798124716796875 0.2912194609375 0.8629193134765625
1 0.3391669130859375 0.875402728515625 0.34108618359375 0.864660697265625 0.3407287734375 0.830676904296875 0.3340994619140625 0.82890125390625 0.3027399755859375 0.82780615625 0.3006432236328125 0.828891048828125 0.2994265439453125 0.834253087890625 0.298012791015625 0.874737669921875 0.299867185546875 0.8805929912109375 0.3075381416015625 0.8820189794921875 0.335393248046875 0.8802894384765625 0.3391669130859375 0.875402728515625
1 0.3707846669921875 0.8838415595703125 0.3827164501953125 0.88116992578125 0.3848939892578125 0.8777716279296875 0.3868940458984375 0.8647161923828125 0.3870372607421875 0.8311359189453125 0.375280513671875 0.8287951767578124 0.358816171875 0.8286062666015624 0.3479933544921875 0.8290004013671874 0.3453151904296875 0.8319951787109375 0.342709240234375 0.8624011494140625 0.3456615830078125 0.8810340537109375 0.3481781748046875 0.8826660859375 0.3707846669921875 0.8838415595703125
1 0.3871608857421875 0.8423353271484375 0.385677365234375 0.870078232421875 0.3874240458984375 0.8790180927734375 0.42190846484375 0.8790642021484375 0.4262770048828125 0.871882041015625 0.429192634765625 0.832608017578125 0.4220626982421875 0.8304288466796875 0.3896346396484375 0.830454546875 0.3871608857421875 0.8423353271484375
1 0.4480327998046875 0.8826787470703125 0.4639561240234375 0.88362083984375 0.4669170380859375 0.872529146484375 0.4703198291015625 0.8340442109375 0.4590906376953125 0.831335853515625 0.4317900126953125 0.83192664453125 0.4292758671875 0.84496412890625 0.427698095703125 0.87540600390625 0.429159580078125 0.877773265625 0.4321767978515625 0.879808818359375 0.4404022373046875 0.880096056640625 0.4480327998046875 0.8826787470703125
1 0.5069010009765625 0.833005427734375 0.472903744140625 0.83374840625 0.4684433984375 0.8582990556640625 0.4676220751953125 0.881818669921875 0.484479328125 0.885495638671875 0.5024724755859376 0.8861239736328125 0.5051102470703125 0.8842858984375 0.5076647861328125 0.870091712890625 0.50993168359375 0.834655412109375 0.5069010009765625 0.833005427734375
1 0.5440733671875 0.888734822265625 0.545979173828125 0.878378357421875 0.5510454130859375 0.8364771728515625 0.5495570009765625 0.8348810458984375 0.516141154296875 0.833714138671875 0.5124886689453125 0.8351307421875 0.5106367197265625 0.843944935546875 0.5062865341796875 0.8800805615234375 0.50711275 0.885899978515625 0.5326826025390625 0.8906532734375 0.5414355966796875 0.890572896484375 0.5440733671875 0.888734822265625
1 0.59041980078125 0.873367619140625 0.5904308193359376 0.8583125361328126 0.5942155029296875 0.8383707431640625 0.59169891015625 0.8367387109375 0.5557530078125 0.83432533984375 0.553020986328125 0.8388623876953125 0.5504260546875 0.854213275390625 0.547995140625 0.8796068701171875 0.5492546591796875 0.887757642578125 0.5723079208984375 0.8908789072265625 0.5857146513671875 0.8901889677734375 0.59041980078125 0.873367619140625
1 0.62939883203125 0.892100490234375 0.6318860498046875 0.8798341416015625 0.631558013671875 0.8597487294921875 0.636101591796875 0.8475541904296875 0.636898431640625 0.8394752265625 0.6333536591796874 0.8378072900390625 0.5978949189453125 0.836183005859375 0.5957577724609375 0.8384246005859375 0.5919730888671875 0.8583663935546875 0.59044917578125 0.887266 0.5918971953125 0.8900188291015625 0.6056968369140625 0.8928169482421875 0.62939883203125 0.892100490234375
1 0.6331272119140625 0.8590314521484375 0.6320096748046875 0.8910335498046875 0.6571327587890625 0.8938410556640625 0.667969041015625 0.8930613544921875 0.670660669921875 0.8896810087890625 0.681610791015625 0.8414226533203125 0.6755224990234375 0.8388938203125 0.6395092744140625 0.8384082861328125 0.6331272119140625 0.8590314521484375
1 0.712587150390625 0.8977077529296875 0.716293494140625 0.8947488818359375 0.725308435546875 0.842948609375 0.7197476962890625 0.84005216015625 0.69045803515625 0.8386433046875 0.6857773681640625 0.8400240029296875 0.682558185546875 0.8437719638671874 0.6754062109375 0.8717029580078125 0.67669510546875 0.8937521123046875 0.6786841435546875 0.895751759765625 0.6966099697265625 0.898307931640625 0.712587150390625 0.8977077529296875
1 0.7326134091796875 0.8401154033203125 0.7273647958984375 0.8430204189453125 0.719983927734375 0.877506060546875 0.7183363896484375 0.8952062578125 0.7223413955078125 0.8984344169921875 0.741322330078125 0.9002553583984375 0.758962958984375 0.896238931640625 0.767856720703125 0.8479087666015624 0.7675715244140625 0.8413361669921875 0.7326134091796875 0.8401154033203125
1 0.774268158203125 0.841183982421875 0.7695605625 0.843335814453125 0.762139302734375 0.878978158203125 0.7610058544921875 0.89669630859375 0.78772506640625 0.8980154013671875 0.797600490234375 0.8952719580078125 0.8070218056640625 0.8465741787109375 0.8055737861328125 0.843821349609375 0.7799366123046875 0.840995890625 0.774268158203125 0.841183982421875
1 0.834195125 0.893847607421875 0.8414817421875 0.8620609384765625 0.8431292802734375 0.844360740234375 0.8395845078125 0.8426928037109375 0.8091858798828125 0.8435614482421875 0.80706219921875 0.8454174765625 0.8013154052734375 0.862588486328125 0.7965857744140625 0.8948504853515625 0.79958952734375 0.89727160546875 0.8139301884765625 0.89931654296875 0.8315034970703125 0.897227953125 0.834195125 0.893847607421875
1 0.8376860400390626 0.897057814453125 0.8669487734375 0.8992378037109375 0.870601259765625 0.897821201171875 0.8779307158203125 0.8795473447265625 0.8769967861328125 0.8768124677734375 0.8801486474609375 0.874992345703125 0.8824069716796875 0.8692806435546875 0.8833923125 0.855803734375 0.8862051201171876 0.848953283203125 0.884770564453125 0.8458148857421875 0.853478400390625 0.8427919521484375 0.8467548388671875 0.8437152724609375 0.83716950390625 0.882370345703125 0.835683537109375 0.895443734375 0.8376860400390626 0.897057814453125
1 0.9598546240234375 0.8476648046875 0.95733803125 0.8460327724609376 0.925965080078125 0.8453232421875 0.9155755673828125 0.8480487333984374 0.91239677734375 0.850639990234375 0.91230252734375 0.8533389638671875 0.9168889443359375 0.8546572373046875 0.9164984794921875 0.865838693359375 0.9123588310546875 0.866466208984375 0.9148081015625 0.870026078125 0.9145522802734375 0.877351859375 0.9062754296875 0.89327640625 0.904178677734375 0.8943612978515625 0.912850884765625 0.8965943271484375 0.9153405478515625 0.8989974931640625 0.92251087890625 0.900019962890625 0.935890681640625 0.900101158203125 0.9452385498046875 0.8977253291015626 0.9501750390625 0.889018849609375 0.9582205498046875 0.86497943359375 0.9598546240234375 0.8476648046875
1 0.8834939013671875 0.8971133095703125 0.9009460302734374 0.898494826171875 0.90822407421875 0.8964327548828125 0.9170933544921875 0.863543240234375 0.9196075009765625 0.8505057578125 0.9182133388671875 0.846210658203125 0.892508841796875 0.8453130380859375 0.8878012470703125 0.8474648701171875 0.8827705087890625 0.858870322265625 0.88135186328125 0.870015873046875 0.8755781416015626 0.8879580185546875 0.8747543720703125 0.8968081181640625 0.8767703388671875 0.8980366298828125 0.8834939013671875 0.8971133095703125
1 0 0.982458349609375 0.0558690732421875 0.9844093408203125 0.0579499150390625 0.9690405 0.0555520556640625 0.949268845703125 0.055832359375 0.9265024140625 0.0607823125 0.9174103671875 0.061552224609375 0.9101025380859376 0.0585215419921875 0.9084525537109375 0.0148238974609375 0.9069265986328126 0 0.908319529296875 0 0.982458349609375
1 0.184674306640625 0.9808005283203125 0.1857000400390625 0.9661669169921875 0.1826754833984375 0.9201228203125 0.1797255869140625 0.9161594306640625 0.1705527548828125 0.9135228828125 0.15208591015625 0.9117198935546875 0.0682892509765625 0.9087936494140625 0.0651508544921875 0.910228205078125 0.0557650380859375 0.9284302509765625 0.05901848828125 0.9679197021484375 0.0635804208984375 0.984678626953125 0.1802788359375 0.9887538251953125 0.184674306640625 0.9808005283203125
1 0.2105979111328125 0.9164654404296875 0.1916169765625 0.9146444990234375 0.1879644912109375 0.9160611025390625 0.1863145068359375 0.9190917841796875 0.1858028623046875 0.9337433466796875 0.1894357578125 0.97710642578125 0.2418729326171875 0.978937572265625 0.2735714716796875 0.985062998046875 0.2874518994140625 0.9855477138671875 0.302508615234375 0.981827091796875 0.305227171875 0.9776756123046875 0.305388744140625 0.973048802734375 0.3032063134765625 0.9471080693359375 0.30443401171875 0.926690947265625 0.302092455078125 0.9200465380859375 0.2990213798828125 0.919553255859375 0.29586951953125 0.9213733798828125 0.2804468203125 0.920834806640625 0.26308894140625 0.9167543173828125 0.2105979111328125 0.9164654404296875
1 0.32717759375 0.93868026171875 0.3257479306640625 0.964880896484375 0.3288214521484375 0.980043693359375 0.3360187109375 0.98029502734375 0.3584232392578125 0.9872540126953125 0.4102520712890625 0.9917661787109375 0.420060173828125 0.990950572265625 0.426159484375 0.9784243232421875 0.42944354296875 0.958079009765625 0.427584255859375 0.922884658203125 0.416855689453125 0.9205798203125 0.3643511943359375 0.9206765107421875 0.3596570634765625 0.922442775390625 0.3509444638671875 0.9213664501953125 0.346764421875 0.9231506689453125 0.3302327587890625 0.924889595703125 0.32717759375 0.93868026171875
1 0.4336186923828125 0.92695576171875 0.4347080673828125 0.9694579423828125 0.4393911796875 0.9827467607421875 0.4551798603515625 0.98754452734375 0.4772318701171875 0.9898587509765625 0.48806815234375 0.9890790498046875 0.4927622822265625 0.987312783203125 0.5022582587890625 0.980695712890625 0.5079781240234374 0.9642958369140625 0.5089181796875 0.9226366005859375 0.5048593173828125 0.9209507109375 0.4833079326171875 0.9190400068359375 0.469400576171875 0.9193264267578125 0.4626500849609375 0.9210208828125 0.4477818701171875 0.919343560546875 0.4358231591796875 0.9227863291015626 0.4336186923828125 0.92695576171875
1 0.52802029296875 0.9209874345703125 0.514112935546875 0.9212738544921875 0.5114213076171875 0.9246542001953125 0.511318484375 0.9570777705078125 0.514093345703125 0.96605353515625 0.512647771484375 0.9779702216796875 0.5150566494140625 0.98268679296875 0.5225525703125 0.989125158203125 0.528167166015625 0.990479337890625 0.5502864970703125 0.9908657236328124 0.5761660302734375 0.9867509677734375 0.57883073046875 0.9841417578125 0.58395571875 0.970037333984375 0.5827182373046875 0.93177639453125 0.5798625908203126 0.925114033203125 0.5763312822265625 0.923060529296875 0.5681193076171875 0.92238772265625 0.556254845703125 0.9231315205078126 0.52802029296875 0.9209874345703125
1 0.5863780615234375 0.974368337890625 0.5888542607421875 0.977157072265625 0.59206242578125 0.9884641953125 0.59558026953125 0.9909032666015625 0.6279140771484375 0.9935765390625 0.6470027265625 0.9923129404296875 0.6546443076171875 0.979840548828125 0.662878318359375 0.950403189453125 0.666784181640625 0.9269912900390626 0.663780427734375 0.924570169921875 0.636019572265625 0.9236007392578125 0.5994922578125 0.9230972529296875 0.5870598486328125 0.9253653671875 0.588999921875 0.9582463154296875 0.5863780615234375 0.974368337890625
1 0.6586493125 0.9830687080078125 0.6958278056640625 0.99440398828125 0.7030250654296875 0.994655322265625 0.7104646806640625 0.98796644140625 0.718049958984375 0.9623668037109375 0.722972984375 0.9540458916015625 0.728948669921875 0.930320234375 0.7279878115234375 0.9283564921875 0.720857875 0.9261773212890625 0.6992930263671875 0.9246521845703125 0.6766461396484375 0.9246334130859375 0.6714513837890626 0.925996158203125 0.66881361328125 0.9278342333984375 0.66480003515625 0.9543306728515625 0.6584314375 0.974568271484375 0.6586493125 0.9830687080078125
1 0.717363279296875 0.9820307431640625 0.7207734091796875 0.9875543544921875 0.7553814521484375 0.9987998720703125 0.7605358154296875 0.998593830078125 0.770465095703125 0.9943081162109375 0.7888303525390625 0.95480153125 0.795279736328125 0.9322505283203125 0.7943727353515625 0.9287445166015625 0.7897997822265626 0.9270406748046875 0.758900529296875 0.9275057998046875 0.747130318359375 0.925550625 0.7331691044921875 0.9273793134765626 0.729476224609375 0.929952619140625 0.7250024150390625 0.9548888359375 0.71813319140625 0.9747229140625 0.717363279296875 0.9820307431640625
1 0.84851375 0.9260027109375 0.8453753525390625 0.9274372666015624 0.83145453125 0.9281092529296875 0.8026654951171875 0.92710391796875 0.7984854541015625 0.9288881357421875 0.79513162890625 0.9364917705078125 0.79080592578125 0.9571867451171875 0.781379716796875 0.9765454951171875 0.781705306640625 0.9819613916015625 0.8004438837890625 0.990722546875 0.8076276787109375 0.9913594482421875 0.8279893115234375 0.997861056640625 0.8372429296875 0.9981842001953125 0.8500119453125 0.9862768994140625 0.855110005859375 0.9729436103515625 0.8565151865234375 0.962183626953125 0.8607625498046875 0.9584715712890625 0.8663881640625 0.94477066796875 0.86895616796875 0.9301909140625 0.86543832421875 0.9277518427734375 0.8540610234375 0.9292847275390625 0.84851375 0.9260027109375
1 0.890386373046875 0.935571724609375 0.893726734375 0.928353658203125 0.881916130859375 0.927555185546875 0.8720676357421875 0.929527494140625 0.8661996640625 0.950168611328125 0.8654701455078125 0.9563197392578126 0.86745918359375 0.9583193857421874 0.8816921298828125 0.9634488623046875 0.8868868857421875 0.9620861171875 0.8912933740234374 0.9390777373046875 0.890386373046875 0.935571724609375
1 0.88899465625 0.9459461416015625 0.8883887626953125 0.9632966767578125 0.9057870341796875 0.9662204638671875 0.908952359375 0.9640147734375 0.9163332275390625 0.9295291318359375 0.9009509228515625 0.927833857421875 0.8937132705078125 0.9287392255859375 0.8945394853515625 0.934558642578125 0.88899465625 0.9459461416015625
0 0.3984375 0.89453125 0.40234375 0.896484375 0.40234375 0.916015625 0.392578125 0.9189453125 0.3544921875 0.9169921875 0.353515625 0.9013671875 0.3544921875 0.8974609375 0.3662109375 0.89453125 0.3828125 0.896484375 0.3974609375 0.89453125
0 0.994140625 0.173828125 0.99609375 0.1728515625 0.9970703125 0.158203125 0.9990234375 0.1572265625 0.9990234375 0.1884765625 0.994140625 0.1865234375 0.994140625 0.1748046875
0 0.7763671875 0.7080078125 0.7783203125 0.7099609375 0.798828125 0.7119140625 0.7998046875 0.72265625 0.796875 0.7333984375 0.7919921875 0.7353515625 0.7763671875 0.7353515625 0.7734375 0.7333984375 0.75 0.7333984375 0.7470703125 0.73046875 0.7470703125 0.7138671875 0.75 0.708984375 0.775390625 0.708984375
0 0.1591796875 0.796875 0.2021484375 0.798828125 0.2041015625 0.8017578125 0.203125 0.818359375 0.19921875 0.82421875 0.1591796875 0.8232421875 0.150390625 0.8212890625 0.1484375 0.8037109375 0.1513671875 0.7978515625 0.158203125 0.796875
0 0.896484375 0.90625 0.8984375 0.908203125 0.8984375 0.921875 0.890625 0.927734375 0.8564453125 0.927734375 0.8525390625 0.9248046875 0.8515625 0.9130859375 0.8564453125 0.9052734375 0.8955078125 0.90625
0 0.6630859375 0.8134765625 0.689453125 0.814453125 0.69140625 0.81640625 0.69140625 0.8349609375 0.685546875 0.8388671875 0.6455078125 0.837890625 0.6416015625 0.8349609375 0.640625 0.814453125 0.662109375 0.8134765625
0 0.6728515625 0.9013671875 0.67578125 0.904296875 0.67578125 0.91796875 0.671875 0.923828125 0.6474609375 0.9248046875 0.6337890625 0.9248046875 0.626953125 0.921875 0.626953125 0.90234375 0.6455078125 0.8994140625 0.671875 0.9013671875
0 0.0498046875 0.88671875 0.0517578125 0.9052734375 0.048828125 0.9072265625 0.005859375 0.9072265625 0 0.9052734375 0.0009765625 0.884765625 0.04296875 0.884765625 0.048828125 0.88671875
0 0.3505859375 0.10546875 0.3662109375 0.1064453125 0.3681640625 0.1083984375 0.4072265625 0.109375 0.4111328125 0.1171875 0.4111328125 0.130859375 0.4072265625 0.1416015625 0.345703125 0.1376953125 0.3427734375 0.123046875 0.34375 0.107421875 0.349609375 0.10546875
0 0.2548828125 0.8935546875 0.2861328125 0.892578125 0.3017578125 0.8955078125 0.3046875 0.8994140625 0.3046875 0.9130859375 0.3017578125 0.916015625 0.2734375 0.916015625 0.2548828125 0.912109375 0.2548828125 0.89453125
0 0.3427734375 0.8935546875 0.35546875 0.8974609375 0.353515625 0.9140625 0.3505859375 0.9169921875 0.3134765625 0.916015625 0.3076171875 0.9130859375 0.3056640625 0.9052734375 0.3056640625 0.8984375 0.3076171875 0.896484375 0.328125 0.896484375 0.341796875 0.8935546875
0 0.8974609375 0.1474609375 0.900390625 0.150390625 0.900390625 0.16796875 0.8955078125 0.1767578125 0.84375 0.173828125 0.837890625 0.1708984375 0.8369140625 0.1455078125 0.83984375 0.142578125 0.8525390625 0.142578125 0.8701171875 0.14453125 0.8720703125 0.146484375 0.896484375 0.1474609375
0 0.9150390625 0.8203125 0.9423828125 0.822265625 0.9453125 0.8291015625 0.9453125 0.8408203125 0.9423828125 0.845703125 0.8974609375 0.8447265625 0.896484375 0.8232421875 0.9033203125 0.8203125 0.9140625 0.8203125
0 0.7919921875 0.9033203125 0.8115234375 0.9052734375 0.8134765625 0.9091796875 0.8134765625 0.9228515625 0.80859375 0.9267578125 0.7724609375 0.9267578125 0.765625 0.9248046875 0.7646484375 0.9111328125 0.767578125 0.9052734375 0.7724609375 0.9033203125 0.791015625 0.9033203125
0 0.7451171875 0.9033203125 0.748046875 0.9091796875 0.7470703125 0.921875 0.7412109375 0.92578125 0.7021484375 0.9248046875 0.69921875 0.9189453125 0.69921875 0.908203125 0.703125 0.9013671875 0.744140625 0.9033203125
0 0.466796875 0.806640625 0.509765625 0.8076171875 0.51171875 0.8173828125 0.5107421875 0.8310546875 0.509765625 0.8330078125 0.5009765625 0.833984375 0.494140625 0.83203125 0.474609375 0.8330078125 0.4619140625 0.8310546875 0.458984375 0.82421875 0.458984375 0.810546875 0.4609375 0.8076171875 0.4658203125 0.806640625
0 0.576171875 0.90966796875 0.0517578125 0.02734375
0 0.0322265625 0.0859375 0.0380859375 0.087890625 0.0712890625 0.087890625 0.0771484375 0.0908203125 0.087890625 0.0908203125 0.091796875 0.0927734375 0.09375 0.0986328125 0.09375 0.12109375 0.0908203125 0.1240234375 0.0595703125 0.123046875 0.0283203125 0.119140625 0.025390625 0.115234375 0.0244140625 0.08984375 0.0263671875 0.0869140625 0.03125 0.0859375
0 0.5546875 0.12109375 0.6142578125 0.1240234375 0.6181640625 0.12890625 0.6181640625 0.138671875 0.6142578125 0.1552734375 0.5625 0.15234375 0.552734375 0.1494140625 0.5517578125 0.1318359375 0.5546875 0.1220703125
0 0.1728515625 0.890625 0.173828125 0.908203125 0.171875 0.9111328125 0.125 0.9091796875 0.1201171875 0.90625 0.119140625 0.8994140625 0.1201171875 0.890625 0.123046875 0.888671875 0.171875 0.890625
0 0.7685546875 0.13671875 0.8193359375 0.1416015625 0.8193359375 0.16015625 0.814453125 0.169921875 0.7587890625 0.1650390625 0.7568359375 0.14453125 0.7607421875 0.13671875 0.767578125 0.13671875
0 0.802734375 0.8173828125 0.8369140625 0.8193359375 0.8388671875 0.822265625 0.8388671875 0.83984375 0.8359375 0.8427734375 0.7900390625 0.8408203125 0.7900390625 0.8193359375 0.79296875 0.8173828125 0.8017578125 0.8173828125