1 0.0905349794921875 0.3429783955078125 0.154835390625 0.34027777734375 0.1553497939453125 0.329861111328125 0.1517489716796875 0.3001543212890625 0.1481481484375 0.297839505859375 0.1435185185546875 0.2966820986328125 0.1054526748046875 0.2966820986328125 0.09310699609375 0.2993827158203125 0.0797325107421875 0.297839505859375 0.066872427734375 0.2989969140625 0.0735596708984375 0.3371913583984375 0.0745884775390625 0.3395061728515625 0.0797325107421875 0.3422067900390625 0.0905349794921875 0.3429783955078125
1 0.1208847734375 0.3881172841796875 0.1522633740234375 0.38580246875 0.162037037109375 0.383487654296875 0.16306584375 0.37847222265625 0.1584362138671875 0.348765431640625 0.154835390625 0.3418209873046875 0.1265432099609375 0.3410493828125 0.096193416015625 0.343364197265625 0.0776748974609375 0.3425925927734375 0.0761316875 0.34375 0.0756172841796875 0.3506944443359375 0.0812757197265625 0.386959876953125 0.0910493828125 0.3885030859375 0.1208847734375 0.3881172841796875
1 0.04012345703125 0.3877314814453125 0.0776748974609375 0.38657407421875 0.07818930078125 0.3734567900390625 0.070987654296875 0.34375 0.0534979423828125 0.3418209873046875 0.015946501953125 0.3429783955078125 0.0025720166015625 0.3452932099609375 0.007201646484375 0.383487654296875 0.009773662109375 0.38657407421875 0.0354938271484375 0.38927469140625 0.04012345703125 0.3877314814453125
1 0 0.3371913583984375 0.01697530859375 0.3333333330078125 0.0396090537109375 0.3356481484375 0.0416666669921875 0.3341049384765625 0.0534979423828125 0.33757716015625 0.0565843623046875 0.33487654296875 0.0637860078125 0.33294753125 0.0684156376953125 0.3225308642578125 0.0673868310546875 0.306712962890625 0.064814814453125 0.3001543212890625 0.0565843623046875 0.297839505859375 0.04012345703125 0.2989969140625 0 0.29822530859375 0 0.3371913583984375
1 0 0.297839505859375 0.011831275390625 0.2970679013671875 0.020061728515625 0.298611111328125 0.0375514404296875 0.2970679013671875 0.0473251025390625 0.29822530859375 0.0617283955078125 0.2966820986328125 0.0632716044921875 0.2885802470703125 0.0596707822265625 0.2650462958984375 0.0565843623046875 0.2546296298828125 0.0534979423828125 0.252314814453125 0.02777777734375 0.2527006171875 0.022119341796875 0.2511574072265625 0.00205761328125 0.252314814453125 0 0.2527006171875 0 0.297839505859375
1 0.08899176953125 0.29822530859375 0.1481481484375 0.2966820986328125 0.1476337451171875 0.2677469140625 0.1455761318359375 0.2592592587890625 0.1435185185546875 0.255015431640625 0.136831275390625 0.2507716044921875 0.1054526748046875 0.2515432099609375 0.08487654296875 0.250385802734375 0.060185185546875 0.2519290126953125 0.0565843623046875 0.2542438271484375 0.0612139921875 0.2650462958984375 0.064814814453125 0.2939814814453125 0.0673868310546875 0.2966820986328125 0.08899176953125 0.29822530859375
1 0.07818930078125 0.2507716044921875 0.0843621396484375 0.2480709873046875 0.081790123046875 0.21875 0.075102880859375 0.2175925927734375 0.0293209873046875 0.21875 0.0231481484375 0.2195216044921875 0.0205761318359375 0.2214506171875 0.0205761318359375 0.2457561728515625 0.0216049384765625 0.2488425927734375 0.02520576171875 0.2511574072265625 0.07818930078125 0.2507716044921875
1 0.117798353515625 0.2511574072265625 0.133230453125 0.2492283955078125 0.1435185185546875 0.2515432099609375 0.144032921875 0.2418981484375 0.1404320986328125 0.2160493828125 0.090020576171875 0.2168209873046875 0.0843621396484375 0.21875 0.0833333330078125 0.2280092587890625 0.08693415625 0.2480709873046875 0.0956790126953125 0.2507716044921875 0.117798353515625 0.2511574072265625
1 0.166152263671875 0.25 0.1893004111328125 0.2519290126953125 0.1970164609375 0.249614197265625 0.2134773662109375 0.25 0.220164609375 0.2480709873046875 0.217078189453125 0.2106481484375 0.212962962890625 0.2056327158203125 0.2026748974609375 0.20447530859375 0.1604938271484375 0.20717592578125 0.147119341796875 0.2083333330078125 0.143004115234375 0.2114197529296875 0.1435185185546875 0.2322530859375 0.147119341796875 0.2480709873046875 0.1507201650390625 0.2519290126953125 0.166152263671875 0.25
1 0.2505144033203125 0.2488425927734375 0.284979423828125 0.2492283955078125 0.2947530859375 0.2453703701171875 0.2896090537109375 0.206790123046875 0.27520576171875 0.2029320986328125 0.2525720166015625 0.2060185185546875 0.22222222265625 0.2056327158203125 0.21810699609375 0.2083333330078125 0.2206790126953125 0.238040123046875 0.223765431640625 0.249614197265625 0.2443415634765625 0.2507716044921875 0.2505144033203125 0.2488425927734375
1 0.314814814453125 0.2492283955078125 0.3297325107421875 0.246913580078125 0.342078189453125 0.2480709873046875 0.3482510283203125 0.2461419755859375 0.366769546875 0.24652777734375 0.37705761328125 0.25 0.3873456787109375 0.2581018515625 0.3904320986328125 0.246913580078125 0.386831275390625 0.2226080244140625 0.3672839501953125 0.202160494140625 0.359053498046875 0.19830246875 0.3523662548828125 0.2006172841796875 0.3374485595703125 0.202160494140625 0.3225308642578125 0.201388888671875 0.2993827158203125 0.2029320986328125 0.2926954736328125 0.2064043212890625 0.2947530859375 0.22955246875 0.2988683125 0.244212962890625 0.3024691357421875 0.2484567900390625 0.314814814453125 0.2492283955078125
1 0.195987654296875 0.2966820986328125 0.2273662548828125 0.2935956787109375 0.2283950615234375 0.2804783955078125 0.2242798349609375 0.255015431640625 0.221193416015625 0.2515432099609375 0.2114197529296875 0.2507716044921875 0.1917011318359375 0.253086419921875 0.1532921806640625 0.252314814453125 0.149176955078125 0.255015431640625 0.1517489716796875 0.286265431640625 0.155864197265625 0.2970679013671875 0.162037037109375 0.295910494140625 0.195987654296875 0.2966820986328125
1 0.3014403291015625 0.29012345703125 0.299897119140625 0.2650462958984375 0.2952674892578125 0.2519290126953125 0.2757201650390625 0.2515432099609375 0.2695473251953125 0.253086419921875 0.227880658203125 0.2519290126953125 0.2253086416015625 0.25347222265625 0.2314814814453125 0.2939814814453125 0.269032921875 0.295138888671875 0.2962962958984375 0.29282407421875 0.3014403291015625 0.29012345703125
1 0.307098765625 0.2935956787109375 0.37294238671875 0.29205246875 0.383230453125 0.2966820986328125 0.390946501953125 0.2966820986328125 0.3894032919921875 0.2689043212890625 0.3755144033203125 0.250385802734375 0.3708847734375 0.2472993828125 0.3626543212890625 0.2461419755859375 0.306069958984375 0.2488425927734375 0.299897119140625 0.250385802734375 0.2983539091796875 0.2515432099609375 0.301954732421875 0.280864197265625 0.304012345703125 0.289737654296875 0.307098765625 0.2935956787109375
1 0.352880658203125 0.3360339501953125 0.3775720166015625 0.332561728515625 0.37705761328125 0.2966820986328125 0.37294238671875 0.2943672841796875 0.3647119345703125 0.293209876953125 0.3065843623046875 0.29552469140625 0.3045267490234375 0.2966820986328125 0.308127572265625 0.33294753125 0.3106995888671875 0.3371913583984375 0.3276748974609375 0.3356481484375 0.352880658203125 0.3360339501953125
1 0.244855966796875 0.337962962890625 0.2705761318359375 0.3360339501953125 0.299897119140625 0.338734568359375 0.304012345703125 0.3364197529296875 0.301954732421875 0.306712962890625 0.2993827158203125 0.2966820986328125 0.28600823046875 0.29552469140625 0.23302469140625 0.2962962958984375 0.2304526748046875 0.2974537041015625 0.2294238681640625 0.3024691357421875 0.234053498046875 0.329861111328125 0.238168724609375 0.3371913583984375 0.244855966796875 0.337962962890625
1 0.1666666669921875 0.340663580078125 0.172839505859375 0.3391203701171875 0.231995884765625 0.338348765625 0.2283950615234375 0.30632716015625 0.2268518515625 0.2997685185546875 0.223765431640625 0.2966820986328125 0.187757201171875 0.2966820986328125 0.1543209873046875 0.298611111328125 0.1532921806640625 0.30362654296875 0.1563786005859375 0.326388888671875 0.1615226337890625 0.3391203701171875 0.1666666669921875 0.340663580078125
1 0.1944444443359375 0.3842592587890625 0.2093621396484375 0.3823302470703125 0.234053498046875 0.383487654296875 0.2376543212890625 0.38117283984375 0.234053498046875 0.35455246875 0.2345679013671875 0.344135802734375 0.2325102880859375 0.3418209873046875 0.2227366259765625 0.340663580078125 0.2175925927734375 0.3425925927734375 0.1764403291015625 0.3418209873046875 0.16306584375 0.3429783955078125 0.16306584375 0.36342592578125 0.16512345703125 0.3761574072265625 0.168209876953125 0.3823302470703125 0.1944444443359375 0.3842592587890625
1 0.3086419755859375 0.3796296298828125 0.306069958984375 0.344135802734375 0.304012345703125 0.340663580078125 0.3004115224609375 0.3391203701171875 0.28189300390625 0.3398919755859375 0.2716049384765625 0.338348765625 0.268004115234375 0.3398919755859375 0.2366255146484375 0.3410493828125 0.2397119345703125 0.3769290126953125 0.2433127568359375 0.3819444443359375 0.3034979423828125 0.3815586416015625 0.3086419755859375 0.3796296298828125
1 0.376028806640625 0.3777006171875 0.38117283984375 0.3479938271484375 0.3791152265625 0.3418209873046875 0.3724279833984375 0.3368055556640625 0.3132716044921875 0.337962962890625 0.307098765625 0.3410493828125 0.3132716044921875 0.380015431640625 0.320987654296875 0.3823302470703125 0.3405349794921875 0.3792438271484375 0.376028806640625 0.3777006171875
1 0.441872427734375 0.287037037109375 0.445987654296875 0.2905092587890625 0.456790123046875 0.2885802470703125 0.49382716015625 0.2916666669921875 0.50617283984375 0.289737654296875 0.507201646484375 0.24382716015625 0.4876543212890625 0.24112654296875 0.4470164609375 0.2426697529296875 0.4387860078125 0.241512345703125 0.4356995888671875 0.2434413583984375 0.435185185546875 0.27507716015625 0.4362139921875 0.28472222265625 0.4387860078125 0.2878086416015625 0.441872427734375 0.287037037109375
1 0.5092592587890625 0.30902777734375 0.5092592587890625 0.2947530859375 0.507201646484375 0.29205246875 0.445987654296875 0.2889660498046875 0.442901234375 0.2905092587890625 0.4387860078125 0.29012345703125 0.4362139921875 0.29205246875 0.4367283955078125 0.3302469140625 0.4387860078125 0.3337191357421875 0.507201646484375 0.3344907412109375 0.5092592587890625 0.30902777734375
1 0.445987654296875 0.380015431640625 0.473765431640625 0.380015431640625 0.4783950615234375 0.37847222265625 0.5 0.380401234375 0.5087448564453125 0.3788580244140625 0.509773662109375 0.34722222265625 0.508230453125 0.3360339501953125 0.445987654296875 0.33294753125 0.441872427734375 0.3341049384765625 0.4382716044921875 0.33757716015625 0.4367283955078125 0.348765431640625 0.4387860078125 0.35532407421875 0.4382716044921875 0.37152777734375 0.445987654296875 0.380015431640625
1 0.5612139921875 0.292438271484375 0.5745884775390625 0.2916666669921875 0.57818930078125 0.289737654296875 0.5797325107421875 0.247685185546875 0.577160494140625 0.2434413583984375 0.5637860078125 0.24112654296875 0.55915637890625 0.2422839501953125 0.5452674892578125 0.2372685185546875 0.543209876953125 0.2337962958984375 0.541152263671875 0.2372685185546875 0.5324074072265625 0.2364969140625 0.5324074072265625 0.238811728515625 0.5267489716796875 0.2422839501953125 0.5154320986328125 0.241512345703125 0.5102880654296875 0.246913580078125 0.51286008203125 0.27507716015625 0.51080246875 0.286265431640625 0.51286008203125 0.289737654296875 0.5612139921875 0.292438271484375
1 0.634773662109375 0.2912808642578125 0.6481481484375 0.2905092587890625 0.651234568359375 0.2885802470703125 0.6532921806640625 0.2831790126953125 0.6543209873046875 0.2658179013671875 0.653806583984375 0.2480709873046875 0.651234568359375 0.24382716015625 0.60802469140625 0.2430555556640625 0.6054526748046875 0.2418981484375 0.58487654296875 0.24382716015625 0.5828189296875 0.2461419755859375 0.583847736328125 0.283564814453125 0.585905349609375 0.289737654296875 0.6255144033203125 0.2885802470703125 0.634773662109375 0.2912808642578125
1 0.511831275390625 0.33487654296875 0.52109053515625 0.3333333330078125 0.5365226337890625 0.3333333330078125 0.5462962958984375 0.335262345703125 0.5493827158203125 0.3341049384765625 0.577160494140625 0.335262345703125 0.5787037041015625 0.3341049384765625 0.5802469140625 0.293209876953125 0.57818930078125 0.2912808642578125 0.5149176953125 0.2905092587890625 0.5113168720703125 0.29282407421875 0.51080246875 0.307484568359375 0.513888888671875 0.315586419921875 0.51080246875 0.32677469140625 0.511831275390625 0.33487654296875
1 0.51697530859375 0.3777006171875 0.5516116259765625 0.3777006171875 0.560185185546875 0.3796296298828125 0.5787037041015625 0.3788580244140625 0.5802469140625 0.3765432099609375 0.58076131640625 0.34722222265625 0.5802469140625 0.33757716015625 0.57818930078125 0.3356481484375 0.51697530859375 0.3341049384765625 0.51286008203125 0.3360339501953125 0.5123456787109375 0.3429783955078125 0.5164609052734375 0.3614969140625 0.5154320986328125 0.3765432099609375 0.51697530859375 0.3777006171875
1 0.587962962890625 0.33487654296875 0.598765431640625 0.33294753125 0.61419753125 0.3356481484375 0.636831275390625 0.3356481484375 0.6476337451171875 0.335262345703125 0.6496913583984375 0.3337191357421875 0.6522633740234375 0.3082561728515625 0.6522633740234375 0.29282407421875 0.65020576171875 0.2908950615234375 0.619855966796875 0.2893518515625 0.58487654296875 0.29012345703125 0.5823045263671875 0.292438271484375 0.581790123046875 0.307098765625 0.5833333330078125 0.32137345703125 0.5812757197265624 0.33294753125 0.5828189296875 0.3341049384765625 0.587962962890625 0.33487654296875
1 0.58487654296875 0.37847222265625 0.6424897119140625 0.3792438271484375 0.6486625517578125 0.377314814453125 0.651234568359375 0.352237654296875 0.6486625517578125 0.3356481484375 0.6013374482421875 0.3360339501953125 0.587962962890625 0.3341049384765625 0.5833333330078125 0.3364197529296875 0.585905349609375 0.3530092587890625 0.5853909462890625 0.3703703701171875 0.5833333330078125 0.3765432099609375 0.58487654296875 0.37847222265625
1 0.71193415625 0.2881944443359375 0.72222222265625 0.286651234375 0.72479423828125 0.2831790126953125 0.7268518515625 0.2662037041015625 0.7268518515625 0.2511574072265625 0.723765431640625 0.24112654296875 0.702160494140625 0.2399691357421875 0.69084362109375 0.241512345703125 0.66100823046875 0.241512345703125 0.6584362138671875 0.244212962890625 0.6604938271484375 0.25887345703125 0.65689300390625 0.2662037041015625 0.66100823046875 0.286265431640625 0.71193415625 0.2881944443359375
1 0.7304526748046875 0.2407407412109375 0.73713991796875 0.2418981484375 0.763888888671875 0.2403549384765625 0.793209876953125 0.24112654296875 0.7952674892578125 0.2376543212890625 0.79681069921875 0.2094907412109375 0.7993827158203125 0.1998456787109375 0.7973251025390625 0.1971450615234375 0.7366255146484375 0.1956018515625 0.7273662548828125 0.19637345703125 0.7227366259765625 0.199459876953125 0.7227366259765625 0.20794753125 0.727880658203125 0.2193287041015625 0.7268518515625 0.2345679013671875 0.7304526748046875 0.2407407412109375
1 0.848765431640625 0.2422839501953125 0.863168724609375 0.2418981484375 0.8708847734375 0.2376543212890625 0.86882716015625 0.224537037109375 0.8703703701171875 0.2202932099609375 0.8693415634765626 0.195987654296875 0.8364197529296875 0.1940586416015625 0.799897119140625 0.1975308642578125 0.7973251025390625 0.223765431640625 0.79681069921875 0.2341820986328125 0.799897119140625 0.2407407412109375 0.817901234375 0.2395833330078125 0.848765431640625 0.2422839501953125
1 0.7273662548828125 0.286265431640625 0.79012345703125 0.286265431640625 0.7916666669921875 0.2831790126953125 0.7926954736328125 0.2430555556640625 0.7654320986328125 0.2407407412109375 0.742798353515625 0.2422839501953125 0.729938271484375 0.2407407412109375 0.7263374482421875 0.244212962890625 0.7283950615234375 0.2527006171875 0.7283950615234375 0.2623456787109375 0.725823044921875 0.2712191357421875 0.7273662548828125 0.286265431640625
1 0.7376543212890625 0.3314043212890625 0.74382716015625 0.3302469140625 0.7633744853515625 0.3310185185546875 0.7726337451171875 0.3341049384765625 0.7906378603515625 0.3310185185546875 0.7926954736328125 0.3260030859375 0.793209876953125 0.3059413583984375 0.79012345703125 0.29205246875 0.765946501953125 0.28742283984375 0.75617283984375 0.28742283984375 0.742798353515625 0.2905092587890625 0.7376543212890625 0.2885802470703125 0.7304526748046875 0.2885802470703125 0.7268518515625 0.2912808642578125 0.7263374482421875 0.307484568359375 0.729938271484375 0.3314043212890625 0.7345679013671875 0.3302469140625 0.7376543212890625 0.3314043212890625
1 0.65689300390625 0.3314043212890625 0.7026748974609375 0.33487654296875 0.7093621396484375 0.33294753125 0.720164609375 0.3333333330078125 0.723765431640625 0.331790123046875 0.7253086416015625 0.3136574072265625 0.723765431640625 0.2943672841796875 0.7217078193359375 0.2905092587890625 0.71399176953125 0.2889660498046875 0.6635802470703125 0.2889660498046875 0.6584362138671875 0.289737654296875 0.655864197265625 0.29205246875 0.6543209873046875 0.2974537041015625 0.6574074072265625 0.3097993828125 0.6553497939453125 0.327160494140625 0.65689300390625 0.3314043212890625
1 0.69495884765625 0.3757716044921875 0.7026748974609375 0.3777006171875 0.721193416015625 0.375385802734375 0.723765431640625 0.354938271484375 0.7227366259765625 0.3341049384765625 0.66100823046875 0.33217592578125 0.6532921806640625 0.3356481484375 0.65277777734375 0.3730709873046875 0.654835390625 0.375385802734375 0.659979423828125 0.3769290126953125 0.69495884765625 0.3757716044921875
1 0.772119341796875 0.3769290126953125 0.791152263671875 0.372685185546875 0.7926954736328125 0.35262345703125 0.7896090537109375 0.331790123046875 0.7746913583984375 0.33294753125 0.768004115234375 0.3310185185546875 0.741769546875 0.3344907412109375 0.7304526748046875 0.33217592578125 0.725823044921875 0.33487654296875 0.727880658203125 0.358410494140625 0.725823044921875 0.3626543212890625 0.725823044921875 0.3734567900390625 0.772119341796875 0.3769290126953125
1 0.8137860078125 0.375 0.8235596708984375 0.3730709873046875 0.846193416015625 0.375385802734375 0.8554526748046875 0.374614197265625 0.863168724609375 0.3707561728515625 0.863168724609375 0.3514660498046875 0.8657407412109375 0.33487654296875 0.86213991796875 0.33217592578125 0.83899176953125 0.3302469140625 0.8161008232421875 0.33217592578125 0.80092592578125 0.3287037041015625 0.793209876953125 0.3314043212890625 0.7952674892578125 0.36342592578125 0.7973251025390625 0.37152777734375 0.799897119140625 0.3742283955078125 0.8137860078125 0.375
1 0.831790123046875 0.3302469140625 0.837962962890625 0.331790123046875 0.8415637861328125 0.3368055556640625 0.84722222265625 0.331790123046875 0.859053498046875 0.3341049384765625 0.8626543212890625 0.3310185185546875 0.8657407412109375 0.3082561728515625 0.8662551435546875 0.2889660498046875 0.86419753125 0.28742283984375 0.8384773662109375 0.2851080244140625 0.8215020576171875 0.286651234375 0.799897119140625 0.2858796298828125 0.7962962958984375 0.286651234375 0.79423868359375 0.295910494140625 0.7926954736328125 0.317515431640625 0.7993827158203125 0.329861111328125 0.807098765625 0.33294753125 0.831790123046875 0.3302469140625
1 0.799897119140625 0.28472222265625 0.8626543212890625 0.2858796298828125 0.865226337890625 0.2457561728515625 0.8626543212890625 0.2418981484375 0.854938271484375 0.2426697529296875 0.835905349609375 0.2407407412109375 0.799897119140625 0.241512345703125 0.7962962958984375 0.2453703701171875 0.7947530859375 0.2538580244140625 0.793209876953125 0.2770061728515625 0.7962962958984375 0.27777777734375 0.79681069921875 0.2827932099609375 0.799897119140625 0.28472222265625
1 0.9176954736328125 0.2854938271484375 0.9326131689453125 0.2851080244140625 0.9362139921875 0.2800925927734375 0.937242798828125 0.24382716015625 0.9336419755859375 0.24112654296875 0.912037037109375 0.2399691357421875 0.8724279833984375 0.2422839501953125 0.86882716015625 0.2453703701171875 0.866769546875 0.2654320986328125 0.8662551435546875 0.2831790126953125 0.869855966796875 0.2851080244140625 0.9053497939453125 0.2839506171875 0.9176954736328125 0.2854938271484375
1 0.90020576171875 0.329089505859375 0.9053497939453125 0.3279320986328125 0.9197530859375 0.3302469140625 0.932098765625 0.329861111328125 0.9356995888671875 0.293209876953125 0.9346707822265625 0.286265431640625 0.9115226337890625 0.2851080244140625 0.871913580078125 0.2858796298828125 0.86882716015625 0.28742283984375 0.867798353515625 0.2908950615234375 0.8657407412109375 0.3252314814453125 0.86882716015625 0.3306327158203125 0.8796296298828125 0.3287037041015625 0.90020576171875 0.329089505859375
1 0.9135802470703125 0.3742283955078125 0.93004115234375 0.371913580078125 0.93415637890625 0.3452932099609375 0.931069958984375 0.332561728515625 0.9074074072265625 0.329089505859375 0.8904320986328125 0.3306327158203125 0.869855966796875 0.3302469140625 0.8662551435546875 0.332561728515625 0.8662551435546875 0.36419753125 0.8693415634765626 0.372685185546875 0.882201646484375 0.371913580078125 0.9135802470703125 0.3742283955078125
1 0.9994855966796875 0.2422839501953125 0.980967078125 0.2403549384765625 0.94495884765625 0.2403549384765625 0.941872427734375 0.241512345703125 0.9393004111328125 0.2472993828125 0.9393004111328125 0.2831790126953125 0.9454732509765625 0.28472222265625 0.9994855966796875 0.2839506171875 0.9994855966796875 0.2422839501953125
1 0.9367283955078125 0.329861111328125 0.9454732509765625 0.332561728515625 0.9511316875 0.332561728515625 0.9732510283203125 0.32947530859375 0.9850823046875 0.329089505859375 0.9953703701171875 0.3306327158203125 0.9994855966796875 0.329089505859375 0.9994855966796875 0.2854938271484375 0.9454732509765625 0.2854938271484375 0.9403292177734375 0.286265431640625 0.937757201171875 0.2893518515625 0.937242798828125 0.304012345703125 0.935185185546875 0.307098765625 0.935185185546875 0.3283179013671875 0.9367283955078125 0.329861111328125
1 0.979938271484375 0.375 0.9994855966796875 0.371913580078125 0.9994855966796875 0.3395061728515625 0.9958847734375 0.3314043212890625 0.979938271484375 0.3283179013671875 0.956790123046875 0.331790123046875 0.9423868310546875 0.329089505859375 0.9356995888671875 0.331790123046875 0.933127572265625 0.338348765625 0.9326131689453125 0.369984568359375 0.9387860078125 0.37152777734375 0.956790123046875 0.3707561728515625 0.979938271484375 0.375
1 0.95576131640625 0.23842592578125 0.9696502060546875 0.23919753125 0.9732510283203125 0.2407407412109375 0.9994855966796875 0.2399691357421875 0.9994855966796875 0.1944444443359375 0.94907407421875 0.1944444443359375 0.943930041015625 0.199459876953125 0.943930041015625 0.2226080244140625 0.94084362109375 0.2337962958984375 0.9423868310546875 0.2399691357421875 0.95576131640625 0.23842592578125
1 0.8693415634765626 0.2403549384765625 0.9356995888671875 0.2399691357421875 0.9382716044921875 0.238811728515625 0.9423868310546875 0.2037037041015625 0.9403292177734375 0.1971450615234375 0.9326131689453125 0.1944444443359375 0.897119341796875 0.1921296298828125 0.87294238671875 0.1952160498046875 0.8703703701171875 0.199459876953125 0.8708847734375 0.2172067900390625 0.8672839501953125 0.230709876953125 0.8672839501953125 0.2376543212890625 0.8693415634765626 0.2403549384765625
1 0.2124485595703125 0.2033179013671875 0.220164609375 0.2052469140625 0.2386831279296875 0.2029320986328125 0.2345679013671875 0.1751543212890625 0.230967078125 0.17322530859375 0.168209876953125 0.1747685185546875 0.1666666669921875 0.17669753125 0.166152263671875 0.2029320986328125 0.1687242802734375 0.2052469140625 0.18415637890625 0.2060185185546875 0.2124485595703125 0.2033179013671875
1 0.3117283955078125 0.201388888671875 0.31584362109375 0.199459876953125 0.3112139921875 0.175540123046875 0.306069958984375 0.17052469140625 0.299897119140625 0.1693672841796875 0.2654320986328125 0.1712962958984375 0.23713991796875 0.1751543212890625 0.2386831279296875 0.2029320986328125 0.2422839501953125 0.204861111328125 0.2875514404296875 0.2037037041015625 0.3117283955078125 0.201388888671875
1 0.359053498046875 0.2006172841796875 0.36882716015625 0.2037037041015625 0.3837448564453125 0.212962962890625 0.38786008203125 0.21257716015625 0.3894032919921875 0.204089505859375 0.3873456787109375 0.182098765625 0.384773662109375 0.1778549384765625 0.380144033203125 0.1751543212890625 0.3384773662109375 0.1751543212890625 0.3143004111328125 0.1774691357421875 0.316872427734375 0.1975308642578125 0.318930041015625 0.2006172841796875 0.33487654296875 0.2025462958984375 0.359053498046875 0.2006172841796875
1 0 0.525462962890625 0.0046296298828125 0.526234568359375 0.026234568359375 0.5243055556640625 0.028806583984375 0.52237654296875 0.019032921875 0.4610339501953125 0.0154320986328125 0.4556327158203125 0.0113168720703125 0.4556327158203125 0 0.4564043212890625 0 0.525462962890625
1 0.0720164609375 0.5239197529296875 0.07407407421875 0.52237654296875 0.0735596708984375 0.5158179013671875 0.0653292177734375 0.45987654296875 0.0606995888671875 0.4583333330078125 0.0534979423828125 0.4591049384765625 0.0447530859375 0.4560185185546875 0.028806583984375 0.4556327158203125 0.02520576171875 0.4564043212890625 0.024176955078125 0.4587191357421875 0.029835390625 0.5219907412109375 0.032921810546875 0.5239197529296875 0.043209876953125 0.5246913583984375 0.0720164609375 0.5239197529296875
1 0.115226337890625 0.5231481484375 0.115226337890625 0.5069444443359375 0.1095679013671875 0.4583333330078125 0.10390946484375 0.4560185185546875 0.0910493828125 0.45447530859375 0.0704732509765625 0.4556327158203125 0.066872427734375 0.4583333330078125 0.0725308642578125 0.5123456787109375 0.075102880859375 0.5216049384765625 0.0874485595703125 0.5243055556640625 0.115226337890625 0.5231481484375
1 0.1265432099609375 0.52507716015625 0.159979423828125 0.5231481484375 0.162037037109375 0.51697530859375 0.1543209873046875 0.4583333330078125 0.1404320986328125 0.456790123046875 0.115226337890625 0.45717592578125 0.1126543212890625 0.4583333330078125 0.1116255146484375 0.463734568359375 0.1157407412109375 0.508487654296875 0.1193415634765625 0.5231481484375 0.1265432099609375 0.52507716015625
1 0.168209876953125 0.5235339501953125 0.202160494140625 0.52237654296875 0.204218107421875 0.517361111328125 0.19907407421875 0.45987654296875 0.195987654296875 0.457561728515625 0.1733539091796875 0.4591049384765625 0.1646090537109375 0.45717592578125 0.1574074072265625 0.457561728515625 0.1574074072265625 0.4780092587890625 0.162037037109375 0.511959876953125 0.16512345703125 0.5219907412109375 0.168209876953125 0.5235339501953125
1 0.2494855966796875 0.52237654296875 0.2515432099609375 0.5181327158203125 0.2494855966796875 0.5123456787109375 0.2453703701171875 0.456790123046875 0.2412551435546875 0.45447530859375 0.2345679013671875 0.4537037041015625 0.2196502060546875 0.454089505859375 0.2134773662109375 0.4560185185546875 0.20576131640625 0.4560185185546875 0.2037037041015625 0.4591049384765625 0.204218107421875 0.48842592578125 0.2093621396484375 0.5231481484375 0.2175925927734375 0.5243055556640625 0.2494855966796875 0.52237654296875
1 0.2556584365234375 0.52237654296875 0.2649176953125 0.522762345703125 0.295781892578125 0.5212191357421875 0.2983539091796875 0.5189043212890625 0.2973251025390625 0.4957561728515625 0.2906378603515625 0.454089505859375 0.2854938271484375 0.451388888671875 0.2757201650390625 0.4506172841796875 0.2649176953125 0.454089505859375 0.251028806640625 0.45447530859375 0.2458847734375 0.4564043212890625 0.25 0.508487654296875 0.2525720166015625 0.52044753125 0.2556584365234375 0.52237654296875
1 0.3034979423828125 0.5177469140625 0.30504115234375 0.5189043212890625 0.316872427734375 0.5189043212890625 0.320987654296875 0.5162037041015625 0.327160494140625 0.5154320986328125 0.3384773662109375 0.516589505859375 0.342078189453125 0.5123456787109375 0.342078189453125 0.505015431640625 0.340020576171875 0.5007716044921875 0.33899176953125 0.4591049384765625 0.3374485595703125 0.4552469140625 0.3312757197265625 0.4529320986328125 0.3132716044921875 0.4560185185546875 0.3112139921875 0.4583333330078125 0.30504115234375 0.4594907412109375 0.3029835390625 0.4564043212890625 0.2993827158203125 0.4564043212890625 0.3029835390625 0.4594907412109375 0.2988683125 0.463348765625 0.297839505859375 0.471064814453125 0.3034979423828125 0.5177469140625
1 0.380144033203125 0.5177469140625 0.38580246875 0.5131172841796875 0.3842592587890625 0.4760802470703125 0.3806584365234375 0.4525462958984375 0.3415637861328125 0.4525462958984375 0.340020576171875 0.454089505859375 0.3395061728515625 0.4753086416015625 0.3436213994140625 0.5177469140625 0.3482510283203125 0.52044753125 0.380144033203125 0.5177469140625
1 0.477880658203125 0.516589505859375 0.4835390947265625 0.5135030859375 0.480967078125 0.47762345703125 0.4825102880859375 0.44907407421875 0.477880658203125 0.44637345703125 0.458847736328125 0.4471450615234375 0.44907407421875 0.4456018515625 0.442901234375 0.4471450615234375 0.4393004111328125 0.452160494140625 0.4382716044921875 0.4702932099609375 0.4423868310546875 0.511188271484375 0.44907407421875 0.5154320986328125 0.477880658203125 0.516589505859375
1 0.5257201650390625 0.514660494140625 0.5272633740234375 0.5127314814453126 0.5257201650390625 0.449459876953125 0.520061728515625 0.4475308642578125 0.48713991796875 0.4467592587890625 0.48302469140625 0.4510030859375 0.481995884765625 0.4702932099609375 0.4855967080078125 0.51427469140625 0.5036008232421875 0.5162037041015625 0.5257201650390625 0.514660494140625
1 0.534979423828125 0.514660494140625 0.5596707822265625 0.5154320986328125 0.567901234375 0.51427469140625 0.56995884765625 0.5123456787109375 0.5715020576171875 0.4510030859375 0.5704732509765625 0.449459876953125 0.562757201171875 0.4479166669921875 0.5293209873046875 0.448688271484375 0.5272633740234375 0.449459876953125 0.5282921806640625 0.5123456787109375 0.5293209873046875 0.513888888671875 0.534979423828125 0.514660494140625
1 0.617798353515625 0.477237654296875 0.6147119345703125 0.44907407421875 0.61213991796875 0.4475308642578125 0.6054526748046875 0.4475308642578125 0.585905349609375 0.449459876953125 0.58076131640625 0.4475308642578125 0.5756172841796875 0.4510030859375 0.5735596708984375 0.454861111328125 0.5725308642578125 0.5096450615234375 0.57407407421875 0.5154320986328125 0.6162551435546875 0.514660494140625 0.617798353515625 0.477237654296875
1 0.659979423828125 0.44907407421875 0.6507201650390625 0.44637345703125 0.61882716015625 0.4471450615234375 0.6162551435546875 0.44907407421875 0.617798353515625 0.5131172841796875 0.619855966796875 0.5154320986328125 0.6574074072265625 0.5131172841796875 0.659979423828125 0.44907407421875
1 0.700102880859375 0.5092592587890625 0.702160494140625 0.44907407421875 0.69907407421875 0.445987654296875 0.693930041015625 0.4448302470703125 0.6697530859375 0.4452160498046875 0.659979423828125 0.44907407421875 0.6594650205078125 0.51157407421875 0.66100823046875 0.5131172841796875 0.6970164609375 0.5123456787109375 0.700102880859375 0.5092592587890625
1 0.7458847734375 0.505787037109375 0.74794238671875 0.44830246875 0.7412551435546875 0.4444444443359375 0.7052469140625 0.44637345703125 0.702160494140625 0.44830246875 0.702160494140625 0.511959876953125 0.727880658203125 0.513888888671875 0.74382716015625 0.5123456787109375 0.7458847734375 0.505787037109375
1 0.751028806640625 0.511959876953125 0.78600823046875 0.51157407421875 0.7875514404296875 0.50887345703125 0.79012345703125 0.445987654296875 0.7839506171875 0.44367283984375 0.7541152265625 0.44367283984375 0.7484567900390625 0.44637345703125 0.746913580078125 0.449459876953125 0.7484567900390625 0.454861111328125 0.746913580078125 0.5096450615234375 0.751028806640625 0.511959876953125
1 0.83076131640625 0.508487654296875 0.8323045263671875 0.4448302470703125 0.8225308642578125 0.442901234375 0.795781892578125 0.4440586416015625 0.791152263671875 0.445987654296875 0.789094650390625 0.5092592587890625 0.793209876953125 0.5123456787109375 0.82818930078125 0.5104166669921875 0.83076131640625 0.508487654296875
1 0.8724279833984375 0.508487654296875 0.87294238671875 0.5027006171875 0.8755144033203125 0.4641203701171875 0.8744855966796875 0.442515431640625 0.8713991767578125 0.440586419921875 0.840020576171875 0.44097222265625 0.8353909462890625 0.4421296298828125 0.8333333330078125 0.4456018515625 0.831790123046875 0.5081018515625 0.8343621396484375 0.5104166669921875 0.8693415634765626 0.5104166669921875 0.8724279833984375 0.508487654296875
1 0.9223251025390625 0.460262345703125 0.9233539091796875 0.4452160498046875 0.9212962958984375 0.4421296298828125 0.8955761318359375 0.44097222265625 0.8873456787109375 0.4390432099609375 0.8786008232421875 0.4417438271484375 0.875 0.4864969140625 0.8744855966796875 0.5069444443359375 0.8765432099609375 0.5096450615234375 0.91512345703125 0.508487654296875 0.9223251025390625 0.460262345703125
1 0.943930041015625 0.5077160498046875 0.956790123046875 0.5081018515625 0.958847736328125 0.5065586416015625 0.9686213994140624 0.44637345703125 0.9665637861328125 0.4417438271484375 0.9624485595703125 0.4402006171875 0.9423868310546875 0.439814814453125 0.924897119140625 0.443287037109375 0.918209876953125 0.49652777734375 0.9176954736328125 0.5077160498046875 0.9197530859375 0.50887345703125 0.9356995888671875 0.5096450615234375 0.943930041015625 0.5077160498046875
0 0.9994855966796875 0.4417438271484375 0.984053498046875 0.4394290126953125 0.9706790126953125 0.442515431640625 0.960905349609375 0.499614197265625 0.9603909462890625 0.505787037109375 0.962962962890625 0.5077160498046875 0.9994855966796875 0.5073302470703125 0.9994855966796875 0.4417438271484375
0 0.8466796875 0.39697265625 0.04833984375 0.015625
0 0.806640625 0.5283203125 0.8095703125 0.5302734375 0.80859375 0.5400390625 0.79296875 0.5419921875 0.763671875 0.541015625 0.76171875 0.5380859375 0.7626953125 0.5302734375 0.8056640625 0.5283203125
0 0.0087890625 0.5439453125 0.0126953125 0.544921875 0.013671875 0.5478515625 0.013671875 0.5556640625 0.009765625 0.5576171875 0 0.5576171875 0 0.544921875 0.0078125 0.5439453125
0 0.248046875 0.5380859375 0.25390625 0.5400390625 0.25390625 0.55078125 0.2275390625 0.552734375 0.205078125 0.5517578125 0.203125 0.5400390625 0.2470703125 0.5380859375
0 0.248046875 0.3955078125 0.2578125 0.3974609375 0.259765625 0.408203125 0.2470703125 0.4111328125 0.2138671875 0.41015625 0.2099609375 0.408203125 0.2099609375 0.3974609375 0.2119140625 0.396484375 0.2470703125 0.3955078125
0 0.5849609375 0.53125 0.5888671875 0.53515625 0.5869140625 0.5439453125 0.54296875 0.5439453125 0.5419921875 0.5419921875 0.5419921875 0.533203125 0.5439453125 0.53125 0.583984375 0.53125
0 0.63671875 0.392578125 0.638671875 0.39453125 0.6376953125 0.4052734375 0.6279296875 0.4072265625 0.5927734375 0.40625 0.5908203125 0.4052734375 0.591796875 0.3935546875 0.6357421875 0.392578125