1 0.2587804697265625 0.346700107421875 0.2590317705078125 0.313422501953125 0.25682133203125 0.296560310546875 0.2536886064453125 0.2960058818359375 0.2477461005859375 0.29951537890625 0.2469601923828125 0.31039918359375 0.2478948486328125 0.3532624716796875 0.2587804697265625 0.346700107421875
1 0.27370146484375 0.2946064462890625 0.2694078779296875 0.2921994716796875 0.264303287109375 0.2929431640625 0.259494732421875 0.2979203466796875 0.2588379306640625 0.3327732841796875 0.2598875068359375 0.3477829287109375 0.2671523466796875 0.3484351552734375 0.2732294130859375 0.3468499716796875 0.276337044921875 0.339671263671875 0.2756660576171875 0.3227014228515625 0.27370146484375 0.2946064462890625
1 0.2857748603515625 0.2902814921875 0.2814812724609375 0.287874517578125 0.27799687109375 0.2896651484375 0.27575406640625 0.2944629150390625 0.27504889453125 0.306501306640625 0.2761199287109375 0.3439406357421875 0.2777939404296875 0.3457572998046875 0.281899142578125 0.3454702353515625 0.2863829326171875 0.3432229765625 0.2874379638671875 0.336187798828125 0.2857748603515625 0.2902814921875
1 0.2976525986328125 0.31265559375 0.29906294140625 0.2885788095703125 0.2957956552734375 0.286100068359375 0.288286787109375 0.2893323515625 0.2861210830078125 0.30998125390625 0.2873554091796875 0.342381484375 0.2966728505859375 0.3428901796875 0.301183552734375 0.3410277822265625 0.303291796875 0.3343057021484375 0.299215326171875 0.3276293544921875 0.2976525986328125 0.31265559375
1 0.2981584765625 0.3420128056640625 0.302236765625 0.34134087890625 0.30561351953125 0.338010796875 0.305244021484375 0.303229625 0.302251310546875 0.2825546884765625 0.29776751953125 0.28480194921875 0.2955785400390625 0.2903694404296875 0.296218978515625 0.3216509658203125 0.2946220673828125 0.3356854375 0.2922177900390625 0.3381740283203125 0.2950526630859375 0.341843240234375 0.2981584765625 0.3420128056640625
1 0.3039144140625 0.32846099609375 0.2994288056640625 0.3380565302734375 0.3073413564453125 0.3405971865234375 0.31282453515625 0.3378932978515625 0.3151498955078125 0.326901845703125 0.3134831552734375 0.2956920859375 0.314810943359375 0.27780898828125 0.3071136904296875 0.278347232421875 0.3019265458984375 0.285284611328125 0.300977345703125 0.30120751171875 0.297220185546875 0.313846064453125 0.2999994150390625 0.32409382421875 0.3039144140625 0.32846099609375
1 0.3315150595703125 0.332332138671875 0.3281528505859375 0.27687603125 0.32291369921875 0.27569541015625 0.31635039453125 0.2777013388671875 0.3144556318359375 0.2948505947265625 0.3152306318359375 0.32805643359375 0.31379701171875 0.3370518076171875 0.31649732421875 0.338796705078125 0.326220265625 0.33773006640625 0.3297046689453125 0.335939435546875 0.3315150595703125 0.332332138671875
1 0.3622502490234375 0.3294094365234375 0.36037184765625 0.2804242275390625 0.3578617392578125 0.2740250947265625 0.3536219755859375 0.2723878447265625 0.339119208984375 0.27146825390625 0.3345815927734375 0.2729457890625 0.331231751953125 0.2766607333984375 0.33161470703125 0.311634337890625 0.3297333994140625 0.3289760234375 0.3297046689453125 0.335939435546875 0.3312710322265625 0.3362166484375 0.3481511650390625 0.3342627861328125 0.3622502490234375 0.3294094365234375
1 0.3780771689453125 0.3271424765625 0.379862466796875 0.3158020439453125 0.3763889716796875 0.273503033203125 0.3747956962890625 0.27284095703125 0.3637755146484375 0.2774790087890625 0.362228791015625 0.306979751953125 0.3638435244140625 0.3300715126953125 0.3780771689453125 0.3271424765625
1 0.375916919921875 0.3257465576171875 0.381588484375 0.32573670703125 0.384288796875 0.3274816064453125 0.3903658623046875 0.3258964228515625 0.3931756416015625 0.321832498046875 0.39620435546875 0.306150927734375 0.3948623798828125 0.27221124609375 0.3915143564453125 0.26857791796875 0.380332701171875 0.2709067939453125 0.3773883603515625 0.273046404296875 0.3754612294921875 0.3118556181640625 0.379430052734375 0.3169925146484375 0.3793205859375 0.322801337890625 0.375916919921875 0.3257465576171875
1 0.432266705078125 0.2761703388671875 0.428218962890625 0.262530580078125 0.41023179296875 0.2634016220703125 0.402102126953125 0.2651303369140625 0.396672771484375 0.268603951171875 0.396365828125 0.3084601044921875 0.3937444345703125 0.3152180673828125 0.3937157041015625 0.3221814775390625 0.3974692294921875 0.32423947265625 0.419453953125 0.32154191796875 0.4329860625 0.3159547265625 0.432266705078125 0.2761703388671875
1 0.4461810390625 0.25392640234375 0.434674619140625 0.2589852001953125 0.431837927734375 0.26266426171875 0.4349848388671875 0.31504146875 0.4366588505859375 0.3168581337890625 0.44432919140625 0.3159350263671875 0.4529181845703125 0.3134007021484375 0.4562680263671875 0.3096857578125 0.449313765625 0.2544808310546875 0.4461810390625 0.25392640234375
1 0.4592538232421875 0.2491448193359375 0.452771255859375 0.2523053359375 0.450474626953125 0.2563333779296875 0.4555664912109375 0.3070276025390625 0.4605077890625 0.3113230068359375 0.4701769072265625 0.309486642578125 0.4725542724609375 0.306613189453125 0.4685712646484375 0.249653513671875 0.4638183505859375 0.2480521474609375 0.4592538232421875 0.2491448193359375
1 0.4892874775390625 0.2435639609375 0.4845614765625 0.24234745703125 0.47348746875 0.246215783203125 0.470516216796875 0.24797053125 0.468759650390625 0.2523475517578125 0.4724466240234375 0.30507373828125 0.473201984375 0.3085016201171875 0.477901072265625 0.30933326171875 0.49056835546875 0.30612701171875 0.4934857841796875 0.303602537109375 0.4892874775390625 0.2435639609375
1 0.4951328837890625 0.3050343388671875 0.5171176064453125 0.3023367841796875 0.5225469609375 0.298863169921875 0.5261390126953125 0.2986119892578125 0.5245762861328125 0.283638228515625 0.5265517861328125 0.267643560546875 0.525369466796875 0.2433613291015625 0.52493887109375 0.2372035263671875 0.522157822265625 0.2343040400390625 0.5164055205078125 0.233159302734375 0.49695963671875 0.235292580078125 0.491664841796875 0.2406905078125 0.491924875 0.2812805029296875 0.4925420380859375 0.2974806181640625 0.4951328837890625 0.3050343388671875
1 0.5542171650390625 0.2281947861328125 0.5510306142578125 0.2268706337890625 0.5347443681640625 0.2299432021484375 0.52685691015625 0.235135681640625 0.5261266455078125 0.2394409365234375 0.5281377890625 0.297698732421875 0.5329176142578125 0.2996849619140625 0.5456925458984375 0.2980181630859375 0.5542815380859375 0.2954838388671875 0.55614575390625 0.2926462685546875 0.5542171650390625 0.2281947861328125
1 0.58645034765625 0.2835657626953125 0.5877315849609375 0.23551984375 0.5829284833984375 0.218452205078125 0.5666422373046875 0.2215247724609375 0.55862021875 0.2247929384765625 0.555810439453125 0.22885686328125 0.55502453125 0.2397406669921875 0.55614575390625 0.2926462685546875 0.563923744140625 0.293262611328125 0.5766448515625 0.2908260869140625 0.58420754296875 0.288363529296875 0.58645034765625 0.2835657626953125
1 0.5841053486328125 0.2647792568359375 0.584180630859375 0.2879786669921875 0.5861524951171875 0.286680546875 0.6045989912109375 0.2850038974609375 0.6085427197265625 0.2824076572265625 0.6122155087890625 0.2833110654296875 0.6177256005859375 0.2809920390625 0.618917009765625 0.26853290234375 0.616959689453125 0.2110448310546875 0.61274683984375 0.2097924443359375 0.5909774140625 0.2155689013671875 0.5859266484375 0.217082318359375 0.582576806640625 0.220797263671875 0.587433732421875 0.2386346279296875 0.5841053486328125 0.2647792568359375
1 0.663046111328125 0.2727952412109375 0.6658828037109376 0.2691161796875 0.6677775673828125 0.251966923828125 0.6675982724609375 0.2125315166015625 0.6650092451171875 0.1976295205078125 0.65066794921875 0.1990191064453125 0.63713583984375 0.204606298828125 0.62079576953125 0.2069091416015625 0.617932166015625 0.2102033408203125 0.6202913505859375 0.2808126240234375 0.6245042021484375 0.28206501171875 0.632687693359375 0.281106021484375 0.663046111328125 0.2727952412109375
1 0.7070857451171875 0.2020353916015625 0.7050636923828125 0.1878672392578125 0.68850832421875 0.1870911796875 0.67727284375 0.1886503310546875 0.66779029296875 0.2005290078125 0.6672069560546875 0.26592962890625 0.6675299033203125 0.2705479814453125 0.669663240234375 0.271559037109375 0.697184966796875 0.266927318359375 0.7056932236328125 0.2632384072265625 0.7070857451171875 0.2020353916015625
1 0.7246259580078125 0.2611410126953125 0.7359959990234375 0.2615061748046875 0.74806939453125 0.2571812197265625 0.7494637353515625 0.1886299306640625 0.7470900048828125 0.1768068369140625 0.7374747119140626 0.1794129267578125 0.7188936552734375 0.1791652626953125 0.707629443359375 0.18768782421875 0.7071304794921875 0.239546486328125 0.7076919990234375 0.262325150390625 0.709339099609375 0.2637569521484375 0.715523814453125 0.26371121875 0.7246259580078125 0.2611410126953125
1 0.7947340576171875 0.1649668603515625 0.7910074453125 0.1632937275390625 0.7687517822265625 0.1694909296875 0.7535994853515625 0.1740311826171875 0.7497364931640625 0.1777820107421875 0.7504467607421875 0.2543077666015625 0.7526339228515625 0.2560885478515625 0.765435765625 0.254806611328125 0.794335470703125 0.247758068359375 0.79630915234375 0.2391116748046875 0.7947340576171875 0.1649668603515625
1 0.7969212197265625 0.1667476416015625 0.79677938671875 0.1942164228515625 0.79834749609375 0.2092671572265625 0.796958681640625 0.233651830078125 0.7977122236328125 0.244427986328125 0.799386236328125 0.246244650390625 0.8051654501953125 0.2477742509765625 0.8248553623046875 0.241756462890625 0.8590211298828125 0.236273404296875 0.8630474130859375 0.227483478515625 0.8647072392578125 0.1774773642578125 0.863200154296875 0.1559250546875 0.8603921943359375 0.1526407041015625 0.8508863671875 0.1494379716796875 0.8416496640625 0.1500838642578125 0.8057273291015625 0.1599439453125 0.798731611328125 0.163140345703125 0.7969212197265625 0.1667476416015625
1 0.85696453515625 0.3617224521484375 0.858683638671875 0.2904412421875 0.8579570087890624 0.2800499501953125 0.8557160224609375 0.277499443359375 0.8233068212890625 0.2786054814453125 0.812394287109375 0.2847829833984375 0.810583896484375 0.288390279296875 0.81163347265625 0.303399923828125 0.808712408203125 0.3206209453125 0.81145563671875 0.3672252119140625 0.834114984375 0.36680094921875 0.8545333447265625 0.3638261796875 0.85696453515625 0.3617224521484375
1 0.751368689453125 0.3486089716796875 0.7520109462890625 0.37254222265625 0.7536311337890625 0.373589162109375 0.771645216796875 0.373102984375 0.784339412109375 0.3702815966796875 0.7921443134765624 0.371282802734375 0.8068103720703125 0.3671632958984375 0.8085131142578125 0.362016548828125 0.80836800390625 0.2935729091796875 0.8075049951171875 0.2886055771484375 0.8042915322265625 0.2868965625 0.796486630859375 0.28589535546875 0.7740156689453125 0.28901365625 0.75821566015625 0.2916654794921875 0.75375878125 0.2942976015625 0.7509166357421875 0.320021484375 0.751368689453125 0.3486089716796875
1 0.7509039091796875 0.3714594013671875 0.752407716796875 0.2970992890625 0.75105846875 0.2925527021484375 0.7437936298828125 0.2919004765625 0.70876303515625 0.2997644775390625 0.7060572685546875 0.320064400390625 0.7049662353515626 0.363456083984375 0.7050989775390625 0.3727286708984375 0.70852773828125 0.377516587890625 0.72908066015625 0.3764661328125 0.74693326953125 0.3736707783203125 0.7509039091796875 0.3714594013671875
1 0.7048280380859375 0.376228318359375 0.7058903408203125 0.3398000458984375 0.7063569384765624 0.3096013427734375 0.7035777080078125 0.29935358203125 0.689317150390625 0.301897755859375 0.6874260224609375 0.3043504638671875 0.6758657763671875 0.3086395361328125 0.67416303515625 0.3137862822265625 0.6735887880859375 0.34244553515625 0.675578474609375 0.378273646484375 0.6880824658203125 0.380106494140625 0.701883697265625 0.3783679296875 0.7048280380859375 0.376228318359375
1 0.653268986328125 0.383701123046875 0.6696359697265625 0.3817831435546875 0.672094072265625 0.3800642783203125 0.6737160771484375 0.373762943359375 0.674098302734375 0.3571062001953125 0.6724279267578125 0.3405929873046875 0.67362297265625 0.3134373017578125 0.6732462021484374 0.308049224609375 0.6705189775390625 0.3059194638671875 0.6596889970703125 0.3059032802734375 0.65579909375 0.30926924609375 0.6447789111328125 0.3139072978515625 0.644450509765625 0.3313337666015625 0.646517296875 0.3830130146484375 0.653268986328125 0.383701123046875
1 0.6421593349609375 0.3133169873046875 0.6260363798828125 0.31135045703125 0.611045556640625 0.31819988671875 0.6066694140625 0.32198659765625 0.60537035546875 0.3329062841796875 0.605416908203125 0.3630691044921875 0.6080579423828125 0.3860890986328125 0.629231662109375 0.3865422109375 0.64292524609375 0.3832641953125 0.644520337890625 0.376577998046875 0.6421593349609375 0.3133169873046875
1 0.604688587890625 0.3231565576171875 0.60783209375 0.31649087109375 0.5970828515625 0.317629275390625 0.5861703173828124 0.3238067783203125 0.5835758369140625 0.3309496044921875 0.5854291435546874 0.3722016767578125 0.584994912109375 0.3807404208984375 0.5818872802734375 0.3879191298828125 0.59741634765625 0.3887669541015625 0.60859800390625 0.386438078125 0.604688587890625 0.3231565576171875
1 0.5848047080078125 0.3853946552734375 0.5839562431640625 0.3216411337890625 0.579689568359375 0.319619021484375 0.5694803876953125 0.32110640625 0.56618437109375 0.325591076171875 0.5592155654296875 0.3291723388671875 0.558377650390625 0.3319381435546875 0.558822431640625 0.3899187255859375 0.5620358935546875 0.3916277412109375 0.57999615234375 0.390371837890625 0.58445303125 0.38773971484375 0.5848047080078125 0.3853946552734375
1 0.5265012392578124 0.3627862568359375 0.527627916015625 0.3936470361328125 0.5508004140625 0.393186892578125 0.5568774794921875 0.3916017080078125 0.55830928125 0.3899546083984375 0.55746081640625 0.3262010869140625 0.5517354267578125 0.3254412109375 0.5279941376953124 0.332515787109375 0.5265012392578124 0.3627862568359375
1 0.4964210341796875 0.3382042958984375 0.499404654296875 0.395620599609375 0.500538603515625 0.3970882841796875 0.52309030078125 0.395124572265625 0.52803341796875 0.392071703125 0.525941537109375 0.3326593193359375 0.522161099609375 0.3302164619140625 0.5001763759765625 0.3329140166015625 0.4964210341796875 0.3382042958984375
1 0.4987569423828125 0.393732169921875 0.496498134765625 0.354055431640625 0.4979335712890625 0.3377117841796875 0.4931268349609375 0.33534069140625 0.4692778955078125 0.3408758173828125 0.471274853515625 0.347310833984375 0.4752327685546875 0.396537373046875 0.4800664189453125 0.399293328125 0.491815048828125 0.397698294921875 0.497352052734375 0.395764130859375 0.4987569423828125 0.393732169921875
1 0.46887239453125 0.3424511513671875 0.463552505859375 0.3401159423828125 0.4518577001953125 0.342480701171875 0.4474008203125 0.3451128232421875 0.4458326396484375 0.3521838828125 0.4492235791015625 0.400676580078125 0.4524101298828125 0.4020007333984375 0.47231533984375 0.3990618466796875 0.4742064677734375 0.3966091396484375 0.470680966796875 0.34619212890625 0.46887239453125 0.3424511513671875
1 0.4358980361328125 0.33547507421875 0.42774145703125 0.33681892578125 0.4254717412109375 0.341231830078125 0.4281305966796875 0.401378056640625 0.443146513671875 0.402261763671875 0.4461715908203125 0.4012767412109375 0.447009505859375 0.3985109365234375 0.4439451494140625 0.3399400439453125 0.44162342578125 0.33623494921875 0.4358980361328125 0.33547507421875
1 0.4139133125 0.33817262890625 0.40999649609375 0.3411537314453125 0.4083995859375 0.3551882021484375 0.4107373125 0.4033678017578125 0.4139238623046875 0.404691955078125 0.42521316796875 0.4039025302734375 0.4276712705078125 0.4021836640625 0.423797728515625 0.339415166015625 0.4190448154296875 0.337813798828125 0.4139133125 0.33817262890625
1 0.39842170703125 0.4042289931640625 0.4082253857421875 0.4043169423828125 0.410116513671875 0.401864234375 0.408372673828125 0.3548033388671875 0.4048362646484375 0.3484759716796875 0.3948692939453125 0.3534271201171875 0.398750107421875 0.3868025234375 0.39842170703125 0.4042289931640625
1 0.3907371806640625 0.3533293212890625 0.3825536884765625 0.3542883115234375 0.3797977333984375 0.3591219619140625 0.3820008994140625 0.405377248046875 0.38561986328125 0.4055109296875 0.39164310546875 0.4031560205078125 0.39288833984375 0.3914666083984375 0.3956712060546875 0.3870178212890625 0.393518228515625 0.3562288076171875 0.3907371806640625 0.3533293212890625
1 0.3790154609375 0.3553092177734375 0.3768552109375 0.353913298828125 0.366132880859375 0.35543656640625 0.3626215654296875 0.3568423349609375 0.3588123984375 0.3613628876953125 0.3625568330078125 0.400162251953125 0.3604485888671875 0.40688433203125 0.368820466796875 0.4086193818359375 0.379083470703125 0.40790172265625 0.3820008994140625 0.405377248046875 0.3790154609375 0.3553092177734375
1 0.3460625615234375 0.3707628232421875 0.3490785478515625 0.406519169921875 0.3518326845703125 0.40903379296875 0.36109630078125 0.4087727626953125 0.364986205078125 0.4054067978515625 0.3606209716796875 0.3651038662109375 0.3561120859375 0.359617990234375 0.346523705078125 0.36260894140625 0.3460625615234375 0.3707628232421875
1 0.3310466435546875 0.3698791162109375 0.334224103515625 0.407944638671875 0.335358052734375 0.4094123232421875 0.3456479697265625 0.409079525390625 0.3474314482421875 0.4050873671875 0.3444711044921875 0.3627524736328125 0.3422839423828125 0.36097169140625 0.333074150390625 0.3620024482421875 0.3310466435546875 0.3698791162109375
1 0.3116294892578125 0.3650489833984375 0.3142650693359375 0.410113798828125 0.31747853125 0.411822814453125 0.32871401171875 0.4102636630859375 0.3317121767578125 0.4088937783203125 0.3301028974609375 0.3637571962890625 0.3278888232421875 0.361591552734375 0.323756708984375 0.3614937529296875 0.3116294892578125 0.3650489833984375
1 0.3128099912109375 0.39667948828125 0.312788533203125 0.3742498046875 0.320866193359375 0.36440308984375 0.313088203125 0.36378674609375 0.3039053232421875 0.3652023642578125 0.2959640419921875 0.369625119140625 0.2957738388671875 0.374279353515625 0.297331111328125 0.4112979365234375 0.3005983984375 0.4137766767578125 0.3128601796875 0.4121457607421875 0.315291369140625 0.4100420322265625 0.3128099912109375 0.39667948828125
1 0.2819366044921875 0.4123744248046875 0.2969525224609375 0.4132581328125 0.294716990234375 0.3886628046875 0.2963695439453125 0.36804978515625 0.2998270341796875 0.365874291015625 0.29669430859375 0.3653198642578125 0.29064597265625 0.35994163671875 0.2829218076171875 0.360095017578125 0.28162456640625 0.3636664296875 0.2838313681640625 0.395225169921875 0.28812313671875 0.4049804189453125 0.2878521962890625 0.40848006640625 0.2819366044921875 0.4123744248046875
1 0.28447726171875 0.4044618740234375 0.28358733984375 0.3991096787109375 0.2818918701171875 0.3748633310546875 0.282055162109375 0.3698242333984375 0.28443252734375 0.3669507802734375 0.281543830078125 0.362511841796875 0.2757646162109375 0.3609822421875 0.271146263671875 0.3613051884765625 0.2682557470703125 0.364214525390625 0.271673599609375 0.413092083984375 0.2851231552734375 0.413698578125 0.2901470078125 0.4118002978515625 0.28447726171875 0.4044618740234375
1 0.26611328125 0.38818359375 0.01171875 0.0576171875
1 0.255859375 0.38818359375 0.0146484375 0.056640625
1 0.8382380078125 0.4036401171875 0.8352398427734375 0.4050100029296875 0.8333756279296874 0.4078475732421875 0.83277446875 0.4361219638671875 0.8353005810546875 0.4869956025390625 0.8452657333984375 0.4893927275390625 0.866412541015625 0.4894609765625 0.88026759765625 0.48849213671875 0.8852376259765625 0.4858241318359375 0.885077970703125 0.476166681640625 0.890939740234375 0.4715025966796875 0.8961519794921875 0.47229835546875 0.8997189365234375 0.464314037109375 0.8999971484375 0.4314212958984375 0.9026472724609375 0.417699921875 0.9002627626953125 0.4130969423828125 0.89962583203125 0.4039883974609375 0.8953860693359375 0.4023511474609375 0.8793169375 0.40115434375 0.8382380078125 0.4036401171875
1 0.8153415458984375 0.4891647626953125 0.83173544140625 0.4876316455078125 0.8327653779296875 0.4728633330078125 0.8289616640625 0.455339064453125 0.8315041396484375 0.4400782392578125 0.8295951904296875 0.4054047158203125 0.819197625 0.4041980615234375 0.8073951689453125 0.4050233701171875 0.79310769921875 0.4071826806640625 0.7875976083984375 0.4095017060546875 0.7851071396484375 0.4328805302734375 0.7857152119140625 0.4858220146484375 0.7967066640625 0.4881473740234375 0.8153415458984375 0.4891647626953125
1 0.775613681640625 0.488848849609375 0.783662611328125 0.485965546875 0.7858014033203125 0.46493178125 0.7852722490234375 0.4204931591796875 0.78462635546875 0.4112564541015625 0.78241228125 0.409090810546875 0.7771462177734375 0.407525326171875 0.759132134765625 0.4080115048828125 0.7453039912109375 0.4093652080078125 0.7387675986328125 0.4117559990234375 0.7368099208984376 0.4648768984375 0.73829009375 0.486044345703125 0.743583068359375 0.48799469140625 0.775613681640625 0.488848849609375
1 0.734053966796875 0.469710548828125 0.735918181640625 0.4668729775390625 0.7372281484375 0.4118636484375 0.729369421875 0.410092716796875 0.7006060966796875 0.4117172998046875 0.6961223056640625 0.4139645595703125 0.6947981533203125 0.4171511103515625 0.6974551904296875 0.484645609375 0.7028289033203124 0.487750544921875 0.729107212890625 0.48745996484375 0.73359100390625 0.4852127041015625 0.734053966796875 0.469710548828125
1 0.68801955078125 0.4160781376953125 0.66962687890625 0.4185245126953125 0.668564576171875 0.4549527841796875 0.6711069228515625 0.47656148828125 0.6697181650390625 0.4861984267578125 0.67863010546875 0.488282455078125 0.695537150390625 0.486713455078125 0.6963859736328125 0.4398580078125 0.6939620556640625 0.412568640625 0.68801955078125 0.4160781376953125
1 0.6697450771484375 0.4865832900390625 0.67155546875 0.482975994140625 0.668087427734375 0.4186321611328125 0.6630653935546875 0.41318216796875 0.657906978515625 0.413156134765625 0.6559620263671875 0.4148391171875 0.65228923828125 0.4139357099609375 0.6402427548828125 0.41864552734375 0.63926482421875 0.44153183984375 0.641286876953125 0.4556999931640625 0.64127960546875 0.4850930888671875 0.6466533173828125 0.4881980224609375 0.6697450771484375 0.4865832900390625
1 0.63922700390625 0.48523662109375 0.639971814453125 0.4221451748046875 0.6385418310546875 0.4164440009765625 0.6342751552734375 0.414421888671875 0.6240928876953125 0.4162941357421875 0.62368738671875 0.4178694697265625 0.6140990048828125 0.420860421875 0.614981654296875 0.4556057109375 0.6133578310546876 0.4692553193359375 0.61454196875 0.4861892763671875 0.6177285185546875 0.4875134296875 0.6378490263671875 0.4876534453125 0.63922700390625 0.48523662109375
1 0.6132232705078124 0.467331005859375 0.615035478515625 0.4563754365234375 0.61315344140625 0.422086775390625 0.61064333203125 0.4156876416015625 0.6029729912109375 0.4166107490234375 0.58846840625 0.4230394326171875 0.5877865107421875 0.450159234375 0.5891823095703125 0.484868640625 0.59393522265625 0.4864700078125 0.6109768291015625 0.4868253203125 0.61384043359375 0.48353112109375 0.6132232705078124 0.467331005859375
1 0.565782146484375 0.42307883203125 0.563377869140625 0.425567421875 0.563803009765625 0.4537700458984375 0.5653351884765625 0.4830554931640625 0.5712758759765625 0.48689426953125 0.591748060546875 0.4846892255859375 0.58950707421875 0.48213871875 0.5875497548828125 0.4246506494140625 0.5829601328125 0.4180101845703125 0.565782146484375 0.42307883203125
1 0.529045173828125 0.450786126953125 0.5303871484375 0.48472580859375 0.54132477734375 0.4862814423828125 0.5562061337890625 0.4852408369140625 0.5630672900390625 0.480120123046875 0.562243919921875 0.4240997373046875 0.5589228076171875 0.420851271484375 0.5301863955078125 0.4228607177734375 0.529045173828125 0.450786126953125
1 0.52828072265625 0.484099615234375 0.5305271640625 0.46460530078125 0.5287491396484375 0.4465526376953125 0.5306995458984375 0.422824833984375 0.5275129951171875 0.421500681640625 0.504448146484375 0.42350027734375 0.5019631328125 0.4248342802734375 0.5049467529296875 0.482250583984375 0.5066207646484375 0.4840672490234375 0.5184232197265625 0.4832419404296875 0.5216635947265625 0.485335818359375 0.52828072265625 0.484099615234375
1 0.5038666279296875 0.481552625 0.5043815966796875 0.4741684677734375 0.501449982421875 0.4248701630859375 0.4889729033203125 0.423422177734375 0.4792499619140625 0.42448881640625 0.475306232421875 0.4270850556640625 0.4753044150390625 0.434433330078125 0.475068998046875 0.4423714814453125 0.4765620166015625 0.481914970703125 0.4793430654296875 0.4848144580078125 0.5009222880859375 0.4836922353515625 0.5038666279296875 0.481552625
1 0.475103302734375 0.4831772080078125 0.4756219072265625 0.46109650390625 0.4731998076171875 0.42645886328125 0.4694731943359375 0.42478573046875 0.45456492578125 0.4254414736328125 0.4511612587890625 0.428386693359375 0.4510248798828125 0.4338106533203125 0.45120417578125 0.473246060546875 0.4529840185546875 0.4839504501953125 0.4587632314453125 0.48548005078125 0.4726721123046875 0.4852809365234375 0.475103302734375 0.4831772080078125
1 0.4469233154296875 0.4194011689453125 0.43968538671875 0.4191338056640625 0.436741046875 0.421273416015625 0.4354707177734375 0.4252296923828125 0.439995607421875 0.4751900732421875 0.438886751953125 0.481455525390625 0.44372040234375 0.48421148046875 0.448905728515625 0.4846223759765625 0.4539834072265625 0.4834938212890625 0.4549020576171875 0.4818826044921875 0.4523937685546875 0.468135197265625 0.4531043935546875 0.434051984375 0.4572114130859375 0.426416646484375 0.46285606640625 0.4260219345703125 0.466069529296875 0.42773094921875 0.4683392451171875 0.423318044921875 0.4649373974609375 0.4189149912109375 0.4593465693359375 0.4200794287109375 0.45351353125 0.4177801025390625 0.4469233154296875 0.4194011689453125
1 0.4349161123046875 0.4836669033203125 0.4383736015625 0.481491408203125 0.4349306552734375 0.424880712890625 0.43109639453125 0.42166812890625 0.422832166015625 0.42147253125 0.4191575595703125 0.4279173984375 0.4229790947265625 0.4825678974609375 0.4349161123046875 0.4836669033203125
1 0.427597447265625 0.4822449501953125 0.4228983583984375 0.4814133095703125 0.420522810546875 0.4769384892578125 0.419372857421875 0.430996298828125 0.416618720703125 0.4284816748046875 0.4099746806640625 0.4293330166015625 0.4051392119140625 0.4339253349609375 0.4034095576171875 0.4386872197265625 0.407613318359375 0.4766809755859375 0.40990812890625 0.48000120703125 0.416308142578125 0.4830343759765625 0.427597447265625 0.4822449501953125
1 0.3889624326171875 0.431189080078125 0.3865581552734375 0.4336776708984375 0.3874157099609375 0.46068982421875 0.388788232421875 0.4803178203125 0.3914616328125 0.4816778564453125 0.4017784619140625 0.4817299228515625 0.40420965234375 0.4796261943359375 0.4016548095703125 0.435715966796875 0.4029251376953125 0.43175969140625 0.3889624326171875 0.431189080078125
1 0.3664914716796875 0.4343073818359375 0.368667724609375 0.4801778046875 0.371421861328125 0.4826924287109375 0.385303830078125 0.4821084521484375 0.388572935546875 0.4772389189453125 0.38701748046875 0.4328720634765625 0.3816437685546875 0.4297671279296875 0.371380763671875 0.430484787109375 0.3664914716796875 0.4343073818359375
1 0.3503685166015625 0.4323408515625 0.348423564453125 0.434023833984375 0.3479606025390625 0.449525990234375 0.350167404296875 0.4810847294921875 0.354434080078125 0.483106841796875 0.365723384765625 0.482317416015625 0.36815457421875 0.4802136875 0.3659783212890625 0.4343432646484375 0.3637642470703125 0.4321776201171875 0.3503685166015625 0.4323408515625
1 0.3489905390625 0.4347576767578125 0.3472627021484375 0.4321712861328125 0.3354064228515625 0.4322268701171875 0.3318681962890625 0.433247775390625 0.330030892578125 0.436470208984375 0.3304793095703125 0.4797542431640625 0.3337465966796875 0.482232984375 0.3471423271484375 0.482069751953125 0.34900654296875 0.479232181640625 0.3473667158203125 0.44840728515625 0.3489905390625 0.4347576767578125
1 0.3127416220703125 0.454695953125 0.313950853515625 0.479363046875 0.319297654296875 0.4820831181640625 0.330640783203125 0.4820634189453125 0.3312724912109375 0.4394773447265625 0.3293562685546875 0.434196916015625 0.320011916015625 0.4333033583984375 0.3135293486328125 0.4364638759765625 0.3127416220703125 0.454695953125
1 0.313744646484375 0.43954277734375 0.31774219921875 0.4377162626953125 0.315987451171875 0.434745009765625 0.30159233203125 0.4353648701171875 0.29861926171875 0.444467892578125 0.3011220986328125 0.48026012109375 0.3048487109375 0.4819332529296875 0.3104933642578125 0.481538541015625 0.313464615234375 0.4797837919921875 0.3116076728515625 0.453228267578125 0.313744646484375 0.43954277734375
1 0.2862676533203125 0.4816855888671875 0.2888334052734375 0.481506173828125 0.289644408203125 0.4783555078125 0.2991233212890625 0.4811733779296875 0.298190484375 0.4309618154296875 0.29489628515625 0.428098212890625 0.283580068359375 0.4285027744140625 0.2811219658203125 0.430221640625 0.278527484375 0.4373644658203125 0.2801134873046875 0.4674196376953125 0.2853508203125 0.4759485322265625 0.2840535791015625 0.4795199453125 0.2862676533203125 0.4816855888671875
1 0.27490234375 0.45556640625 0.0146484375 0.0576171875
1 0.26025390625 0.45458984375 0.0166015625 0.0556640625
1 0.263671875 0.51708984375 0.01953125 0.0556640625
1 0.27880859375 0.5185546875 0.017578125 0.0576171875
1 0.29150390625 0.52001953125 0.0146484375 0.0576171875
1 0.3037109375 0.52099609375 0.0166015625 0.05859375
1 0.321152779296875 0.5159869169921875 0.325692212890625 0.507161109375 0.3244506142578125 0.5041539736328124 0.320724001953125 0.5024808408203125 0.3103802607421875 0.502043912109375 0.3074628330078125 0.504568384765625 0.3073515478515625 0.517725482421875 0.3083705751953125 0.547046810546875 0.310044587890625 0.5488634755859375 0.3202806796875 0.5477609541015624 0.3221987197265625 0.545693109375 0.321152779296875 0.5159869169921875
1 0.3401626142578125 0.529740658203125 0.338494056640625 0.505879171875 0.33528059375 0.50417015625 0.3275564287109375 0.504323537109375 0.324639 0.50684801171875 0.3213411650390625 0.5186809560546874 0.3217161171875 0.5314173076171875 0.3234134052734375 0.5483153818359375 0.3271131064453125 0.54960365234375 0.3368629599609375 0.5489218759765625 0.33872717578125 0.5460843056640625 0.3401626142578125 0.529740658203125
1 0.3486494111328125 0.5036220625 0.3400065947265625 0.50538666015625 0.3393821591796875 0.518579640625 0.3399956865234375 0.549476302734375 0.3432629736328125 0.5519550439453125 0.3525804140625 0.55246373828125 0.3550654287109375 0.5511297353515625 0.3558764306640625 0.547979068359375 0.3523222001953125 0.5045254697265625 0.3486494111328125 0.5036220625
1 0.391203060546875 0.5443485556640625 0.391050677734375 0.50529801171875 0.38729715234375 0.503240015625 0.3800592255859375 0.50297265234375 0.371037818359375 0.506697447265625 0.3735298896484375 0.54233573046875 0.372160859375 0.5522547744140625 0.376508271484375 0.555431474609375 0.3878783125 0.55579663671875 0.3898501767578125 0.554498517578125 0.391203060546875 0.5443485556640625
1 0.370011517578125 0.506769212890625 0.3656641064453125 0.5035925126953125 0.3595332158203125 0.504407970703125 0.3556433115234375 0.507773935546875 0.3545882802734375 0.51480911328125 0.3570911171875 0.5506013408203125 0.35984525390625 0.5531159658203125 0.3764006220703125 0.5538920234375 0.3767792119140625 0.551931828125 0.37283730078125 0.54717979296875 0.370011517578125 0.506769212890625
1 0.3956563037109375 0.5564129814453125 0.4086465322265625 0.5578250830078125 0.411131546875 0.5564910810546875 0.4087039931640625 0.54389826171875 0.410272173828125 0.536827201171875 0.40836140625 0.509501951171875 0.4055265322265625 0.5058327392578125 0.40290695703125 0.5052424287109375 0.401098384765625 0.501501451171875 0.4002873818359375 0.5046521181640625 0.3936702529296875 0.505888322265625 0.391779125 0.508341029296875 0.3905858974609375 0.52814844140625 0.3924428408203125 0.5547039658203125 0.3956563037109375 0.5564129814453125
1 0.425024423828125 0.5118174599609375 0.421784048828125 0.50972358203125 0.41154795703125 0.5108261044921875 0.413512548828125 0.5389210791015625 0.42018168359375 0.545802875 0.417829412109375 0.5564094638671875 0.4200973115234375 0.559344833984375 0.42636276171875 0.560453689453125 0.4278214765625 0.5591914521484375 0.425024423828125 0.5118174599609375
1 0.439826861328125 0.5022739921875 0.4349932119140625 0.4995180390625 0.4283760830078125 0.5007542421875 0.4264849560546875 0.50320694921875 0.425910708984375 0.5318662021484375 0.42787530078125 0.559961177734375 0.429522400390625 0.5613929794921875 0.4449976435546875 0.5614710791015625 0.443081421875 0.556190650390625 0.4410415478515625 0.504896265625 0.439826861328125 0.5022739921875
1 0.4754618935546875 0.5620480234375 0.4797303857421875 0.556721861328125 0.4769351513671875 0.501999595703125 0.4706158759765625 0.5001210146484375 0.44582319140625 0.4995342216796875 0.44358038671875 0.50433198828125 0.4434654658203125 0.5321856328125 0.443813505859375 0.54453712109375 0.4477805107421875 0.5570222919921874 0.4454838818359375 0.5610503330078125 0.4632270244140625 0.5640638017578125 0.4754618935546875 0.5620480234375
1 0.5034000302734375 0.511751328125 0.4948128544921875 0.5069373779296875 0.4890605537109375 0.5057926396484375 0.482524162109375 0.508183431640625 0.4802544453125 0.5125963359375 0.48272855078125 0.5553519755859375 0.4848869833984375 0.5640961689453124 0.4913408203125 0.5678990625 0.506329826171875 0.5683979072265625 0.50751941796875 0.56328704296875 0.5034000302734375 0.511751328125
1 0.52197265625 0.53515625 0.0009765625 0.0009765625
1 0.532229546875 0.5700675224609375 0.5330136376953125 0.5665319931640626 0.533324216796875 0.51197929296875 0.53000310546875 0.508730826171875 0.5102880986328125 0.5070154775390625 0.5062905458984375 0.5088419912109375 0.5051009541015625 0.51395285546875 0.5077616279296875 0.5667508076171875 0.5137561396484375 0.5713593095703124 0.520913330078125 0.5704720849609375 0.5277457568359375 0.572314783203125 0.532229546875 0.5700675224609375
1 0.558911541015625 0.5755498828125 0.56220755859375 0.571065212890625 0.563562259765625 0.5535669775390625 0.5607364775390625 0.5131563974609376 0.5470447119140625 0.509086138671875 0.535188431640625 0.5091417216796875 0.532837978515625 0.5124000380859375 0.5341046708984375 0.5231403095703125 0.5327787001953125 0.533675134765625 0.534956771484375 0.57219728515625 0.544381861328125 0.5742454296875 0.55564425390625 0.5730711416015625 0.558911541015625 0.5755498828125
1 0.5875115751953125 0.5789643974609375 0.5888088154296875 0.5753929853515625 0.585602625 0.5442908740234375 0.5874130166015625 0.540683578125 0.5867456650390624 0.509017189453125 0.5824789892578125 0.5069950771484375 0.5753487109375 0.5082671640625 0.565354828125 0.5128334501953125 0.5630851123046875 0.5172463544921875 0.5651708095703125 0.5470732119140626 0.5645023701171875 0.5743854453125 0.56884978125 0.5775621455078125 0.5875115751953125 0.5789643974609375
1 0.5882723896484375 0.56034745703125 0.58956417578125 0.578820865234375 0.601122603515625 0.5818800673828125 0.6088736806640626 0.582111548828125 0.612898146484375 0.580669896484375 0.6142779423828125 0.570904798828125 0.611484525390625 0.5088342578125 0.609864337890625 0.5077873193359375 0.5991689189453125 0.50969544921875 0.5962514921875 0.512219923828125 0.5896881875 0.5142258525390625 0.5874453828125 0.519023619140625 0.587443564453125 0.5263718935546875 0.5900020439453125 0.55558557421875 0.5882723896484375 0.56034745703125
1 0.6137091494140625 0.5775192294921875 0.6175703232421875 0.5811166748046875 0.63682600390625 0.5836376328125 0.6393110185546875 0.58230362890625 0.637934859375 0.5773721806640625 0.6419880537109375 0.5689671181640625 0.6378577587890625 0.561521044921875 0.63548584765625 0.542349677734375 0.635356740234375 0.51838054296875 0.637951220703125 0.511237716796875 0.634737759765625 0.5095287021484375 0.6240423408203125 0.51143683203125 0.6206655869140625 0.5147669140625 0.614156107421875 0.517542568359375 0.612966515625 0.5226534326171876 0.6137091494140625 0.5775192294921875
1 0.6382847177734375 0.5823753955078125 0.643145279296875 0.585516212890625 0.657242546875 0.58801113671875 0.6672633408203125 0.5838297138671875 0.663834580078125 0.579041796875 0.6663232314453125 0.5630112470703125 0.6633439765625 0.5425287421875 0.662795912109375 0.519942509765625 0.6585848798828124 0.511341849609375 0.64826805078125 0.511289783203125 0.645025857421875 0.5165441787109375 0.6370038388671875 0.5198123447265625 0.6361622890625 0.537274697265625 0.6405221962890625 0.562752921875 0.6382847177734375 0.5823753955078125
1 0.692405884765625 0.58941972265625 0.6939184228515625 0.5889272109375 0.693683484375 0.5560703515625 0.6911286416015625 0.5121601240234375 0.6900216044921875 0.511077302734375 0.6781922373046875 0.5115177470703125 0.66614575390625 0.516227564453125 0.662795912109375 0.519942509765625 0.662578796875 0.5242118828125 0.66523765234375 0.5843581083984375 0.66804561328125 0.5876424580078125 0.68160281640625 0.58978840234375 0.692405884765625 0.58941972265625
1 0.72767687109375 0.5923677587890624 0.7308114140625 0.5855739130859375 0.732062103515625 0.5518396796875 0.729720740234375 0.518356626953125 0.721321951171875 0.5162367158203125 0.7016338564453125 0.5149062294921875 0.697528654296875 0.51519329296875 0.6955837021484375 0.516876275390625 0.693437638671875 0.5673031357421875 0.693974064453125 0.5823486630859375 0.6969973232421875 0.5887119130859375 0.71325483984375 0.592602755859375 0.72767687109375 0.5923677587890624
1 0.7553582529296875 0.597393490234375 0.7739123984375 0.597256291015625 0.775195453125 0.541862099609375 0.7739574912109375 0.5241584169921875 0.7705825546875 0.5201402255859375 0.7513537861328125 0.518004130859375 0.7496259501953125 0.5154177412109375 0.746493224609375 0.5148633125 0.7339605029296875 0.5199938759765625 0.7314180283203126 0.535254701171875 0.7316780595703125 0.5758446962890625 0.7321606611328125 0.5901204990234376 0.73391541015625 0.5930917509765625 0.7553582529296875 0.597393490234375
1 0.780177849609375 0.598365146484375 0.801134455078125 0.6030876318359375 0.8155026611328124 0.602082908203125 0.8177723779296875 0.59767000390625 0.819640228515625 0.5801358857421876 0.8169722841796875 0.556731029296875 0.8193569208984375 0.52446448046875 0.8123899345703125 0.52069746875 0.8041795302734375 0.5212715966796875 0.797347103515625 0.5194288994140625 0.7814663583984375 0.5209261328125 0.7765232421875 0.523979001953125 0.775197271484375 0.534513826171875 0.77469648828125 0.59372076171875 0.780177849609375 0.598365146484375
1 0.817160669921875 0.5594250673828125 0.8179949482421875 0.571355810546875 0.8203974072265625 0.576215494140625 0.818014587890625 0.601133767578125 0.821606638671875 0.6008825869140625 0.8239014501953125 0.6042028193359374 0.829707576171875 0.606117283203125 0.85879384765625 0.609111052734375 0.86805746484375 0.608850021484375 0.876025658203125 0.6048121298828125 0.8814030068359375 0.593220517578125 0.8827973466796875 0.524669228515625 0.87040100390625 0.52437583203125 0.853630337890625 0.52052087109375 0.8233275615234374 0.5222531025390625 0.819599130859375 0.5279282451171875 0.817160669921875 0.5594250673828125
1 0.8670057109375 0.7117976201171875 0.8710840009765625 0.7111256943359375 0.8812949990234376 0.70229003515625 0.8825115029296875 0.6975640341796875 0.87752365234375 0.66310580859375 0.8725016171875 0.6576558154296875 0.857001279296875 0.6498445791015625 0.848817787109375 0.6508035693359375 0.8449278828125 0.65416953515625 0.8468637451171875 0.6892279208984375 0.8453206591796875 0.7040321171875 0.85134208203125 0.709025482421875 0.8670057109375 0.7117976201171875
1 0.842322494140625 0.7054020029296875 0.844699859375 0.7025285498046875 0.8464044189453125 0.690033529296875 0.84479150390625 0.6595934951171875 0.8428214580078125 0.6535433408203125 0.828833658203125 0.64523959375 0.821811029296875 0.648051130859375 0.8180287734375 0.652956546875 0.8174312509765626 0.6665343896484375 0.8181524267578125 0.69897050390625 0.8209334755859375 0.7018699892578125 0.8371909912109375 0.7057608330078124 0.842322494140625 0.7054020029296875
1 0.81642458984375 0.69638411328125 0.8174545263671875 0.6816157998046874 0.8149498720703126 0.6531718447265625 0.8078483232421875 0.6474805205078125 0.8005296591796875 0.6460585693359375 0.78975350390625 0.646812111328125 0.787078287109375 0.6528003486328126 0.7848263916015625 0.694339484375 0.7938998037109375 0.6987326884765624 0.8069169462890625 0.7005296533203125 0.813560986328125 0.6996783125 0.81642458984375 0.69638411328125
1 0.782827615234375 0.6952527412109375 0.7847187431640625 0.6928000341796875 0.785829416015625 0.67918630859375 0.7851889775390625 0.6479047822265624 0.7772782431640625 0.6380158515625 0.771499029296875 0.636486251953125 0.7645033125 0.6396826513671875 0.7607479697265624 0.6449729296875 0.7595296474609375 0.657047205078125 0.7591706982421875 0.688785359375 0.7624648974609375 0.691648962890625 0.773510173828125 0.694744046875 0.782827615234375 0.6952527412109375
1 0.7585608076171875 0.6431921484375 0.744059857421875 0.6349242841796875 0.7332298779296875 0.6349081015625 0.7278256181640625 0.6461148505859375 0.7272568251953125 0.652729283203125 0.727141904296875 0.6805829267578125 0.7291657744140625 0.6874028056640625 0.7412911767578125 0.6911958505859375 0.7575774228515625 0.6881232822265625 0.75922633984375 0.6822068095703125 0.7585608076171875 0.6431921484375
1 0.7116128359375 0.6797351015625 0.720632423828125 0.6833585810546875 0.726115603515625 0.680654693359375 0.7269804306640625 0.6782737509765625 0.7276103203125 0.64303594921875 0.7332567900390625 0.6352929638671875 0.7424665830078125 0.6342622080078125 0.7376347509765625 0.624157978515625 0.7308848798828125 0.616121595703125 0.724079365234375 0.6146637607421875 0.716922173828125 0.615550984375 0.71005919921875 0.62801997265625 0.70819134765625 0.6455540908203125 0.7092372880859374 0.6752602822265625 0.7116128359375 0.6797351015625
1 0.7046458486328125 0.6759680908203125 0.70786112890625 0.6703288330078125 0.70878887109375 0.631976248046875 0.7078989501953125 0.6266240537109375 0.70228302734375 0.62005535546875 0.701258544921875 0.61277884765625 0.69072641796875 0.6096478798828125 0.6866212158203125 0.609934943359375 0.676948462890625 0.6264678544921874 0.678640296875 0.6654107509765625 0.677045203125 0.6720969482421875 0.68452533984375 0.675828076171875 0.7046458486328125 0.6759680908203125
1 0.6768677265625 0.6253132666015625 0.672253009765625 0.610939666015625 0.6657991728515625 0.6071367724609374 0.6586150693359375 0.6076391337890625 0.6495900263671875 0.6260604755859375 0.652037220703125 0.6684312529296875 0.654845181640625 0.6717156025390625 0.660138158203125 0.6736659482421875 0.6740470380859375 0.673466833984375 0.6769375546875 0.670557498046875 0.6768677265625 0.6253132666015625
1 0.6489852314453125 0.6690314130859375 0.6513142265625 0.6433434130859375 0.6503741171875 0.6225249462890625 0.6530224228515625 0.616151845703125 0.6519979404296875 0.6088753369140625 0.6481905908203125 0.6060476162109375 0.6368474619140625 0.60606731640625 0.63487559765625 0.6073654365234376 0.6289563681640625 0.62595634375 0.631166806640625 0.64281853515625 0.628893453125 0.6619279873046875 0.635374203125 0.666115744140625 0.6489852314453125 0.6690314130859375
1 0.6101098251953125 0.6071635048828125 0.6032199384765625 0.6192476298828125 0.602866443359375 0.6289409619140625 0.606666521484375 0.6611617783203125 0.6247882529296875 0.66221505078125 0.62765185546875 0.6589208515625 0.630194330078125 0.6436600263671876 0.6291483896484374 0.6139538349609375 0.6237764951171875 0.6035006259765625 0.6101098251953125 0.6071635048828125
1 0.60205544140625 0.6320916298828125 0.60286826171875 0.621592689453125 0.60819178515625 0.6092313505859375 0.6075189794921875 0.5996097841796875 0.6038192802734375 0.598321513671875 0.5940694248046875 0.5990032900390625 0.5870700712890625 0.6168962373046875 0.5879796328125 0.6520263896484375 0.5961074814453124 0.6576459482421875 0.60291299609375 0.6591037822265625 0.6045619140625 0.653187310546875 0.60205544140625 0.6320916298828125
1 0.5782963291015625 0.602039974609375 0.55917702734375 0.5940950576171875 0.553613111328125 0.595644357421875 0.5503440068359375 0.600513890625 0.5492620634765625 0.607164205078125 0.55003524609375 0.6477183173828125 0.564645662109375 0.6501773583984375 0.5757465810546875 0.64669389453125 0.579150248046875 0.64374867578125 0.57726457421875 0.6241565625 0.5782963291015625 0.602039974609375
1 0.5284938447265625 0.605135759765625 0.5303489697265625 0.6390395576171874 0.53550556640625 0.6464138642578126 0.5464970185546875 0.6487392236328124 0.5499275966796875 0.6461788671875 0.54737275390625 0.6022686396484375 0.541783744140625 0.596084802734375 0.5360852666015625 0.5957097900390625 0.5284938447265625 0.605135759765625
1 0.510093900390625 0.636975228515625 0.5203012626953125 0.6428361181640625 0.5292132021484375 0.644920146484375 0.5354535595703125 0.638295865234375 0.532860896484375 0.6380904169921875 0.5304812041015625 0.633556328125 0.528816791015625 0.6097541123046875 0.5254436728515625 0.598387646484375 0.5181537392578125 0.590002283203125 0.511590435546875 0.5920082119140625 0.509912787109375 0.604888095703125 0.512394166015625 0.6182506396484375 0.5092847158203125 0.6327776220703125 0.510093900390625 0.636975228515625
1 0.51133731640625 0.63263408984375 0.5132284443359375 0.6301813828125 0.507702349609375 0.5880259033203125 0.49643995703125 0.58920019140625 0.49376473828125 0.5951884287109375 0.497159314453125 0.6289845791015625 0.4961311953125 0.6364046181640625 0.498318357421875 0.6381853994140625 0.5076627099609375 0.63907895703125 0.51211958984375 0.6364468349609375 0.51133731640625 0.63263408984375
1 0.4832344287109375 0.5847091875 0.4812894765625 0.586392169921875 0.478126203125 0.600149427734375 0.4780094638671875 0.635351345703125 0.4946724814453125 0.63766685546875 0.4968345498046875 0.6317145 0.4970283896484375 0.612363716796875 0.494817951171875 0.595501525390625 0.4899053828125 0.584242708984375 0.4832344287109375 0.5847091875
1 0.4796027392578125 0.636013421875 0.4771286328125 0.5932577822265624 0.4747261728515625 0.588398099609375 0.46994634765625 0.5864118701171875 0.4653279951171875 0.5867348173828125 0.4628968046875 0.588838544921875 0.4603812431640625 0.6044842333984375 0.4600779365234375 0.629643837890625 0.4623727470703125 0.6329640703125 0.4723109873046875 0.6349763330078125 0.4763892763671875 0.63430440625 0.4796027392578125 0.636013421875
1 0.441721267578125 0.59573370703125 0.44373968359375 0.6245984072265625 0.44654764453125 0.6278827568359375 0.458699958984375 0.6320606630859374 0.4600259296875 0.62152583984375 0.4561451162109375 0.5881504345703125 0.44820565234375 0.585224916015625 0.44380259765625 0.5886267646484376 0.441721267578125 0.59573370703125
1 0.4302202998046875 0.5787476826171875 0.4263842197265625 0.582883373046875 0.4255983125 0.5937671767578125 0.42748216796875 0.620707564453125 0.430370865234375 0.625146501953125 0.4357176650390625 0.6278665732421875 0.440876080078125 0.6278926064453125 0.4398588701171875 0.59122300390625 0.4338123515625 0.578496501953125 0.4302202998046875 0.5787476826171875
1 0.413680935546875 0.62244612890625 0.422458314453125 0.6226058447265626 0.4303439521484375 0.624761638671875 0.4308858330078125 0.6177623447265626 0.42797022265625 0.612938544921875 0.425088796875 0.5791065126953125 0.420282060546875 0.576735419921875 0.41471814453125 0.578284720703125 0.41309795703125 0.5772377822265625 0.4127731923828125 0.579967703125 0.410261265625 0.58091684375 0.4142802763671875 0.601520013671875 0.410386736328125 0.619582525390625 0.413680935546875 0.62244612890625
1 0.403175720703125 0.6197000244140625 0.412141484375 0.6225537783203124 0.4162466865234375 0.6222667138671875 0.413582376953125 0.5841653095703125 0.4058869423828125 0.5773552802734375 0.397486333984375 0.582583642578125 0.400260111328125 0.614876224609375 0.403175720703125 0.6197000244140625
1 0.39200497265625 0.5779392578125 0.3852801962890625 0.5776360107421875 0.3838483935546875 0.5792831103515625 0.386864380859375 0.6150394560546875 0.388052154296875 0.6172768662109375 0.395316994140625 0.6179290927734375 0.398207509765625 0.615019755859375 0.398749390625 0.6080204619140624 0.39589305859375 0.58192156640625 0.39200497265625 0.5779392578125
1 0.3820667333984375 0.5759269951171875 0.3772869072265625 0.573940765625 0.3708581650390625 0.5778710087890625 0.3733879140625 0.614048099609375 0.3845139267578125 0.6182977724609375 0.38807906640625 0.6176617294921875 0.3820667333984375 0.5759269951171875
1 0.3551407109375 0.5743291455078126 0.35780865625 0.597734001953125 0.356536509765625 0.60903855078125 0.3588582333984375 0.612743646484375 0.370282099609375 0.6138785341796875 0.372553634765625 0.602117357421875 0.3687517392578125 0.577244814453125 0.361704015625 0.5723232158203125 0.3551407109375 0.5743291455078126
1 0.34894690625 0.61111624609375 0.3535652578125 0.6107932998046876 0.35694201171875 0.60746321875 0.3542758837890625 0.5767100869140624 0.3471743359375 0.5710187626953125 0.34331134375 0.5747695908203125 0.344005607421875 0.606820841796875 0.34894690625 0.61111624609375
1 0.340415373046875 0.599723748046875 0.33809183203125 0.6033669267578124 0.342006830078125 0.6077340986328125 0.34422272265625 0.6025514697265625 0.3403095419921875 0.5908360234375 0.340415373046875 0.599723748046875
1 0.3222379990234375 0.6052490244140625 0.3316092646484375 0.6065274443359375 0.3338520693359375 0.601729677734375 0.3318067412109375 0.5724801142578125 0.321787763671875 0.569313263671875 0.317924771484375 0.573064091796875 0.31732361328125 0.6013384814453125 0.3222379990234375 0.6052490244140625
1 0.33580429296875 0.570653599609375 0.3323468037109375 0.57282909375 0.331424515625 0.5891368583984375 0.331934029296875 0.6037975224609375 0.3336887783203125 0.606768775390625 0.34462640625 0.6083244091796876 0.343741939453125 0.5809273935546875 0.3421235693359375 0.5725321806640625 0.3394232568359375 0.57078728125 0.33580429296875 0.570653599609375
1 0.318977984375 0.5733771875 0.3156030498046875 0.56935899609375 0.30987766015625 0.56859912109375 0.3074752001953125 0.5637394384765625 0.30566480859375 0.5673467333984376 0.3061455927734375 0.5889708095703124 0.308519322265625 0.600793904296875 0.311246546875 0.6029236650390625 0.3175119990234375 0.6040325205078125 0.320402513671875 0.60112318359375 0.318977984375 0.5733771875
1 0.869217609375 0.8319205078125 0.8653026103515625 0.8275533359375 0.8547704833984375 0.8244223681640624 0.846073841796875 0.8254172412109375 0.844424923828125 0.831333712890625 0.8430647685546875 0.87087676953125 0.8522996552734375 0.877579150390625 0.8653437080078125 0.8797609775390625 0.86823604296875 0.8695033671875 0.870322828125 0.840351603515625 0.869217609375 0.8319205078125
1 0.8632430966796875 0.7464809931640625 0.84898435546875 0.7416768935546875 0.8449024306640625 0.7570453681640625 0.845731255859375 0.791020931640625 0.84953860546875 0.7938486513671875 0.8672010107421875 0.7957075322265625 0.8710909140625 0.7923415673828125 0.8747960693359375 0.7715850166015625 0.87304495703125 0.7539172158203125 0.8632430966796875 0.7464809931640625
1 0.841854078125 0.74294898046875 0.8240840234375 0.7395506484375 0.8210589462890625 0.740535671875 0.81919473046875 0.7433732421875 0.818408822265625 0.7542570458984375 0.8190492607421875 0.785538572265625 0.826988724609375 0.7884640908203125 0.843624830078125 0.7903947373046875 0.845273748046875 0.784478265625 0.8456345146484375 0.7453918388671875 0.841854078125 0.74294898046875
1 0.7940216396484375 0.7520949189453126 0.7942045712890625 0.7768337783203125 0.79965901953125 0.78109330078125 0.817509810546875 0.785646220703125 0.8192234609375 0.7364098310546875 0.813148212890625 0.7306467412109375 0.79977939453125 0.7311948359375 0.795889490234375 0.73456080078125 0.7940216396484375 0.7520949189453126
1 0.7817005791015625 0.7750009306640625 0.787103021484375 0.7711424541015625 0.7865935078125 0.7564817900390625 0.7897280517578125 0.749687943359375 0.789003240234375 0.7319483779296875 0.784628916015625 0.728386814453125 0.77061238671875 0.727046478515625 0.7670741591796875 0.728067384765625 0.765803830078125 0.73202366015625 0.7658252880859375 0.75445334375 0.763607578125 0.766984248046875 0.76808955078125 0.77208526171875 0.7817005791015625 0.7750009306640625
1 0.77072003515625 0.7285859287109375 0.770045412109375 0.7263126357421875 0.7572184736328125 0.7198614365234375 0.75003437109375 0.7203637978515625 0.7463543095703125 0.7488534853515625 0.7468099990234375 0.762744423828125 0.76012317578125 0.7687748779296875 0.7647953515625 0.7692216572265625 0.766280978515625 0.768344283203125 0.7670185166015625 0.7346459326171875 0.77072003515625 0.7285859287109375
1 0.74857565625 0.7216260341796875 0.7467401708984375 0.7175001943359375 0.73666737109375 0.7135636181640626 0.7325890810546875 0.7142355439453125 0.7296141923828126 0.7306868408203125 0.7304717470703125 0.757698994140625 0.74578369921875 0.7628161904296875 0.75245465234375 0.7623497119140625 0.747027115234375 0.7584750517578125 0.7462753916015625 0.740350623046875 0.74857565625 0.7216260341796875
1 0.7176986337890625 0.7520175185546875 0.718000123046875 0.7342061875 0.7266698515625 0.732826451171875 0.7264025478515626 0.72162955078125 0.729050853515625 0.715256451171875 0.718437990234375 0.71097089453125 0.70747344921875 0.7090303984375 0.7019095341796875 0.71057969921875 0.6996129052734374 0.714607740234375 0.700090052734375 0.7509283642578125 0.70281727734375 0.753058125 0.7143487919921875 0.7557324638671875 0.7176986337890625 0.7520175185546875
1 0.696643470703125 0.7090142158203125 0.6865168447265625 0.7043079140625 0.6824654677734375 0.705364703125 0.6796826005859375 0.709813490234375 0.67689609765625 0.7289588251953125 0.67737869921875 0.7432346259765625 0.6791603603515625 0.7465907421875 0.693419099609375 0.751394841796875 0.69903683984375 0.7506152666015625 0.6995590810546874 0.713838015625 0.696643470703125 0.7090142158203125
1 0.679845892578125 0.704774392578125 0.6770379306640625 0.7014900439453124 0.67063791796875 0.698456875 0.66204892578125 0.7009911982421875 0.659237328125 0.712403396484375 0.660715681640625 0.7409191171875 0.6640367939453125 0.7441675830078125 0.6786472099609375 0.746626625 0.677682005859375 0.718075021484375 0.6806281650390625 0.70858713671875 0.679845892578125 0.704774392578125
1 0.847710033203125 0.870938685546875 0.8446867744140625 0.8645754345703125 0.8440481533203125 0.8259456357421875 0.8381343779296875 0.8224917216796875 0.823389400390625 0.8181083671875 0.819418759765625 0.820319744140625 0.8186077568359375 0.8234704111328125 0.819820625 0.8334409580078125 0.8173032451171875 0.8564349189453125 0.8171937783203125 0.8622437421875 0.823836 0.8687406748046875 0.836447640625 0.8721129736328125 0.847710033203125 0.870938685546875
1 0.819418759765625 0.820319744140625 0.8122364755859375 0.81347383203125 0.7997324833984375 0.8116409833984375 0.7972474697265625 0.8129749873046875 0.79573311328125 0.8208157724609375 0.7956451044921875 0.849054279296875 0.793104447265625 0.856966830078125 0.79750568359375 0.860913255859375 0.815842712890625 0.8650454296875 0.818139341796875 0.861017388671875 0.819418759765625 0.820319744140625
1 0.7874867060546875 0.85774640625 0.7928622373046875 0.85350306640625 0.7900597294921875 0.8281738955078125 0.7917373779296875 0.8152940126953125 0.789848068359375 0.810398447265625 0.780315330078125 0.8068108505859375 0.770457826171875 0.8059531767578125 0.7685128740234375 0.8076361591796875 0.7655110732421875 0.8237025927734375 0.76566709375 0.84805658984375 0.7695551787109375 0.8520388984375 0.780735017578125 0.8570582958984375 0.7874867060546875 0.85774640625
1 0.766890869140625 0.8139374931640625 0.7663526240234375 0.806240240234375 0.7482327109375 0.7978386943359375 0.7422363818359375 0.8005784658203124 0.741289 0.8091530927734375 0.74217528515625 0.8292018349609375 0.7477624765625 0.8427339443359375 0.752109888671875 0.8459106455078125 0.765747830078125 0.849211177734375 0.7629991474609376 0.824651732421875 0.766890869140625 0.8139374931640625
1 0.6853359853515625 0.7832863779296875 0.682443650390625 0.79354398828125 0.6825476630859375 0.809779986328125 0.684759919921875 0.819293904296875 0.698073095703125 0.8253243583984375 0.703798484375 0.826084234375 0.7098755517578125 0.82449905078125 0.7147648427734375 0.82067645703125 0.71671161328125 0.8116452001953125 0.715285265625 0.791247478515625 0.712640595703125 0.7829240322265625 0.7056736083984375 0.779157021484375 0.7011359931640625 0.7806345556640625 0.6978956181640625 0.778540677734375 0.6939249775390625 0.7807520537109375 0.6887665634765625 0.780726021484375 0.6844998876953124 0.778703908203125 0.6853359853515625 0.7832863779296875
1 0.7000285966796875 0.8901607021484375 0.6897906865234374 0.898611498046875 0.69124212890625 0.9267423564453126 0.696047048828125 0.93646172265625 0.70636205859375 0.9438620615234375 0.7356887236328125 0.957667869140625 0.7520269755859375 0.9627132998046875 0.75915725390625 0.961441212890625 0.764156013671875 0.951809796875 0.7635424873046875 0.9209131328125 0.7736458359375 0.9105380244140625 0.770810962890625 0.9068688125 0.755931423828125 0.90056114453125 0.7444268212890625 0.89827166796875 0.7410518857421875 0.8942534765625 0.722985796875 0.88662165625 0.7196377724609375 0.8829883271484374 0.7000285966796875 0.8901607021484375
1 0.7866917080078125 0.905371578125 0.7822886533203125 0.90877342578125 0.7741858984375 0.91088700390625 0.7675131279296875 0.9187017568359375 0.7645669697265625 0.9281896416015625 0.7655878154296875 0.950162697265625 0.768367046875 0.96041045703125 0.774307732421875 0.9642492333984375 0.80344601171875 0.975361001953125 0.80825275 0.97773209375 0.8083603984375 0.979271544921875 0.8396625625 0.9770826845703126 0.8391548662109375 0.95507374609375 0.8442074501953125 0.9462120546875 0.8514471953125 0.93913114453125 0.8512318974609375 0.936052244140625 0.8553927421875 0.929186630859375 0.8541242314453125 0.9257946337890625 0.8196391533203125 0.91196279296875 0.793821986328125 0.9040994912109375 0.7866917080078125 0.905371578125
1 0.66896137109375 0.925206421875 0.6883785244140626 0.9300365556640625 0.6886316435546875 0.8894106767578125 0.6911435703125 0.888461537109375 0.6929539609375 0.884854240234375 0.686148447265625 0.88339640625 0.6822872724609375 0.8797989599609375 0.6498547958984375 0.8658235888671875 0.641211978515625 0.8675881865234375 0.63605174609375 0.8749104267578125 0.6353753046875 0.8799854072265625 0.6359368251953125 0.9027640712890626 0.6418487822265625 0.913566259765625 0.66896137109375 0.925206421875
1 0.68424676953125 0.8193297880859375 0.68605716015625 0.8157224912109375 0.68378926171875 0.8127871220703125 0.6835506884765625 0.794626810546875 0.687498052734375 0.7773340234375 0.684203853515625 0.7744704189453125 0.6800986513671875 0.7747574833984375 0.674184876953125 0.7713035693359375 0.6691610234375 0.773201849609375 0.66632433203125 0.7768809111328125 0.6642393642578125 0.7986844013671875 0.6640204306640625 0.8103020478515625 0.6657751796875 0.8132732998046875 0.68424676953125 0.8193297880859375
1 0.642920533203125 0.729787650390625 0.6572330966796875 0.7353614755859375 0.6599621396484375 0.730142962890625 0.6609149755859375 0.699523513671875 0.659404255859375 0.692667751953125 0.654003630859375 0.689177955078125 0.6441461279296875 0.6883202802734375 0.640661724609375 0.690110912109375 0.6276373115234375 0.7177070419921875 0.627689318359375 0.725825041015625 0.63095660546875 0.72830378125 0.637275880859375 0.7301823623046875 0.642920533203125 0.729787650390625
1 0.6252581279296875 0.72792876953125 0.627203080078125 0.7262457861328125 0.6279351640625 0.7145922568359375 0.6391491865234376 0.6906034228515625 0.638880064453125 0.6867547958984375 0.636179751953125 0.6850098974609375 0.6053118193359375 0.6786600126953125 0.5975607412109375 0.6784285322265625 0.5909901650390625 0.709827556640625 0.59001587109375 0.7180173212890625 0.5938501328125 0.7212299052734376 0.6149412978515625 0.7278767021484375 0.6252581279296875 0.72792876953125
1 0.566098921875 0.670959943359375 0.55786160546875 0.6711492080078125 0.552486076171875 0.675392546875 0.5528555751953125 0.7101737197265625 0.565655599609375 0.716240056640625 0.5761608154296874 0.7189861611328126 0.5890164833984375 0.7184739501953125 0.5971014150390626 0.679234140625 0.592727091796875 0.6756725771484375 0.566098921875 0.670959943359375
1 0.5293692216796875 0.66927414453125 0.53311365625 0.7080735078125 0.5368402685546875 0.709746640625 0.5481833984375 0.7097269404296875 0.55048002734375 0.7056988994140625 0.548651814453125 0.6721799638671875 0.5411178515625 0.6676791103515625 0.5308010234375 0.667627044921875 0.5293692216796875 0.66927414453125
1 0.5213759326171875 0.6655788994140625 0.515758193359375 0.6663584736328125 0.5148933662109375 0.668739416015625 0.5177747919921875 0.7025714482421875 0.52260844140625 0.7053274033203125 0.52981945703125 0.705209904296875 0.531710583984375 0.7027571962890625 0.5288291591796875 0.6689251640625 0.526615083984375 0.6667595205078125 0.5213759326171875 0.6655788994140625
1 0.495718421875 0.667373046875 0.4972506005859375 0.6966584931640625 0.5005717119140625 0.6999069599609375 0.508943587890625 0.7016420078125 0.5108885400390625 0.699959025390625 0.5088988544921875 0.6641309130859375 0.5035251416015625 0.6610259794921876 0.4988529658203125 0.6605792001953125 0.495718421875 0.667373046875
1 0.482972220703125 0.6620764345703125 0.484719697265625 0.6944407822265625 0.4879600712890625 0.6965346611328125 0.4962781240234375 0.6974999833984376 0.4977637509765625 0.6966226103515625 0.4963968935546875 0.669701375 0.4981496123046875 0.665269318359375 0.48540341015625 0.65997270703125 0.482972220703125 0.6620764345703125
1 0.469630314453125 0.6630093916015625 0.471621818359375 0.6914892294921875 0.475456080078125 0.6947018125 0.4832340712890625 0.6953181572265625 0.48469278515625 0.694055919921875 0.482810748046875 0.659767259765625 0.478030921875 0.657781029296875 0.472899419921875 0.658139859375 0.469630314453125 0.6630093916015625
1 0.4694706591796875 0.6533519423828125 0.4667972587890625 0.65199190625 0.4581813544921875 0.6541413671875 0.4622560078125 0.66816598828125 0.45984809375 0.685351126953125 0.4675166171875 0.6917762939453125 0.4778603583984375 0.69221322265625 0.4719071748046875 0.6660729208984375 0.47249391796875 0.6597151923828125 0.4694706591796875 0.6533519423828125
1 0.4571045068359375 0.7493558291015625 0.4443852177734375 0.744444080078125 0.42083594921875 0.7395161484375 0.4194579716796875 0.74193297265625 0.4064390126953125 0.7474842822265625 0.4026029326171875 0.75161997265625 0.4021417890625 0.7597738544921875 0.40996633203125 0.7905530185546875 0.4149632734375 0.7882698759765625 0.416151046875 0.79050728515625 0.424657484375 0.7941666474609375 0.4238195693359375 0.7969324521484376 0.429004896484375 0.7973433486328125 0.431461181640625 0.8029727568359375 0.4340269326171875 0.802793341796875 0.4347571982421875 0.7984880869140625 0.4396464912109375 0.7946654921875 0.460335791015625 0.7881910771484375 0.463037921875 0.782587701171875 0.46228437890625 0.771811546875 0.4604525302734375 0.752989158203125 0.4571045068359375 0.7493558291015625
1 0.3734664736328125 0.7331599296875 0.369790048828125 0.7469530712890625 0.3700573525390625 0.7581499716796875 0.3753466923828125 0.774796865234375 0.3746164267578125 0.7791021201171875 0.3765362841796875 0.769686001953125 0.3790751240234375 0.769121724609375 0.388500212890625 0.771169869140625 0.397141212890625 0.776753544921875 0.4028935146484375 0.777898283203125 0.40473081640625 0.7746758505859375 0.4018995791015625 0.7563100908203125 0.40506103515625 0.7499011064453125 0.4084647021484375 0.7469558876953125 0.4260212763671875 0.7399270439453125 0.4026352998046875 0.729960013671875 0.391616935546875 0.7272497919921875 0.3734664736328125 0.7331599296875
1 0.4050464921875 0.808687296875 0.404675173828125 0.7812543984375 0.402839689453125 0.7771285576171875 0.398411541015625 0.7727972685546876 0.38912101171875 0.7726734375 0.38793323828125 0.77043602734375 0.37780661328125 0.7657297255859375 0.3742145615234375 0.76598090625 0.3723772578125 0.76920333984375 0.3730500634765625 0.77882490625 0.3789063779296875 0.7962056435546875 0.3955944892578125 0.8062542890625 0.4050464921875 0.808687296875
1 0.409672115234375 0.778971255859375 0.4066201259765625 0.779571416015625 0.4064568349609375 0.784610513671875 0.408773103515625 0.8103604306640625 0.4334275908203125 0.8237194580078125 0.439612306640625 0.8236737255859375 0.43656758984375 0.7948807900390625 0.4319510556640625 0.787855462890625 0.4270635810546875 0.784329783203125 0.409672115234375 0.778971255859375
1 0.4832324873046875 0.8403474775390625 0.481429369140625 0.814561677734375 0.4846715615234375 0.809307283203125 0.4958046533203125 0.8031793310546875 0.475478318359375 0.791482697265625 0.463676361328125 0.7862534853515625 0.4404904541015625 0.7969269443359375 0.4430220205078125 0.82575576171875 0.44531683203125 0.829075994140625 0.471483857421875 0.8419425107421875 0.4797480859375 0.842138109375 0.4832324873046875 0.8403474775390625
1 0.483395185546875 0.8082363017578125 0.47955910546875 0.8123719931640625 0.481550609375 0.8408518310546875 0.4833591826171875 0.84459280859375 0.50534026953125 0.8565917998046875 0.519085859375 0.861431783203125 0.5231641494140625 0.860759857421875 0.5257048056640625 0.8528473056640625 0.524633771484375 0.8154079775390625 0.5254716865234375 0.8126421728515625 0.5342508828125 0.8054536142578125 0.5336569951171874 0.8043349091796875 0.52639215625 0.8036826826171874 0.523636201171875 0.80851633203125 0.516317537109375 0.807094380859375 0.514239841796875 0.7995047763671875 0.5095407529296875 0.798673134765625 0.483395185546875 0.8082363017578125
1 0.625 0.85498046875 0.0234375 0.0361328125
1 0.6240234375 0.888671875 0.0244140625 0.0380859375
1 0.5986328125 0.84912109375 0.0322265625 0.0341796875
1 0.599609375 0.8798828125 0.029296875 0.0390625
1 0.57470703125 0.8408203125 0.0205078125 0.0361328125
1 0.556640625 0.833984375 0.02734375 0.0361328125
1 0.5361328125 0.8251953125 0.0224609375 0.0302734375
1 0.53466796875 0.8515625 0.015625 0.033203125
1 0.55859375 0.86572265625 0.021484375 0.0361328125
1 0.580078125 0.86767578125 0.0185546875 0.03125
1 0.64633111328125 0.8080583037109375 0.6522179755859375 0.81112735546875 0.663722578125 0.81341683203125 0.6661268564453126 0.810928240234375 0.66434883203125 0.792875578125 0.6659475615234375 0.7714928330078125 0.6641928125 0.7685215810546875 0.65938607421875 0.7661504892578125 0.64896159765625 0.76455897265625 0.6454502822265625 0.7659647412109375 0.644153041015625 0.769536154296875 0.64595616015625 0.7953219521484375 0.6440650322265625 0.7977746611328125 0.64633111328125 0.8080583037109375
1 0.633947498046875 0.756326990234375 0.6272227197265625 0.756023744140625 0.62535850390625 0.758861314453125 0.62821119921875 0.7996567578125 0.6353396611328125 0.8057329453125 0.64481857421875 0.8085508154296875 0.6462234638671875 0.806518853515625 0.644181771484375 0.7625727431640625 0.6408068359375 0.7585545517578125 0.633947498046875 0.756326990234375
1 0.6317494267578125 0.7986358525390626 0.628266841796875 0.7930782099609375 0.6254661533203125 0.760400765625 0.6211187412109375 0.757224064453125 0.617040451171875 0.7578959912109375 0.6133138388671875 0.7562228583984375 0.60901843359375 0.7611641572265625 0.61141362109375 0.795416935546875 0.613114544921875 0.7976184619140625 0.627400197265625 0.8028074248046875 0.6304790986328125 0.8025921279296875 0.6317494267578125 0.7986358525390626
1 0.5933798984375 0.76612515625 0.5956154306640625 0.7907204833984375 0.6104680576171875 0.7966432890625 0.6117922099609375 0.79345673828125 0.609449029296875 0.7673219599609375 0.6061297353515624 0.7567252197265625 0.5957052578125 0.755133703125 0.593381716796875 0.7587768828125 0.5933798984375 0.76612515625
1 0.590087517578125 0.7559132783203125 0.58509239453125 0.7508481484375 0.5774220537109375 0.75177125390625 0.5754771015625 0.7534542373046875 0.5733670400390625 0.767524591796875 0.5733364912109375 0.781836275390625 0.5815181650390625 0.788225560546875 0.59299585546875 0.790130173828125 0.5949408076171875 0.78844719140625 0.5928936611328125 0.7665459013671875 0.590087517578125 0.7559132783203125
1 0.5752079794921875 0.7496056103515625 0.570672181640625 0.74373487109375 0.5704030595703125 0.739886244140625 0.5632189560546875 0.7403886064453125 0.5614354775390625 0.7443807646484375 0.5620759169921875 0.7756622900390625 0.5666655380859374 0.78230275390625 0.5750105029296875 0.7836529404296875 0.57795484375 0.7815133291015625 0.575984796875 0.77546317578125 0.5752079794921875 0.7496056103515625
1 0.5604379072265625 0.737489119140625 0.556225056640625 0.736236732421875 0.5486892763671875 0.7390841533203125 0.5479553740234375 0.758085955078125 0.544173119140625 0.76299137109375 0.54652175390625 0.7670813291015625 0.544144388671875 0.7699547822265626 0.5448997490234375 0.7733826640625 0.562858189453125 0.7794750341796876 0.561948626953125 0.7443448818359375 0.5604379072265625 0.737489119140625
1 0.5314843779296875 0.7437679375 0.5318287822265625 0.7708159736328125 0.5459260498046875 0.7733108984375 0.545253244140625 0.7636893310546875 0.547307662109375 0.756197525390625 0.5460697001953125 0.738493841796875 0.54069598828125 0.735388908203125 0.535024423828125 0.7353987578125 0.5314843779296875 0.7437679375
1 0.5216843359375 0.7289834404296875 0.517308193359375 0.73277015234375 0.51606477734375 0.7371112900390625 0.51603241015625 0.758771248046875 0.5128709541015625 0.765180232421875 0.5275621083984375 0.768793861328125 0.5305890029296875 0.760460564453125 0.53121707421875 0.732571037109375 0.5273828125 0.7293584541015625 0.5216843359375 0.7289834404296875
1 0.3656506630859375 0.7762483671875 0.365980880859375 0.7514736240234375 0.3631460087890625 0.747804412109375 0.3570420302734375 0.749004732421875 0.34656191015625 0.7539917646484375 0.3202046796875 0.745779482421875 0.31888052734375 0.748966033203125 0.320495259765625 0.7720577939453125 0.3281906962890625 0.7788678232421875 0.342530171875 0.78482651171875 0.3507136630859375 0.783867521484375 0.3656506630859375 0.7762483671875
1 0.2676731533203125 0.7540937802734375 0.283713552734375 0.7622539951171875 0.2910053056640625 0.763291083984375 0.2946260869140625 0.7560764921875 0.2941703974609375 0.7421855537109375 0.2959000517578125 0.7374236689453125 0.3066223828125 0.73590040234375 0.3098878515625 0.7457274169921875 0.313993052734375 0.745440353515625 0.3123495888671875 0.72931200390625 0.3081905634765625 0.728829341796875 0.3046272421875 0.7221171123046874 0.2967416025390625 0.7199613173828125 0.2697868505859375 0.7253268779296875 0.2663562724609375 0.727887234375 0.2676731533203125 0.7540937802734375
1 0.331763107421875 0.7488386845703126 0.337811443359375 0.754216912109375 0.3414842314453125 0.7551203193359375 0.348614509765625 0.753848232421875 0.362957623046875 0.7451103740234375 0.36396246484375 0.7226089228515625 0.36045296875 0.7166664189453125 0.3425214404296875 0.7109589111328125 0.3384969755859375 0.7124005625 0.3357966630859375 0.7106556640625 0.3155666875 0.7163244716796875 0.3176676591796875 0.738995486328125 0.323904380859375 0.7470677529296875 0.331763107421875 0.7488386845703126
1 0.3128627392578125 0.7292761201171875 0.3117826142578125 0.7285781611328125 0.308405861328125 0.731908244140625 0.2958731396484375 0.7370388076171875 0.294116572265625 0.741415828125 0.2945704453125 0.762655041015625 0.307424294921875 0.769491103515625 0.3184426591796875 0.7722013251953125 0.3181789912109375 0.746307876953125 0.31415634375 0.7404012548828125 0.3128627392578125 0.7292761201171875
1 0.443359375 0.72509765625 0.013671875 0.0361328125
1 0.45703125 0.72802734375 0.015625 0.0380859375
1 0.46826171875 0.73095703125 0.015625 0.0439453125
1 0.48291015625 0.73583984375 0.015625 0.0419921875
1 0.49658203125 0.74072265625 0.013671875 0.04296875
1 0.51025390625 0.74462890625 0.015625 0.0439453125
1 0.45703125 0.66845703125 0.0107421875 0.0390625
1 0.44384765625 0.66748046875 0.0126953125 0.037109375
1 0.4208984375 0.71142578125 0.013671875 0.0361328125
1 0.40283203125 0.7099609375 0.017578125 0.037109375
1 0.39306640625 0.70556640625 0.0126953125 0.033203125
1 0.38037109375 0.70361328125 0.009765625 0.0341796875
1 0.39697265625 0.65673828125 0.0146484375 0.033203125
1 0.38720703125 0.654296875 0.013671875 0.03125
1 0.3759765625 0.65283203125 0.015625 0.0322265625
1 0.36767578125 0.65283203125 0.0126953125 0.037109375
1 0.2734375 0.62841796875 0.009765625 0.029296875
1 0.283203125 0.63134765625 0.0087890625 0.0341796875
1 0.294921875 0.63525390625 0.0107421875 0.0341796875
1 0.30322265625 0.63720703125 0.0107421875 0.037109375
1 0.31005859375 0.63720703125 0.0078125 0.033203125
1 0.32080078125 0.638671875 0.0087890625 0.029296875
1 0.32763671875 0.64111328125 0.01171875 0.0322265625
1 0.3359375 0.64306640625 0.0068359375 0.03125
1 0.34619140625 0.64501953125 0.01171875 0.0361328125
1 0.35595703125 0.64697265625 0.01171875 0.03515625
1 0.27392578125 0.57666015625 0.0126953125 0.041015625
1 0.28369140625 0.580078125 0.0126953125 0.0439453125
1 0.29443359375 0.5830078125 0.0126953125 0.0419921875
1 0.30517578125 0.58203125 0.0126953125 0.0390625
1 0.271484375 0.67333984375 0.009765625 0.03125
1 0.27978515625 0.673828125 0.009765625 0.0283203125
1 0.2880859375 0.6787109375 0.0087890625 0.025390625
1 0.30029296875 0.6787109375 0.01171875 0.037109375
1 0.30810546875 0.67578125 0.009765625 0.02734375
1 0.32470703125 0.6875 0.0107421875 0.033203125
1 0.333984375 0.689453125 0.0126953125 0.0390625
1 0.34326171875 0.6923828125 0.0107421875 0.037109375
1 0.43212890625 0.70263671875 0.0107421875 0.0126953125
1 0.914147138671875 0.22081628125 0.913203392578125 0.214694361328125 0.916476134765625 0.19512828125 0.9121323583984375 0.1772550322265625 0.899197771484375 0.1692643828125 0.892666833984375 0.149610353515625 0.88205215234375 0.1526730712890625 0.8727616240234375 0.1525492392578125 0.86473960546875 0.1558174052734375 0.8644235732421875 0.2324149267578125 0.87322786328125 0.2329595048828125 0.905773443359375 0.226429505859375 0.914147138671875 0.22081628125
1 0.8953649697265625 0.2693124951171875 0.8714083818359375 0.273308169921875 0.859388810546875 0.278402849609375 0.8571583740234375 0.342371669921875 0.8575045966796875 0.362071431640625 0.860744970703125 0.364165310546875 0.8832697568359374 0.361816734375 0.8939113505859375 0.3591388798828125 0.900367005859375 0.3555934990234375 0.9005841220703125 0.351324126953125 0.9146275634765625 0.353049326171875 0.9157615126953125 0.3545170107421875 0.921650193359375 0.3502377880859375 0.9235162275390625 0.3400519443359375 0.9304312080078125 0.335700955078125 0.9266922275390626 0.2748567705078125 0.9232365546875 0.269683990234375 0.910192501953125 0.2675021630859375 0.9071943369140625 0.268872048828125 0.8953649697265625 0.2693124951171875
0 0.576171875 0.7197265625 0.5849609375 0.7216796875 0.58984375 0.728515625 0.58203125 0.73828125 0.5615234375 0.734375 0.5576171875 0.7314453125 0.5595703125 0.7236328125 0.5625 0.720703125 0.5751953125 0.7197265625
0 0.7412109375 0.376953125 0.7431640625 0.37890625 0.7412109375 0.38671875 0.7353515625 0.390625 0.705078125 0.3935546875 0.701171875 0.3916015625 0.7021484375 0.3837890625 0.712890625 0.3779296875 0.740234375 0.3779296875
0 0.8515625 0.6103515625 0.87890625 0.6142578125 0.876953125 0.6259765625 0.869140625 0.6298828125 0.845703125 0.6279296875 0.8310546875 0.6240234375 0.8291015625 0.62109375 0.833984375 0.6103515625 0.8505859375 0.6103515625
0 0.64453125 0.587890625 0.6650390625 0.5908203125 0.666015625 0.595703125 0.662109375 0.603515625 0.6337890625 0.6005859375 0.6318359375 0.5966796875 0.6328125 0.5927734375 0.638671875 0.587890625 0.6435546875 0.587890625
0 0.671875 0.4892578125 0.6953125 0.4912109375 0.693359375 0.4990234375 0.6904296875 0.501953125 0.6748046875 0.50390625 0.658203125 0.501953125 0.65625 0.5 0.6591796875 0.4912109375 0.6708984375 0.4892578125
0 0.310546875 0.3505859375 0.310546875 0.34375 0.3134765625 0.3408203125 0.326171875 0.337890625 0.3291015625 0.33984375 0.326171875 0.3466796875 0.3115234375 0.3505859375
0 0.8212890625 0.4912109375 0.822265625 0.4990234375 0.8193359375 0.50390625 0.80078125 0.5068359375 0.7939453125 0.5068359375 0.787109375 0.50390625 0.787109375 0.49609375 0.7900390625 0.4912109375 0.8203125 0.4912109375
0 0.4814453125 0.638671875 0.498046875 0.640625 0.4990234375 0.6455078125 0.4931640625 0.65234375 0.4833984375 0.65234375 0.4716796875 0.6494140625 0.46875 0.646484375 0.4736328125 0.638671875 0.48046875 0.638671875
0 0.39453125 0.484375 0.3984375 0.4853515625 0.3994140625 0.48828125 0.3935546875 0.4951171875 0.3779296875 0.4931640625 0.3798828125 0.4873046875 0.3818359375 0.4853515625 0.3935546875 0.4853515625
0 0.451171875 0.8349609375 0.4697265625 0.845703125 0.466796875 0.853515625 0.462890625 0.8564453125 0.451171875 0.8505859375 0.44921875 0.8515625 0.4404296875 0.8447265625 0.443359375 0.8369140625 0.4501953125 0.8349609375
0 0.5205078125 0.8642578125 0.5283203125 0.8642578125 0.5478515625 0.87109375 0.5634765625 0.8828125 0.55859375 0.8916015625 0.5478515625 0.890625 0.52734375 0.87890625 0.529296875 0.876953125 0.5283203125 0.8701171875 0.5234375 0.873046875 0.5234375 0.8759765625 0.5205078125 0.8759765625 0.517578125 0.873046875 0.5205078125 0.865234375
0 0.44921875 0.6318359375 0.45703125 0.6337890625 0.4599609375 0.63671875 0.4560546875 0.6455078125 0.4365234375 0.6416015625 0.4384765625 0.6337890625 0.4443359375 0.630859375 0.4482421875 0.6318359375
0 0.291015625 0.697265625 0.2978515625 0.6962890625 0.3076171875 0.7001953125 0.3056640625 0.70703125 0.2998046875 0.7080078125 0.291015625 0.7021484375 0.291015625 0.6982421875
0 0.541015625 0.7744140625 0.548828125 0.7783203125 0.55078125 0.7822265625 0.5498046875 0.787109375 0.544921875 0.79296875 0.529296875 0.7890625 0.521484375 0.783203125 0.525390625 0.7734375 0.5322265625 0.7724609375 0.5400390625 0.7744140625
0 0.806640625 0.787109375 0.8427734375 0.79296875 0.8447265625 0.8037109375 0.83984375 0.8115234375 0.8251953125 0.8095703125 0.798828125 0.80078125 0.8017578125 0.7890625 0.8056640625 0.7880859375
0 0.4228515625 0.404296875 0.427734375 0.40625 0.4248046875 0.4140625 0.40625 0.416015625 0.400390625 0.4140625 0.4033203125 0.408203125 0.421875 0.404296875
0 0.5322265625 0.30078125 0.5322265625 0.30859375 0.525390625 0.3134765625 0.486328125 0.322265625 0.482421875 0.318359375 0.484375 0.3115234375 0.48828125 0.3076171875 0.509765625 0.3046875 0.515625 0.3017578125 0.53125 0.30078125
0 0.83984375 0.2412109375 0.84375 0.2431640625 0.84375 0.248046875 0.8369140625 0.255859375 0.798828125 0.26171875 0.796875 0.2607421875 0.798828125 0.2509765625 0.8212890625 0.2431640625 0.8388671875 0.2412109375
0 0.6708984375 0.67578125 0.6923828125 0.6826171875 0.6923828125 0.689453125 0.6875 0.6943359375 0.681640625 0.6953125 0.669921875 0.6904296875 0.6591796875 0.689453125 0.65625 0.6865234375 0.65625 0.6826171875 0.66015625 0.6767578125 0.669921875 0.67578125
0 0.74609375 0.8466796875 0.7724609375 0.85546875 0.775390625 0.861328125 0.7705078125 0.87109375 0.7578125 0.869140625 0.736328125 0.8603515625 0.734375 0.857421875 0.7373046875 0.8486328125 0.7392578125 0.8466796875 0.7451171875 0.8466796875
0 0.5634765625 0.7822265625 0.5732421875 0.7841796875 0.5859375 0.7919921875 0.580078125 0.7978515625 0.580078125 0.8017578125 0.5732421875 0.8037109375 0.552734375 0.796875 0.552734375 0.7841796875 0.5625 0.7822265625
0 0.505859375 0.642578125 0.525390625 0.646484375 0.52734375 0.6513671875 0.5234375 0.658203125 0.51171875 0.658203125 0.5009765625 0.654296875 0.4990234375 0.64453125 0.5048828125 0.642578125
0 0.421875 0.8251953125 0.435546875 0.8271484375 0.443359375 0.8330078125 0.439453125 0.84375 0.4326171875 0.84375 0.4169921875 0.8349609375 0.421875 0.826171875
0 0.6103515625 0.8984375 0.638671875 0.91015625 0.6396484375 0.92578125 0.6328125 0.9267578125 0.6240234375 0.923828125 0.60546875 0.9140625 0.609375 0.8994140625
0 0.6787109375 0.8203125 0.701171875 0.8291015625 0.7001953125 0.8369140625 0.6962890625 0.84375 0.6845703125 0.84375 0.6650390625 0.8349609375 0.6669921875 0.82421875 0.677734375 0.8203125
0 0.2802734375 0.7607421875 0.2900390625 0.763671875 0.291015625 0.7666015625 0.2861328125 0.7744140625 0.2763671875 0.771484375 0.2734375 0.7685546875 0.2724609375 0.7646484375 0.279296875 0.7607421875
0 0.48046875 0.4013671875 0.48046875 0.4052734375 0.474609375 0.41015625 0.458984375 0.4130859375 0.4521484375 0.412109375 0.451171875 0.4072265625 0.453125 0.404296875 0.4619140625 0.4013671875 0.4794921875 0.4013671875
0 0.404296875 0.8154296875 0.4130859375 0.818359375 0.4189453125 0.82421875 0.4140625 0.8330078125 0.400390625 0.8291015625 0.396484375 0.8251953125 0.3974609375 0.81640625 0.4033203125 0.8154296875
0 0.5380859375 0.498046875 0.5400390625 0.4892578125 0.548828125 0.4873046875 0.56640625 0.48828125 0.568359375 0.4912109375 0.5673828125 0.494140625 0.560546875 0.5 0.54296875 0.5 0.5390625 0.498046875
0 0.546875 0.650390625 0.560546875 0.6533203125 0.5634765625 0.6572265625 0.5625 0.6640625 0.5546875 0.66796875 0.5380859375 0.6630859375 0.5361328125 0.6591796875 0.537109375 0.654296875 0.541015625 0.650390625 0.5458984375 0.650390625
0 0.4677734375 0.6943359375 0.4775390625 0.6953125 0.4853515625 0.7001953125 0.48046875 0.708984375 0.474609375 0.708984375 0.4599609375 0.703125 0.4599609375 0.6982421875 0.4638671875 0.6943359375 0.466796875 0.6943359375
0 0.71484375 0.94921875 0.7177734375 0.9482421875 0.751953125 0.96484375 0.751953125 0.96875 0.7470703125 0.9765625 0.73828125 0.974609375 0.7109375 0.9609375 0.7109375 0.9560546875 0.71484375 0.9501953125
0 0.78125 0.6005859375 0.7890625 0.60546875 0.7880859375 0.6181640625 0.7587890625 0.6162109375 0.75390625 0.6123046875 0.7548828125 0.60546875 0.7626953125 0.599609375 0.7802734375 0.6005859375
0 0.7802734375 0.4892578125 0.7900390625 0.4921875 0.7900390625 0.4970703125 0.7822265625 0.5048828125 0.748046875 0.5048828125 0.7451171875 0.5029296875 0.74609375 0.4951171875 0.7490234375 0.4921875 0.7587890625 0.4892578125 0.779296875 0.4892578125
0 0.697265625 0.2685546875 0.6962890625 0.27734375 0.69140625 0.2822265625 0.6572265625 0.287109375 0.6611328125 0.275390625 0.6962890625 0.267578125
0 0.646484375 0.39453125 0.65234375 0.38671875 0.6708984375 0.3828125 0.685546875 0.3828125 0.6865234375 0.3857421875 0.6826171875 0.39453125 0.6650390625 0.3974609375 0.6484375 0.3974609375 0.6474609375 0.3955078125
0 0.388671875 0.619140625 0.3955078125 0.623046875 0.3935546875 0.62890625 0.3857421875 0.6318359375 0.3779296875 0.6298828125 0.3759765625 0.625 0.37890625 0.619140625 0.3876953125 0.619140625
0 0.724609375 0.595703125 0.732421875 0.5966796875 0.7353515625 0.599609375 0.73046875 0.611328125 0.716796875 0.611328125 0.6962890625 0.6064453125 0.6982421875 0.5966796875 0.7021484375 0.5947265625 0.7236328125 0.595703125
0 0.7734375 0.251953125 0.77734375 0.2529296875 0.7744140625 0.2626953125 0.7646484375 0.2685546875 0.75 0.2724609375 0.732421875 0.2734375 0.7353515625 0.2646484375 0.7392578125 0.2607421875 0.7509765625 0.2568359375 0.7724609375 0.2529296875
0 0.4462890625 0.5654296875 0.4423828125 0.5751953125 0.423828125 0.5732421875 0.4248046875 0.5654296875 0.4267578125 0.5634765625 0.443359375 0.5634765625 0.4453125 0.5654296875
0 0.484375 0.7587890625 0.50390625 0.763671875 0.50390625 0.7705078125 0.5 0.775390625 0.4794921875 0.7685546875 0.4775390625 0.7626953125 0.48046875 0.7587890625 0.4833984375 0.7587890625
0 0.8564453125 0.365234375 0.87890625 0.3662109375 0.875 0.376953125 0.86328125 0.3818359375 0.8388671875 0.3837890625 0.830078125 0.3837890625 0.828125 0.3818359375 0.8310546875 0.3701171875 0.85546875 0.365234375
0 0.8291015625 0.3701171875 0.8291015625 0.3759765625 0.82421875 0.3837890625 0.810546875 0.3857421875 0.791015625 0.3837890625 0.7919921875 0.3740234375 0.7939453125 0.3720703125 0.796875 0.3701171875 0.810546875 0.369140625 0.828125 0.3701171875
0 0.5732421875 0.88671875 0.580078125 0.8857421875 0.5947265625 0.890625 0.603515625 0.8974609375 0.5966796875 0.9091796875 0.5927734375 0.9091796875 0.572265625 0.900390625 0.5693359375 0.8935546875 0.5732421875 0.8876953125
0 0.873046875 0.490234375 0.880859375 0.494140625 0.880859375 0.4990234375 0.8779296875 0.505859375 0.87109375 0.5078125 0.8291015625 0.5068359375 0.82421875 0.5048828125 0.8232421875 0.4990234375 0.82421875 0.4951171875 0.8291015625 0.4921875 0.8720703125 0.490234375
0 0.6318359375 0.6669921875 0.6435546875 0.6728515625 0.6416015625 0.681640625 0.638671875 0.68359375 0.6103515625 0.677734375 0.6103515625 0.673828125 0.615234375 0.6669921875 0.630859375 0.6669921875
0 0.57421875 0.658203125 0.59765625 0.6630859375 0.59765625 0.66796875 0.5927734375 0.673828125 0.564453125 0.66796875 0.56640625 0.662109375 0.5732421875 0.658203125
0 0.521484375 0.3994140625 0.533203125 0.39453125 0.5498046875 0.39453125 0.548828125 0.400390625 0.5439453125 0.4052734375 0.521484375 0.4072265625 0.521484375 0.400390625
0 0.818359375 0.869140625 0.833984375 0.8759765625 0.84765625 0.8779296875 0.8505859375 0.880859375 0.8515625 0.88671875 0.849609375 0.896484375 0.84765625 0.8974609375 0.8388671875 0.896484375 0.8095703125 0.8857421875 0.806640625 0.8818359375 0.80859375 0.8720703125 0.8173828125 0.869140625
0 0.615234375 0.7353515625 0.6279296875 0.7353515625 0.6337890625 0.73828125 0.6416015625 0.7373046875 0.6474609375 0.7412109375 0.6416015625 0.75390625 0.630859375 0.75390625 0.61328125 0.748046875 0.6123046875 0.7412109375 0.615234375 0.736328125
0 0.560546875 0.578125 0.5693359375 0.580078125 0.5693359375 0.5869140625 0.5654296875 0.5908203125 0.54296875 0.5888671875 0.5400390625 0.5859375 0.5439453125 0.578125 0.5595703125 0.578125
0 0.4208984375 0.322265625 0.421875 0.330078125 0.41796875 0.330078125 0.4140625 0.333984375 0.388671875 0.3369140625 0.3857421875 0.3359375 0.3876953125 0.3310546875 0.392578125 0.3271484375 0.419921875 0.322265625
0 0.73046875 0.6884765625 0.73828125 0.6904296875 0.748046875 0.697265625 0.748046875 0.7041015625 0.74609375 0.7060546875 0.734375 0.7060546875 0.7138671875 0.7001953125 0.71484375 0.6923828125 0.7177734375 0.689453125 0.7236328125 0.6875 0.7294921875 0.6884765625
0 0.6171875 0.3876953125 0.625 0.388671875 0.6259765625 0.390625 0.6220703125 0.3984375 0.6015625 0.4013671875 0.5927734375 0.4013671875 0.59765625 0.390625 0.6162109375 0.3876953125
0 0.3359375 0.787109375 0.3486328125 0.7880859375 0.3525390625 0.7919921875 0.349609375 0.8017578125 0.3447265625 0.802734375 0.3330078125 0.796875 0.33203125 0.79296875 0.3359375 0.7880859375
0 0.59375 0.796875 0.6044921875 0.796875 0.62890625 0.8046875 0.630859375 0.8037109375 0.63671875 0.810546875 0.62890625 0.822265625 0.615234375 0.8193359375 0.595703125 0.810546875 0.58984375 0.7998046875 0.58984375 0.7978515625 0.59375 0.7978515625
0 0.4208984375 0.626953125 0.4296875 0.630859375 0.4287109375 0.6357421875 0.4248046875 0.638671875 0.4130859375 0.6376953125 0.408203125 0.634765625 0.412109375 0.626953125 0.419921875 0.626953125
0 0.61328125 0.2841796875 0.61328125 0.291015625 0.609375 0.296875 0.583984375 0.3017578125 0.5791015625 0.30078125 0.5810546875 0.2939453125 0.587890625 0.2880859375 0.6123046875 0.2841796875
0 0.80078125 0.6044921875 0.8232421875 0.609375 0.826171875 0.615234375 0.8193359375 0.6220703125 0.802734375 0.6220703125 0.783203125 0.6171875 0.78125 0.61328125 0.7880859375 0.60546875 0.7998046875 0.6044921875
0 0.25390625 0.35546875 0.017578125 0.0126953125
0 0.2841796875 0.35107421875 0.0234375 0.0126953125
0 0.35888671875 0.33837890625 0.017578125 0.017578125
0 0.376953125 0.3349609375 0.017578125 0.013671875
0 0.4423828125 0.32373046875 0.0205078125 0.0205078125
0 0.46435546875 0.31884765625 0.0244140625 0.0205078125
0 0.38671875 0.4130859375 0.01953125 0.0146484375
0 0.357421875 0.41796875 0.0224609375 0.0185546875
0 0.32763671875 0.41748046875 0.0224609375 0.0126953125
0 0.30615234375 0.41845703125 0.0224609375 0.013671875
0 0.2568359375 0.42236328125 0.0166015625 0.0107421875
0 0.26416015625 0.4853515625 0.0146484375 0.0107421875
0 0.31689453125 0.48828125 0.0205078125 0.013671875
0 0.33740234375 0.4912109375 0.0205078125 0.0185546875
0 0.36376953125 0.48974609375 0.017578125 0.0126953125
0 0.4296875 0.49072265625 0.0302734375 0.017578125
0 0.47265625 0.49267578125 0.03125 0.017578125
0 0.26513671875 0.548828125 0.017578125 0.013671875
0 0.31640625 0.55615234375 0.017578125 0.015625
0 0.341796875 0.5576171875 0.0185546875 0.013671875
0 0.36572265625 0.5615234375 0.01953125 0.015625
0 0.3974609375 0.56591796875 0.025390625 0.017578125
0 0.2705078125 0.6015625 0.017578125 0.0126953125
0 0.31396484375 0.6103515625 0.0224609375 0.013671875
0 0.33984375 0.61572265625 0.015625 0.0146484375
0 0.3583984375 0.62109375 0.009765625 0.0146484375
0 0.28564453125 0.65087890625 0.0166015625 0.01171875
0 0.30322265625 0.65576171875 0.0146484375 0.0146484375
0 0.31982421875 0.6611328125 0.0126953125 0.0166015625
0 0.3798828125 0.67333984375 0.021484375 0.015625
0 0.41650390625 0.68701171875 0.03515625 0.0244140625
0 0.38427734375 0.81396484375 0.0234375 0.0244140625
0 0.4765625 0.57275390625 0.0283203125 0.01953125
0 0.595703125 0.58837890625 0.0390625 0.0224609375