1 0.22119140625 0.09033203125 0.03857421875 0.1357421875
1 0.25537109375 0.10009765625 0.02734375 0.138671875
1 0.3154296875 0.10791015625 0.0439453125 0.130859375
1 0.3505859375 0.1259765625 0.0205078125 0.1279296875
1 0.37060546875 0.14013671875 0.02734375 0.10009765625
1 0.44287109375 0.17431640625 0.0400390625 0.0830078125
1 0.28515625 0.54248046875 0.03515625 0.076171875
1 0.3154296875 0.5390625 0.0205078125 0.0830078125
1 0.3388671875 0.53076171875 0.03369140625 0.07470703125
1 0.3681640625 0.52490234375 0.01953125 0.06591796875
1 0.38818359375 0.51806640625 0.0205078125 0.06591796875
1 0.27392578125 0.2490234375 0.03564453125 0.12841796875
1 0.3037109375 0.25537109375 0.02197265625 0.125
1 0.32568359375 0.26904296875 0.02001953125 0.0927734375
1 0.349609375 0.2744140625 0.02783203125 0.0966796875
1 0.37890625 0.275390625 0.025390625 0.095703125
1 0.40625 0.283203125 0.0263671875 0.08837890625
1 0.4296875 0.287109375 0.02294921875 0.08349609375
1 0.44580078125 0.29296875 0.02099609375 0.08154296875
1 0.458984375 0.2939453125 0.0185546875 0.07275390625
1 0.4892578125 0.296875 0.017578125 0.07177734375
1 0.50634765625 0.30078125 0.02001953125 0.06591796875
1 0.53369140625 0.30712890625 0.015625 0.06396484375
1 0.54541015625 0.30859375 0.01904296875 0.06298828125
1 0.55810546875 0.310546875 0.01318359375 0.056640625
1 0.57080078125 0.3154296875 0.0087890625 0.0478515625
1 0.46923828125 0.19091796875 0.013671875 0.0712890625
1 0.48828125 0.18408203125 0.0166015625 0.04638671875
1 0.54150390625 0.22216796875 0.01123046875 0.06787109375
1 0.55224609375 0.2236328125 0.01171875 0.06298828125
1 0.56396484375 0.22900390625 0.00927734375 0.05908203125
1 0.5947265625 0.24560546875 0.013671875 0.0498046875
1 0.60693359375 0.24853515625 0.015625 0.04931640625
1 0.583984375 0.31689453125 0.01318359375 0.05517578125
1 0.61474609375 0.3212890625 0.01171875 0.04833984375
1 0.6015625 0.31689453125 0.01806640625 0.05029296875
1 0.2880859375 0.39794921875 0.033203125 0.125
1 0.31787109375 0.39599609375 0.02490234375 0.1171875
1 0.34375 0.40869140625 0.03369140625 0.09814453125
1 0.37158203125 0.40234375 0.0283203125 0.08642578125
1 0.3974609375 0.404296875 0.0302734375 0.0849609375
1 0.41943359375 0.40283203125 0.02197265625 0.08056640625
1 0.44091796875 0.400390625 0.0185546875 0.0771484375
1 0.46044921875 0.39990234375 0.02294921875 0.07666015625
1 0.47998046875 0.3974609375 0.02197265625 0.0654296875
1 0.51123046875 0.39697265625 0.0234375 0.06689453125
1 0.52734375 0.39599609375 0.0166015625 0.06298828125
1 0.5419921875 0.3955078125 0.0185546875 0.05908203125
1 0.5595703125 0.39501953125 0.01416015625 0.0556640625
1 0.57666015625 0.3935546875 0.02294921875 0.0517578125
1 0.59765625 0.3876953125 0.01904296875 0.0498046875
1 0.61572265625 0.38818359375 0.01123046875 0.04248046875
1 0.41455078125 0.509765625 0.0234375 0.0595703125
1 0.43701171875 0.5048828125 0.0205078125 0.06103515625
1 0.45068359375 0.5 0.02294921875 0.05712890625
1 0.47216796875 0.49560546875 0.01806640625 0.05419921875
1 0.48876953125 0.494140625 0.01025390625 0.0517578125
1 0.4970703125 0.48779296875 0.0166015625 0.05078125
1 0.5244140625 0.47412109375 0.0205078125 0.05126953125
1 0.54345703125 0.4697265625 0.01220703125 0.04296875
1 0.5615234375 0.4658203125 0.009765625 0.04248046875
1 0.57470703125 0.462890625 0.009765625 0.03515625
1 0.2861328125 0.6376953125 0.0263671875 0.05517578125
1 0.306640625 0.630859375 0.01904296875 0.05224609375
1 0.3203125 0.625 0.02197265625 0.04931640625
1 0.337890625 0.6162109375 0.01953125 0.048828125
1 0.3505859375 0.609375 0.013671875 0.04443359375
1 0.37060546875 0.60107421875 0.01513671875 0.0478515625
1 0.38330078125 0.5986328125 0.01318359375 0.046875
1 0.39990234375 0.59130859375 0.01123046875 0.04931640625
1 0.4130859375 0.58642578125 0.0146484375 0.044921875
1 0.4248046875 0.58154296875 0.01171875 0.04638671875
1 0.43603515625 0.57421875 0.01416015625 0.04248046875
1 0.44873046875 0.57275390625 0.013671875 0.04296875
1 0.50048828125 0.5498046875 0.0166015625 0.033203125
1 0.5224609375 0.53955078125 0.00927734375 0.033203125
1 0.5322265625 0.5361328125 0.00927734375 0.03662109375
1 0.564453125 0.5205078125 0.00830078125 0.02685546875
1 0.57861328125 0.51611328125 0.005859375 0.02880859375
1 0.2900390625 0.7236328125 0.021484375 0.0537109375
1 0.3095703125 0.71630859375 0.01806640625 0.05078125
1 0.3251953125 0.70458984375 0.01611328125 0.044921875
1 0.3408203125 0.69921875 0.02392578125 0.041015625
1 0.35888671875 0.68701171875 0.01708984375 0.0458984375
1 0.3720703125 0.681640625 0.015625 0.04248046875
1 0.38525390625 0.6728515625 0.01708984375 0.04736328125
1 0.39794921875 0.66455078125 0.01611328125 0.04296875
1 0.41015625 0.6591796875 0.01171875 0.044921875
1 0.4208984375 0.65283203125 0.013671875 0.0458984375
1 0.4306640625 0.6474609375 0.0107421875 0.04296875
1 0.44189453125 0.6416015625 0.0126953125 0.0361328125
1 0.484375 0.6181640625 0.0126953125 0.0400390625
1 0.46826171875 0.62744140625 0.015625 0.04052734375
1 0.455078125 0.6298828125 0.01123046875 0.033203125
1 0.49755859375 0.60693359375 0.01806640625 0.033203125
1 0.52197265625 0.59375 0.01171875 0.0322265625
1 0.5322265625 0.591796875 0.00927734375 0.0302734375
1 0.541015625 0.58544921875 0.01025390625 0.02978515625
1 0.552734375 0.578125 0.0078125 0.02685546875
1 0.56884765625 0.5703125 0.01416015625 0.02783203125
1 0.578125 0.56298828125 0.0078125 0.02685546875
1 0.5869140625 0.556640625 0.00830078125 0.02392578125
1 0.59814453125 0.55322265625 0.0107421875 0.02880859375
1 0.607421875 0.54638671875 0.0107421875 0.0234375
1 0.5849609375 0.51171875 0.0126953125 0.03173828125
1 0.60400390625 0.50390625 0.00830078125 0.02685546875
1 0.61083984375 0.501953125 0.00537109375 0.02685546875
1 0.61669921875 0.49951171875 0.00048828125 0.0302734375
1 0.61572265625 0.541015625 0.0087890625 0.0263671875
1 0.6240234375 0.53955078125 0.00634765625 0.02685546875
1 0.63427734375 0.5205078125 0.0146484375 0.04345703125
1 0.3125 0.80712890625 0.05224609375 0.0546875
1 0.3603515625 0.7861328125 0.04541015625 0.05224609375
1 0.3955078125 0.7490234375 0.0419921875 0.03857421875
1 0.4365234375 0.72021484375 0.0380859375 0.0400390625
1 0.46923828125 0.7001953125 0.0361328125 0.04248046875
1 0.49853515625 0.6787109375 0.02734375 0.04443359375
1 0.51904296875 0.65771484375 0.0224609375 0.0390625
1 0.54052734375 0.64794921875 0.02001953125 0.0400390625
1 0.564453125 0.6337890625 0.0224609375 0.0400390625
1 0.5810546875 0.62109375 0.021484375 0.03662109375
1 0.59814453125 0.60595703125 0.025390625 0.0419921875
1 0.63427734375 0.60595703125 0.02587890625 0.033203125
1 0.365234375 0.90283203125 0.0556640625 0.056640625
1 0.4111328125 0.85693359375 0.06103515625 0.05712890625
1 0.4462890625 0.8232421875 0.0546875 0.05810546875
1 0.48046875 0.7900390625 0.056640625 0.0498046875
1 0.38818359375 0.96142578125 0.06201171875 0.04638671875
1 0.43017578125 0.9052734375 0.048828125 0.0322265625
1 0.46142578125 0.86572265625 0.04931640625 0.02880859375
1 0.4951171875 0.83154296875 0.03857421875 0.02783203125
1 0.51025390625 0.76171875 0.044921875 0.04541015625
1 0.53271484375 0.7421875 0.0400390625 0.052734375
1 0.56005859375 0.71630859375 0.037109375 0.04541015625
1 0.52294921875 0.79736328125 0.0263671875 0.0244140625
1 0.55126953125 0.775390625 0.02197265625 0.03076171875
1 0.57470703125 0.75390625 0.03173828125 0.0263671875
1 0.57861328125 0.6923828125 0.0341796875 0.03515625
1 0.59375 0.67138671875 0.0302734375 0.03564453125
1 0.609375 0.7158203125 0.0341796875 0.02294921875
1 0.61279296875 0.65087890625 0.0341796875 0.0322265625
1 0.6484375 0.6376953125 0.02490234375 0.0234375
1 0.6533203125 0.66650390625 0.03076171875 0.0224609375
1 0.62646484375 0.6904296875 0.03173828125 0.017578125
0 0.2861328125 0.3251953125 0.04052734375 0.02392578125
0 0.3154296875 0.32861328125 0.03271484375 0.021484375
0 0.3447265625 0.32861328125 0.03173828125 0.02197265625
0 0.40771484375 0.33642578125 0.02734375 0.0166015625
0 0.4990234375 0.34375 0.0263671875 0.0205078125
0 0.52978515625 0.34521484375 0.01708984375 0.01171875
0 0.54833984375 0.34521484375 0.013671875 0.01318359375
0 0.5673828125 0.34765625 0.01806640625 0.015625
0 0.3046875 0.4736328125 0.03515625 0.0205078125
0 0.33837890625 0.46728515625 0.0380859375 0.01416015625
0 0.45556640625 0.4501953125 0.02783203125 0.01220703125
0 0.46923828125 0.4453125 0.01953125 0.01904296875
0 0.50927734375 0.43896484375 0.02001953125 0.01220703125
0 0.525390625 0.43701171875 0.009765625 0.01171875
0 0.5458984375 0.4326171875 0.01708984375 0.01416015625
0 0.55810546875 0.43017578125 0.01025390625 0.013671875
0 0.5693359375 0.42919921875 0.0126953125 0.01513671875
0 0.595703125 0.42578125 0.017578125 0.0107421875
0 0.2939453125 0.59228515625 0.0390625 0.0166015625
0 0.3251953125 0.58544921875 0.03369140625 0.0126953125
0 0.3505859375 0.57666015625 0.029296875 0.01416015625
0 0.37255859375 0.5693359375 0.0185546875 0.01806640625
0 0.3916015625 0.56591796875 0.02197265625 0.0146484375
0 0.41357421875 0.5556640625 0.0205078125 0.0126953125
0 0.49755859375 0.52587890625 0.02392578125 0.01220703125
0 0.5166015625 0.517578125 0.01611328125 0.01123046875
0 0.53271484375 0.51025390625 0.017578125 0.01416015625
0 0.5478515625 0.50390625 0.01171875 0.01171875
0 0.5576171875 0.50048828125 0.00927734375 0.009765625
0 0.578125 0.494140625 0.0146484375 0.0087890625
0 0.591796875 0.48583984375 0.01513671875 0.01318359375
0 0.60986328125 0.4814453125 0.01318359375 0.01171875
0 0.623046875 0.47509765625 0.0146484375 0.009765625
0 0.3232421875 0.666015625 0.03662109375 0.015625
0 0.41650390625 0.61865234375 0.021484375 0.013671875
0 0.43310546875 0.61083984375 0.0185546875 0.01318359375
0 0.45361328125 0.60400390625 0.0166015625 0.01513671875
0 0.470703125 0.5927734375 0.025390625 0.01513671875
0 0.501953125 0.57958984375 0.01806640625 0.015625
0 0.5126953125 0.57275390625 0.0185546875 0.01025390625
0 0.52734375 0.5634765625 0.01708984375 0.01513671875
0 0.59619140625 0.5302734375 0.01708984375 0.01220703125
0 0.61328125 0.5224609375 0.015625 0.009765625
0 0.6259765625 0.51708984375 0.0126953125 0.0087890625
0 0.306640625 0.75927734375 0.04443359375 0.013671875
0 0.337890625 0.7451171875 0.04150390625 0.01123046875
0 0.3662109375 0.724609375 0.0302734375 0.0224609375
0 0.38671875 0.70947265625 0.0302734375 0.02197265625
0 0.41259765625 0.6923828125 0.02392578125 0.02294921875
0 0.42822265625 0.68212890625 0.0224609375 0.02587890625
0 0.44482421875 0.67333984375 0.0234375 0.0244140625
0 0.478515625 0.6533203125 0.02294921875 0.01806640625
0 0.49462890625 0.64013671875 0.02490234375 0.0205078125
0 0.51904296875 0.625 0.02392578125 0.017578125
0 0.5576171875 0.6005859375 0.0263671875 0.01708984375
0 0.580078125 0.58203125 0.01416015625 0.01513671875
0 0.5947265625 0.57470703125 0.0107421875 0.0166015625
0 0.607421875 0.56591796875 0.01611328125 0.01611328125
0 0.333984375 0.8427734375 0.03857421875 0.0166015625
0 0.5791015625 0.8037109375 0.0419921875 0.04443359375
1 0.39501953125 0.15966796875 0.01904296875 0.10107421875
1 0.4140625 0.1640625 0.015625 0.09033203125
1 0.58154296875 0.232421875 0.0224609375 0.06201171875