1 0.0390625 0.20263671875 0.03955078125 0.06982421875
1 0.0604166669921875 0.2375 0.0708333330078125 0.238671875 0.0880208330078125 0.237890625 0.0911458330078125 0.233984375 0.0916666669921875 0.228515625 0.0885416669921875 0.18203125 0.0848958330078125 0.17890625 0.0802083330078125 0.177734375 0.0760416669921875 0.171484375 0.0708333330078125 0.1703125 0.0645833330078125 0.170703125 0.0609375 0.177734375 0.0552083330078125 0.179296875 0.0536458330078125 0.184765625 0.0572916669921875 0.219921875 0.05625 0.234765625 0.0604166669921875 0.2375
1 0.1234375 0.239453125 0.1270833330078125 0.235546875 0.1260416669921875 0.18984375 0.1239583330078125 0.179296875 0.1192708330078125 0.175 0.1130208330078125 0.1734375 0.0916666669921875 0.175 0.0901041669921875 0.1765625 0.090625 0.208203125 0.09375 0.237109375 0.1052083330078125 0.240234375 0.1234375 0.239453125
1 0.1385416669921875 0.23984375 0.1552083330078125 0.240625 0.1619791669921875 0.239453125 0.1651041669921875 0.2375 0.165625 0.230859375 0.1625 0.182421875 0.1578125 0.17890625 0.1520833330078125 0.177734375 0.1473958330078125 0.171484375 0.1411458330078125 0.17109375 0.1375 0.171875 0.1348958330078125 0.176171875 0.1276041669921875 0.18046875 0.1270833330078125 0.201171875 0.1296875 0.235546875 0.1328125 0.238671875 0.1385416669921875 0.23984375
1 0.1692708330078125 0.240234375 0.1786458330078125 0.239453125 0.1817708330078125 0.241015625 0.1869791669921875 0.23984375 0.196875 0.241015625 0.1994791669921875 0.23984375 0.2036458330078125 0.230859375 0.2020833330078125 0.2146875 0.2036458330078125 0.198046875 0.2 0.18203125 0.190625 0.179296875 0.1864583330078125 0.173046875 0.1828125 0.171484375 0.1744791669921875 0.171484375 0.1708333330078125 0.178125 0.1645833330078125 0.18125 0.1651041669921875 0.202734375 0.1677083330078125 0.216015625 0.1666666669921875 0.23828125 0.1692708330078125 0.240234375
1 0.2052083330078125 0.236328125 0.2088541669921875 0.24140625 0.2171875 0.240625 0.2234375 0.2421875 0.234375 0.2421875 0.2385416669921875 0.241015625 0.2395833330078125 0.238671875 0.2416666669921875 0.222265625 0.2390625 0.1890625 0.2364583330078125 0.18203125 0.2276041669921875 0.179296875 0.2234375 0.173828125 0.2177083330078125 0.172265625 0.2098958330078125 0.1734375 0.2067708330078125 0.180078125 0.2026041669921875 0.18203125 0.2067708330078125 0.206640625 0.2052083330078125 0.236328125
1 0.2427083330078125 0.223046875 0.2401041669921875 0.23046875 0.240625 0.240234375 0.2432291669921875 0.241796875 0.2515625 0.242578125 0.2755208330078125 0.241796875 0.2770833330078125 0.241015625 0.2760416669921875 0.183203125 0.265625 0.178125 0.2588541669921875 0.171875 0.2515625 0.17109375 0.2484375 0.173046875 0.246875 0.176953125 0.2369791669921875 0.18203125 0.2432291669921875 0.2078125 0.2427083330078125 0.223046875
1 0.3166666669921875 0.24140625 0.3161458330078125 0.186328125 0.3088541669921875 0.1828125 0.3026041669921875 0.176171875 0.2984375 0.175390625 0.2916666669921875 0.17578125 0.2890625 0.180078125 0.2791666669921875 0.183984375 0.2802083330078125 0.241015625 0.2848958330078125 0.243359375 0.3145833330078125 0.24375 0.3166666669921875 0.24140625
1 0.3453125 0.24453125 0.3494791669921875 0.240625 0.3463541669921875 0.210546875 0.3479166669921875 0.188671875 0.34375 0.18125 0.340625 0.1796875 0.33125 0.1796875 0.3265625 0.18515625 0.3192708330078125 0.1875 0.3182291669921875 0.194921875 0.3177083330078125 0.233203125 0.3192708330078125 0.241796875 0.3229166669921875 0.24375 0.3453125 0.24453125
1 0.3817708330078125 0.24375 0.3854166669921875 0.241015625 0.3859375 0.19375 0.3838541669921875 0.183203125 0.3760416669921875 0.17890625 0.3729166669921875 0.174609375 0.3619791669921875 0.17421875 0.3583333330078125 0.17890625 0.35 0.18203125 0.3479166669921875 0.19609375 0.3473958330078125 0.21015625 0.3510416669921875 0.2421875 0.3541666669921875 0.243359375 0.3817708330078125 0.24375
1 0.4213541669921875 0.244140625 0.4229166669921875 0.237890625 0.4234375 0.185546875 0.4088541669921875 0.174609375 0.40625 0.174609375 0.4010416669921875 0.175390625 0.3979166669921875 0.1796875 0.390625 0.181640625 0.3869791669921875 0.18828125 0.3875 0.243359375 0.3895833330078125 0.244921875 0.41875 0.245703125 0.4213541669921875 0.244140625
1 0.4609375 0.22109375 0.4609375 0.188671875 0.45 0.1765625 0.4416666669921875 0.1765625 0.4369791669921875 0.180859375 0.43125 0.18203125 0.4276041669921875 0.18515625 0.425 0.2078125 0.4255208330078125 0.24453125 0.434375 0.246875 0.4583333330078125 0.24609375 0.4609375 0.22109375
1 0.4770833330078125 0.247265625 0.4953125 0.246484375 0.4989583330078125 0.2265625 0.4989583330078125 0.1890625 0.496875 0.184765625 0.4890625 0.180859375 0.4875 0.17734375 0.4765625 0.1765625 0.4729166669921875 0.18125 0.4666666669921875 0.1828125 0.4640625 0.185546875 0.4619791669921875 0.198828125 0.4614583330078125 0.233203125 0.4630208330078125 0.243359375 0.4661458330078125 0.24609375 0.4770833330078125 0.247265625
1 0.53125 0.24453125 0.5322916669921876 0.239453125 0.5338541669921875 0.192578125 0.5276041669921875 0.18359375 0.5260416669921875 0.175 0.5166666669921876 0.17421875 0.5088541669921876 0.175390625 0.5057291669921875 0.185546875 0.5015625 0.18828125 0.5 0.1921875 0.4994791669921875 0.244921875 0.5015625 0.246875 0.5270833330078125 0.246875 0.53125 0.24453125
1 0.5661458330078125 0.24453125 0.5682291669921875 0.1953125 0.5604166669921875 0.17578125 0.5526041669921875 0.175 0.5432291669921875 0.176953125 0.5354166669921875 0.1953125 0.534375 0.245703125 0.5364583330078125 0.248046875 0.5640625 0.247265625 0.5661458330078125 0.24453125
1 0.5989583330078125 0.2484375 0.6026041669921876 0.24453125 0.6046875 0.194921875 0.5989583330078125 0.1859375 0.5989583330078125 0.180078125 0.596875 0.1765625 0.5901041669921875 0.175390625 0.5807291669921875 0.176171875 0.578125 0.178125 0.5776041669921875 0.185546875 0.5703125 0.195703125 0.5697916669921875 0.241796875 0.5713541669921876 0.246484375 0.5734375 0.248046875 0.5989583330078125 0.2484375
1 0.6114583330078125 0.249609375 0.6338541669921876 0.24921875 0.6369791669921875 0.24765625 0.6375 0.2453125 0.6364583330078125 0.22578125 0.6395833330078124 0.2 0.6390625 0.192578125 0.634375 0.1859375 0.6338541669921876 0.178515625 0.6286458330078125 0.1765625 0.6161458330078124 0.177734375 0.6072916669921875 0.19609375 0.6078125 0.2171875 0.6041666669921875 0.23671875 0.6052083330078125 0.248046875 0.6114583330078125 0.249609375
1 0.6713541669921875 0.248046875 0.6765625 0.1953125 0.6692708330078125 0.185546875 0.6682291669921875 0.177734375 0.6546875 0.17734375 0.6505208330078125 0.178515625 0.6494791669921876 0.185546875 0.6421875 0.193359375 0.640625 0.199609375 0.6416666669921876 0.224609375 0.6390625 0.239453125 0.6401041669921875 0.248046875 0.6713541669921875 0.248046875
1 0.70625 0.2484375 0.7104166669921875 0.192578125 0.7052083330078125 0.1859375 0.70625 0.181640625 0.7046875 0.178515625 0.7020833330078124 0.17734375 0.6875 0.178515625 0.6796875 0.1953125 0.6786458330078124 0.222265625 0.6744791669921875 0.248046875 0.6817708330078125 0.25 0.70625 0.2484375
1 0.7432291669921876 0.244140625 0.7463541669921875 0.195703125 0.7395833330078125 0.185546875 0.7411458330078124 0.181640625 0.7390625 0.181640625 0.7375 0.17890625 0.7270833330078125 0.18046875 0.7239583330078125 0.182421875 0.721875 0.1875 0.7130208330078125 0.19609375 0.7125 0.20078125 0.7098958330078124 0.24765625 0.7166666669921875 0.249609375 0.7411458330078124 0.249609375 0.7432291669921876 0.244140625
1 0.7786458330078125 0.24765625 0.7796875 0.24140625 0.7796875 0.21796875 0.7822916669921876 0.195703125 0.7760416669921875 0.187109375 0.7755208330078125 0.18203125 0.7697916669921875 0.180078125 0.7583333330078125 0.181640625 0.7484375 0.2 0.7463541669921875 0.2484375 0.7510416669921876 0.25078125 0.7760416669921875 0.249609375 0.7786458330078125 0.24765625
1 0.8072916669921875 0.2515625 0.8135416669921876 0.25 0.815625 0.244921875 0.8161458330078125 0.21328125 0.81875 0.19921875 0.8109375 0.18515625 0.8125 0.18203125 0.8104166669921875 0.18046875 0.7994791669921875 0.18046875 0.7942708330078125 0.18203125 0.7854166669921875 0.198828125 0.7822916669921876 0.2234375 0.7833333330078125 0.228125 0.7807291669921875 0.2453125 0.7828125 0.251171875 0.8072916669921875 0.2515625
1 0.8484375 0.24921875 0.8552083330078125 0.199609375 0.8484375 0.187890625 0.8479166669921875 0.182421875 0.8453125 0.180859375 0.8328125 0.18125 0.8276041669921875 0.18515625 0.8255208330078125 0.19296875 0.8197916669921875 0.2 0.8177083330078125 0.230078125 0.8171875 0.2453125 0.8208333330078125 0.251171875 0.8395833330078125 0.251171875 0.8484375 0.24921875
1 0.8817708330078124 0.25078125 0.8833333330078125 0.248828125 0.8833333330078125 0.224609375 0.8869791669921875 0.201953125 0.8807291669921875 0.1859375 0.878125 0.183984375 0.86875 0.183203125 0.8625 0.184375 0.8588541669921875 0.1890625 0.8557291669921875 0.19921875 0.8515625 0.230078125 0.8505208330078124 0.2484375 0.8526041669921876 0.250390625 0.8703125 0.251953125 0.8817708330078124 0.25078125
1 0.9182291669921875 0.252734375 0.9213541669921875 0.2484375 0.9197916669921875 0.2265625 0.9239583330078125 0.199609375 0.91875 0.192578125 0.9177083330078125 0.184375 0.9145833330078125 0.1828125 0.9067708330078125 0.1828125 0.8979166669921875 0.18515625 0.8953125 0.19296875 0.8901041669921875 0.19921875 0.8890625 0.20625 0.8880208330078125 0.24921875 0.890625 0.2515625 0.8947916669921875 0.25234375 0.9182291669921875 0.252734375
1 0 0.35390625 0.0166666669921875 0.354296875 0.0192708330078125 0.35234375 0.0192708330078125 0.348046875 0.0145833330078125 0.29765625 0.0109375 0.287890625 0.0114583330078125 0.27890625 0.009375 0.27578125 0.0046875 0.27578125 0 0.276953125 0 0.35390625
1 0.0260416669921875 0.352734375 0.0536458330078125 0.355078125 0.0614583330078125 0.351953125 0.0546875 0.26484375 0.040625 0.25859375 0.0333333330078125 0.261328125 0.0151041669921875 0.262890625 0.0135416669921875 0.26484375 0.0125 0.2828125 0.015625 0.31796875 0.021875 0.351171875 0.0260416669921875 0.352734375
1 0.0708333330078125 0.35546875 0.0958333330078125 0.356640625 0.1 0.35390625 0.0958333330078125 0.290234375 0.0963541669921875 0.262890625 0.090625 0.25859375 0.0807291669921875 0.256640625 0.0609375 0.257421875 0.0572916669921875 0.261328125 0.0567708330078125 0.289453125 0.0640625 0.337890625 0.0635416669921875 0.35234375 0.0708333330078125 0.35546875
1 0.1052083330078125 0.356640625 0.1375 0.35703125 0.1390625 0.35546875 0.1401041669921875 0.321875 0.1385416669921875 0.3140625 0.1390625 0.29921875 0.1364583330078125 0.28125 0.1317708330078125 0.266015625 0.1229166669921875 0.258984375 0.0984375 0.26171875 0.0958333330078125 0.267578125 0.0953125 0.286328125 0.0979166669921875 0.298828125 0.1026041669921875 0.35546875 0.1052083330078125 0.356640625
1 0.1473958330078125 0.307421875 0.1645833330078125 0.307421875 0.1666666669921875 0.301171875 0.1645833330078125 0.25859375 0.1614583330078125 0.257421875 0.1463541669921875 0.257421875 0.1385416669921875 0.26015625 0.1385416669921875 0.287109375 0.1416666669921875 0.3046875 0.1432291669921875 0.306640625 0.1473958330078125 0.307421875
1 0.19375 0.30703125 0.1947916669921875 0.301171875 0.1927083330078125 0.259375 0.1854166669921875 0.25703125 0.1682291669921875 0.25703125 0.165625 0.25859375 0.1671875 0.305859375 0.1708333330078125 0.3078125 0.1916666669921875 0.30859375 0.19375 0.30703125
1 0.1942708330078125 0.30703125 0.2197916669921875 0.308203125 0.2223958330078125 0.30390625 0.2203125 0.271484375 0.2213541669921875 0.261328125 0.21875 0.259375 0.2078125 0.2578125 0.1953125 0.258203125 0.1901041669921875 0.260546875 0.1901041669921875 0.262109375 0.1885416669921875 0.26171875 0.19375 0.267633984375 0.1942708330078125 0.30703125
1 0.2494791669921875 0.30546875 0.2494791669921875 0.296875 0.246875 0.265234375 0.2494791669921875 0.262109375 0.2442708330078125 0.259765625 0.2348958330078125 0.258984375 0.2239583330078125 0.259375 0.2208333330078125 0.261328125 0.2223958330078125 0.306640625 0.2307291669921875 0.30859375 0.2479166669921875 0.308203125 0.2494791669921875 0.30546875
1 0.2510416669921875 0.308203125 0.2578125 0.30859375 0.2739583330078125 0.3078125 0.2755208330078125 0.30703125 0.2760416669921875 0.3015625 0.275 0.26171875 0.26875 0.259765625 0.2494791669921875 0.26015625 0.246875 0.26171875 0.2484375 0.268359375 0.2489583330078125 0.306640625 0.2510416669921875 0.308203125
1 0.2776041669921875 0.35703125 0.2770833330078125 0.312109375 0.2760416669921875 0.310546875 0.26875 0.309375 0.2515625 0.309765625 0.2494791669921875 0.311328125 0.2510416669921875 0.3578125 0.2546875 0.359375 0.2760416669921875 0.359375 0.2776041669921875 0.35703125
1 0.25 0.353515625 0.2479166669921875 0.310546875 0.2411458330078125 0.309375 0.2244791669921875 0.309375 0.2223958330078125 0.310546875 0.2234375 0.35625 0.2260416669921875 0.3578125 0.2484375 0.359375 0.25 0.353515625
1 0.2010416669921875 0.3578125 0.2203125 0.358984375 0.2229166669921875 0.355859375 0.2208333330078125 0.310546875 0.2145833330078125 0.308984375 0.1958333330078125 0.309375 0.1942708330078125 0.310546875 0.1942708330078125 0.316796875 0.196875 0.355859375 0.2010416669921875 0.3578125
1 0.1760416669921875 0.3578125 0.1932291669921875 0.3578125 0.1953125 0.356640625 0.1953125 0.35 0.1927083330078125 0.31015625 0.1864583330078125 0.308203125 0.171875 0.3078125 0.1682291669921875 0.308203125 0.1661458330078125 0.31015625 0.1677083330078125 0.32421875 0.165625 0.3375 0.1666666669921875 0.35546875 0.1760416669921875 0.3578125
1 0.1421875 0.3546875 0.1520833330078125 0.357421875 0.1640625 0.357421875 0.1671875 0.35546875 0.1625 0.344140625 0.1630208330078125 0.33515625 0.1671875 0.328125 0.1651041669921875 0.30859375 0.1578125 0.306640625 0.1510416669921875 0.3078125 0.14375 0.306640625 0.1416666669921875 0.308203125 0.1401041669921875 0.31171875 0.1416666669921875 0.316796875 0.140625 0.34296875 0.1421875 0.3546875
1 0.3026041669921875 0.311328125 0.3052083330078125 0.307421875 0.3046875 0.263671875 0.3026041669921875 0.262109375 0.2942708330078125 0.261328125 0.284375 0.2625 0.2791666669921875 0.261328125 0.2770833330078125 0.263671875 0.278125 0.3078125 0.2796875 0.309765625 0.2854166669921875 0.3109375 0.3026041669921875 0.311328125
1 0.3322916669921875 0.265234375 0.3286458330078125 0.2625 0.3208333330078125 0.2609375 0.3140625 0.2625 0.3067708330078125 0.262109375 0.3057291669921875 0.26328125 0.3067708330078125 0.308984375 0.3296875 0.312109375 0.3317708330078125 0.310546875 0.3322916669921875 0.265234375
1 0.2828125 0.360546875 0.303125 0.361328125 0.3057291669921875 0.359375 0.3041666669921875 0.34921875 0.3041666669921875 0.3140625 0.2875 0.311328125 0.2786458330078125 0.312109375 0.278125 0.325 0.2802083330078125 0.337890625 0.2786458330078125 0.35859375 0.2828125 0.360546875
1 0.3104166669921875 0.360546875 0.33125 0.3609375 0.3333333330078125 0.359375 0.3322916669921875 0.3140625 0.3140625 0.310546875 0.3088541669921875 0.3109375 0.30625 0.3125 0.3057291669921875 0.325 0.3083333330078125 0.337109375 0.3067708330078125 0.358984375 0.3104166669921875 0.360546875
1 0.3588541669921875 0.359375 0.3588541669921875 0.337890625 0.3567708330078125 0.32890625 0.3578125 0.31484375 0.3526041669921875 0.3125 0.3432291669921875 0.31171875 0.334375 0.312109375 0.3328125 0.313671875 0.3333333330078125 0.358984375 0.3369791669921875 0.3609375 0.3567708330078125 0.360546875 0.3588541669921875 0.359375
1 0.3729166669921875 0.36015625 0.3791666669921875 0.36171875 0.384375 0.359375 0.3854166669921875 0.314453125 0.3833333330078125 0.3125 0.3796875 0.312109375 0.359375 0.31328125 0.3583333330078125 0.325 0.3604166669921875 0.359375 0.3625 0.360546875 0.3729166669921875 0.36015625
1 0.4078125 0.36171875 0.4098958330078125 0.3578125 0.4114583330078125 0.340234375 0.4104166669921875 0.31484375 0.4078125 0.31328125 0.3869791669921875 0.31328125 0.3854166669921875 0.3171875 0.3864583330078125 0.327734375 0.3848958330078125 0.358984375 0.3890625 0.3609375 0.4078125 0.36171875
1 0.4270833330078125 0.362890625 0.4348958330078125 0.362109375 0.4375 0.359375 0.4385416669921875 0.3171875 0.4359375 0.31484375 0.4177083330078125 0.316015625 0.4145833330078125 0.314453125 0.4125 0.3171875 0.4119791669921875 0.342578125 0.4088541669921875 0.358984375 0.4140625 0.36171875 0.4270833330078125 0.362890625
1 0.4651041669921875 0.359765625 0.4661458330078125 0.34765625 0.4651041669921875 0.316796875 0.4635416669921875 0.31484375 0.4526041669921875 0.3140625 0.4421875 0.314453125 0.4390625 0.31640625 0.4385416669921875 0.359765625 0.4427083330078125 0.362890625 0.4625 0.362890625 0.4651041669921875 0.359765625
1 0.49375 0.3625 0.4947916669921875 0.359375 0.4927083330078125 0.3171875 0.4911458330078125 0.31484375 0.471875 0.315625 0.4666666669921875 0.3171875 0.4666666669921875 0.359765625 0.4708333330078125 0.3625 0.4911458330078125 0.363671875 0.49375 0.3625
1 0.5213541669921875 0.358984375 0.521875 0.3171875 0.5177083330078125 0.315234375 0.5078125 0.315234375 0.4979166669921875 0.31640625 0.4953125 0.318359375 0.4958333330078125 0.362890625 0.515625 0.366015625 0.5197916669921875 0.364453125 0.5213541669921875 0.358984375
1 0.5473958330078125 0.362890625 0.5489583330078125 0.3453125 0.5479166669921876 0.317578125 0.5390625 0.315625 0.5255208330078125 0.316015625 0.5223958330078124 0.3171875 0.521875 0.32265625 0.5213541669921875 0.3625 0.5255208330078125 0.364453125 0.5453125 0.3640625 0.5473958330078125 0.362890625
1 0.5744791669921875 0.362890625 0.5770833330078124 0.3203125 0.575 0.31796875 0.5723958330078125 0.317578125 0.5536458330078124 0.31796875 0.55 0.32109375 0.5494791669921875 0.327734375 0.5489583330078125 0.362890625 0.5520833330078125 0.364453125 0.5713541669921876 0.364453125 0.5744791669921875 0.362890625
1 0.5765625 0.3140625 0.5770833330078124 0.2671875 0.5671875 0.265625 0.5536458330078124 0.26640625 0.5515625 0.26875 0.55 0.28203125 0.55 0.316015625 0.5708333330078125 0.316015625 0.5744791669921875 0.3171875 0.5765625 0.3140625
1 0.5369791669921875 0.3140625 0.5463541669921875 0.316015625 0.5479166669921876 0.313671875 0.5489583330078125 0.296875 0.5484375 0.2671875 0.5453125 0.265234375 0.528125 0.265234375 0.5229166669921875 0.26875 0.5213541669921875 0.2828125 0.521875 0.313671875 0.5255208330078125 0.31484375 0.5369791669921875 0.3140625
1 0.5213541669921875 0.3109375 0.5208333330078125 0.27265625 0.5223958330078124 0.26875 0.5192708330078125 0.265234375 0.5052083330078125 0.26484375 0.4984375 0.265234375 0.4953125 0.26875 0.49375 0.281640625 0.4942708330078125 0.3140625 0.51875 0.3140625 0.5213541669921875 0.3109375
1 0.4932291669921875 0.311328125 0.49375 0.3015625 0.490625 0.26640625 0.4859375 0.2640625 0.4703125 0.2640625 0.4661458330078125 0.265625 0.465625 0.26796875 0.4666666669921875 0.3125 0.4713541669921875 0.31484375 0.4911458330078125 0.315234375 0.4932291669921875 0.311328125
1 0.4635416669921875 0.314453125 0.4661458330078125 0.3109375 0.4651041669921875 0.265234375 0.4630208330078125 0.2640625 0.4526041669921875 0.26484375 0.4458333330078125 0.263671875 0.4411458330078125 0.265625 0.4401041669921875 0.26875 0.4395833330078125 0.31171875 0.4421875 0.313671875 0.4536458330078125 0.312890625 0.4635416669921875 0.314453125
1 0.4395833330078125 0.3109375 0.4375 0.294140625 0.4380208330078125 0.265234375 0.43125 0.2625 0.4166666669921875 0.2625 0.4130208330078125 0.26484375 0.4130208330078125 0.310546875 0.4177083330078125 0.312890625 0.4359375 0.31328125 0.4395833330078125 0.3109375
1 0.4125 0.3109375 0.4109375 0.300390625 0.4114583330078125 0.265234375 0.4078125 0.262890625 0.39375 0.2640625 0.390625 0.26171875 0.3859375 0.2640625 0.3859375 0.30859375 0.3901041669921875 0.312109375 0.4104166669921875 0.312109375 0.4125 0.3109375
1 0.3848958330078125 0.308203125 0.3833333330078125 0.2640625 0.3802083330078125 0.2625 0.3734375 0.262890625 0.3661458330078125 0.2671875 0.3625 0.265234375 0.3588541669921875 0.271875 0.3583333330078125 0.30546875 0.3598958330078125 0.310546875 0.3833333330078125 0.3109375 0.3848958330078125 0.308203125
1 0.3578125 0.310546875 0.3578125 0.264453125 0.3567708330078125 0.262890625 0.3520833330078125 0.262109375 0.3348958330078125 0.2625 0.3328125 0.265234375 0.3322916669921875 0.272265625 0.3328125 0.31015625 0.3348958330078125 0.31171875 0.3557291669921875 0.31171875 0.3578125 0.310546875
1 0.6036458330078125 0.3109375 0.6026041669921876 0.303125 0.6041666669921875 0.278125 0.6067708330078125 0.26875 0.6026041669921876 0.2671875 0.5828125 0.26796875 0.5807291669921875 0.26953125 0.5786458330078125 0.2828125 0.578125 0.315234375 0.5822916669921875 0.31640625 0.6020833330078125 0.315625 0.6036458330078125 0.3109375
1 0.6296875 0.31640625 0.6359375 0.269921875 0.6348958330078125 0.26796875 0.6088541669921875 0.2671875 0.6072916669921875 0.269140625 0.6072916669921875 0.2875 0.6041666669921875 0.300390625 0.603125 0.3140625 0.6057291669921875 0.316015625 0.6140625 0.3171875 0.6296875 0.31640625
1 0.5776041669921875 0.366015625 0.5942708330078125 0.365234375 0.5994791669921875 0.362890625 0.6015625 0.35703125 0.6041666669921875 0.3203125 0.6026041669921876 0.318359375 0.5958333330078125 0.317578125 0.5807291669921875 0.31796875 0.5776041669921875 0.319921875 0.5755208330078125 0.358203125 0.5744791669921875 0.36171875 0.571875 0.362890625 0.5776041669921875 0.366015625
1 0.6010416669921875 0.36171875 0.6046875 0.363671875 0.6239583330078124 0.36484375 0.6276041669921875 0.360546875 0.6317708330078124 0.320703125 0.6296875 0.31875 0.6083333330078124 0.318359375 0.6057291669921875 0.3203125 0.6052083330078125 0.3234375 0.603125 0.352734375 0.6015625 0.360546875 0.5989583330078125 0.362890625 0.6010416669921875 0.36171875
1 0.6619791669921875 0.28046875 0.6609375 0.268359375 0.6395833330078124 0.26796875 0.6380208330078125 0.269140625 0.6328125 0.296875 0.63125 0.31484375 0.6333333330078125 0.31796875 0.6578125 0.317578125 0.6619791669921875 0.28046875
1 0.6455078125 0.33154296875 0.00048828125 0.0029296875
1 0.640625 0.365625 0.6463541669921875 0.3640625 0.6505208330078125 0.366015625 0.6546875 0.366015625 0.6572916669921876 0.36328125 0.6557291669921875 0.358984375 0.6583333330078125 0.31953125 0.6546875 0.31796875 0.6359375 0.318359375 0.6322916669921875 0.3203125 0.6291666669921875 0.362890625 0.6328125 0.36484375 0.6369791669921875 0.3640625 0.640625 0.365625
1 0.6817708330078125 0.36640625 0.6833333330078125 0.36328125 0.6822916669921875 0.34765625 0.6854166669921875 0.32109375 0.6822916669921875 0.31875 0.6666666669921875 0.31796875 0.6609375 0.318359375 0.6588541669921875 0.32109375 0.6583333330078125 0.3640625 0.6604166669921875 0.366015625 0.6739583330078125 0.36484375 0.6817708330078125 0.36640625
1 0.7083333330078125 0.364453125 0.7098958330078124 0.32109375 0.7072916669921875 0.31875 0.6927083330078125 0.31796875 0.6869791669921875 0.31875 0.684375 0.32109375 0.6848958330078125 0.365234375 0.6885416669921876 0.366796875 0.70625 0.366796875 0.7083333330078125 0.364453125
1 0.6833333330078125 0.281640625 0.6859375 0.272265625 0.684375 0.27109375 0.6682291669921875 0.26953125 0.6635416669921875 0.2703125 0.6609375 0.294140625 0.6609375 0.31640625 0.6833333330078125 0.3171875 0.6854166669921875 0.3140625 0.6833333330078125 0.281640625
1 0.7088541669921875 0.31640625 0.7078125 0.284765625 0.709375 0.272265625 0.70625 0.2703125 0.6890625 0.269921875 0.6833333330078125 0.273046875 0.6864583330078124 0.315625 0.6885416669921876 0.317578125 0.7072916669921875 0.31796875 0.7088541669921875 0.31640625
1 0.7411458330078124 0.281640625 0.7416666669921875 0.271875 0.7401041669921875 0.269921875 0.7166666669921875 0.269921875 0.7135416669921875 0.272265625 0.7114583330078125 0.29765625 0.7114583330078125 0.3171875 0.7130208330078125 0.318359375 0.7364583330078125 0.317578125 0.7411458330078124 0.281640625
1 0.7375 0.3203125 0.7359375 0.31875 0.721875 0.318359375 0.7130208330078125 0.319140625 0.7104166669921875 0.32109375 0.7098958330078124 0.366015625 0.7333333330078124 0.366796875 0.7369791669921875 0.363671875 0.7375 0.3203125
1 0.7640625 0.3171875 0.76875 0.27265625 0.7666666669921876 0.2703125 0.7510416669921876 0.26953125 0.7442708330078125 0.269921875 0.7427083330078125 0.271484375 0.7395833330078125 0.3015625 0.7390625 0.315234375 0.7411458330078124 0.31796875 0.7604166669921875 0.31875 0.7640625 0.3171875
1 0.7932291669921875 0.309375 0.7953125 0.271484375 0.7901041669921876 0.269140625 0.7723958330078124 0.269921875 0.7708333330078125 0.27109375 0.7666666669921876 0.298828125 0.7661458330078125 0.314453125 0.7677083330078125 0.31796875 0.7911458330078125 0.317578125 0.7932291669921875 0.309375
1 0.81875 0.31796875 0.8197916669921875 0.314453125 0.8208333330078125 0.272265625 0.8182291669921875 0.269921875 0.8005208330078125 0.269140625 0.7958333330078124 0.271484375 0.79375 0.316796875 0.7963541669921875 0.319921875 0.8166666669921875 0.31875 0.81875 0.31796875
1 0.7651041669921875 0.322265625 0.7630208330078125 0.319921875 0.746875 0.319140625 0.7401041669921875 0.3203125 0.7375 0.341015625 0.7375 0.366015625 0.7619791669921875 0.366796875 0.7651041669921875 0.33125 0.7651041669921875 0.322265625
1 0.7927083330078125 0.322265625 0.7901041669921876 0.319921875 0.7770833330078125 0.31953125 0.7692708330078125 0.3203125 0.7671875 0.323046875 0.7640625 0.366015625 0.76875 0.36796875 0.7895833330078125 0.3671875 0.7927083330078125 0.322265625
1 0.8182291669921875 0.36640625 0.8192708330078124 0.32109375 0.8119791669921875 0.319921875 0.796875 0.320703125 0.7942708330078125 0.32421875 0.7921875 0.366015625 0.7953125 0.36796875 0.8166666669921875 0.36796875 0.8182291669921875 0.36640625
1 0.9109375 0.31875 0.9130208330078124 0.28515625 0.9130208330078124 0.271875 0.9114583330078125 0.2703125 0.8859375 0.270703125 0.8817708330078124 0.301953125 0.88125 0.317578125 0.8828125 0.319140625 0.9083333330078125 0.3203125 0.9109375 0.31875
1 0.8796875 0.318359375 0.884375 0.273828125 0.8817708330078124 0.26875 0.859375 0.269140625 0.8552083330078125 0.27109375 0.8510416669921875 0.301171875 0.85 0.31484375 0.8520833330078125 0.318359375 0.8557291669921875 0.319921875 0.8796875 0.318359375
1 0.8479166669921875 0.3171875 0.8526041669921876 0.270703125 0.8494791669921875 0.269140625 0.8348958330078124 0.26875 0.8270833330078124 0.26953125 0.8229166669921875 0.271875 0.821875 0.3171875 0.8244791669921875 0.31875 0.8458333330078125 0.318359375 0.8479166669921875 0.3171875
1 0.9078125 0.366796875 0.9109375 0.323828125 0.9078125 0.321484375 0.8869791669921875 0.319921875 0.8822916669921875 0.32109375 0.8817708330078124 0.32265625 0.878125 0.366796875 0.88125 0.36953125 0.9052083330078124 0.36875 0.9078125 0.366796875
1 0.8729166669921875 0.36953125 0.8760416669921876 0.36640625 0.8807291669921875 0.33828125 0.878125 0.321484375 0.8661458330078124 0.31953125 0.8536458330078125 0.32109375 0.85 0.366796875 0.8520833330078125 0.36875 0.8697916669921875 0.368359375 0.8729166669921875 0.36953125
1 0.8489583330078125 0.36640625 0.853125 0.321875 0.8473958330078125 0.319921875 0.83125 0.31953125 0.8234375 0.320703125 0.8213541669921876 0.32421875 0.8208333330078125 0.36640625 0.8239583330078125 0.36796875 0.8453125 0.369140625 0.8489583330078125 0.36640625
1 0 0.463671875 0.0296875 0.4640625 0.0333333330078125 0.460546875 0.0260416669921875 0.38984375 0.0166666669921875 0.387109375 0 0.3875 0 0.463671875
1 0.0671875 0.46484375 0.0703125 0.46328125 0.06875 0.44375 0.0723958330078125 0.426953125 0.0671875 0.4173828125 0.0640625 0.3796875 0.0604166669921875 0.375 0.05625 0.374609375 0.0328125 0.375390625 0.028125 0.377734375 0.028125 0.40546875 0.0333333330078125 0.45703125 0.0354166669921875 0.4625 0.0671875 0.46484375
1 0.0713541669921875 0.428515625 0.0739583330078125 0.43125 0.0739583330078125 0.44296875 0.0708333330078125 0.449609375 0.0744791669921875 0.46328125 0.1057291669921875 0.464453125 0.1046875 0.413671875 0.1005208330078125 0.37578125 0.0984375 0.37421875 0.0796875 0.3734375 0.0697916669921875 0.373828125 0.0661458330078125 0.3765625 0.0666666669921875 0.405859375 0.0713541669921875 0.416796875 0.0697916669921875 0.419921875 0.0713541669921875 0.428515625
1 0.1125 0.465625 0.1369791669921875 0.467578125 0.1453125 0.46328125 0.1453125 0.440625 0.1385416669921875 0.382421875 0.1364583330078125 0.378515625 0.1302083330078125 0.376953125 0.1088541669921875 0.3765625 0.1010416669921875 0.379296875 0.1041666669921875 0.433203125 0.109375 0.446484375 0.1078125 0.46328125 0.1125 0.465625
1 0.16875 0.41484375 0.1666666669921875 0.398046875 0.1671875 0.3765625 0.1651041669921875 0.374609375 0.1442708330078125 0.37421875 0.1401041669921875 0.376953125 0.14375 0.41796875 0.1484375 0.4203125 0.1661458330078125 0.418359375 0.16875 0.41484375
1 0.1729166669921875 0.460546875 0.1697916669921875 0.421875 0.1604166669921875 0.421484375 0.146875 0.4234375 0.1489583330078125 0.463671875 0.1536458330078125 0.466796875 0.1708333330078125 0.4671875 0.1729166669921875 0.460546875
1 0.1958333330078125 0.4671875 0.1973958330078125 0.466015625 0.1979166669921875 0.4484375 0.1953125 0.42421875 0.1760416669921875 0.420703125 0.171875 0.421484375 0.1734375 0.465234375 0.1744791669921875 0.466796875 0.18125 0.467578125 0.1958333330078125 0.4671875
1 0.1953125 0.41484375 0.19375 0.391145703125 0.1953125 0.3765625 0.1932291669921875 0.375 0.184375 0.37421875 0.171875 0.37421875 0.1682291669921875 0.376171875 0.1697916669921875 0.417578125 0.1713541669921875 0.419140625 0.1927083330078125 0.419140625 0.1953125 0.41484375
1 0.221875 0.421875 0.2203125 0.419921875 0.1994791669921875 0.419921875 0.196875 0.422265625 0.1984375 0.466796875 0.2208333330078125 0.468359375 0.2239583330078125 0.4640625 0.221875 0.421875
1 0.221875 0.37578125 0.1979166669921875 0.374609375 0.1963541669921875 0.376171875 0.1958333330078125 0.3921875 0.1963541669921875 0.418359375 0.1989583330078125 0.41953125 0.2208333330078125 0.41875 0.221875 0.37578125
1 0.2494791669921875 0.4171875 0.2505208330078125 0.3765625 0.2479166669921875 0.375390625 0.2265625 0.375390625 0.2229166669921875 0.377734375 0.2234375 0.41796875 0.2270833330078125 0.41953125 0.246875 0.419140625 0.2494791669921875 0.4171875
1 0.275 0.376953125 0.2682291669921875 0.37578125 0.2526041669921875 0.3765625 0.2505208330078125 0.39140625 0.2515625 0.417578125 0.2619791669921875 0.419140625 0.2744791669921875 0.41796875 0.275 0.376953125
1 0.3036458330078125 0.418359375 0.3010416669921875 0.414387890625 0.3010416669921875 0.37734375 0.2979166669921875 0.376171875 0.2791666669921875 0.3765625 0.2770833330078125 0.379296875 0.2770833330078125 0.417578125 0.2817708330078125 0.41953125 0.2932291669921875 0.4203125 0.3036458330078125 0.418359375
1 0.3265625 0.41640625 0.328125 0.380078125 0.3244791669921875 0.376953125 0.3171875 0.376953125 0.3057291669921875 0.378125 0.3026041669921875 0.381640625 0.3015625 0.418359375 0.3036458330078125 0.4203125 0.321875 0.420703125 0.3265625 0.41640625
1 0.353125 0.421875 0.3515625 0.39140625 0.35625 0.3796875 0.35 0.37734375 0.328125 0.3796875 0.3276041669921875 0.3921875 0.3276041669921875 0.418359375 0.3359375 0.422265625 0.3484375 0.423046875 0.353125 0.421875
1 0.3770833330078125 0.42109375 0.3770833330078125 0.3796875 0.3729166669921875 0.377734375 0.3703125 0.37890625 0.3546875 0.378125 0.3515625 0.3828125 0.3505208330078125 0.421875 0.3541666669921875 0.423828125 0.3729166669921875 0.424609375 0.3770833330078125 0.42109375
1 0.4041666669921875 0.380078125 0.3869791669921875 0.377734375 0.38125 0.378125 0.3791666669921875 0.380078125 0.3791666669921875 0.4234375 0.4010416669921875 0.42578125 0.4036458330078125 0.4234375 0.4041666669921875 0.380078125
1 0.4296875 0.380078125 0.4078125 0.379296875 0.4057291669921875 0.380078125 0.4052083330078125 0.386328125 0.4046875 0.422265625 0.4078125 0.425390625 0.4286458330078125 0.425390625 0.4296875 0.380078125
1 0.4567708330078125 0.3828125 0.453125 0.380078125 0.4442708330078125 0.3796875 0.434375 0.380078125 0.4317708330078125 0.38203125 0.4317708330078125 0.425 0.4354166669921875 0.4265625 0.4552083330078125 0.425390625 0.4567708330078125 0.3828125
1 0.4817708330078125 0.423046875 0.4817708330078125 0.382421875 0.475 0.380078125 0.459375 0.380078125 0.4572916669921875 0.382421875 0.4578125 0.425 0.4598958330078125 0.426171875 0.4802083330078125 0.42578125 0.4817708330078125 0.423046875
1 0.5067708330078124 0.38515625 0.5052083330078125 0.383203125 0.4984375 0.38125 0.4859375 0.38125 0.4833333330078125 0.38515625 0.4838541669921875 0.425390625 0.5057291669921875 0.426171875 0.5088541669921876 0.42265625 0.5067708330078124 0.38515625
1 0.5354166669921875 0.4234375 0.5354166669921875 0.392578125 0.5401041669921876 0.38359375 0.5260416669921875 0.38125 0.5145833330078124 0.38125 0.5114583330078125 0.383203125 0.5098958330078125 0.387109375 0.5088541669921876 0.425390625 0.5161458330078125 0.42734375 0.5333333330078125 0.42734375 0.5354166669921875 0.4234375
1 0.5625 0.383203125 0.5432291669921875 0.381640625 0.5385416669921875 0.38359375 0.5359375 0.40546875 0.5364583330078125 0.426171875 0.5390625 0.42734375 0.5604166669921875 0.426953125 0.5625 0.383203125
1 0.56787109375 0.39892578125 0.0009765625 0.0009765625
1 0.5833333330078125 0.42734375 0.5854166669921875 0.42265625 0.5869791669921876 0.391015625 0.5901041669921875 0.38359375 0.5817708330078125 0.38203125 0.5671875 0.38203125 0.5625 0.38359375 0.5609375 0.42578125 0.5635416669921876 0.428125 0.5677083330078125 0.426953125 0.5833333330078125 0.42734375
1 0.6119791669921875 0.426171875 0.6130208330078125 0.39921875 0.6114583330078125 0.385546875 0.6088541669921875 0.383203125 0.5921875 0.38203125 0.5864583330078125 0.38671875 0.5854166669921875 0.42578125 0.5880208330078125 0.428125 0.609375 0.428125 0.6119791669921875 0.426171875
1 0.6635416669921875 0.42578125 0.6630208330078124 0.38984375 0.6645833330078125 0.38515625 0.6598958330078125 0.3828125 0.6416666669921876 0.3828125 0.6380208330078125 0.38359375 0.6364583330078125 0.38984375 0.6359375 0.425 0.640625 0.428515625 0.6614583330078125 0.428125 0.6635416669921875 0.42578125
1 0.6895833330078125 0.42578125 0.6916666669921875 0.38515625 0.6869791669921875 0.383203125 0.6713541669921875 0.382421875 0.6635416669921875 0.385546875 0.6645833330078125 0.426953125 0.6677083330078125 0.428515625 0.6875 0.428515625 0.6895833330078125 0.42578125
1 0.7203125 0.384765625 0.7130208330078125 0.383203125 0.6958333330078125 0.383203125 0.6932291669921875 0.3875 0.6911458330078125 0.4 0.6911458330078125 0.42734375 0.696875 0.42890625 0.7161458330078125 0.42890625 0.7203125 0.384765625
1 0.7453125 0.388671875 0.7479166669921875 0.38671875 0.7354166669921876 0.383984375 0.7234375 0.38359375 0.7197916669921876 0.387109375 0.71875 0.428125 0.7411458330078124 0.4296875 0.7447916669921875 0.42578125 0.7453125 0.388671875
1 0.7708333330078125 0.426171875 0.7713541669921875 0.4109375 0.7760416669921875 0.386328125 0.7666666669921876 0.383984375 0.7510416669921876 0.384765625 0.7479166669921875 0.38671875 0.7463541669921875 0.4265625 0.7505208330078125 0.42890625 0.7677083330078125 0.429296875 0.7708333330078125 0.426171875
1 0.7953125 0.429296875 0.7984375 0.425 0.8 0.408203125 0.7989583330078125 0.387109375 0.790625 0.384765625 0.778125 0.385546875 0.7755208330078125 0.387109375 0.775 0.404296875 0.7713541669921875 0.41484375 0.7723958330078124 0.428515625 0.7953125 0.429296875
1 0.8244791669921875 0.425390625 0.8260416669921875 0.3875 0.8239583330078125 0.385546875 0.8067708330078125 0.385546875 0.8015625 0.387109375 0.8005208330078125 0.3921875 0.7984375 0.428125 0.8 0.430078125 0.8213541669921876 0.430078125 0.8244791669921875 0.425390625
1 0.8489583330078125 0.430078125 0.8515625 0.426171875 0.8536458330078125 0.387890625 0.85 0.385546875 0.8348958330078124 0.38515625 0.8286458330078125 0.38671875 0.8270833330078124 0.388671875 0.825 0.41484375 0.8260416669921875 0.42890625 0.8276041669921875 0.43046875 0.8489583330078125 0.430078125
1 0.8791666669921875 0.425390625 0.88125 0.389453125 0.8765625 0.386328125 0.8614583330078125 0.385546875 0.8572916669921875 0.38671875 0.8546875 0.390625 0.8526041669921876 0.428125 0.8552083330078125 0.43046875 0.8760416669921876 0.430078125 0.8791666669921875 0.425390625
1 0.8989583330078125 0.478125 0.9052083330078124 0.435546875 0.9036458330078125 0.431640625 0.8817708330078124 0.430078125 0.878125 0.43203125 0.875 0.466796875 0.8744791669921875 0.47734375 0.8765625 0.479296875 0.8973958330078124 0.479296875 0.8989583330078125 0.478125
1 0.8734375 0.47578125 0.8760416669921876 0.433203125 0.8734375 0.431640625 0.8552083330078125 0.43125 0.85 0.435546875 0.8479166669921875 0.477734375 0.8505208330078124 0.47890625 0.8713541669921875 0.478515625 0.8734375 0.47578125
1 0.8494791669921875 0.4328125 0.8395833330078125 0.43125 0.8276041669921875 0.43203125 0.8229166669921875 0.438671875 0.821875 0.4765625 0.8447916669921876 0.478125 0.846875 0.47578125 0.8494791669921875 0.4328125
1 0.8192708330078124 0.460546875 0.8229166669921875 0.43359375 0.8192708330078124 0.431640625 0.8005208330078125 0.43046875 0.7979166669921876 0.43203125 0.7963541669921875 0.43828125 0.7942708330078125 0.47734375 0.8177083330078125 0.477734375 0.8197916669921875 0.475390625 0.8192708330078124 0.460546875
1 0.7927083330078125 0.474609375 0.796875 0.4328125 0.7942708330078125 0.430859375 0.7739583330078125 0.4296875 0.7703125 0.43203125 0.76875 0.438671875 0.7666666669921876 0.47578125 0.7682291669921875 0.47734375 0.7895833330078125 0.4765625 0.7927083330078125 0.474609375
1 0.765625 0.47421875 0.76875 0.430859375 0.7484375 0.42890625 0.7442708330078125 0.430078125 0.7401041669921875 0.452734375 0.7380208330078125 0.473828125 0.7442708330078125 0.476953125 0.7635416669921875 0.476953125 0.765625 0.47421875
1 0.7401041669921875 0.47421875 0.7401041669921875 0.448046875 0.7427083330078125 0.43125 0.7411458330078124 0.4296875 0.7203125 0.429296875 0.7166666669921875 0.433984375 0.7140625 0.470703125 0.7098958330078124 0.473828125 0.7375 0.47734375 0.7401041669921875 0.47421875
1 0.7130208330078125 0.47578125 0.7151041669921875 0.473828125 0.7130208330078125 0.45234375 0.7161458330078125 0.430859375 0.7140625 0.4296875 0.6921875 0.4296875 0.6890625 0.4484375 0.6875 0.473828125 0.6932291669921875 0.476171875 0.7026041669921875 0.476953125 0.7130208330078125 0.47578125
1 0.6875 0.45078125 0.6901041669921875 0.43125 0.6869791669921875 0.42890625 0.6651041669921876 0.429296875 0.6630208330078124 0.441796875 0.6619791669921875 0.473828125 0.6854166669921875 0.47578125 0.6880208330078125 0.4734375 0.6875 0.45078125
1 0.6635416669921875 0.43046875 0.6588541669921875 0.42890625 0.6390625 0.430078125 0.6369791669921875 0.453125 0.6364583330078125 0.473828125 0.6536458330078125 0.475390625 0.6619791669921875 0.473828125 0.6635416669921875 0.43046875
1 0.6333333330078125 0.428125 0.6177083330078125 0.428515625 0.6125 0.43203125 0.6109375 0.473828125 0.6369791669921875 0.473828125 0.6375 0.429296875 0.6333333330078125 0.428125
1 0.6098958330078125 0.47109375 0.6114583330078125 0.430859375 0.609375 0.429296875 0.5921875 0.429296875 0.5875 0.431640625 0.5854166669921875 0.4734375 0.5880208330078125 0.474609375 0.6083333330078124 0.473828125 0.6098958330078125 0.47109375
1 0.5838541669921875 0.470703125 0.5869791669921876 0.431640625 0.584375 0.429296875 0.5786458330078125 0.428515625 0.5635416669921876 0.428515625 0.5619791669921875 0.430859375 0.5604166669921875 0.471875 0.5619791669921875 0.473046875 0.5817708330078125 0.473046875 0.5838541669921875 0.470703125
1 0.5614583330078124 0.430078125 0.5536458330078124 0.428515625 0.5390625 0.428515625 0.5364583330078125 0.43125 0.5354166669921875 0.4734375 0.5567708330078125 0.473828125 0.559375 0.47109375 0.5614583330078124 0.430078125
1 0.5359375 0.44296875 0.534375 0.429296875 0.5119791669921875 0.42890625 0.5098958330078125 0.4421875 0.5098958330078125 0.473046875 0.5328125 0.473828125 0.5348958330078125 0.471484375 0.5359375 0.44296875
1 0.5083333330078125 0.47109375 0.5078125 0.42890625 0.5046875 0.427734375 0.4864583330078125 0.428125 0.4833333330078125 0.431640625 0.4828125 0.47109375 0.4848958330078125 0.47265625 0.5057291669921875 0.4734375 0.5083333330078125 0.47109375
1 0.4817708330078125 0.470703125 0.4817708330078125 0.428515625 0.459375 0.428125 0.4578125 0.43125 0.4572916669921875 0.470703125 0.4598958330078125 0.472265625 0.4802083330078125 0.472265625 0.4817708330078125 0.470703125
1 0.4572916669921875 0.469921875 0.4567708330078125 0.428125 0.45 0.426953125 0.4322916669921875 0.428125 0.4317708330078125 0.4703125 0.434375 0.471875 0.453125 0.47265625 0.4572916669921875 0.469921875
1 0.4286458330078125 0.472265625 0.43125 0.4703125 0.4307291669921875 0.428515625 0.4286458330078125 0.4265625 0.4088541669921875 0.426953125 0.4052083330078125 0.428515625 0.4052083330078125 0.4703125 0.4104166669921875 0.472265625 0.4286458330078125 0.472265625
1 0.4026041669921875 0.471875 0.4052083330078125 0.4703125 0.4057291669921875 0.428515625 0.4020833330078125 0.426171875 0.3875 0.425 0.3833333330078125 0.425390625 0.38125 0.42734375 0.3796875 0.431640625 0.3802083330078125 0.46875 0.3833333330078125 0.47109375 0.4026041669921875 0.471875
1 0.3791666669921875 0.4625 0.3776041669921875 0.425390625 0.3765625 0.42421875 0.3572916669921875 0.424609375 0.3541666669921875 0.426953125 0.3541666669921875 0.469140625 0.3557291669921875 0.470703125 0.3765625 0.472265625 0.3791666669921875 0.4625
1 0.3536458330078125 0.428125 0.3484375 0.423046875 0.3333333330078125 0.422265625 0.3291666669921875 0.423828125 0.3291666669921875 0.4671875 0.33125 0.46953125 0.3526041669921875 0.4703125 0.3536458330078125 0.428125
1 0.3291666669921875 0.466796875 0.3291666669921875 0.425 0.3244791669921875 0.421875 0.3057291669921875 0.421484375 0.3041666669921875 0.423046875 0.3041666669921875 0.466796875 0.3072916669921875 0.469921875 0.3265625 0.469140625 0.3291666669921875 0.466796875
1 0.3041666669921875 0.4671875 0.3041666669921875 0.446875 0.3015625 0.42421875 0.3 0.422265625 0.2791666669921875 0.422265625 0.2791666669921875 0.466015625 0.2822916669921875 0.46796875 0.3026041669921875 0.46875 0.3041666669921875 0.4671875
1 0.278125 0.465234375 0.2770833330078125 0.421875 0.2723958330078125 0.4203125 0.2598958330078125 0.419921875 0.2515625 0.42109375 0.2526041669921875 0.46640625 0.2546875 0.46796875 0.2723958330078125 0.470703125 0.278125 0.465234375
1 0.2494791669921875 0.46796875 0.2515625 0.466796875 0.2515625 0.45546875 0.2489583330078125 0.423046875 0.2463541669921875 0.421484375 0.2239583330078125 0.421484375 0.225 0.465234375 0.2286458330078125 0.467578125 0.2375 0.46875 0.2494791669921875 0.46796875
1 0 0.568359375 0.01875 0.570703125 0.0265625 0.56875 0.0348958330078125 0.569921875 0.0375 0.566796875 0.0338541669921875 0.54375 0.034375 0.525390625 0.0291666669921875 0.504296875 0.01875 0.496875 0.0052083330078125 0.496484375 0 0.496484375 0 0.568359375
1 0.0385416669921875 0.546484375 0.0401041669921875 0.5671875 0.0427083330078125 0.56953125 0.0729166669921875 0.57109375 0.0770833330078125 0.567578125 0.0770833330078125 0.559765625 0.071875 0.542912890625 0.0713541669921875 0.51484375 0.0682291669921875 0.50703125 0.0677083330078125 0.49375 0.0651041669921875 0.48984375 0.0604166669921875 0.4875 0.0578125 0.4890625 0.0489583330078125 0.489453125 0.0401041669921875 0.487109375 0.034375 0.489453125 0.0328125 0.49375 0.0328125 0.50859375 0.0364583330078125 0.528125 0.0359375 0.54140625 0.0385416669921875 0.546484375
1 0.0828125 0.56142578125 0.0828125 0.567578125 0.10625 0.56953125 0.1098958330078125 0.567578125 0.1109375 0.55390625 0.1104166669921875 0.521875 0.1072916669921875 0.5078125 0.1067708330078125 0.49140625 0.0953125 0.487890625 0.0817708330078125 0.487109375 0.075 0.490234375 0.0770833330078125 0.5068359375 0.0755208330078125 0.516015625 0.0776041669921875 0.553515625 0.0828125 0.56142578125
1 0.1130208330078125 0.56953125 0.115625 0.571484375 0.1270833330078125 0.57265625 0.1458333330078125 0.57109375 0.1479166669921875 0.568359375 0.1484375 0.5234375 0.1442708330078125 0.490625 0.1375 0.487109375 0.1338541669921875 0.48828125 0.1130208330078125 0.487109375 0.1109375 0.48828125 0.109375 0.490625 0.109375 0.512109375 0.1130208330078125 0.536328125 0.1130208330078125 0.56953125
1 0.1734375 0.51953125 0.171875 0.487109375 0.1651041669921875 0.4859375 0.1510416669921875 0.4875 0.1489583330078125 0.49140625 0.1494791669921875 0.5125 0.1526041669921875 0.523828125 0.1713541669921875 0.52421875 0.1734375 0.51953125
1 0.2010416669921875 0.52109375 0.1994791669921875 0.4875 0.1963541669921875 0.486328125 0.1734375 0.487109375 0.1755208330078125 0.523046875 0.1885416669921875 0.526171875 0.1994791669921875 0.52578125 0.2010416669921875 0.52109375
1 0.2520833330078125 0.526171875 0.2536458330078125 0.51640625 0.2520833330078125 0.48828125 0.2494791669921875 0.48671875 0.2286458330078125 0.48671875 0.2270833330078125 0.4875 0.2286458330078125 0.525 0.2317708330078125 0.526953125 0.2520833330078125 0.526171875
1 0.2776041669921875 0.48828125 0.2760416669921875 0.487109375 0.2546875 0.487109375 0.2546875 0.52421875 0.259375 0.526953125 0.278125 0.5265625 0.2776041669921875 0.48828125
1 0.228125 0.518359375 0.2276041669921875 0.4875 0.2203125 0.4859375 0.2010416669921875 0.4875 0.203125 0.52421875 0.2244791669921875 0.526171875 0.2270833330078125 0.523828125 0.228125 0.518359375
1 0.3052083330078125 0.526171875 0.3041666669921875 0.491015625 0.3026041669921875 0.489453125 0.2911458330078125 0.487890625 0.2828125 0.4875 0.2791666669921875 0.4890625 0.2802083330078125 0.525390625 0.2833333330078125 0.528125 0.3036458330078125 0.52734375 0.3052083330078125 0.526171875
1 0.3322916669921875 0.52578125 0.3302083330078125 0.490625 0.3213541669921875 0.487890625 0.3057291669921875 0.489453125 0.30625 0.526171875 0.3125 0.527734375 0.3296875 0.527734375 0.3322916669921875 0.52578125
1 0.3588541669921875 0.52265625 0.3583333330078125 0.49140625 0.3557291669921875 0.48984375 0.3390625 0.487890625 0.3348958330078125 0.48828125 0.3333333330078125 0.490625 0.3338541669921875 0.5265625 0.3364583330078125 0.527734375 0.3557291669921875 0.526953125 0.3588541669921875 0.52265625
1 0.384375 0.50703125 0.3802083330078125 0.490625 0.3723958330078125 0.48828125 0.3630208330078125 0.4890625 0.359375 0.49140625 0.3598958330078125 0.523828125 0.3625 0.526171875 0.3833333330078125 0.5265625 0.384375 0.50703125
1 0.3833333330078125 0.575390625 0.3854166669921875 0.57109375 0.3859375 0.530078125 0.3802083330078125 0.527734375 0.3645833330078125 0.528125 0.3609375 0.5296875 0.3598958330078125 0.533203125 0.359375 0.558203125 0.3619791669921875 0.572265625 0.3765625 0.57578125 0.3833333330078125 0.575390625
1 0.35 0.573046875 0.3557291669921875 0.57421875 0.3583333330078125 0.571875 0.359375 0.566015625 0.359375 0.530859375 0.3520833330078125 0.529296875 0.3380208330078125 0.530078125 0.3348958330078125 0.532421875 0.3369791669921875 0.571484375 0.3416666669921875 0.573828125 0.35 0.573046875
1 0.33125 0.575 0.3348958330078125 0.571875 0.340625 0.57109375 0.3354166669921875 0.5659375 0.3348958330078125 0.5328125 0.33125 0.5296875 0.3104166669921875 0.530078125 0.3083333330078125 0.53203125 0.309375 0.573046875 0.3109375 0.574609375 0.3203125 0.57578125 0.33125 0.575
1 0.30625 0.57109375 0.30625 0.536328125 0.3036458330078125 0.53359375 0.29375 0.53125 0.2854166669921875 0.53046875 0.2822916669921875 0.531640625 0.2838541669921875 0.569140625 0.2921875 0.574609375 0.3036458330078125 0.574609375 0.30625 0.57109375
1 0.2791666669921875 0.57265625 0.28125 0.57109375 0.2822916669921875 0.558984375 0.2802083330078125 0.53125 0.2682291669921875 0.529296875 0.2588541669921875 0.5296875 0.2567708330078125 0.531640625 0.2567708330078125 0.563671875 0.2583333330078125 0.569140625 0.2682291669921875 0.57421875 0.2791666669921875 0.57265625
1 0.2546875 0.571875 0.2567708330078125 0.56875 0.2552083330078125 0.53046875 0.240625 0.528515625 0.2338541669921875 0.52890625 0.2307291669921875 0.531640625 0.2307291669921875 0.5546875 0.2333333330078125 0.56796875 0.2380208330078125 0.57109375 0.2546875 0.571875
1 0.2270833330078125 0.571875 0.2286458330078125 0.56875 0.2276041669921875 0.529296875 0.203125 0.527734375 0.2015625 0.52890625 0.203125 0.567578125 0.2166666669921875 0.572265625 0.2270833330078125 0.571875
1 0.2015625 0.5703125 0.2036458330078125 0.565625 0.2005208330078125 0.529296875 0.1994791669921875 0.528125 0.1916666669921875 0.528125 0.1817708330078125 0.528515625 0.178125 0.530078125 0.1770833330078125 0.55703125 0.1786458330078125 0.569140625 0.1822916669921875 0.571875 0.2015625 0.5703125
1 0.175 0.571484375 0.1776041669921875 0.5609375 0.1739583330078125 0.5296875 0.171875 0.52734375 0.1557291669921875 0.526953125 0.1510416669921875 0.52890625 0.15 0.55078125 0.1520833330078125 0.57109375 0.1557291669921875 0.57265625 0.175 0.571484375
1 0.4145833330078125 0.571875 0.4140625 0.5328125 0.4072916669921875 0.530859375 0.3953125 0.53046875 0.3890625 0.533984375 0.3895833330078125 0.574609375 0.3927083330078125 0.576171875 0.4114583330078125 0.57578125 0.4145833330078125 0.571875
1 0.5666666669921875 0.57578125 0.5666666669921875 0.548046875 0.5697916669921875 0.535546875 0.5651041669921875 0.5328125 0.559375 0.532421875 0.546875 0.5328125 0.5447916669921875 0.53515625 0.5432291669921875 0.575390625 0.5463541669921875 0.57734375 0.5651041669921875 0.57734375 0.5666666669921875 0.57578125
1 0.4135416669921875 0.526953125 0.4135416669921875 0.49140625 0.396875 0.4890625 0.3869791669921875 0.490625 0.3880208330078125 0.526171875 0.3932291669921875 0.528515625 0.4119791669921875 0.529296875 0.4135416669921875 0.526953125
1 0.4395833330078125 0.526953125 0.4395833330078125 0.491796875 0.4286458330078125 0.48984375 0.4145833330078125 0.490625 0.4151041669921875 0.52734375 0.4177083330078125 0.529296875 0.4380208330078125 0.52890625 0.4395833330078125 0.526953125
1 0.4671875 0.526171875 0.4661458330078125 0.49140625 0.4473958330078125 0.48984375 0.4411458330078125 0.49140625 0.440625 0.526171875 0.44375 0.528515625 0.4645833330078125 0.528515625 0.4671875 0.526171875
1 0.4932291669921875 0.52578125 0.4927083330078125 0.492578125 0.4895833330078125 0.490625 0.4796875 0.490234375 0.4708333330078125 0.491015625 0.46875 0.49296875 0.46875 0.526953125 0.4703125 0.52890625 0.4911458330078125 0.529296875 0.4932291669921875 0.52578125
1 0.51875 0.529296875 0.5208333330078125 0.49296875 0.51875 0.49140625 0.4973958330078125 0.491015625 0.4953125 0.4921875 0.49375 0.498046875 0.4927083330078125 0.52421875 0.4942708330078125 0.530078125 0.5166666669921876 0.53046875 0.51875 0.529296875
1 0.5427083330078125 0.51640625 0.5447916669921875 0.5125 0.5463541669921875 0.49453125 0.5432291669921875 0.49140625 0.5223958330078124 0.49140625 0.5197916669921875 0.493359375 0.5192708330078125 0.529296875 0.5416666669921875 0.53046875 0.5432291669921875 0.5296875 0.5427083330078125 0.51640625
1 0.5697916669921875 0.5265625 0.5692708330078124 0.515625 0.5723958330078125 0.49453125 0.5682291669921875 0.4921875 0.5489583330078125 0.491796875 0.5463541669921875 0.49296875 0.5453125 0.498046875 0.5442708330078125 0.530078125 0.5463541669921875 0.531640625 0.5677083330078125 0.53125 0.5697916669921875 0.5265625
1 0.5963541669921875 0.530078125 0.5947916669921876 0.511328125 0.5989583330078125 0.494140625 0.5932291669921875 0.4921875 0.5776041669921875 0.491796875 0.5739583330078125 0.49453125 0.5723958330078125 0.5328125 0.5848958330078124 0.53359375 0.5942708330078125 0.531640625 0.5963541669921875 0.530078125
1 0.6234375 0.493359375 0.6057291669921875 0.4921875 0.6005208330078124 0.49453125 0.5984375 0.515234375 0.5989583330078125 0.53203125 0.621875 0.533203125 0.625 0.504296875 0.6234375 0.493359375
1 0.6510416669921875 0.50625 0.6505208330078125 0.49375 0.6453125 0.492578125 0.6286458330078125 0.492578125 0.6260416669921876 0.49375 0.6265625 0.51328125 0.6234375 0.521875 0.6229166669921875 0.529296875 0.6260416669921876 0.53359375 0.6479166669921875 0.53359375 0.6510416669921875 0.50625
1 0.675 0.496484375 0.6729166669921876 0.49375 0.6552083330078124 0.493359375 0.6526041669921875 0.49453125 0.65 0.517578125 0.6510416669921875 0.533203125 0.6713541669921875 0.53515625 0.6734375 0.533984375 0.675 0.496484375
1 0.6994791669921875 0.536328125 0.7020833330078124 0.533203125 0.7020833330078124 0.49453125 0.684375 0.49375 0.6786458330078124 0.494921875 0.675 0.515625 0.6739583330078125 0.5296875 0.6755208330078125 0.533984375 0.6822916669921875 0.53671875 0.6994791669921875 0.536328125
1 0.7286458330078125 0.533984375 0.7296875 0.503125 0.7317708330078125 0.498828125 0.7354166669921876 0.498046875 0.7265625 0.494140625 0.7041666669921876 0.49453125 0.7026041669921875 0.498046875 0.7015625 0.533203125 0.70625 0.537109375 0.7260416669921875 0.53671875 0.7286458330078125 0.533984375
1 0.7510416669921876 0.51484375 0.7541666669921875 0.499609375 0.7583333330078125 0.498046875 0.7520833330078125 0.49453125 0.7322916669921875 0.49453125 0.7296875 0.49765625 0.7291666669921875 0.5109375 0.7296875 0.534375 0.7479166669921875 0.533984375 0.7510416669921876 0.52734375 0.7510416669921876 0.51484375
1 0.7739583330078125 0.537109375 0.7770833330078125 0.53359375 0.7796875 0.49765625 0.7770833330078125 0.494921875 0.7583333330078125 0.49453125 0.7515625 0.496875 0.7546875 0.503125 0.7515625 0.534375 0.7546875 0.53671875 0.7739583330078125 0.537109375
1 0.8067708330078125 0.498046875 0.7979166669921876 0.49609375 0.7828125 0.49609375 0.7802083330078124 0.49765625 0.78125 0.50234375 0.778125 0.5171875 0.778125 0.5359375 0.7989583330078125 0.537890625 0.8036458330078124 0.536328125 0.8067708330078125 0.498046875
1 0.8302083330078125 0.5359375 0.8317708330078125 0.503125 0.8348958330078124 0.498046875 0.8276041669921875 0.497265625 0.8244791669921875 0.4984375 0.81875 0.496484375 0.8088541669921875 0.496484375 0.8052083330078125 0.498046875 0.8041666669921875 0.5359375 0.8067708330078125 0.537890625 0.8276041669921875 0.5390625 0.8302083330078125 0.5359375
1 0.85625 0.5359375 0.859375 0.498046875 0.8567708330078125 0.496875 0.8348958330078124 0.496875 0.8328125 0.50234375 0.8322916669921875 0.536328125 0.8411458330078125 0.538671875 0.8536458330078125 0.539453125 0.85625 0.5359375
1 0.4354166669921875 0.57578125 0.4390625 0.5734375 0.4401041669921875 0.53359375 0.4333333330078125 0.530859375 0.4223958330078125 0.53046875 0.4161458330078125 0.53203125 0.4145833330078125 0.534375 0.4161458330078125 0.544140625 0.4145833330078125 0.572265625 0.4182291669921875 0.575390625 0.4354166669921875 0.57578125
1 0.4666666669921875 0.569140625 0.4682291669921875 0.5328125 0.4625 0.53046875 0.4541666669921875 0.5296875 0.4442708330078125 0.530859375 0.440625 0.5328125 0.4401041669921875 0.572265625 0.4453125 0.5765625 0.4635416669921875 0.5765625 0.4666666669921875 0.569140625
1 0.4932291669921875 0.574609375 0.4942708330078125 0.534375 0.4901041669921875 0.531640625 0.4822916669921875 0.530078125 0.4744791669921875 0.53046875 0.4692708330078125 0.5328125 0.4677083330078125 0.57421875 0.4734375 0.576171875 0.4911458330078125 0.576171875 0.4932291669921875 0.574609375
1 0.5171875 0.574609375 0.5182291669921875 0.557421875 0.5171875 0.533984375 0.5114583330078125 0.531640625 0.5036458330078125 0.531640625 0.4958333330078125 0.5328125 0.49375 0.5359375 0.4921875 0.57421875 0.4947916669921875 0.57578125 0.5151041669921875 0.57578125 0.5171875 0.574609375
1 0.5421875 0.575 0.54375 0.53359375 0.5395833330078125 0.531640625 0.5244791669921876 0.53125 0.5208333330078125 0.53203125 0.5192708330078125 0.534375 0.5182291669921875 0.57421875 0.5213541669921875 0.576171875 0.5395833330078125 0.576953125 0.5421875 0.575
1 0.5677083330078125 0.57421875 0.5661458330078125 0.553125 0.5697916669921875 0.547265625 0.5708333330078125 0.536328125 0.5640625 0.5328125 0.5510416669921875 0.5328125 0.5463541669921875 0.53359375 0.5447916669921875 0.535546875 0.5427083330078125 0.57421875 0.5463541669921875 0.57734375 0.565625 0.577734375 0.5677083330078125 0.57421875
1 0.5947916669921876 0.534375 0.5791666669921876 0.533984375 0.571875 0.535546875 0.5692708330078124 0.5546875 0.5697916669921875 0.577734375 0.5932291669921875 0.578125 0.5963541669921875 0.53828125 0.5947916669921876 0.534375
1 0.5979166669921875 0.579296875 0.6197916669921875 0.5796875 0.6213541669921875 0.57734375 0.6234375 0.536328125 0.6177083330078125 0.534765625 0.5989583330078125 0.534765625 0.596875 0.536328125 0.5958333330078125 0.55 0.5973958330078125 0.552734375 0.5947916669921876 0.56640625 0.5958333330078125 0.577734375 0.5979166669921875 0.579296875
1 0.646875 0.578515625 0.6479166669921875 0.536328125 0.6260416669921876 0.534765625 0.6229166669921875 0.53828125 0.6223958330078125 0.578125 0.6260416669921876 0.58046875 0.6447916669921875 0.580078125 0.646875 0.578515625
1 0.6729166669921876 0.536328125 0.6510416669921875 0.536328125 0.6479166669921875 0.560546875 0.6484375 0.577734375 0.6541666669921875 0.580078125 0.671875 0.5796875 0.6729166669921876 0.536328125
1 0.6994791669921875 0.57890625 0.7010416669921875 0.537890625 0.6994791669921875 0.536328125 0.6880208330078125 0.537890625 0.6770833330078125 0.536328125 0.6744791669921875 0.539453125 0.6734375 0.578125 0.6755208330078125 0.58046875 0.6958333330078125 0.58125 0.6994791669921875 0.57890625
1 0.728125 0.547265625 0.7270833330078125 0.5375 0.70625 0.5375 0.7026041669921875 0.539453125 0.6994791669921875 0.578125 0.7020833330078124 0.58125 0.7239583330078125 0.58125 0.728125 0.547265625
1 0.7479166669921875 0.579296875 0.7505208330078125 0.553515625 0.7494791669921875 0.53671875 0.7479166669921875 0.535546875 0.7338541669921875 0.535546875 0.728125 0.539453125 0.7244791669921875 0.578515625 0.7286458330078125 0.58125 0.7458333330078125 0.58125 0.7479166669921875 0.579296875
1 0.8005208330078125 0.581640625 0.8015625 0.53984375 0.7895833330078125 0.53671875 0.7802083330078124 0.53828125 0.7770833330078125 0.540625 0.7755208330078125 0.56171875 0.7770833330078125 0.578125 0.7802083330078124 0.580859375 0.8005208330078125 0.581640625
1 0.7760416669921875 0.579296875 0.7744791669921876 0.567578125 0.7765625 0.539453125 0.7645833330078124 0.536328125 0.7546875 0.537109375 0.7515625 0.539453125 0.7494791669921875 0.580078125 0.7515625 0.581640625 0.7739583330078125 0.58125 0.7760416669921875 0.579296875
1 0.8276041669921875 0.5625 0.8276041669921875 0.53984375 0.8125 0.53828125 0.80625 0.53828125 0.803125 0.53984375 0.8015625 0.56875 0.8046875 0.58125 0.8244791669921875 0.583984375 0.8276041669921875 0.5625
1 0.8526041669921876 0.5828125 0.8546875 0.581640625 0.8515625 0.57109375 0.8536458330078125 0.562109375 0.8536458330078125 0.54140625 0.8385416669921875 0.538671875 0.83125 0.5390625 0.8291666669921876 0.545703125 0.8260416669921875 0.581640625 0.828125 0.583984375 0.8380208330078125 0.584765625 0.8526041669921876 0.5828125
1 0.8697916669921875 0.584765625 0.875 0.583203125 0.8776041669921875 0.580078125 0.8802083330078125 0.540234375 0.8755208330078125 0.53671875 0.8619791669921875 0.535546875 0.8583333330078124 0.536328125 0.8536458330078125 0.54296875 0.853125 0.56796875 0.8463541669921875 0.581640625 0.8484375 0.583203125 0.8697916669921875 0.584765625
1 0.9041666669921875 0.652734375 0.9072916669921876 0.648828125 0.9098958330078125 0.6078125 0.903125 0.602734375 0.89375 0.600390625 0.8901041669921875 0.60078125 0.8828125 0.6078125 0.88125 0.640625 0.8833333330078125 0.648828125 0.8864583330078125 0.65078125 0.9041666669921875 0.652734375
1 0.8776041669921875 0.65078125 0.8796875 0.647265625 0.8807291669921875 0.626171875 0.884375 0.6125 0.88125 0.608984375 0.88125 0.60546875 0.8703125 0.601171875 0.8588541669921875 0.60390625 0.8557291669921875 0.60859375 0.8557291669921875 0.644921875 0.859375 0.651953125 0.8697916669921875 0.652734375 0.8776041669921875 0.65078125
1 0.853125 0.6484375 0.8541666669921875 0.64140625 0.85625 0.616796875 0.8546875 0.605078125 0.8432291669921875 0.601953125 0.8276041669921875 0.60234375 0.8239583330078125 0.605859375 0.8197916669921875 0.622265625 0.8208333330078125 0.64375 0.8317708330078125 0.651171875 0.85 0.653125 0.853125 0.6484375
1 0.8973958330078124 0.696484375 0.9015625 0.68828125 0.9057291669921875 0.655078125 0.9015625 0.653125 0.8822916669921875 0.654296875 0.8822916669921875 0.689453125 0.884375 0.69296875 0.8828125 0.69609375 0.8973958330078124 0.696484375
1 0.8854166669921875 0.686328125 0.8875 0.68203125 0.8828125 0.68125 0.88125 0.6765625 0.8833333330078125 0.657421875 0.8802083330078125 0.65390625 0.8744791669921875 0.655078125 0.871875 0.6578125 0.8578125 0.65546875 0.8536458330078125 0.656640625 0.8505208330078124 0.678125 0.8510416669921875 0.697265625 0.8901041669921875 0.69609375 0.8869791669921875 0.694140625 0.8854166669921875 0.686328125
1 0.8505208330078124 0.655078125 0.8489583330078125 0.654296875 0.846875 0.656640625 0.8302083330078125 0.651953125 0.8286458330078125 0.6625 0.825 0.66796875 0.8239583330078125 0.69609375 0.8270833330078124 0.697265625 0.8484375 0.696875 0.8505208330078124 0.655078125
1 0.8276041669921875 0.692578125 0.8255208330078125 0.684765625 0.8317708330078125 0.6828125 0.8317708330078125 0.675390625 0.8265625 0.670573046875 0.828125 0.657421875 0.825 0.652734375 0.8208333330078125 0.65078125 0.8213541669921876 0.653515625 0.8130208330078125 0.658203125 0.8057291669921876 0.656640625 0.803125 0.65234375 0.8005208330078125 0.657421875 0.7994791669921875 0.66796875 0.7989583330078125 0.69609375 0.8140625 0.69921875 0.821875 0.698046875 0.8276041669921875 0.692578125
1 0.7770833330078125 0.68984375 0.7828125 0.691796875 0.7859375 0.694921875 0.79375 0.694921875 0.796875 0.690625 0.7984375 0.679296875 0.796875 0.654296875 0.7942708330078125 0.656640625 0.7760416669921875 0.659765625 0.775 0.662109375 0.7755208330078125 0.67578125 0.771875 0.684765625 0.7723958330078124 0.69453125 0.7770833330078125 0.68984375
1 0.7520833330078125 0.69765625 0.7671875 0.69765625 0.7703125 0.69453125 0.7729166669921875 0.65625 0.7692708330078125 0.6515625 0.7473958330078125 0.651953125 0.74375 0.657421875 0.7421875 0.6734375 0.7432291669921876 0.69375 0.7447916669921875 0.695703125 0.7520833330078125 0.69765625
1 0.740625 0.6578125 0.734375 0.65390625 0.728125 0.65234375 0.7197916669921876 0.65234375 0.715625 0.6578125 0.7135416669921875 0.692578125 0.7380208330078125 0.69375 0.740625 0.683203125 0.740625 0.6578125
1 0 0.6203125 0.0026041669921875 0.621875 0.0057291669921875 0.628515625 0.009375 0.65234375 0.0130208330078125 0.66015625 0.0145833330078125 0.68515625 0.05 0.685546875 0.0546875 0.6765625 0.0541666669921875 0.659765625 0.0494791669921875 0.65625 0.0484375 0.653125 0.0442708330078125 0.6013671875 0.046875 0.596484375 0.0536458330078125 0.59375 0.0541666669921875 0.59140625 0.0192708330078125 0.590234375 0.0161458330078125 0.59140625 0.0083333330078125 0.598828125 0 0.601953125 0 0.6203125
1 0.0536458330078125 0.684375 0.0833333330078125 0.68671875 0.0854166669921875 0.685546875 0.0838541669921875 0.668359375 0.0859375 0.661328125 0.0854166669921875 0.646484375 0.0822916669921875 0.63671875 0.0828125 0.599609375 0.0848958330078125 0.5953125 0.0817708330078125 0.59140625 0.059375 0.59375 0.0536458330078125 0.592578125 0.0447916669921875 0.598828125 0.0489583330078125 0.6515625 0.0541666669921875 0.65859375 0.0505208330078125 0.68203125 0.0536458330078125 0.684375
1 0.1197916669921875 0.690234375 0.1234375 0.684375 0.1213541669921875 0.664192578125 0.1229166669921875 0.64140625 0.1192708330078125 0.621875 0.11875 0.59609375 0.115625 0.59453125 0.0921875 0.594140625 0.084375 0.5984375 0.0807291669921875 0.607421875 0.0859375 0.685546875 0.0885416669921875 0.6875 0.0984375 0.6890625 0.1197916669921875 0.690234375
1 0.1494791669921875 0.640625 0.1520833330078125 0.59453125 0.1505208330078125 0.59296875 0.14375 0.5921875 0.1302083330078125 0.59296875 0.1223958330078125 0.597265625 0.1208333330078125 0.6015625 0.1229166669921875 0.641015625 0.1260416669921875 0.64296875 0.1473958330078125 0.64375 0.1494791669921875 0.640625
1 0.1791666669921875 0.591796875 0.1567708330078125 0.59140625 0.1526041669921875 0.5953125 0.1505208330078125 0.63984375 0.175 0.640625 0.1770833330078125 0.638671875 0.1791666669921875 0.591796875
1 0.2067708330078125 0.5953125 0.1994791669921875 0.5921875 0.1859375 0.59296875 0.18125 0.59609375 0.1791666669921875 0.606640625 0.178125 0.640234375 0.2010416669921875 0.64140625 0.2052083330078125 0.63828125 0.2067708330078125 0.5953125
1 0.23125 0.605078125 0.2322916669921875 0.600390625 0.2364583330078125 0.5953125 0.2354166669921875 0.59375 0.2276041669921875 0.5921875 0.2109375 0.59375 0.2072916669921875 0.596875 0.2057291669921875 0.604296875 0.2057291669921875 0.640234375 0.2338541669921875 0.640625 0.23125 0.636328125 0.23125 0.605078125
1 0.2552083330078125 0.64296875 0.2572916669921875 0.640625 0.2583333330078125 0.63046875 0.2578125 0.59765625 0.2526041669921875 0.594921875 0.2375 0.59453125 0.2302083330078125 0.598828125 0.2296875 0.640234375 0.2328125 0.643359375 0.2364583330078125 0.644140625 0.2552083330078125 0.64296875
1 0.2875 0.637890625 0.2875 0.592578125 0.2838541669921875 0.591015625 0.265625 0.59140625 0.2609375 0.5953125 0.2583333330078125 0.60078125 0.2588541669921875 0.640625 0.2619791669921875 0.643359375 0.2828125 0.64375 0.2875 0.637890625
1 0.3130208330078125 0.6375 0.3130208330078125 0.594921875 0.3109375 0.593359375 0.2984375 0.59375 0.2963541669921875 0.5921875 0.2895833330078125 0.591796875 0.2875 0.596484375 0.2869791669921875 0.640234375 0.2890625 0.6421875 0.3104166669921875 0.6421875 0.3130208330078125 0.6375
1 0.3411458330078125 0.6375 0.3427083330078125 0.595703125 0.3348958330078125 0.593359375 0.3171875 0.593359375 0.3140625 0.595703125 0.3135416669921875 0.599609375 0.3130208330078125 0.640625 0.3166666669921875 0.642578125 0.3380208330078125 0.6421875 0.3411458330078125 0.6375
1 0.3692708330078125 0.644140625 0.3713541669921875 0.597265625 0.3666666669921875 0.5953125 0.3484375 0.5953125 0.3447916669921875 0.6 0.34375 0.609765625 0.3421875 0.6359375 0.34375 0.6421875 0.3453125 0.643359375 0.3692708330078125 0.644140625
1 0.396875 0.641015625 0.3958333330078125 0.597265625 0.3854166669921875 0.595703125 0.3739583330078125 0.596875 0.3708333330078125 0.6109375 0.3713541669921875 0.64375 0.375 0.6453125 0.39375 0.645703125 0.396875 0.641015625
1 0.4213541669921875 0.644921875 0.4229166669921875 0.640625 0.4234375 0.59609375 0.4213541669921875 0.594921875 0.4005208330078125 0.5953125 0.3984375 0.5984375 0.3979166669921875 0.643359375 0.4005208330078125 0.644921875 0.4052083330078125 0.64375 0.4213541669921875 0.644921875
1 0.4494791669921875 0.643359375 0.4505208330078125 0.637890625 0.4489583330078125 0.5984375 0.4458333330078125 0.59609375 0.4302083330078125 0.595703125 0.4255208330078125 0.597265625 0.4239583330078125 0.602734375 0.4239583330078125 0.644140625 0.428125 0.64609375 0.4458333330078125 0.646875 0.4494791669921875 0.643359375
1 0.4770833330078125 0.5984375 0.4744791669921875 0.5953125 0.4552083330078125 0.59609375 0.4505208330078125 0.5984375 0.4505208330078125 0.64375 0.4734375 0.646484375 0.4755208330078125 0.643359375 0.4770833330078125 0.5984375
1 0.5026041669921875 0.595703125 0.5 0.59453125 0.4802083330078125 0.594921875 0.4776041669921875 0.59765625 0.4770833330078125 0.64375 0.5 0.644140625 0.503125 0.6265625 0.5026041669921875 0.595703125
1 0.528125 0.637109375 0.5265625 0.59921875 0.5161458330078125 0.595703125 0.5067708330078124 0.595703125 0.5036458330078125 0.598046875 0.5026041669921875 0.64375 0.5046875 0.6453125 0.5255208330078125 0.645703125 0.528125 0.637109375
1 0.5520833330078125 0.64609375 0.5541666669921875 0.64375 0.5552083330078125 0.598046875 0.5541666669921875 0.596484375 0.5338541669921875 0.59609375 0.5307291669921875 0.598046875 0.5296875 0.603125 0.528125 0.619140625 0.5291666669921875 0.645703125 0.5322916669921876 0.646875 0.5520833330078125 0.64609375
1 0.5802083330078125 0.64453125 0.58125 0.63125 0.5817708330078125 0.598828125 0.5776041669921875 0.596875 0.5604166669921875 0.595703125 0.5557291669921876 0.6 0.5552083330078125 0.644921875 0.5572916669921875 0.646875 0.578125 0.647265625 0.5802083330078125 0.64453125
1 0.6041666669921875 0.64921875 0.6067708330078125 0.645703125 0.609375 0.6171875 0.6083333330078124 0.598828125 0.5953125 0.596875 0.584375 0.598046875 0.5817708330078125 0.614453125 0.5817708330078125 0.645703125 0.5848958330078124 0.648828125 0.5932291669921875 0.64765625 0.6041666669921875 0.64921875
1 0.6333333330078125 0.648046875 0.6348958330078125 0.63046875 0.6348958330078125 0.60234375 0.6307291669921875 0.5984375 0.6109375 0.598828125 0.609375 0.6015625 0.6088541669921875 0.647265625 0.6125 0.649609375 0.6307291669921875 0.650390625 0.6333333330078125 0.648046875
1 0.6609375 0.646484375 0.6614583330078125 0.63984375 0.6614583330078125 0.6015625 0.6583333330078125 0.59921875 0.6536458330078125 0.598828125 0.6369791669921875 0.599609375 0.6348958330078125 0.601953125 0.634375 0.61484375 0.6338541669921876 0.647265625 0.6375 0.650390625 0.6578125 0.650390625 0.6609375 0.646484375
1 0.6880208330078125 0.648046875 0.6890625 0.644140625 0.6895833330078125 0.603125 0.684375 0.599609375 0.6671875 0.60078125 0.6630208330078124 0.603515625 0.6635416669921875 0.64609375 0.6697916669921875 0.64921875 0.6854166669921875 0.649609375 0.6880208330078125 0.648046875
1 0.7151041669921875 0.64921875 0.7182291669921875 0.63125 0.7182291669921875 0.605078125 0.715625 0.60078125 0.70625 0.6 0.6932291669921875 0.6015625 0.6901041669921875 0.634765625 0.6895833330078125 0.64765625 0.6927083330078125 0.6515625 0.7098958330078124 0.651953125 0.7151041669921875 0.64921875
1 0.7411458330078124 0.652734375 0.7442708330078125 0.63828125 0.7447916669921875 0.603515625 0.740625 0.60078125 0.7239583330078125 0.600390625 0.7208333330078125 0.602734375 0.7192708330078125 0.61171875 0.7171875 0.64765625 0.7208333330078125 0.649609375 0.7375 0.65078125 0.7411458330078124 0.652734375
1 0.7692708330078125 0.65078125 0.7729166669921875 0.616015625 0.7723958330078124 0.6046875 0.7703125 0.60234375 0.7479166669921875 0.60234375 0.7458333330078125 0.62265625 0.7447916669921875 0.647265625 0.7463541669921875 0.651171875 0.75 0.65234375 0.7692708330078125 0.65078125
1 0.7796875 0.653515625 0.7859375 0.65703125 0.7963541669921875 0.65390625 0.7994791669921875 0.62421875 0.796875 0.6015625 0.775 0.602734375 0.7723958330078124 0.62578125 0.771875 0.648828125 0.7734375 0.65234375 0.7760416669921875 0.655078125 0.7796875 0.653515625
1 0.1505208330078125 0.685546875 0.1484375 0.647265625 0.146875 0.6453125 0.140625 0.64375 0.1260416669921875 0.643359375 0.1239583330078125 0.644921875 0.1223958330078125 0.65234375 0.1244791669921875 0.6890625 0.1442708330078125 0.688671875 0.1505208330078125 0.685546875
1 0.1755208330078125 0.6859375 0.1760416669921875 0.64375 0.1729166669921875 0.6421875 0.1567708330078125 0.64140625 0.1510416669921875 0.642578125 0.1494791669921875 0.64453125 0.1510416669921875 0.6859375 0.1541666669921875 0.687890625 0.171875 0.689453125 0.1755208330078125 0.6859375
1 0.2 0.689453125 0.2015625 0.687109375 0.2010416669921875 0.644921875 0.1963541669921875 0.64296875 0.1786458330078125 0.642578125 0.1765625 0.644140625 0.1776041669921875 0.687890625 0.1817708330078125 0.689453125 0.2 0.689453125
1 0.225 0.6421875 0.2140625 0.641015625 0.2057291669921875 0.641796875 0.2026041669921875 0.64375 0.203125 0.6890625 0.2270833330078125 0.689453125 0.228125 0.64453125 0.225 0.6421875
1 0.2567708330078125 0.6859375 0.2567708330078125 0.646875 0.253125 0.644921875 0.2307291669921875 0.64453125 0.228125 0.647265625 0.2276041669921875 0.686328125 0.2338541669921875 0.689453125 0.2546875 0.689453125 0.2567708330078125 0.6859375
1 0.2848958330078125 0.681640625 0.2848958330078125 0.647265625 0.2796875 0.64453125 0.265625 0.64375 0.2604166669921875 0.64453125 0.2578125 0.647265625 0.259375 0.687890625 0.2635416669921875 0.68984375 0.2828125 0.68984375 0.2848958330078125 0.681640625
1 0.3125 0.6859375 0.3109375 0.6453125 0.3057291669921875 0.64296875 0.2895833330078125 0.6421875 0.2859375 0.644921875 0.2854166669921875 0.6890625 0.296875 0.690234375 0.3098958330078125 0.68828125 0.3125 0.6859375
1 0.3401041669921875 0.678515625 0.3390625 0.64609375 0.3375 0.644140625 0.3322916669921875 0.64296875 0.3140625 0.64296875 0.3119791669921875 0.644921875 0.3114583330078125 0.686328125 0.3171875 0.6890625 0.3380208330078125 0.68984375 0.3401041669921875 0.678515625
1 0.3692708330078125 0.686328125 0.3697916669921875 0.647265625 0.3661458330078125 0.644921875 0.3505208330078125 0.64375 0.3447916669921875 0.644140625 0.3421875 0.646875 0.3432291669921875 0.68828125 0.3479166669921875 0.68984375 0.3666666669921875 0.68984375 0.3692708330078125 0.686328125
1 0.3963541669921875 0.679296875 0.3958333330078125 0.648046875 0.39375 0.64609375 0.3828125 0.6453125 0.3729166669921875 0.645703125 0.3708333330078125 0.6484375 0.3708333330078125 0.687109375 0.3729166669921875 0.689453125 0.39375 0.689453125 0.3963541669921875 0.679296875
1 0.4223958330078125 0.648046875 0.4197916669921875 0.64609375 0.4010416669921875 0.6453125 0.3963541669921875 0.648046875 0.3958333330078125 0.6890625 0.4208333330078125 0.689453125 0.4229166669921875 0.675390625 0.4223958330078125 0.648046875
1 0.4484375 0.689453125 0.4484375 0.64765625 0.4463541669921875 0.645703125 0.425 0.6453125 0.4234375 0.647265625 0.4239583330078125 0.6890625 0.43125 0.691015625 0.4458333330078125 0.691015625 0.4484375 0.689453125
1 0.4739583330078125 0.690234375 0.4739583330078125 0.64765625 0.4526041669921875 0.644921875 0.4489583330078125 0.65 0.4473958330078125 0.6890625 0.4505208330078125 0.69140625 0.4703125 0.693359375 0.4739583330078125 0.690234375
1 0.5 0.689453125 0.5010416669921876 0.64765625 0.4989583330078125 0.64609375 0.4786458330078125 0.645703125 0.4760416669921875 0.646875 0.475 0.65078125 0.475 0.690625 0.4770833330078125 0.692578125 0.4979166669921875 0.691796875 0.5 0.689453125
1 0.5265625 0.647265625 0.5046875 0.645703125 0.5015625 0.650390625 0.5010416669921876 0.66171875 0.5015625 0.691015625 0.5239583330078125 0.6921875 0.5260416669921875 0.68984375 0.5265625 0.647265625
1 0.5515625 0.6890625 0.5520833330078125 0.650390625 0.5479166669921876 0.647265625 0.5291666669921875 0.64765625 0.5270833330078125 0.65625 0.5270833330078125 0.691015625 0.5291666669921875 0.69296875 0.55 0.692578125 0.5515625 0.6890625
1 0.5776041669921875 0.68984375 0.5791666669921876 0.672265625 0.578125 0.650390625 0.5744791669921875 0.64765625 0.55625 0.6484375 0.5536458330078124 0.65078125 0.553125 0.65546875 0.553125 0.69140625 0.5557291669921876 0.69296875 0.5744791669921875 0.69453125 0.5776041669921875 0.68984375
1 0.6041666669921875 0.691796875 0.6046875 0.68125 0.6020833330078125 0.65078125 0.5921875 0.65234375 0.58125 0.649609375 0.5796875 0.656640625 0.5786458330078125 0.690625 0.58125 0.692578125 0.6026041669921876 0.69296875 0.6041666669921875 0.691796875
1 0.6328125 0.690234375 0.6338541669921876 0.67890625 0.6338541669921876 0.655859375 0.6302083330078125 0.653125 0.6161458330078124 0.65546875 0.6135416669921875 0.65234375 0.6088541669921875 0.651953125 0.6067708330078125 0.65625 0.6067708330078125 0.691796875 0.6104166669921876 0.694140625 0.6307291669921875 0.693359375 0.6328125 0.690234375
1 0.6588541669921875 0.69296875 0.6598958330078125 0.673046875 0.6583333330078125 0.65 0.6369791669921875 0.65234375 0.6348958330078125 0.65546875 0.6333333330078125 0.66796875 0.6328125 0.692578125 0.6473958330078124 0.694921875 0.6572916669921876 0.694140625 0.6588541669921875 0.69296875
1 0.6895833330078125 0.658203125 0.6869791669921875 0.652734375 0.6854166669921875 0.6515625 0.678125 0.651953125 0.6739583330078125 0.654296875 0.6713541669921875 0.651171875 0.6640625 0.650390625 0.6614583330078125 0.657421875 0.6604166669921875 0.69296875 0.6635416669921875 0.694140625 0.6869791669921875 0.693359375 0.6895833330078125 0.658203125
1 0.7135416669921875 0.653515625 0.6927083330078125 0.65390625 0.6885416669921876 0.670703125 0.6885416669921876 0.692578125 0.7114583330078125 0.69296875 0.7140625 0.683203125 0.7135416669921875 0.653515625
1 0.8447916669921876 0.800390625 0.859375 0.800390625 0.8614583330078125 0.798828125 0.8645833330078125 0.761328125 0.8630208330078125 0.75390625 0.8572916669921875 0.747265625 0.8484375 0.74609375 0.8302083330078125 0.74765625 0.8208333330078125 0.746484375 0.8177083330078125 0.74453125 0.8119791669921875 0.7453125 0.7869791669921875 0.7421875 0.78125 0.74453125 0.7807291669921875 0.790234375 0.7828125 0.79375 0.7994791669921875 0.797265625 0.8447916669921876 0.800390625
1 0.8302083330078125 0.846875 0.85625 0.846484375 0.8583333330078124 0.844921875 0.8625 0.824609375 0.8635416669921875 0.809375 0.8619791669921875 0.80390625 0.7859375 0.797265625 0.78125 0.798828125 0.7791666669921875 0.80546875 0.778125 0.830078125 0.7796875 0.840625 0.7828125 0.84375 0.8302083330078125 0.846875
1 0.7723958330078124 0.792578125 0.7739583330078125 0.78984375 0.775 0.751171875 0.7697916669921875 0.74453125 0.7619791669921875 0.740234375 0.6994791669921875 0.73984375 0.6958333330078125 0.74140625 0.6947916669921875 0.757421875 0.6958333330078125 0.790625 0.7463541669921875 0.79375 0.76875 0.794140625 0.7723958330078124 0.792578125
1 0.6947916669921875 0.8359375 0.7322916669921875 0.83984375 0.7682291669921875 0.841015625 0.7713541669921875 0.83984375 0.7734375 0.831640625 0.7739583330078125 0.810546875 0.7723958330078124 0.795703125 0.6989583330078125 0.79140625 0.6947916669921875 0.792578125 0.6916666669921875 0.796484375 0.6932291669921875 0.808854296875 0.690625 0.8171875 0.6911458330078125 0.82890625 0.6947916669921875 0.8359375
1 0.68125 0.83671875 0.6838541669921875 0.834765625 0.6859375 0.81796875 0.6854166669921875 0.799609375 0.678125 0.794140625 0.6145833330078125 0.787890625 0.609375 0.78984375 0.6078125 0.79921875 0.6072916669921875 0.825 0.609375 0.830078125 0.6739583330078125 0.8375 0.68125 0.83671875
1 0.6864583330078124 0.79375 0.6911458330078125 0.790625 0.6932291669921875 0.780859375 0.6911458330078125 0.763151171875 0.6932291669921875 0.74765625 0.6921875 0.741015625 0.6864583330078124 0.741796875 0.6760416669921875 0.738671875 0.659375 0.73671875 0.6494791669921876 0.7390625 0.64375 0.737890625 0.6192708330078125 0.740625 0.615625 0.74453125 0.6140625 0.758984375 0.6130208330078125 0.785546875 0.6145833330078125 0.7890625 0.6817708330078125 0.79375 0.6864583330078124 0.79375
1 0.6057291669921875 0.78984375 0.6078125 0.781640625 0.6078125 0.749609375 0.6057291669921875 0.741796875 0.6020833330078125 0.7375 0.5989583330078125 0.738671875 0.5953125 0.736328125 0.5875 0.735546875 0.5666666669921875 0.73671875 0.5640625 0.738671875 0.5598958330078125 0.7375 0.5552083330078125 0.740234375 0.5432291669921875 0.73984375 0.5401041669921876 0.7421875 0.5359375 0.740625 0.53125 0.748046875 0.5276041669921875 0.776171875 0.5291666669921875 0.785546875 0.5328125 0.7890625 0.6057291669921875 0.78984375
1 0.50625 0.789453125 0.5140625 0.7875 0.5208333330078125 0.78359375 0.5239583330078125 0.7609375 0.5234375 0.74609375 0.5197916669921875 0.7375 0.5052083330078125 0.7359375 0.4994791669921875 0.7375 0.4880208330078125 0.734765625 0.4671875 0.73828125 0.4630208330078125 0.736328125 0.4510416669921875 0.736328125 0.4484375 0.7375 0.4453125 0.744921875 0.4447916669921875 0.7765625 0.4453125 0.786328125 0.4473958330078125 0.788671875 0.50625 0.789453125
1 0.4416666669921875 0.760546875 0.4416666669921875 0.746484375 0.4390625 0.737890625 0.3942708330078125 0.7359375 0.378125 0.73671875 0.3671875 0.739453125 0.3625 0.74765625 0.3619791669921875 0.78515625 0.3661458330078125 0.791015625 0.4385416669921875 0.7890625 0.4416666669921875 0.760546875
1 0.2927083330078125 0.78671875 0.3588541669921875 0.784765625 0.3609375 0.746875 0.3609375 0.741796875 0.3588541669921875 0.73984375 0.3338541669921875 0.740625 0.33125 0.742578125 0.328125 0.741015625 0.2942708330078125 0.74296875 0.2859375 0.74140625 0.2833333330078125 0.744140625 0.2828125 0.774609375 0.284375 0.7828125 0.2864583330078125 0.784765625 0.2927083330078125 0.78671875
1 0.2302083330078125 0.784375 0.2479166669921875 0.786328125 0.2791666669921875 0.78359375 0.28125 0.762890625 0.2807291669921875 0.744140625 0.2791666669921875 0.7421875 0.2734375 0.740625 0.2239583330078125 0.74140625 0.2208333330078125 0.742578125 0.203125 0.74140625 0.2015625 0.74375 0.203125 0.7828125 0.2088541669921875 0.786328125 0.2208333330078125 0.786328125 0.2302083330078125 0.784375
1 0.2 0.74453125 0.196875 0.741015625 0.1645833330078125 0.740234375 0.1598958330078125 0.7421875 0.1520833330078125 0.740625 0.1260416669921875 0.740625 0.1213541669921875 0.742578125 0.121875 0.774609375 0.125 0.784375 0.1994791669921875 0.78359375 0.2 0.74453125
1 0.1197916669921875 0.784375 0.1197916669921875 0.751953125 0.11875 0.74453125 0.1161458330078125 0.74140625 0.0375 0.741015625 0.040625 0.78125 0.0432291669921875 0.785546875 0.06875 0.786328125 0.1197916669921875 0.784375
1 0 0.784375 0.0359375 0.784765625 0.0385416669921875 0.783203125 0.0395833330078125 0.773046875 0.0359375 0.741015625 0.03125 0.7390625 0.0098958330078125 0.7390625 0.0052083330078125 0.7375 0 0.7375 0 0.784375
1 0 0.828125 0.028125 0.82890625 0.0411458330078125 0.827734375 0.0427083330078125 0.81796875 0.0411458330078125 0.78984375 0.0375 0.78671875 0.0291666669921875 0.784375 0 0.78515625 0 0.828125
1 0.1223958330078125 0.827734375 0.1223958330078125 0.7890625 0.1197916669921875 0.78671875 0.0947916669921875 0.7859375 0.0427083330078125 0.78828125 0.0432291669921875 0.8265625 0.0458333330078125 0.82890625 0.109375 0.829296875 0.1223958330078125 0.827734375
1 0.1401041669921875 0.829296875 0.16875 0.828125 0.1932291669921875 0.830078125 0.1979166669921875 0.82890625 0.1994791669921875 0.786328125 0.1432291669921875 0.785546875 0.1234375 0.786328125 0.1234375 0.815234375 0.1255208330078125 0.827734375 0.1401041669921875 0.829296875
1 0.2765625 0.83046875 0.278125 0.825 0.278125 0.791015625 0.2755208330078125 0.786328125 0.2161458330078125 0.78828125 0.2026041669921875 0.7859375 0.2010416669921875 0.788671875 0.2010416669921875 0.82578125 0.2026041669921875 0.8296875 0.2583333330078125 0.83203125 0.2765625 0.83046875
1 0.3213541669921875 0.8328125 0.3567708330078125 0.83125 0.3588541669921875 0.830078125 0.3604166669921875 0.81953125 0.3583333330078125 0.8095703125 0.3604166669921875 0.793359375 0.3583333330078125 0.788671875 0.3520833330078125 0.786328125 0.3125 0.787890625 0.2901041669921875 0.787890625 0.2828125 0.786328125 0.2807291669921875 0.7890625 0.2791666669921875 0.828125 0.28125 0.830859375 0.2901041669921875 0.8328125 0.3213541669921875 0.8328125
1 0.4364583330078125 0.834765625 0.4427083330078125 0.833203125 0.4442708330078125 0.7921875 0.4421875 0.78984375 0.418125 0.791015625 0.4104166669921875 0.7890625 0.4020833330078125 0.79140625 0.3776041669921875 0.79140625 0.36875 0.79296875 0.3666666669921875 0.7984375 0.3671875 0.830859375 0.3692708330078125 0.833203125 0.3927083330078125 0.834765625 0.4364583330078125 0.834765625
1 0.5166666669921876 0.834765625 0.5197916669921875 0.83359375 0.5239583330078125 0.815234375 0.5239583330078125 0.793359375 0.5213541669921875 0.786328125 0.4520833330078125 0.78984375 0.4458333330078125 0.792578125 0.4458333330078125 0.819140625 0.4484375 0.8328125 0.4630208330078125 0.834375 0.5166666669921876 0.834765625
1 0.5675 0.833203125 0.58125 0.834765625 0.5994791669921875 0.83359375 0.6052083330078125 0.83125 0.6057291669921875 0.79375 0.603125 0.79140625 0.5359375 0.788671875 0.5328125 0.789453125 0.5296875 0.79296875 0.5286458330078125 0.83125 0.5307291669921875 0.8328125 0.5359375 0.833984375 0.5675 0.833203125
0 0.4375 0.5791015625 0.4404296875 0.5810546875 0.4404296875 0.5927734375 0.400390625 0.5927734375 0.3984375 0.5908203125 0.3984375 0.580078125 0.4365234375 0.5791015625
0 0.41796875 0.697265625 0.4189453125 0.7109375 0.41015625 0.712890625 0.376953125 0.7119140625 0.375 0.6982421875 0.380859375 0.6953125 0.4169921875 0.697265625
0 0.064453125 0.357421875 0.072265625 0.359375 0.072265625 0.369140625 0.06640625 0.3720703125 0.0390625 0.3720703125 0.025390625 0.369140625 0.0263671875 0.359375 0.0283203125 0.3583984375 0.0634765625 0.357421875
0 0.802734375 0.84765625 0.841796875 0.84765625 0.8447265625 0.849609375 0.8466796875 0.8564453125 0.8466796875 0.861328125 0.8388671875 0.8642578125 0.8076171875 0.86328125 0.8037109375 0.8603515625 0.802734375 0.8486328125
0 0.8671875 0.587890625 0.8701171875 0.5966796875 0.865234375 0.6015625 0.830078125 0.6005859375 0.8271484375 0.5986328125 0.826171875 0.591796875 0.828125 0.5859375 0.8662109375 0.587890625
0 0.3486328125 0.5830078125 0.345703125 0.5791015625 0.3427734375 0.587890625 0.3349609375 0.5927734375 0.328125 0.5908203125 0.3076171875 0.591796875 0.2958984375 0.5888671875 0.296875 0.5810546875 0.30078125 0.578125 0.349609375 0.578125 0.3486328125 0.58203125
0 0.279296875 0.47265625 0.318359375 0.47265625 0.322265625 0.4775390625 0.3212890625 0.484375 0.318359375 0.486328125 0.2890625 0.4873046875 0.279296875 0.486328125 0.279296875 0.4736328125
0 0.294921875 0.244140625 0.3212890625 0.2451171875 0.322265625 0.2529296875 0.3193359375 0.2587890625 0.279296875 0.2587890625 0.2763671875 0.255859375 0.2783203125 0.2451171875 0.2939453125 0.244140625
0 0.7666015625 0.703125 0.7998046875 0.705078125 0.8017578125 0.7080078125 0.8017578125 0.716796875 0.796875 0.7197265625 0.7578125 0.7177734375 0.7578125 0.7060546875 0.7607421875 0.703125 0.765625 0.703125
0 0.5048828125 0.248046875 0.5224609375 0.25 0.5224609375 0.26171875 0.5205078125 0.2626953125 0.48046875 0.26171875 0.478515625 0.2578125 0.4814453125 0.2490234375 0.50390625 0.248046875
0 0.7978515625 0.2529296875 0.828125 0.2548828125 0.830078125 0.2578125 0.830078125 0.2646484375 0.828125 0.2666015625 0.7880859375 0.2666015625 0.78515625 0.263671875 0.78515625 0.25390625 0.796875 0.2529296875
0 0.2314453125 0.2431640625 0.2333984375 0.2470703125 0.23046875 0.2568359375 0.197265625 0.2568359375 0.1875 0.2548828125 0.1884765625 0.2451171875 0.1923828125 0.2431640625 0.23046875 0.2431640625
0 0.16015625 0.6923828125 0.16796875 0.693359375 0.16796875 0.7060546875 0.1650390625 0.7099609375 0.13671875 0.7099609375 0.1259765625 0.708984375 0.1240234375 0.70703125 0.125 0.693359375 0.126953125 0.6923828125 0.1591796875 0.6923828125
0 0.2392578125 0.3603515625 0.2666015625 0.3623046875 0.2666015625 0.373046875 0.263671875 0.375 0.2236328125 0.3740234375 0.2216796875 0.369140625 0.2236328125 0.3603515625 0.23828125 0.3603515625
0 0.130859375 0.361328125 0.1337890625 0.359375 0.1748046875 0.3603515625 0.173828125 0.37109375 0.1689453125 0.3740234375 0.1318359375 0.3740234375 0.12890625 0.369140625 0.130859375 0.3623046875
0 0.3095703125 0.6943359375 0.3359375 0.6953125 0.3369140625 0.7099609375 0.333984375 0.7119140625 0.294921875 0.7109375 0.294921875 0.6962890625 0.30859375 0.6943359375
0 0.4736328125 0.6953125 0.501953125 0.697265625 0.501953125 0.712890625 0.4599609375 0.712890625 0.4599609375 0.697265625 0.47265625 0.6962890625
0 0.4482421875 0.8359375 0.470703125 0.837890625 0.470703125 0.8515625 0.4580078125 0.853515625 0.4296875 0.8525390625 0.4287109375 0.837890625 0.447265625 0.8359375
0 0.224609375 0.693359375 0.2490234375 0.6943359375 0.2509765625 0.6962890625 0.25 0.7060546875 0.248046875 0.7099609375 0.244140625 0.7109375 0.2060546875 0.7099609375 0.205078125 0.69921875 0.20703125 0.6943359375 0.2236328125 0.693359375
0 0.2861328125 0.361328125 0.3173828125 0.36328125 0.318359375 0.37109375 0.3154296875 0.3759765625 0.2763671875 0.375 0.275390625 0.36328125 0.28515625 0.361328125
0 0.42138671875 0.3720703125 0.04638671875 0.0146484375
0 0.5068359375 0.3662109375 0.5400390625 0.3681640625 0.54296875 0.37109375 0.54296875 0.3759765625 0.5390625 0.3798828125 0.5 0.3798828125 0.498046875 0.369140625 0.5009765625 0.3662109375 0.505859375 0.3662109375
0 0.234375 0.576171875 0.236328125 0.578125 0.2353515625 0.5869140625 0.2236328125 0.5908203125 0.189453125 0.5888671875 0.1865234375 0.5859375 0.1875 0.578125 0.193359375 0.576171875 0.2333984375 0.576171875
0 0.1650390625 0.4697265625 0.17578125 0.470703125 0.1767578125 0.478515625 0.1728515625 0.484375 0.14453125 0.484375 0.1376953125 0.4833984375 0.1337890625 0.4794921875 0.1328125 0.4736328125 0.1376953125 0.4697265625 0.1640625 0.4697265625
0 0.650390625 0.251953125 0.6513671875 0.26171875 0.642578125 0.2646484375 0.6083984375 0.263671875 0.6064453125 0.259765625 0.607421875 0.251953125 0.6494140625 0.251953125
0 0.6220703125 0.5830078125 0.634765625 0.5849609375 0.638671875 0.591796875 0.63671875 0.5966796875 0.5986328125 0.5966796875 0.595703125 0.5927734375 0.5966796875 0.5830078125 0.62109375 0.5830078125
0 0.8330078125 0.7041015625 0.8701171875 0.705078125 0.87109375 0.7197265625 0.8671875 0.7216796875 0.8310546875 0.720703125 0.828125 0.71875 0.828125 0.7060546875 0.83203125 0.7041015625
0 0.0146484375 0.2392578125 0.0166015625 0.240234375 0.0166015625 0.25 0.009765625 0.25390625 0 0.25390625 0 0.240234375 0.013671875 0.2392578125
0 0.5390625 0.580078125 0.5576171875 0.58203125 0.5595703125 0.583984375 0.55859375 0.5947265625 0.51953125 0.59375 0.51953125 0.5810546875 0.5380859375 0.580078125
0 0.6826171875 0.3671875 0.7041015625 0.37109375 0.7041015625 0.3798828125 0.693359375 0.3818359375 0.650390625 0.3798828125 0.65234375 0.3701171875 0.681640625 0.3671875
0 0.4228515625 0.2470703125 0.4326171875 0.248046875 0.43359375 0.2587890625 0.4306640625 0.2607421875 0.3984375 0.2607421875 0.388671875 0.2587890625 0.3876953125 0.248046875 0.3896484375 0.2470703125 0.421875 0.2470703125
0 0.849609375 0.3701171875 0.869140625 0.37109375 0.87109375 0.3798828125 0.8681640625 0.3837890625 0.828125 0.3837890625 0.826171875 0.37890625 0.8271484375 0.3701171875 0.8486328125 0.3701171875
0 0.5888671875 0.6982421875 0.609375 0.7001953125 0.611328125 0.703125 0.6103515625 0.7138671875 0.60546875 0.7158203125 0.5673828125 0.7138671875 0.5693359375 0.69921875 0.587890625 0.69921875
0 0.5859375 0.841796875 0.6240234375 0.841796875 0.626953125 0.8447265625 0.6259765625 0.8583984375 0.59375 0.8583984375 0.5849609375 0.85546875 0.5859375 0.8427734375
0 0.3876953125 0.4833984375 0.392578125 0.4794921875 0.39453125 0.474609375 0.4013671875 0.4736328125 0.4228515625 0.474609375 0.4296875 0.4775390625 0.4287109375 0.48828125 0.4267578125 0.4892578125 0.392578125 0.48828125 0.388671875 0.4873046875 0.3876953125 0.484375
0 0.1044921875 0.2412109375 0.123046875 0.2412109375 0.1259765625 0.2431640625 0.1240234375 0.2529296875 0.1142578125 0.255859375 0.0830078125 0.2548828125 0.080078125 0.2529296875 0.080078125 0.2470703125 0.0830078125 0.2412109375 0.103515625 0.2412109375
0 0.6298828125 0.3681640625 0.6357421875 0.37109375 0.6357421875 0.3798828125 0.6337890625 0.3818359375 0.591796875 0.3818359375 0.5908203125 0.3798828125 0.5908203125 0.3720703125 0.5947265625 0.3681640625 0.62890625 0.3681640625
0 0.7919921875 0.37109375 0.791015625 0.3818359375 0.783203125 0.3828125 0.7734375 0.3818359375 0.771484375 0.3779296875 0.7724609375 0.37109375 0.791015625 0.37109375
0 0.2314453125 0.470703125 0.2509765625 0.4736328125 0.251953125 0.482421875 0.248046875 0.4853515625 0.208984375 0.484375 0.2060546875 0.474609375 0.2080078125 0.4716796875 0.23046875 0.470703125
0 0.326171875 0.8369140625 0.328125 0.8388671875 0.3271484375 0.8525390625 0.2900390625 0.8525390625 0.2861328125 0.8486328125 0.287109375 0.83984375 0.2919921875 0.8359375 0.3251953125 0.8369140625
0 0.8056640625 0.4794921875 0.8251953125 0.482421875 0.8271484375 0.4853515625 0.8271484375 0.4931640625 0.8251953125 0.4951171875 0.78515625 0.494140625 0.783203125 0.4892578125 0.7861328125 0.4814453125 0.8046875 0.4794921875