1 0.0326957177734375 0 0.03251728125 0.0022862158203125 0.0422788642578125 0.0470214248046875 0.0428247744140625 0.0756072734375 0.0534015546875 0.141216982421875 0.0548899677734375 0.142813109375 0.0898480830078125 0.1440338740234375 0.1212883544921875 0.1428155673828125 0.1228710166015625 0.1417127216796875 0.12283675 0.098475310546875 0.1147949189453125 0.0634510966796875 0.110158326171875 0.004611462890625 0.1090491591796875 0 0.0326957177734375 0
1 0.0171556123046875 0 0.012233966796875 0.1409374921875 0.0430793623046875 0.1420146376953125 0.0487747451171875 0.1410554111328125 0.0501529970703125 0.1310665625 0.0392885751953125 0.04421473828125 0.0342101044921875 0.012768345703125 0.0308942255859375 0.0045457626953125 0.0307228017578125 0 0.0171556123046875 0
1 0.1094116953125 0 0.11164673828125 0.00620758984375 0.115672544921875 0.0530587275390625 0.120169603515625 0.086415005859375 0.1225515537109375 0.0919027119140625 0.1254683955078125 0.1410313486328125 0.1289727734375 0.1438559873046875 0.1381725361328125 0.1457214013671875 0.1639443544921875 0.144691185546875 0.194235267578125 0.146907080078125 0.1975487001953125 0.1404601484375 0.1971533427734375 0.122302572265625 0.190444478515625 0.049107181640625 0.186910724609375 0.032384162109375 0.187137171875 0.01116 0.185231689453125 0 0.1094116953125 0
1 0.1897725107421875 0 0.1899683359375 0.03326301171875 0.1946404306640625 0.061606912109375 0.199997970703125 0.1440200166015625 0.20097229296875 0.14559819140625 0.208156087890625 0.1462350927734375 0.249269818359375 0.148056853515625 0.2704282919921875 0.146479498046875 0.2733353486328125 0.13693007421875 0.266895771484375 0.056023333984375 0.2677978798828125 0.030190314453125 0.2652956845703125 0 0.1897725107421875 0
1 0.2718372138671875 0 0.271418546875 0.0002058154296875 0.2691198291015625 0.0070742197265625 0.269870150390625 0.044546072265625 0.2760832802734375 0.146676974609375 0.2837003798828125 0.149645232421875 0.2976212001953125 0.14897324609375 0.304751138671875 0.1511524169921875 0.3433752041015625 0.1505710107421875 0.350179552734375 0.14733428515625 0.3488931044921875 0.139954646484375 0.3511245 0.1350140791015625 0.349038765625 0.121043888671875 0.3501 0.075914544921875 0.3467657646484375 0.038738498046875 0.34859078515625 0.0306954384765625 0.3454474970703125 0.0027909638671875 0.3341644462890625 0.0016248759765625 0.328428671875 0.0037408037109375 0.323815326171875 0.0031936640625 0.32207041796875 0 0.2718372138671875 0
1 0.373606037109375 0 0.3717603330078125 0.001007564453125 0.3583401376953125 0.0020830712890625 0.3535921494140625 0.0053916064453125 0.3524562548828125 0.0084402412109375 0.3528956630859375 0.1285132900390625 0.35528005859375 0.14867051171875 0.360813869140625 0.1523380947265625 0.374153279296875 0.1535759931640625 0.4307839580078125 0.153237353515625 0.4431894375 0.151740375 0.4447990283203125 0.14986639453125 0.44532413671875 0.1348292646484375 0.446723212890625 0.0063275888671875 0.4442957080078125 0 0.373606037109375 0
1 0.45224330859375 0 0.4502275927734375 0.009152228515625 0.4520415947265625 0.016164251953125 0.4484576416015625 0.104055677734375 0.448911748046875 0.150010013671875 0.45090078515625 0.1520096611328125 0.4580441875 0.1538032646484375 0.4698413271484375 0.1549873046875 0.5398248798828125 0.15550099609375 0.54200241796875 0.15210269921875 0.5429877587890625 0.1386257900390625 0.5478153212890625 0.04460119140625 0.5474848388671875 0.0098462626953125 0.5434394423828125 0.0077748056640625 0.531615373046875 0.007361900390625 0.5188439111328125 0.004599685546875 0.4813018818359375 0.0036747265625 0.47527171875 0 0.45224330859375 0
1 0.6516272197265625 0.0049901669921875 0.5775982705078125 0.00240501953125 0.5764893046875 0.0046825185546875 0.5681561513671874 0.0074798193359375 0.556832708984375 0.0074704345703125 0.5536539189453125 0.01006169140625 0.54982026953125 0.06088478515625 0.546088208984375 0.153017453125 0.548023390625 0.1565593701171875 0.600433634765625 0.1591616513671875 0.638543611328125 0.15856229296875 0.6407211494140626 0.1551639951171875 0.643612296875 0.131330623046875 0.6516272197265625 0.0049901669921875
1 0.750281076171875 0.02464881640625 0.7542701708984375 0.0135930263671875 0.7522811328125 0.0115933798828125 0.7364520595703125 0.0079523154296875 0.656768119140625 0.00516969140625 0.6467861943359375 0.099400333984375 0.645722513671875 0.1298601630859375 0.6480236767578125 0.1376612744140625 0.6444813515625 0.1506628525390625 0.64468576171875 0.1595488564453125 0.7326086044921875 0.16223315234375 0.73523291015625 0.16078064453125 0.740452150390625 0.143977248046875 0.74015104296875 0.123120701171875 0.7440299775390625 0.1004799365234375 0.74503980078125 0.0715623779296875 0.750281076171875 0.02464881640625
1 0.822507021484375 0.167302662109375 0.8287972783203125 0.164047984375 0.84903775390625 0.01188389453125 0.7734665341796875 0.0092448896484375 0.7697467265625 0.012589330078125 0.7569079423828124 0.0117549521484375 0.7527279013671875 0.0135391689453125 0.742990779296875 0.1154991142578125 0.7393994873046875 0.1593819951171875 0.7423763125 0.162574248046875 0.7505344306640624 0.16478932421875 0.7737492626953125 0.1632837783203125 0.777808125 0.16496966796875 0.805555517578125 0.1663246650390625 0.8091002890625 0.1679926015625 0.822507021484375 0.167302662109375
1 0.8962469306640625 0.16833356640625 0.90217749609375 0.1704708544921875 0.9268942060546875 0.1701758681640625 0.9560382275390625 0.02835967578125 0.9564825498046875 0.0156359501953125 0.8608618232421875 0.01229680078125 0.8547086533203125 0.0263653193359375 0.8508701123046875 0.0478493818359375 0.85261679296875 0.0567892421875 0.851658380859375 0.0694950166015625 0.8476827509765625 0.08016523828125 0.844557818359375 0.0812142255859375 0.8423533515625 0.085383658203125 0.842937208984375 0.0981432890625 0.8355698056640625 0.1322433623046875 0.83296385546875 0.162649333984375 0.8359406806640625 0.165841587890625 0.8962469306640625 0.16833356640625
1 1 0.0171556123046875 0.96367980859375 0.015887283203125 0.960947787109375 0.0204243310546875 0.9502828623046875 0.07525528515625 0.945671962890625 0.0893776611328125 0.9427404228515625 0.1143677353515625 0.9369936298828125 0.1315387470703125 0.930721728515625 0.1637468876953125 0.9316152646484375 0.167638466796875 0.93562026953125 0.1708666259765625 0.9437783876953125 0.1730817021484375 0.9613516953125 0.1709931123046875 0.999827654296875 0.1746529482421875 1 0.17461812890625 1 0.0171556123046875
1 0.9308686015625 0.233238791015625 0.910278076171875 0.233291830078125 0.90765376953125 0.234744337890625 0.8985421318359375 0.2745740654296875 0.895489412109375 0.3030342470703125 0.88734965234375 0.329772634765625 0.880509802734375 0.3635050927734375 0.879605248046875 0.37466859765625 0.8810801962890625 0.3766502919921875 0.9329224931640625 0.380776890625 0.939172359375 0.3786789140625 0.9591680087890625 0.3809213291015625 0.9648903193359375 0.3791909677734375 0.9672025009765625 0.37193699609375 0.9663762861328125 0.366117580078125 0.9749628154296875 0.3413249814453125 0.9942142705078125 0.2617014296875 0.9953207900390625 0.2447544150390625 0.99346639453125 0.2388990927734375 0.97757 0.2371858662109375 0.973686173828125 0.230487599609375 0.9711561162109374 0.229241134765625 0.9308686015625 0.233238791015625
1 0.816186154296875 0.2303921044921875 0.80883221484375 0.264106611328125 0.7942100166015625 0.3585612509765625 0.793265068359375 0.3708814560546875 0.796782912109375 0.37332052734375 0.8045346533203125 0.372433111328125 0.8168054912109375 0.3747918076171875 0.8256123408203125 0.3731691611328125 0.8369223193359375 0.3735641142578125 0.8465823134765625 0.37698975 0.85580900390625 0.3780840283203125 0.8707849326171875 0.376676810546875 0.8776027451171875 0.3730545185546875 0.9049756044921875 0.2377391142578125 0.903040423828125 0.2341971982421875 0.868933005859375 0.2233552001953125 0.8558787939453125 0.2286899013671875 0.82913265234375 0.2281419423828125 0.816186154296875 0.2303921044921875
1 0.73659646484375 0.2249105078125 0.72523262890625 0.22605782421875 0.721566677734375 0.2278599951171875 0.7089604462890625 0.323543146484375 0.709977607421875 0.338634134765625 0.7129140390625 0.3429830908203125 0.712577431640625 0.3526222763671875 0.70726149609375 0.35745512890625 0.7059236376953125 0.366287275390625 0.7074120498046875 0.3678834033203125 0.7175861337890626 0.3713269912109375 0.74281693359375 0.37104995703125 0.766911837890625 0.3738215576171875 0.78083266015625 0.3731495703125 0.7881780263671875 0.369159662109375 0.795195357421875 0.345084341796875 0.7985038984375 0.3092983798828125 0.8118714697265625 0.2360319970703125 0.81055809375 0.2294234931640625 0.73659646484375 0.2249105078125
1 0.6938572109375 0.372814583984375 0.7001205400390625 0.370331041015625 0.7023250078125 0.3661616083984375 0.70640590625 0.33773733203125 0.719510318359375 0.227788185546875 0.695956431640625 0.22426340234375 0.6703827333984375 0.2245284619140625 0.6532869677734375 0.2227733515625 0.63216888671875 0.2231940048828125 0.628516400390625 0.224610607421875 0.6194390302734375 0.3076777470703125 0.6172982041015626 0.3689829716796875 0.6439770234375 0.371458767578125 0.6938572109375 0.372814583984375
1 0.607867103515625 0.3590026904296875 0.612087537109375 0.35606176953125 0.61254532421875 0.3429524765625 0.6147228623046875 0.3395541796875 0.616992205078125 0.3187873935546875 0.615948115234375 0.304467541015625 0.6208956220703125 0.280705978515625 0.6212701767578125 0.25524057421875 0.6242445556640625 0.2437633134765625 0.625431861328125 0.2245028935546875 0.6218736240234375 0.2232205244140625 0.539619234375 0.2203481376953125 0.5359128916015625 0.2233070107421875 0.5338589775390625 0.2379047158203125 0.534297173828125 0.2695751044921875 0.5323913681640625 0.279931568359375 0.5309531328125 0.3358567998046875 0.5339458671875 0.353333001953125 0.541129662109375 0.353969904296875 0.5448360068359375 0.35101103125 0.5515057109375 0.35162998046875 0.5531691591796875 0.34821373046875 0.5573626650390625 0.3460439453125 0.5956366591796876 0.3554872919921875 0.5965705888671875 0.3582221689453125 0.6021178642578126 0.361504185546875 0.60205054296875 0.3634320234375 0.6102894453125 0.3633336943359375 0.607867103515625 0.3590026904296875
1 0.5027528671875 0.214814322265625 0.49803180859375 0.21735172265625 0.448178548828125 0.2152247705078125 0.442415845703125 0.2181118330078125 0.441279951171875 0.2211604677734375 0.440093857421875 0.3288235478515625 0.4430865927734375 0.3462997509765625 0.4426826630859375 0.3578667744140625 0.4507196015625 0.36355195703125 0.46455963671875 0.3651933740234375 0.494890943359375 0.36625256640625 0.5206762255859375 0.364836783203125 0.525451142578125 0.36075711328125 0.52464941015625 0.3394970458984375 0.5264205732421875 0.332996255859375 0.5313534033203124 0.2212176015625 0.52733493359375 0.218375009765625 0.5234915009765625 0.210520041015625 0.5075681767578125 0.20957794921875 0.5039156904296875 0.2109945517578125 0.5027528671875 0.214814322265625
1 0.424786234375 0.207073177734375 0.4251656806640625 0.2109468046875 0.418334404296875 0.2149546650390625 0.4059827822265625 0.2149093740234375 0.403980279296875 0.213295294921875 0.396796484375 0.2126583935546875 0.352030267578125 0.212253236328125 0.3487572275390625 0.2175434658203125 0.348928583984375 0.2715947177734375 0.3541784091796875 0.35709236328125 0.35819687890625 0.3599349541015625 0.3730381650390625 0.362383412109375 0.4028553818359375 0.36342465234375 0.4368795673828125 0.3619105390625 0.4389897841796875 0.3604400791015625 0.4394879638671875 0.346174083984375 0.435749798828125 0.320565060546875 0.4388992138671875 0.304075421875 0.437760873046875 0.292454541015625 0.4394488046875 0.2735976416015625 0.43650992578125 0.2545791689453125 0.4392370556640625 0.2207030908203125 0.4319834921875 0.2073245107421875 0.424786234375 0.207073177734375
1 0.2847224111328125 0.356211056640625 0.3438292890625 0.35866115234375 0.347508705078125 0.3564734140625 0.3486849921875 0.3522680771484375 0.341759486328125 0.1968391044921875 0.331639259765625 0.1918532470703125 0.321938873046875 0.1895843134765625 0.3023630625 0.19005882421875 0.2849513271484375 0.18752060546875 0.279269408203125 0.188094263671875 0.2755765283203125 0.190667568359375 0.2760085986328125 0.2667320703125 0.2822327470703125 0.353807890625 0.2847224111328125 0.356211056640625
1 0.2681932158203125 0.2104836943359375 0.2574646484375 0.2081788564453125 0.25259303515625 0.2002879833984375 0.2325973857421875 0.1980455693359375 0.2238174638671875 0.198897080078125 0.2215322109375 0.2053799169921875 0.2126715029296875 0.2085448330078125 0.2054473154296875 0.2090646337890625 0.1985756455078125 0.214229197265625 0.1982390380859375 0.2238683837890625 0.203277115234375 0.256471478515625 0.20305066796875 0.277695640625 0.2083359951171875 0.332697552734375 0.2116653369140625 0.3405345673828125 0.211355658203125 0.349402619140625 0.214359412109375 0.35182373828125 0.225723248046875 0.3506764208984375 0.2498046884765625 0.35383358984375 0.2585980751953125 0.35259651171875 0.2657145478515625 0.35516125 0.274481005859375 0.354695306640625 0.2781738857421875 0.3521220009765625 0.278483564453125 0.34325394921875 0.2711296474609375 0.214832650390625 0.2681932158203125 0.2104836943359375
1 0.1468410625 0.20701805859375 0.131918990234375 0.206883005859375 0.1261562861328125 0.2097700693359375 0.1273668408203125 0.24880214453125 0.1404381767578125 0.34615405078125 0.1454578974609375 0.349803681640625 0.1871395751953125 0.3501011259765625 0.2045378466796875 0.353024912109375 0.207770494140625 0.348891384765625 0.1990566806640625 0.2594123984375 0.196600072265625 0.211843982421875 0.1890906875 0.2057911845703125 0.1864933095703125 0.2064725576171875 0.1809594990234375 0.2028049736328125 0.1785371572265625 0.1984739697265625 0.167240642578125 0.1976934501953125 0.1543749296875 0.1976302060546875 0.1496538701171875 0.2001676064453125 0.1468410625 0.20701805859375
1 0.1233655166015625 0.18651035546875 0.107022353515625 0.182851337890625 0.082319107421875 0.1827607578125 0.0731193466796875 0.1808953447265625 0.0539633759765625 0.184086779296875 0.05361575 0.208781048828125 0.0645854404296875 0.2778788173828125 0.0658474052734375 0.3006991064453125 0.074093646484375 0.34460932421875 0.0760826845703125 0.3466089716796875 0.109525458984375 0.3470047431640625 0.1207815810546875 0.3489419658203125 0.1362177431640625 0.349094970703125 0.1383414248046875 0.3472389443359375 0.1373646552734375 0.33099125390625 0.1267046435546875 0.25302543359375 0.1239248916015625 0.2147106357421875 0.1269261982421875 0.202462240234375 0.133162599609375 0.2007498330078125 0.13433888671875 0.1965444951171875 0.1233655166015625 0.18651035546875
1 0.0100258193359375 0.2041705537109375 0.005165203125 0.34336040234375 0.0138912685546875 0.3440511611328125 0.01692194921875 0.3457011455078125 0.0210750625 0.3446880625 0.023605119140625 0.34593452734375 0.066261119140625 0.34781014453125 0.0710225712890625 0.3441160419921875 0.0707104462890625 0.338314578125 0.052060015625 0.2091127587890625 0.0496376728515625 0.2047817548828125 0.0358111025390625 0.2027547705078125 0.0258048798828125 0.2043355322265625 0.0100258193359375 0.2041705537109375
1 1 0.4228811650390625 0.9937405517578125 0.422662580078125 0.9895470458984374 0.424832365234375 0.9878432041015625 0.4294053173828125 0.9826349833984375 0.4311536298828125 0.97228586328125 0.432722419921875 0.96204445703125 0.4312066689453125 0.9568362373046875 0.4329549814453125 0.952863052734375 0.45829471875 0.9448579345703125 0.481177431640625 0.9309603623046875 0.5401419130859375 0.9293262880859375 0.5574565439453125 0.931328791015625 0.559070623046875 0.958589021484375 0.5596365341796875 0.9785577431640625 0.5626500830078125 0.997619462890625 0.562157619140625 1 0.4939879638671875 1 0.4228811650390625
1 0.9118386806640625 0.424434955078125 0.87302611328125 0.4304143056640625 0.8640087265625 0.4675450615234375 0.8581432001953125 0.5028556953125 0.847421970703125 0.5445594033203125 0.8470988271484375 0.5538130224609376 0.8608580771484375 0.5577678447265625 0.8851145537109375 0.5559126357421875 0.8917438662109375 0.557688287109375 0.9241584599609375 0.5580481552734375 0.927391107421875 0.5539146279296875 0.9415041083984375 0.48878106640625 0.951320783203125 0.458240861328125 0.9531029638671875 0.436684990234375 0.941968021484375 0.4312776591796875 0.936081693359375 0.422965314453125 0.932036294921875 0.420893857421875 0.91711422265625 0.4207588046875 0.9118386806640625 0.424434955078125
1 0.8027573642578125 0.4233280146484375 0.7918268330078125 0.426806689453125 0.7892967763671875 0.4255602236328125 0.7856712177734375 0.4262056923828125 0.7818975517578125 0.43109240234375 0.7766403671875 0.463722015625 0.775466525390625 0.482596869140625 0.7638566513671875 0.5497480283203126 0.76943085546875 0.55225891015625 0.818702703125 0.55629574609375 0.8413899814453125 0.55515781640625 0.844582236328125 0.5521809912109376 0.856059912109375 0.5035550205078125 0.868442142578125 0.443765546875 0.8688999296875 0.43065625390625 0.8550868232421875 0.428243701171875 0.8533132138671875 0.4200749755859375 0.8482665654296875 0.417196478515625 0.83438613671875 0.416711763671875 0.82902980859375 0.422701318359375 0.80785787109375 0.4246642421875 0.8027573642578125 0.4233280146484375
1 0.6983432509765625 0.4212259443359375 0.6935144765625 0.4268478837890625 0.68994766796875 0.45529011328125 0.682116353515625 0.54689359375 0.6871899296875 0.5490009560546875 0.6959159951171875 0.54969171484375 0.758675359375 0.55072520703125 0.7613265947265625 0.548501564453125 0.7690171416015625 0.5051478720703125 0.7742314892578125 0.4590054453125 0.7796526923828125 0.436418537109375 0.7789207275390625 0.4279001484375 0.765010923828125 0.4135170517578125 0.7593828642578125 0.41254844140625 0.75061640625 0.413014384765625 0.7379551044921875 0.4218371455078125 0.7237086943359375 0.417093236328125 0.707203958984375 0.4180610283203125 0.6983432509765625 0.4212259443359375
1 0.6378422109375 0.41448075 0.6268847509765625 0.41873055859375 0.622298333984375 0.4174122841796875 0.610285765625 0.4223973232421875 0.6086627099609375 0.42465687109375 0.6083958701171875 0.4470377353515625 0.6014935908203125 0.5120370625 0.6004409287109375 0.5274418076171875 0.6015523408203125 0.5398338232421875 0.60396121875 0.54455039453125 0.62141334765625 0.545931912109375 0.62751510546875 0.548075177734375 0.6481460244140625 0.5468654375 0.67017110546875 0.5499507958984375 0.678477330078125 0.547924630859375 0.6821139072265625 0.5322240791015626 0.6934606201171875 0.428390154296875 0.688007595703125 0.422409166015625 0.6834211787109375 0.4210908916015625 0.6805789970703126 0.414042962890625 0.6745310966796875 0.4103574267578125 0.6542930888671875 0.4150552275390625 0.6378422109375 0.41448075
1 0.5845115009765625 0.4087580244140625 0.525649427734375 0.41403723046875 0.523175673828125 0.42591801171875 0.51953786328125 0.5153517080078125 0.52081329296875 0.5377864287109375 0.525819548828125 0.541821626953125 0.5304194296875 0.5427543349609375 0.5935717060546875 0.5472758857421876 0.5972645849609375 0.5447025810546875 0.5989549619140625 0.5405151962890625 0.6060408486328125 0.4407788935546875 0.6065928857421875 0.4249706279296875 0.6047115615234375 0.4198864423828125 0.60169434375 0.4178508896484375 0.5998668779296875 0.41122443359375 0.5983919296875 0.4092427392578125 0.5917491533203125 0.4078526552734375 0.5870415576171875 0.41000448828125 0.5845115009765625 0.4087580244140625
1 0.4956277998046875 0.404109986328125 0.4933425478515625 0.4105928232421875 0.4877622236328125 0.41194210546875 0.45835750390625 0.4101431943359375 0.44335464453125 0.4123215458984375 0.440716873046875 0.41415962109375 0.4389861044921875 0.4195037080078125 0.437907724609375 0.5240822490234375 0.4396005478515625 0.5345643798828125 0.444133107421875 0.537424923828125 0.459001322265625 0.5391022451171875 0.4708792490234375 0.5379728818359375 0.509409064453125 0.5400904482421875 0.5140762666015625 0.5390953173828125 0.516727501953125 0.536871673828125 0.5169967880859375 0.529160326171875 0.5137886240234375 0.517853203125 0.518504791015625 0.485976771484375 0.5203334921875 0.4188700830078125 0.5154214853515625 0.412135912109375 0.515176681640625 0.404406611328125 0.497724552734375 0.40302509375 0.4956277998046875 0.404109986328125
1 0.362141900390625 0.4090994970703125 0.357299662109375 0.41510700390625 0.356941017578125 0.4548563564453125 0.361405021484375 0.5333778818359375 0.368007404296875 0.53592466796875 0.4338782373046875 0.536294740234375 0.4371647412109375 0.530618943359375 0.4386201220703125 0.415244513671875 0.435452349609375 0.4027806884765625 0.4319210419921875 0.4007271845703125 0.4266454990234375 0.404403333984375 0.4225058515625 0.4050308505859375 0.4180271494140625 0.400628037109375 0.41433426953125 0.403201341796875 0.414186162109375 0.407442583984375 0.4099791923828125 0.4099979365234375 0.3781325458984375 0.408113751953125 0.362141900390625 0.4090994970703125
1 0.291072630859375 0.46915580078125 0.292175470703125 0.5112724140625 0.2951008837890625 0.530676453125 0.2985783349609375 0.5342722275390624 0.350961650390625 0.5376456435546875 0.356751283203125 0.5339874462890625 0.3587648046875 0.5205464423828124 0.356387140625 0.5001964365234375 0.3557953388671875 0.3992269287109375 0.3492737421875 0.3943667392578125 0.3143829482421875 0.39121813671875 0.2901668642578125 0.3919166435546875 0.2875156279296875 0.39414028515625 0.2865327333984375 0.422286708984375 0.291072630859375 0.46915580078125
1 0.2653155107421875 0.3960673037109375 0.2447653779296875 0.394963640625 0.241099427734375 0.396765810546875 0.233888703125 0.3969000439453125 0.2286131611328125 0.4005761943359375 0.219415845703125 0.413380296875 0.21876955859375 0.4318875341796875 0.222467578125 0.443906630859375 0.224706064453125 0.4977212392578125 0.2309204287109375 0.52611899609375 0.235913220703125 0.5305397626953124 0.250691029296875 0.5298977021484375 0.2574915341796875 0.53167933203125 0.2642420244140625 0.5299848759765625 0.2914214697265625 0.53286419140625 0.292204845703125 0.5251707939453125 0.2884235947265625 0.5007955869140625 0.2884752529296875 0.4698371728515625 0.28203812109375 0.403599947265625 0.277031865234375 0.3995647490234375 0.2729191455078125 0.3994211298828125 0.2653155107421875 0.3960673037109375
1 0.15378737109375 0.4060700107421875 0.152611083984375 0.41027534765625 0.1553504423828125 0.4497468466796875 0.16657840234375 0.5261883486328125 0.1691084580078125 0.527434814453125 0.1866144443359375 0.527274060546875 0.2261320478515625 0.530584234375 0.226684083984375 0.51477596875 0.216115876953125 0.4194416611328125 0.2168588603515625 0.412904966796875 0.2239324951171875 0.401956892578125 0.2240671376953125 0.3981012177734375 0.221564009765625 0.3960836181640625 0.202042056640625 0.395015859375 0.197496033203125 0.3925408828125 0.1753497724609375 0.392925630859375 0.16017187890625 0.4001163603515625 0.15378737109375 0.4060700107421875
1 0.12782216015625 0.383159140625 0.0985055693359375 0.382521419921875 0.0892115576171875 0.383354978515625 0.085518677734375 0.3859282841796875 0.086958125 0.4184057119140625 0.0980920810546875 0.4827995576171875 0.0980649052734375 0.4983173212890625 0.1035044658203125 0.504683876953125 0.104575484375 0.5182325947265625 0.111476529296875 0.526966412109375 0.1603420009765625 0.5279007578125 0.164562435546875 0.5249598369140624 0.1643041669921875 0.5176161025390625 0.160969931640625 0.4804400556640625 0.15517540625 0.45475922265625 0.151165509765625 0.422192033203125 0.15107983203125 0.3951664072265625 0.14868441796875 0.3900642685546875 0.144692876953125 0.3864505419921875 0.12782216015625 0.383159140625
1 0.0817046201171875 0.3919716962890625 0.077172060546875 0.38911115234375 0.066782546875 0.3918366435546875 0.0552302109375 0.3983819052734375 0.0433388212890625 0.3998968359375 0.0382113857421875 0.399331744140625 0.029105875 0.3947673583984375 0.027509748046875 0.396255771484375 0.020272095703125 0.397161140625 0.0115325673828125 0.39685594921875 0.00318594921875 0.4000388173828125 0.001839517578125 0.4385955625 0.00386894921875 0.4394385068359375 0.0062374345703125 0.4453117802734375 0.0110735458984375 0.48369838671875 0.0205499326171875 0.521860998046875 0.042074388671875 0.5245428359375 0.0498261298828125 0.523655419921875 0.0976230283203125 0.5257105625 0.100301193359375 0.52271578515625 0.099851978515625 0.50610048046875 0.08886882421875 0.437388279296875 0.085453802734375 0.40252563671875 0.0817046201171875 0.3919716962890625
1 0 0.6034523896484375 0.00485916015625 0.6174364345703125 0.0097356650390625 0.6546663388671875 0.0144816162109375 0.666155712890625 0.0137565810546875 0.6721784462890625 0.0167603349609375 0.674599564453125 0.039286041015625 0.678088443359375 0.055831169921875 0.6759639482421875 0.0691975078125 0.6764307109375 0.073905103515625 0.67427887890625 0.0741474609375 0.6673386640625 0.0590626044921875 0.5834277607421875 0.051806595703125 0.555379666015625 0.00971854296875 0.55197973046875 0.0014527109375 0.5528491943359375 0 0.55310782421875 0 0.6034523896484375
1 0.0585166943359375 0.5548419130859376 0.0558789228515625 0.5566799873046875 0.0679037216796875 0.625042525390625 0.06840679296875 0.6401155615234375 0.0706406357421875 0.649844509765625 0.0750116220703125 0.65733186328125 0.0780716796875 0.6728802275390625 0.1115009892578125 0.6736615673828125 0.1165745673828125 0.6757689287109375 0.1325113544921875 0.6763254541015625 0.134715822265625 0.672156021484375 0.131666783203125 0.6415525732421875 0.1293252265625 0.6349081650390626 0.1301086025390625 0.6272147685546875 0.1185844296875 0.55925575 0.1150396572265625 0.5575878134765625 0.1001579775390625 0.55629605859375 0.0585166943359375 0.5548419130859376
1 0.14129127734375 0.6754739423828126 0.1901298203125 0.677179421875 0.1927810556640625 0.674955779296875 0.19291569921875 0.6711001044921875 0.1839460654296875 0.588946900390625 0.1832251181640625 0.5653734287109375 0.1787733447265625 0.56019948046875 0.170588298828125 0.5587555390625 0.1402839208984375 0.5569252119140625 0.1273912802734375 0.557633103515625 0.1242394189453125 0.5594532265625 0.1230092744140625 0.5652008330078125 0.13725934375 0.67301691796875 0.14129127734375 0.6754739423828126
1 0.22558245703125 0.5610620146484375 0.2173570185546875 0.5607747763671875 0.20338233984375 0.562989033203125 0.196726099609375 0.5619845166015625 0.189908287109375 0.5656068095703125 0.1860134423828125 0.573963626953125 0.185394083984375 0.5916997294921875 0.192657431640625 0.66375637109375 0.1957982744140625 0.6769913310546875 0.2024006572265625 0.6795381171875 0.22607572265625 0.6795927939453125 0.234694072265625 0.6833680908203125 0.2425131357421875 0.6805528388671875 0.2497103955078125 0.6808041728515625 0.2529834345703125 0.67551394140625 0.24678621484375 0.58766698828125 0.24719014453125 0.5760999638671875 0.25101766796875 0.5696709853515625 0.2506112919921875 0.5665684931640625 0.2440493017578125 0.56286500390625 0.2368251142578125 0.5633848056640625 0.22558245703125 0.5610620146484375
1 0.250342005859375 0.574279841796875 0.24834194921875 0.58733527734375 0.2554192412109375 0.67945937890625 0.257935833984375 0.6810914111328125 0.3113742578125 0.6837295966796875 0.3151344599609375 0.6792284541015625 0.3153633525390625 0.6726738076171875 0.3115040087890625 0.650534890625 0.3114697421875 0.60729748046875 0.3086361328125 0.570524953125 0.29996392578125 0.5682919248046875 0.2939698818359375 0.563064119140625 0.2728787314453125 0.56271363671875 0.264058416015625 0.5647218515625 0.2594719990234375 0.563403576171875 0.255291958984375 0.565187794921875 0.250342005859375 0.574279841796875
1 0.378199845703125 0.5683217197265625 0.3764825400390625 0.5732802392578125 0.377903630859375 0.5768042041015625 0.3760296455078125 0.615728564453125 0.380378595703125 0.6533260830078125 0.379164361328125 0.6733576376953125 0.3813308818359375 0.6850144228515626 0.3833468486328125 0.686242935546875 0.43531032421875 0.6868994267578125 0.43851604296875 0.6835370341796875 0.440282314453125 0.64769721484375 0.4377938837890625 0.57156090234375 0.4353311484375 0.5683866005859375 0.4317594482421875 0.567489798828125 0.409680509765625 0.5659467099609375 0.382406814453125 0.5657663671875 0.378199845703125 0.5683217197265625
1 0.321744203125 0.563647982421875 0.3140059248046875 0.564149830078125 0.31182838671875 0.5675481279296875 0.3107353310546875 0.5841095751953125 0.314094048828125 0.60584497265625 0.313081779296875 0.620093015625 0.3176510517578125 0.680860486328125 0.3206548056640625 0.68328160546875 0.325268150390625 0.683828744140625 0.370007439453125 0.6850050380859375 0.373713783203125 0.6820461650390625 0.374429837890625 0.67628060546875 0.375830126953125 0.6361815908203124 0.3718899970703125 0.6163560791015625 0.37384966015625 0.6044573447265625 0.3708275498046875 0.5730827626953126 0.367944974609375 0.5671915361328125 0.3531171533203125 0.56435751171875 0.321744203125 0.563647982421875
1 0.4518150595703125 0.685931634765625 0.4800361494140625 0.688461287109375 0.4970280458984375 0.6882825810546875 0.49916519140625 0.686040986328125 0.50274546484375 0.657213189453125 0.50001223046875 0.5733475771484375 0.49803665625 0.57096236328125 0.4924220595703125 0.5696081845703125 0.4579914990234375 0.5680198046875 0.443556587890625 0.5686738388671875 0.44143290625 0.5705298671875 0.441775619140625 0.6786323720703125 0.4456863740234375 0.6845595029296875 0.4518150595703125 0.685931634765625
1 0.5055178779296875 0.65151944140625 0.5055093056640625 0.6812440390625 0.50729637890625 0.689027197265625 0.5148730859375 0.693152158203125 0.5329200908203126 0.6922382236328125 0.57610364453125 0.6937462265625 0.5787144873046876 0.69267928515625 0.579850380859375 0.6896306513671875 0.58535605078125 0.6056667099609375 0.5851088017578125 0.583267892578125 0.5811576533203126 0.5784974638671875 0.5765847021484375 0.5767936220703125 0.5411528896484376 0.574398203125 0.5123773173828124 0.57300730078125 0.5085901875 0.578279578125 0.5055178779296875 0.65151944140625
1 0.6234072783203125 0.57727058984375 0.6027898232421876 0.578094763671875 0.5913586669921875 0.5811699169921875 0.588599716796875 0.5864780986328125 0.586155337890625 0.6122572607421874 0.58320420703125 0.6820270166015625 0.5849508876953124 0.6909668779296875 0.6054202353515625 0.6943839462890625 0.6506601484375 0.6959637587890625 0.65481326171875 0.6949506767578125 0.65696387109375 0.692323513671875 0.660552716796875 0.633771119140625 0.665268884765625 0.6018946865234375 0.66518565234375 0.589538576171875 0.6618293798828125 0.5824726953125 0.6480432021484375 0.5792890078125 0.6444311083984375 0.5795489091796875 0.643322142578125 0.581826408203125 0.6371395986328126 0.581996546875 0.63417623828125 0.5784187255859375 0.6234072783203125 0.57727058984375
1 0.706615166015625 0.7002339765625 0.72771978125 0.7001988916015625 0.730965892578125 0.6956797958984375 0.7333588603515625 0.686112419921875 0.7438303935546875 0.60734037890625 0.743827947265625 0.59267086328125 0.7379685478515625 0.5835873828125 0.734924400390625 0.582322966796875 0.6932696513671875 0.581254388671875 0.6803366181640625 0.583118982421875 0.6711637841796875 0.5804824345703125 0.6669837431640625 0.58226665234375 0.661284681640625 0.6422895078125 0.659967625 0.6947446328125 0.706615166015625 0.7002339765625
1 0.7564757841796875 0.584233669921875 0.7487375068359375 0.5847355185546875 0.7455856455078125 0.5865556416015625 0.745752109375 0.61126786328125 0.7334824853515625 0.697311828125 0.7374605615234375 0.7013111220703125 0.78629910546875 0.7030166015625 0.803697376953125 0.705940388671875 0.8086069365234375 0.69800504296875 0.8135275146484375 0.6750146162109375 0.825013763671875 0.5966640478515625 0.8148935361328125 0.591678189453125 0.814460232421875 0.5893468330078125 0.8108077451171875 0.590763435546875 0.8077905283203125 0.5887278837890625 0.7866993759765625 0.58837740234375 0.771195892578125 0.590152234375 0.76556783203125 0.589183623046875 0.7564757841796875 0.584233669921875
1 0.8831867109375 0.5963792666015625 0.8700088740234375 0.59051455859375 0.867330708984375 0.5935093359375 0.86277122265625 0.591419927734375 0.8327789697265625 0.5953910634765625 0.828598927734375 0.5971752822265625 0.82684123046875 0.60329050390625 0.814299873046875 0.6823763017578125 0.8089190615234375 0.7038065078125 0.810908099609375 0.7058061552734375 0.8211225771484375 0.7080930400390625 0.84278167578125 0.706919205078125 0.8688925478515624 0.7109193173828126 0.8832870654296875 0.7114219853515625 0.8865062490234376 0.7076740244140625 0.8943473486328125 0.6747486064453125 0.8983878544921875 0.64748103125 0.9080405107421875 0.60689812109375 0.9071469736328125 0.6030065419921875 0.904643845703125 0.6009889423828125 0.89135829296875 0.5982087744140625 0.88836800390625 0.5954020869140625 0.8831867109375 0.5963792666015625
1 0.976156203125 0.6019420576171876 0.9707839638671875 0.5936476650390625 0.939424478515625 0.5925525673828125 0.9202550439453125 0.5961295703125 0.9121507841796875 0.592372224609375 0.907009884765625 0.5921927001953124 0.903370861328125 0.5932237353515625 0.9027894501953125 0.5951336201171875 0.909378369140625 0.5980659736328126 0.9095423876953125 0.6081086796875 0.894551759765625 0.683634609375 0.8881562333984375 0.7046433427734375 0.888495287109375 0.709673671875 0.8904843251953125 0.7116733193359375 0.8971271005859375 0.71306340234375 0.9311512861328125 0.7115492900390625 0.9501187568359375 0.713755798828125 0.9630383271484375 0.7122767724609375 0.96638970703125 0.6900036220703125 0.9714339091796875 0.6782126025390625 0.9803435830078125 0.6441663857421875 0.9849385712890625 0.6157600615234375 0.982691265625 0.606416681640625 0.976156203125 0.6019420576171876
1 0.966042080078125 0.714697890625 0.9891626630859375 0.7158913173828125 0.9922606669921875 0.7156134638671875 0.9964884609375 0.5945452861328125 0.9800106552734374 0.594741943359375 0.9798894755859375 0.59821205078125 0.9898615947265625 0.6074391494140625 0.977140310546875 0.662198294921875 0.96729670703125 0.6935096337890625 0.9645536689453125 0.713101763671875 0.966042080078125 0.714697890625
1 0.935536951171875 0.807053736328125 0.9736065341796875 0.8076110791015625 0.9757302158203125 0.805755052734375 0.9873853740234375 0.766786220703125 0.9906718779296875 0.7611104228515625 0.991196986328125 0.74607329296875 0.9814696708984375 0.7445754951171875 0.9721621943359375 0.74579462109375 0.9423853720703125 0.743596677734375 0.9392200458984375 0.745802369140625 0.9334059306640625 0.764901216796875 0.927160958984375 0.7963382236328125 0.9273788330078125 0.80483866015625 0.935536951171875 0.807053736328125
1 0.8764570009765625 0.8038325048828125 0.8800017734375 0.8055004423828125 0.9123490458984375 0.8077881474609375 0.92164305859375 0.806954587890625 0.9243077587890625 0.8043453779296875 0.9377316337890625 0.7442062421875 0.931088857421875 0.742816158203125 0.89253211328125 0.7414697265625 0.8894879658203125 0.740205310546875 0.883792583984375 0.7411645361328125 0.879978525390625 0.747207947265625 0.8766675380859374 0.7683243955078125 0.8733406416015626 0.7751568955078125 0.871380978515625 0.78705562890625 0.8764570009765625 0.8038325048828125
1 0.874339447265625 0.7612944189453125 0.875540216796875 0.741648431640625 0.8339931826171875 0.737495314453125 0.8267420654296875 0.73878625 0.8181310546875 0.7790194990234375 0.8172803564453125 0.788640732421875 0.8196219130859375 0.795285140625 0.82359998828125 0.7992844345703125 0.8626842880859374 0.8002632509765625 0.866511810546875 0.7938342705078125 0.874339447265625 0.7612944189453125
1 0.8153990322265625 0.7835565458984375 0.824171615234375 0.73869648828125 0.805691306640625 0.73727906640625 0.7876443017578125 0.7381930009765625 0.7779843076171875 0.7347673662109375 0.7717748359375 0.7357086396484375 0.763109966796875 0.7774841572265625 0.7620707685546875 0.7925033359375 0.765020666015625 0.796466724609375 0.7757223037109375 0.799542697265625 0.80810996875 0.80067369921875 0.8153990322265625 0.7835565458984375
1 0.7676755810546875 0.7351794521484375 0.7615334306640625 0.734192888671875 0.7327713232421875 0.73241641796875 0.730620712890625 0.7350435810546875 0.728687978515625 0.7461711796875 0.725042830078125 0.791596328125 0.730617033203125 0.7941072099609375 0.7553068134765625 0.7945833583984375 0.7596080341796875 0.7893290341796875 0.7691639931640625 0.7367755791015625 0.7676755810546875 0.7351794521484375
1 0.7203486982421875 0.7933625947265625 0.72248584375 0.791121 0.7237673994140625 0.769161607421875 0.726728314453125 0.7580699130859375 0.7290245859375 0.7365319931640625 0.7276438876953125 0.731851326171875 0.6942011142578125 0.7314555546875 0.692104361328125 0.732540447265625 0.6884029091796875 0.7648383505859375 0.687027103515625 0.78949671484375 0.6884481943359375 0.7930206787109375 0.70948548828125 0.794913431640625 0.7203486982421875 0.7933625947265625
1 0.6827662763671875 0.793594337890625 0.6848764931640625 0.7921238779296875 0.6887395166015625 0.7551991650390625 0.6889659638671874 0.7339750029296875 0.6854615849609375 0.73115036328125 0.6689837783203125 0.7313470205078125 0.660284642578125 0.7298851279296875 0.6535880087890625 0.7300373134765625 0.6514373994140625 0.7326644765625 0.6478191787109375 0.7773184912109375 0.6494042880859375 0.7908851611328125 0.6503920751953125 0.792077767578125 0.6827662763671875 0.793594337890625
1 0.6489477353515625 0.7302613095703125 0.6469317685546875 0.729032796875 0.616600462890625 0.7279736044921875 0.6133543505859375 0.73249269921875 0.610624775390625 0.7516992626953125 0.6092783447265625 0.7902560068359376 0.61539356640625 0.7920137060546875 0.6436685126953124 0.7930010888671875 0.6457787294921875 0.79153062890625 0.6498033251953125 0.7499791064453125 0.6489477353515625 0.7302613095703125
1 0.5719713349609375 0.7383822880859375 0.5708427783203125 0.7854394697265625 0.572263869140625 0.7889634326171875 0.6052060185546875 0.788955685546875 0.6099307568359374 0.72735465625 0.6027738916015625 0.7259466201171875 0.5770424658203125 0.7258201337890625 0.5743777666015625 0.72842934375 0.5719713349609375 0.7383822880859375
1 0.548280359375 0.7240436640625 0.5359018076171875 0.7247695087890625 0.5337511982421875 0.7273966708984375 0.5312443896484375 0.784442701171875 0.5332199638671875 0.7868279150390625 0.5645121279296875 0.789850849609375 0.568772955078125 0.7857532275390625 0.57132015625 0.7275504951171875 0.5673016865234375 0.7247079033203125 0.548280359375 0.7240436640625
1 0.5271757431640625 0.72407875 0.5076941826171875 0.7218542880859375 0.493272736328125 0.722122755859375 0.4916325361328125 0.7838314990234375 0.494622826171875 0.786638185546875 0.5239124873046875 0.788047041015625 0.528079064453125 0.786648390625 0.529201494140625 0.7839853232421875 0.5317352314453125 0.7261681591796875 0.5271757431640625 0.72407875
1 0.4768047138671875 0.780997474609375 0.4849628310546875 0.7832125498046875 0.4876544599609375 0.7798322060546875 0.4881318369140625 0.7219432314453125 0.486656888671875 0.719961537109375 0.47224890625 0.7198444365234375 0.45996460546875 0.71787130859375 0.453281435546875 0.717637927734375 0.4506302001953125 0.7198615693359375 0.44971951953125 0.7754191875 0.4562545810546875 0.779893810546875 0.4705952421875 0.781938748046875 0.4768047138671875 0.780997474609375
1 0.4432627978515625 0.7539616435546875 0.442364369140625 0.720731033203125 0.438833060546875 0.718677529296875 0.4249257041015625 0.71896394921875 0.4110991337890625 0.7169369638671875 0.40697294921875 0.717178912109375 0.406405001953125 0.7187032294921875 0.40594108984375 0.77620663671875 0.40843075390625 0.7786098037109375 0.439303078125 0.7789158134765625 0.441521009765625 0.774360814453125 0.4432627978515625 0.7539616435546875
1 0.3992077431640625 0.7184518955078125 0.388858623046875 0.7200206845703125 0.365711111328125 0.7195983935546875 0.36618112890625 0.779836677734375 0.3702130625 0.782293701171875 0.39850147265625 0.7828955166015625 0.4016937265625 0.7799186923828125 0.402355923828125 0.77569540234375 0.4022384248046875 0.7201018798828125 0.3992077431640625 0.7184518955078125
1 0.36316758984375 0.7187374970703125 0.3621798037109375 0.7175448896484375 0.3400874013671875 0.7163873681640625 0.3282498681640625 0.7163600302734375 0.326139650390625 0.7178304892578125 0.325374630859375 0.7544773505859375 0.327705169921875 0.7761768408203125 0.331723638671875 0.77901943359375 0.3625690341796875 0.780096578125 0.36431326953125 0.774366923828125 0.36316758984375 0.7187374970703125
1 0.2860137080078125 0.7172013359375 0.2863172607421875 0.7527273984375 0.28912149609375 0.775601544921875 0.297198828125 0.7801300263671875 0.321902072265625 0.7802206064453125 0.3261763642578125 0.7757374169921875 0.3235826650390625 0.71735516015625 0.288664943359375 0.7149776943359375 0.2860137080078125 0.7172013359375
1 0.2403404892578125 0.7132901669921875 0.2125796337890625 0.712320736328125 0.2083861279296875 0.714490521484375 0.2068732333984375 0.728335044921875 0.211886828125 0.7763787890625 0.2139027939453125 0.7776073017578125 0.24524881640625 0.779087966796875 0.2475744619140625 0.771448427734375 0.2437640830078125 0.7184282099609375 0.2403404892578125 0.7132901669921875
1 0.2865106533203125 0.7766684853515625 0.2867126181640625 0.7708849736328125 0.2837198828125 0.753408771484375 0.2829695615234375 0.715936919921875 0.2814811484375 0.71434079296875 0.275338998046875 0.713354228515625 0.2659911298828125 0.715730056640625 0.250662681640625 0.7124925126953126 0.2459550859375 0.714644345703125 0.248387212890625 0.7776534111328125 0.2550030595703125 0.7798146298828125 0.283304935546875 0.7800308779296875 0.2865106533203125 0.7766684853515625
1 0.1837905966796875 0.7113154013671875 0.172981244140625 0.7113239677734375 0.1698293828125 0.7131440908203125 0.1683030234375 0.727374181640625 0.1743717275390625 0.7746826962890625 0.1779164990234375 0.7763506328125 0.2103445576171875 0.7763249326171875 0.205842607421875 0.7136296240234375 0.199213294921875 0.7118539736328126 0.1837905966796875 0.7113154013671875
1 0.13112453125 0.7160389013671875 0.131102494140625 0.7461490673828125 0.1372764658203125 0.7757035263671875 0.1717743486328125 0.775364068359375 0.1725307958984375 0.7684418076171875 0.165595484375 0.7164705771484375 0.1574912255859375 0.712713232421875 0.136427001953125 0.711591615234375 0.13112453125 0.7160389013671875
1 0.1331772109375 0.77517433984375 0.1343400341796875 0.7713545703125 0.1301551005859375 0.7437997568359375 0.1291624208984375 0.713268119140625 0.1086526806640625 0.7110077529296875 0.0941639130859375 0.7132040576171875 0.0914588203125 0.7169699697265625 0.09449439453125 0.7479589853515625 0.0993011328125 0.7724472099609375 0.1028189765625 0.7748862822265625 0.109041912109375 0.77355944140625 0.1331772109375 0.77517433984375
1 0.09360575 0.7734064365234375 0.0958910029296875 0.766923599609375 0.0891466396484375 0.72422394140625 0.090565283203125 0.713078390625 0.087574994140625 0.7102717041015625 0.07989057421875 0.7092312822265625 0.0608019248046875 0.7104948798828125 0.0562020439453125 0.709562173828125 0.05096689453125 0.7120816220703124 0.0501835185546875 0.719775017578125 0.0586610986328125 0.7718001044921875 0.0611507626953125 0.774203271484375 0.09360575 0.7734064365234375
1 0.0303322958984375 0.7723549921875 0.033362978515625 0.7740049765625 0.0539669677734375 0.77356637109375 0.0576463837890625 0.7713786328125 0.057713705078125 0.7694507958984375 0.04891053515625 0.7120098125 0.025397041015625 0.707328326171875 0.018172853515625 0.7078481279296875 0.0134517939453125 0.7103855283203125 0.01307479296875 0.721181416015625 0.0216466240234375 0.77050753125 0.0256785576171875 0.7729645546875 0.0303322958984375 0.7723549921875
1 0 0.7703857626953124 0.0175204404296875 0.7707494794921875 0.0201447470703125 0.7692969716796875 0.01192298828125 0.7099461025390625 0 0.7068760234375 0 0.7703857626953124
1 0 0.8524348701171875 0.000691328125 0.85470403515625 0.0083622841796875 0.8561300234375 0.036677623046875 0.8559607041015626 0.0393288583984375 0.8537370615234375 0.0381770537109375 0.8425017490234376 0.031260099609375 0.819483982421875 0.0287679892578125 0.80241130078125 0.0262513974609375 0.8007792685546875 0.0118972724609375 0.7991198984375 0 0.7992798408203124 0 0.8524348701171875
1 0.076343333984375 0.8550296357421875 0.0781010322265625 0.8489144130859375 0.075014046875 0.83413718359375 0.0731731162109375 0.827896294921875 0.0667726982421875 0.8195659970703125 0.0670015908203125 0.8130113505859375 0.07020730859375 0.8096489580078124 0.070368880859375 0.8050221484375 0.0601813330078125 0.8019641279296875 0.037561375 0.8011742216796875 0.0313115107421875 0.803272197265625 0.04292748828125 0.853862728515625 0.044429365234375 0.8550732880859375 0.076343333984375 0.8550296357421875
1 0.1149000791015625 0.85637606640625 0.112338201171875 0.8265617060546875 0.1073968203125 0.805929154296875 0.10028034765625 0.8033644169921875 0.0869274736328125 0.8025120859375 0.0735342060546875 0.8028164580078125 0.07185729296875 0.806618275390625 0.0698437724609375 0.8200592783203124 0.0755954580078125 0.832227298828125 0.078399693359375 0.8551014453125 0.0850020771484375 0.8576482314453125 0.1149000791015625 0.85637606640625
1 0.1119697724609375 0.80763299609375 0.11111907421875 0.8172542294921875 0.1138963818359375 0.84089951171875 0.119012798828125 0.8565196865234375 0.1466928681640625 0.8598025205078125 0.1518606962890625 0.8592109111328124 0.1434504365234375 0.805257986328125 0.1156895810546875 0.8042885556640625 0.1119697724609375 0.80763299609375
1 0.1878604560546875 0.86008201171875 0.1895642978515625 0.8555090595703125 0.184862828125 0.813266779296875 0.182941111328125 0.809339294921875 0.177880998046875 0.8068463662109375 0.1531373603515625 0.8079124873046875 0.144629169921875 0.8157221650390625 0.14816537109375 0.8471147001953125 0.1524286435546875 0.8576865927734375 0.1620886376953125 0.861112228515625 0.1738857783203125 0.8622962685546876 0.1878604560546875 0.86008201171875
1 0.218137904296875 0.862683474609375 0.225375556640625 0.8617781064453125 0.2274857744140625 0.8603076455078125 0.2281883642578125 0.854927654296875 0.2267378984375 0.8375053095703126 0.22815409765625 0.8116902421875 0.220022908203125 0.80870403125 0.20975457421875 0.807959416015625 0.1865397412109375 0.8094649619140625 0.19030728125 0.8489723662109375 0.1935693017578125 0.85873721875 0.1970871455078125 0.8611762900390625 0.218137904296875 0.862683474609375
1 0.2266252919921875 0.8112508173828125 0.2271308095703125 0.8409933681640624 0.2305703125 0.8604153603515625 0.2382143408203125 0.8626124833984375 0.2644733193359375 0.8623713544921875 0.264495357421875 0.8322611884765625 0.261569943359375 0.8128571494140625 0.2575380087890625 0.8104001259765625 0.2266252919921875 0.8112508173828125
1 0.302362974609375 0.838602044921875 0.2996260625 0.813800060546875 0.2904397646484375 0.811549080078125 0.2683338974609375 0.810777126953125 0.2657095908203125 0.812229634765625 0.267191876953125 0.858219875 0.2702090947265625 0.8602554267578125 0.283508111328125 0.86265002734375 0.3000128466796875 0.861682234375 0.3021365283203125 0.8598262060546875 0.302362974609375 0.838602044921875
1 0.3336306572265625 0.8570656298828125 0.3361717314453125 0.8432570107421875 0.335612357421875 0.8150567294921875 0.3305657080078125 0.8121782333984375 0.3042663349609375 0.8135760654296875 0.3026836728515625 0.81467891015625 0.302306671875 0.825474798828125 0.3048685498046875 0.8552891591796875 0.3078049814453125 0.859638115234375 0.3288422763671875 0.8615308662109376 0.3336306572265625 0.8570656298828125
1 0.374001404296875 0.8654240849609375 0.37452651171875 0.850386953125 0.3721127431640625 0.8163313515625 0.369082060546875 0.8146813671875 0.3593143505859375 0.8143402705078125 0.3402660947265625 0.8144471669921876 0.3376283232421875 0.8162852412109375 0.337108107421875 0.8606614033203125 0.33902982421875 0.8645888876953125 0.3533570205078125 0.867019392578125 0.3713636328125 0.8672621591796875 0.374001404296875 0.8654240849609375
1 0.4013671875 0.82861328125 0.0048828125 0.0048828125
1 0.3819073798828125 0.8159013125 0.3782818212890625 0.8165467802734375 0.376658765625 0.818806328125 0.37661224609375 0.86435714453125 0.3786282138671875 0.86558565625 0.4099607705078125 0.8674518876953125 0.41213830859375 0.8640535908203125 0.4127258466796875 0.817749591796875 0.4050818193359375 0.81555246875 0.3819073798828125 0.8159013125
1 0.450240947265625 0.8194456865234375 0.4416091337890625 0.816055955078125 0.4173795849609375 0.817140029296875 0.4146744921875 0.82090594140625 0.41394497265625 0.827057068359375 0.4128812919921875 0.857516896484375 0.4146145087890625 0.8668423251953125 0.41867337109375 0.86852821484375 0.44903160546875 0.868816271484375 0.45087008984375 0.8603876455078125 0.450240947265625 0.8194456865234375
1 0.4892383349609375 0.8671320205078125 0.4901808369140625 0.840142298828125 0.48831053125 0.8200030302734375 0.4842382041015625 0.8187027080078125 0.463147052734375 0.8183522265625 0.455922865234375 0.8188720283203125 0.4543132744140625 0.8207460078125 0.453007236328125 0.85814605078125 0.4557282392578125 0.8686640859375 0.4602877265625 0.8707534951171875 0.487087724609375 0.86975918359375 0.4892383349609375 0.8671320205078125
1 0.5253519345703125 0.82052446875 0.5119990615234375 0.819672138671875 0.492396322265625 0.8209177841796875 0.4901428896484375 0.8559685166015625 0.4917279990234375 0.8695351875 0.5065962138671875 0.871212509765625 0.5246566826171875 0.8699130068359375 0.52690154296875 0.864586873046875 0.52786852734375 0.8221565009765625 0.5253519345703125 0.82052446875
1 0.566780236328125 0.842817208984375 0.5649233955078125 0.822292373046875 0.5634215185546875 0.8210818134765625 0.534091462890625 0.82082966015625 0.530398583984375 0.82340296484375 0.528901599609375 0.8515314365234375 0.5302443505859376 0.8720383212890624 0.533762193359375 0.874477392578125 0.5626589453125 0.8723981884765625 0.56585119921875 0.86942136328125 0.566780236328125 0.842817208984375
1 0.6019856015625 0.866436791015625 0.60183015625 0.826669486328125 0.598352705078125 0.8230737119140625 0.57164695703125 0.8213690517578125 0.567480380859375 0.8227677021484375 0.5664864677734375 0.865969208984375 0.568367791015625 0.8710533955078125 0.5858468486328124 0.87166377734375 0.5977920966796875 0.868606576171875 0.59982152734375 0.8694495205078125 0.6019856015625 0.866436791015625
1 0.6357674296875 0.871862892578125 0.6384859873046875 0.867711412109375 0.6414958662109375 0.8257384169921875 0.6266680439453125 0.822904392578125 0.608661431640625 0.8226616259765624 0.60499548046875 0.8244637958984375 0.6043332841796875 0.8286870849609375 0.6026747275390625 0.8614423662109375 0.604502193359375 0.8680688232421875 0.6064912314453125 0.87006846875 0.6131340078125 0.871458552734375 0.6357674296875 0.871862892578125
1 0.681080791015625 0.8271207529296875 0.6713938681640625 0.8244662529296874 0.6451483525390626 0.824321814453125 0.6429977431640626 0.8269489765625 0.6414713837890625 0.8411790673828125 0.6396892021484375 0.862734939453125 0.6414628115234375 0.8709036669921875 0.6562637060546875 0.8745088251953125 0.67582605078125 0.8744198828125 0.677435642578125 0.87254590234375 0.681080791015625 0.8271207529296875
1 0.7097021298828124 0.87714701171875 0.7139090986328125 0.8745916591796875 0.71620781640625 0.8677232548828125 0.7188921064453125 0.82033436328125 0.7158479599609375 0.8190699462890625 0.71200697265625 0.825884494140625 0.701644388671875 0.827838849609375 0.68370509765625 0.8256682451171875 0.6808518974609375 0.833675400390625 0.6789105908203125 0.87452759765625 0.6824284345703125 0.8769666689453125 0.704520837890625 0.8781241904296875 0.7097021298828124 0.87714701171875
1 0.7296169931640625 0.8817028310546875 0.7496665009765625 0.882402974609375 0.754427953125 0.8787088720703125 0.7561721884765625 0.8729792177734375 0.762185822265625 0.8334273427734376 0.7514841826171875 0.830351369140625 0.738090916015625 0.8306557412109375 0.7304603525390625 0.82807305078125 0.725820080078125 0.828297046875 0.7201136787109375 0.8443113544921875 0.7180328369140625 0.8596801953125 0.716385298828125 0.8773803935546876 0.7183743369140625 0.8793800400390624 0.7296169931640625 0.8817028310546875
1 0.774937693359375 0.8809692392578125 0.7903469267578125 0.8818933779296875 0.7930924130859375 0.876970763671875 0.80125665625 0.8347917255859375 0.799254154296875 0.833177646484375 0.7663523974609375 0.83202869140625 0.761144177734375 0.8337770048828125 0.7625114111328125 0.8388432392578125 0.758185708984375 0.8595382138671875 0.757065724609375 0.876870796875 0.7594746025390625 0.8815873681640625 0.7692153828125 0.8826995986328126 0.774937693359375 0.8809692392578125
1 0.8077586630859375 0.88443159765625 0.825251185546875 0.884656412109375 0.82683384765625 0.8835535673828125 0.8344460546875 0.857182794921875 0.8347691982421875 0.84792917578125 0.8323872490234375 0.8424414697265625 0.8341449482421875 0.836326248046875 0.8147037802734375 0.8329450830078124 0.809562880859375 0.8327655595703125 0.8027854609375 0.8352311513671875 0.7948770400390625 0.8700844072265626 0.79401287890625 0.8800912080078125 0.79753072265625 0.882530279296875 0.8077586630859375 0.88443159765625
1 0.8335770009765625 0.837850564453125 0.8322929990234375 0.84514044140625 0.82801870703125 0.8496236318359375 0.830995533203125 0.8528158857421875 0.82773595703125 0.8577205478515625 0.8305646748046875 0.8651540439453125 0.8290921728515624 0.877841865234375 0.83047287109375 0.8825225322265625 0.8314606572265625 0.883715138671875 0.843352046875 0.8822002080078125 0.863361162109375 0.8840570546875 0.86598546875 0.882604546875 0.867175220703125 0.8780136416015625 0.8706453330078125 0.8376008701171875 0.839826865234375 0.83575258984375 0.8346590380859376 0.836344201171875 0.8335770009765625 0.837850564453125
1 0.8895932119140625 0.8845870595703125 0.90141728125 0.8849999658203125 0.905083232421875 0.883197794921875 0.913586529296875 0.8460490869140626 0.91177252734375 0.8390370634765625 0.878870771484375 0.8378881083984375 0.874636873046875 0.841214595703125 0.8717567451171875 0.849992884765625 0.8688521337890625 0.8742118251953125 0.8680418291015625 0.8826763564453125 0.8700308671875 0.8846760029296875 0.8807863623046875 0.8862097060546875 0.8895932119140625 0.8845870595703125
1 0.94140858203125 0.8894847939453125 0.944627763671875 0.885736833984375 0.9478714287109375 0.86654822265625 0.9530233466796875 0.8516726650390625 0.953346490234375 0.8424190458984375 0.94163013671875 0.8389216005859375 0.919997966796875 0.8393243017578125 0.9167518544921875 0.8438433955078125 0.9091396474609375 0.8702141689453124 0.9070453408203125 0.885968576171875 0.909007451171875 0.888739359375 0.9362138251953125 0.8908475390625 0.94140858203125 0.8894847939453125
1 0.960584142578125 0.8415136767578125 0.9559034755859375 0.842894375 0.9464931767578125 0.876537072265625 0.945669408203125 0.8853871708984375 0.9491468583984375 0.8889829443359375 0.97734101953125 0.892283732421875 0.980479416015625 0.890849177734375 0.9867268349609375 0.8740816865234375 0.987844373046875 0.842079587890625 0.960584142578125 0.8415136767578125
1 0.9490978935546875 0.91986424609375 0.8786541083984375 0.91779033203125 0.86626209375 0.9189017431640625 0.85859113671875 0.9174757548828125 0.848242017578125 0.919044544921875 0.84663242578125 0.9209185234375 0.8494746083984375 0.9279664521484375 0.8501527158203125 0.938027111328125 0.845611583984375 0.9648911650390625 0.8455063154296875 0.982645220703125 0.846981263671875 0.984626916015625 0.8874866533203125 0.9891296953125 0.904492013671875 0.9885654228515625 0.9157481357421875 0.990502646484375 0.923499876953125 0.98961523046875 0.9430083662109375 0.991068556640625 0.947689033203125 0.9896878583984375 0.9575057060546875 0.9591476533203125 0.95931481640625 0.936820646484375 0.9565130283203125 0.928616015625 0.9490978935546875 0.91986424609375
1 0.844508744140625 0.9227745517578125 0.838081396484375 0.915215388671875 0.736832609375 0.9109076279296875 0.735236482421875 0.912396041015625 0.7353735712890626 0.9232098818359376 0.7380496982421875 0.9350130126953125 0.733041798828125 0.9752435341796875 0.7349500517578125 0.9795565859375 0.772925384765625 0.98281290234375 0.7832206474609374 0.9827863828125 0.795152431640625 0.9801147490234375 0.8033374765625 0.9815586904296875 0.809032859375 0.9805994638671875 0.811048826171875 0.9818279765625 0.8152288662109375 0.9800437587890625 0.8223318759765625 0.982994064453125 0.837835359375 0.981219232421875 0.848244462890625 0.9337140595703125 0.844508744140625 0.9227745517578125
1 0.6945560556640625 0.91290563671875 0.6863306171875 0.9126183984375 0.675615513671875 0.9099279931640625 0.665306787109375 0.9103400791015624 0.6648465546875 0.9087798564453125 0.6472732470703125 0.910868447265625 0.629360884765625 0.9079267080078125 0.625654541015625 0.9108855810546875 0.6261542822265626 0.9407935400390625 0.6232689111328125 0.9644615029296875 0.624081662109375 0.9706664873046875 0.6274917919921875 0.9761900986328125 0.6905767451171875 0.9826394873046875 0.6998842216796874 0.981420361328125 0.7113423076171875 0.977574072265625 0.728293810546875 0.9785520703125 0.73174188671875 0.968249462890625 0.7355510537109375 0.93286701953125 0.731002583984375 0.9157225283203125 0.72803922265625 0.91214470703125 0.7121562919921876 0.910045912109375 0.701766779296875 0.9127714033203125 0.6992501865234375 0.9111393720703125 0.6945560556640625 0.91290563671875
1 0.616830546875 0.971957423828125 0.6184132080078125 0.9708545791015625 0.623073072265625 0.9258509013671875 0.6220963037109375 0.9096032119140625 0.620107265625 0.907603564453125 0.6083235908203125 0.90603395703125 0.5568876689453125 0.905009849609375 0.524865986328125 0.9081380419921875 0.51808856640625 0.9106036328125 0.5152965615234375 0.9610770634765625 0.5172317421875 0.96461898046875 0.5294352578125 0.9689055126953126 0.616830546875 0.971957423828125
1 0.50485319140625 0.9653448251953125 0.5106158955078125 0.96245776171875 0.513800810546875 0.915472390625 0.5126355419921875 0.90462264453125 0.508630537109375 0.9013944853515625 0.4597246708984375 0.9016168427734375 0.415039240234375 0.8988982802734375 0.4036350126953125 0.9012022998046875 0.4022836884765625 0.910420013671875 0.4020327587890625 0.947084826171875 0.406161388671875 0.9615123935546875 0.4441232578125 0.9651542763671875 0.50485319140625 0.9653448251953125
1 0.2944508740234375 0.9325189306640626 0.29949996875 0.95006694140625 0.326111466796875 0.95447057421875 0.3966764306640625 0.9530743818359375 0.3988539697265625 0.949676083984375 0.3966850029296875 0.923349783203125 0.400308115234375 0.908034798828125 0.399562685546875 0.8999019775390625 0.3949762685546875 0.8985837041015625 0.3163070458984375 0.8962225517578125 0.3121270048828125 0.89800676953125 0.3060387109375 0.895477935546875 0.298841451171875 0.8952266025390625 0.29468833984375 0.8962396845703124 0.2930518193359375 0.8988847998046875 0.2944508740234375 0.9325189306640626
1 0.186467505859375 0.9441895732421876 0.188348830078125 0.949273759765625 0.19282753125 0.9536765732421875 0.2241600888671875 0.9555428056640625 0.2663962490234375 0.9547014990234375 0.29487316015625 0.9499053701171875 0.2903895654296875 0.916163525390625 0.2915634072265625 0.8972886728515626 0.290074994140625 0.8956925458984375 0.2376782138671875 0.892704697265625 0.1872435439453125 0.8924876298828125 0.1851737197265625 0.8928013876953125 0.1829153955078125 0.89851308984375 0.1809557314453125 0.9104118232421875 0.186467505859375 0.9441895732421876
1 0.087009470703125 0.8886013408203125 0.0797718193359375 0.8895067109375 0.0748891884765625 0.896670919921875 0.0736051865234375 0.9039607958984375 0.07555383203125 0.9071171455078125 0.0765844580078125 0.92182256640625 0.081539302734375 0.94206955078125 0.0849628955078125 0.94720759375 0.0895493125 0.9485258671875 0.1291746298828125 0.9487515009765625 0.166851302734375 0.9458207861328125 0.18032535546875 0.9432030087890625 0.1821369111328125 0.935545517578125 0.1780352099609375 0.9203468154296875 0.1781539423828125 0.9022071923828126 0.1805199814453125 0.893410951171875 0.178517478515625 0.89179687109375 0.147766333984375 0.88802075390625 0.087009470703125 0.8886013408203125
1 0 0.9414633076171876 0.0763984033203125 0.9418900263671875 0.0762747783203125 0.9306906181640625 0.071281986328125 0.9262698515625 0.0690212158203125 0.9173120380859375 0.0712391474609375 0.9127570380859376 0.0692341982421875 0.896473443359375 0.073075185546875 0.8896588955078125 0.0592890078125 0.886475208984375 0.0453816513671875 0.88676162890625 0.036709443359375 0.884528599609375 0.019690619140625 0.8854784404296875 0.0161323818359375 0.8841960712890625 0 0.8836327158203126 0 0.9414633076171876
0 0.92578125 0.17578125 0.966796875 0.1787109375 0.9677734375 0.1953125 0.9619140625 0.2099609375 0.90234375 0.20703125 0.90234375 0.1904296875 0.9072265625 0.1767578125 0.9248046875 0.17578125
0 0.673828125 0.1640625 0.7021484375 0.1640625 0.7060546875 0.166015625 0.7060546875 0.185546875 0.703125 0.1943359375 0.6435546875 0.1923828125 0.6416015625 0.16796875 0.6455078125 0.1630859375 0.6728515625 0.1640625
0 0.025390625 0.779296875 0.0322265625 0.7822265625 0.033203125 0.7978515625 0.0302734375 0.7998046875 0 0.7978515625 0 0.7802734375 0.0244140625 0.779296875
0 0.7451171875 0.8876953125 0.7578125 0.8896484375 0.759765625 0.892578125 0.7578125 0.908203125 0.7529296875 0.91015625 0.7177734375 0.908203125 0.708984375 0.9052734375 0.708984375 0.8955078125 0.7109375 0.8896484375 0.71484375 0.88671875 0.744140625 0.8876953125
0 0.8798828125 0.9931640625 0.9111328125 0.9951171875 0.9169921875 0.9990234375 0.8701171875 0.9990234375 0.8720703125 0.994140625 0.87890625 0.9931640625
0 0.103515625 0.78125 0.1396484375 0.783203125 0.1435546875 0.7958984375 0.140625 0.8037109375 0.107421875 0.8037109375 0.099609375 0.8017578125 0.095703125 0.7919921875 0.095703125 0.78515625 0.099609375 0.78125 0.1025390625 0.78125
0 0.3544921875 0.8740234375 0.3623046875 0.8779296875 0.36328125 0.8896484375 0.359375 0.8955078125 0.326171875 0.8955078125 0.318359375 0.8935546875 0.3154296875 0.888671875 0.3173828125 0.875 0.353515625 0.8740234375
0 0.607421875 0.8017578125 0.646484375 0.8046875 0.6455078125 0.8212890625 0.640625 0.82421875 0.6015625 0.8212890625 0.5986328125 0.818359375 0.599609375 0.8037109375 0.6064453125 0.8017578125
0 0.2841796875 0.1533203125 0.3388671875 0.1533203125 0.3447265625 0.1552734375 0.3466796875 0.162109375 0.3447265625 0.1787109375 0.341796875 0.185546875 0.287109375 0.18359375 0.283203125 0.1806640625 0.28125 0.171875 0.28125 0.162109375 0.2841796875 0.154296875
0 0.0078125 0.86328125 0.0390625 0.86328125 0.04296875 0.875 0.04296875 0.880859375 0.041015625 0.8828125 0.0009765625 0.880859375 0 0.8642578125 0.0068359375 0.86328125
0 0 0.5283203125 0.0185546875 0.529296875 0.0205078125 0.537109375 0.0205078125 0.5478515625 0.0185546875 0.5517578125 0 0.552734375 0 0.529296875
0 0.9326171875 0.896484375 0.9462890625 0.8974609375 0.9541015625 0.900390625 0.9521484375 0.9150390625 0.947265625 0.91796875 0.9130859375 0.9169921875 0.904296875 0.9140625 0.904296875 0.9013671875 0.908203125 0.896484375 0.931640625 0.896484375
0 0.416015625 0.87890625 0.4375 0.876953125 0.4580078125 0.87890625 0.4609375 0.8828125 0.458984375 0.8974609375 0.4375 0.8994140625 0.4150390625 0.8974609375 0.4140625 0.88671875 0.416015625 0.8798828125
0 0.4365234375 0.974609375 0.4599609375 0.9765625 0.4619140625 0.9814453125 0.4609375 0.9951171875 0.4189453125 0.994140625 0.416015625 0.9892578125 0.416015625 0.9755859375 0.435546875 0.974609375
0 0.630859375 0.884765625 0.65234375 0.8876953125 0.65234375 0.9033203125 0.638671875 0.9052734375 0.609375 0.904296875 0.60546875 0.900390625 0.6044921875 0.89453125 0.607421875 0.8857421875 0.6298828125 0.884765625
0 0.755859375 0.8076171875 0.7998046875 0.80859375 0.802734375 0.8134765625 0.802734375 0.83203125 0.779296875 0.833984375 0.7705078125 0.8310546875 0.7568359375 0.8310546875 0.7548828125 0.8291015625 0.75390625 0.8125 0.755859375 0.80859375
0 0.0869140625 0.68359375 0.095703125 0.685546875 0.09765625 0.689453125 0.095703125 0.70703125 0.0595703125 0.7060546875 0.052734375 0.703125 0.0498046875 0.6982421875 0.048828125 0.6884765625 0.05078125 0.6826171875 0.0859375 0.68359375
0 0.2421875 0.87109375 0.244140625 0.873046875 0.259765625 0.873046875 0.26171875 0.8876953125 0.2587890625 0.892578125 0.2197265625 0.8916015625 0.216796875 0.8896484375 0.21484375 0.87890625 0.216796875 0.8720703125 0.2412109375 0.87109375
0 0.32421875 0.9697265625 0.328125 0.9716796875 0.3525390625 0.97265625 0.3544921875 0.9814453125 0.3525390625 0.9912109375 0.326171875 0.9912109375 0.3095703125 0.98828125 0.30859375 0.97265625 0.3125 0.9697265625 0.3232421875 0.9697265625
0 0.2265625 0.150390625 0.2529296875 0.1513671875 0.255859375 0.154296875 0.2578125 0.1591796875 0.2568359375 0.1767578125 0.25390625 0.181640625 0.2265625 0.181640625 0.224609375 0.1796875 0.1982421875 0.1806640625 0.1962890625 0.1787109375 0.1943359375 0.1591796875 0.19921875 0.150390625 0.2255859375 0.150390625
0 0.0478515625 0.7783203125 0.0498046875 0.7802734375 0.076171875 0.7802734375 0.0830078125 0.7822265625 0.0859375 0.7998046875 0.08203125 0.802734375 0.0419921875 0.7998046875 0.0380859375 0.791015625 0.0380859375 0.78125 0.046875 0.7783203125
0 0 0.9560546875 0.0302734375 0.9580078125 0.033203125 0.958984375 0.03515625 0.9677734375 0.0341796875 0.9755859375 0.0302734375 0.9775390625 0 0.9775390625 0 0.95703125
0 0.970703125 0.818359375 0.98828125 0.8193359375 0.98828125 0.841796875 0.970703125 0.841796875 0.9619140625 0.8388671875 0.958984375 0.8203125 0.962890625 0.81640625 0.9697265625 0.818359375
0 0.8017578125 0.892578125 0.84375 0.89453125 0.845703125 0.8984375 0.8427734375 0.9111328125 0.8408203125 0.9130859375 0.80078125 0.912109375 0.7978515625 0.9091796875 0.7978515625 0.8974609375 0.80078125 0.8935546875
0 0.6640625 0.9853515625 0.6962890625 0.986328125 0.697265625 0.9990234375 0.6513671875 0.9990234375 0.6533203125 0.986328125 0.6630859375 0.9853515625
0 0.3837890625 0.7919921875 0.4091796875 0.7919921875 0.4169921875 0.7939453125 0.419921875 0.802734375 0.4169921875 0.8154296875 0.3828125 0.8154296875 0.373046875 0.8134765625 0.3701171875 0.8076171875 0.37109375 0.7939453125 0.3740234375 0.7919921875 0.3828125 0.7919921875
0 0.4873046875 0.158203125 0.49609375 0.16015625 0.4970703125 0.1806640625 0.49609375 0.1865234375 0.486328125 0.1884765625 0.4375 0.1875 0.4345703125 0.1845703125 0.4326171875 0.1748046875 0.4326171875 0.1650390625 0.4375 0.158203125 0.486328125 0.158203125
0 0.087890625 0.8662109375 0.09375 0.873046875 0.09375 0.884765625 0.0537109375 0.8837890625 0.0478515625 0.8759765625 0.0478515625 0.8671875 0.0498046875 0.865234375 0.0869140625 0.8662109375
0 0.69140625 0.8046875 0.712890625 0.8056640625 0.716796875 0.80859375 0.712890625 0.82421875 0.7099609375 0.8271484375 0.6953125 0.8271484375 0.689453125 0.82421875 0.6708984375 0.82421875 0.66796875 0.822265625 0.6669921875 0.8115234375 0.6689453125 0.806640625 0.6904296875 0.8046875
0 0.2158203125 0.7861328125 0.2421875 0.7880859375 0.2412109375 0.8095703125 0.2373046875 0.810546875 0.1962890625 0.806640625 0.1943359375 0.8037109375 0.1953125 0.787109375 0.197265625 0.78515625 0.21484375 0.7861328125
0 0.1845703125 0.9658203125 0.212890625 0.96484375 0.216796875 0.966796875 0.2275390625 0.966796875 0.2294921875 0.96875 0.228515625 0.984375 0.2255859375 0.986328125 0.1865234375 0.9853515625 0.18359375 0.98046875 0.1845703125 0.966796875