1 0 0.3136574072265625 0.04012345703125 0.3144290126953125 0.047839505859375 0.3136574072265625 0.0514403291015625 0.3117283955078125 0.051954732421875 0.292438271484375 0.0493827158203125 0.276234568359375 0.043209876953125 0.2739197529296875 0.0293209873046875 0.2731481484375 0 0.2739197529296875 0 0.3136574072265625
1 0 0.35262345703125 0.05092592578125 0.3533950615234375 0.05504115234375 0.352237654296875 0.0545267490234375 0.3314043212890625 0.0504115224609375 0.3171296298828125 0.045781892578125 0.3144290126953125 0.034979423828125 0.315586419921875 0.01286008203125 0.3136574072265625 0 0.314814814453125 0 0.35262345703125
1 0 0.3912037041015625 0.011831275390625 0.391589505859375 0.0164609052734375 0.389660494140625 0.03806584375 0.392361111328125 0.0555555556640625 0.391589505859375 0.058127572265625 0.386959876953125 0.05504115234375 0.355709876953125 0.05092592578125 0.3541666669921875 0.0154320986328125 0.3533950615234375 0.011831275390625 0.35455246875 0 0.3537808642578125 0 0.3912037041015625
1 0.062757201171875 0.389660494140625 0.102880658203125 0.392361111328125 0.117798353515625 0.391589505859375 0.1213991767578125 0.389660494140625 0.1213991767578125 0.3560956787109375 0.119855966796875 0.354938271484375 0.1162551435546875 0.3533950615234375 0.1054526748046875 0.3541666669921875 0.098765431640625 0.3530092587890625 0.0637860078125 0.3541666669921875 0.058127572265625 0.357638888671875 0.057098765625 0.3734567900390625 0.0606995888671875 0.380787037109375 0.060185185546875 0.3873456787109375 0.062757201171875 0.389660494140625
1 0.125 0.388888888671875 0.168209876953125 0.392361111328125 0.187242798828125 0.3904320986328125 0.1887860078125 0.386959876953125 0.18415637890625 0.355709876953125 0.1337448564453125 0.35262345703125 0.126028806640625 0.3533950615234375 0.12294238671875 0.355709876953125 0.121913580078125 0.363040123046875 0.1244855966796875 0.36882716015625 0.1234567900390625 0.386188271484375 0.125 0.388888888671875
1 0.1162551435546875 0.2739197529296875 0.11882716015625 0.24112654296875 0.1157407412109375 0.2364969140625 0.0853909462890625 0.2349537041015625 0.0596707822265625 0.235339505859375 0.0555555556640625 0.2368827158203125 0.057098765625 0.27237654296875 0.098765431640625 0.2746913583984375 0.1054526748046875 0.276234568359375 0.1162551435546875 0.2739197529296875
1 0.117798353515625 0.3136574072265625 0.119855966796875 0.30902777734375 0.117798353515625 0.2793209873046875 0.1157407412109375 0.2766203701171875 0.106995884765625 0.2770061728515625 0.08899176953125 0.2743055556640625 0.0606995888671875 0.2739197529296875 0.0565843623046875 0.275848765625 0.0555555556640625 0.2793209873046875 0.057098765625 0.3109567900390625 0.09310699609375 0.3144290126953125 0.1162551435546875 0.314814814453125 0.117798353515625 0.3136574072265625
1 0.1203703701171875 0.352237654296875 0.1213991767578125 0.33294753125 0.1193415634765625 0.3198302470703125 0.1157407412109375 0.3140432099609375 0.106995884765625 0.315586419921875 0.0895061728515625 0.3136574072265625 0.0612139921875 0.3136574072265625 0.058127572265625 0.3152006171875 0.057098765625 0.3248456787109375 0.0617283955078125 0.3503086416015625 0.070987654296875 0.35262345703125 0.1203703701171875 0.352237654296875
1 0.15277777734375 0.275462962890625 0.1615226337890625 0.2793209873046875 0.1784979423828125 0.2785493828125 0.1836419755859375 0.275848765625 0.1856995888671875 0.2581018515625 0.183127572265625 0.2368827158203125 0.1723251025390625 0.2349537041015625 0.153806583984375 0.2349537041015625 0.1435185185546875 0.2364969140625 0.126028806640625 0.235339505859375 0.1208847734375 0.23842592578125 0.12294238671875 0.26427469140625 0.1203703701171875 0.2735339501953125 0.121913580078125 0.275462962890625 0.15277777734375 0.275462962890625
1 0.1522633740234375 0.3132716044921875 0.17181069921875 0.3163580244140625 0.1826131689453125 0.315586419921875 0.1815843623046875 0.2785493828125 0.144032921875 0.275848765625 0.140946501953125 0.2770061728515625 0.12294238671875 0.2766203701171875 0.119855966796875 0.278935185546875 0.119855966796875 0.2970679013671875 0.12294238671875 0.3117283955078125 0.1522633740234375 0.3132716044921875
1 0.1291152265625 0.3506944443359375 0.179012345703125 0.3537808642578125 0.185185185546875 0.352237654296875 0.1856995888671875 0.320987654296875 0.182098765625 0.3167438271484375 0.16923868359375 0.3167438271484375 0.1507201650390625 0.3140432099609375 0.1255144033203125 0.314814814453125 0.1244855966796875 0.31867283984375 0.128086419921875 0.3337191357421875 0.1275720166015625 0.349537037109375 0.1291152265625 0.3506944443359375
1 0.1676954736328125 0.392361111328125 0.1867283955078125 0.3904320986328125 0.187757201171875 0.386959876953125 0.1836419755859375 0.355709876953125 0.133230453125 0.3530092587890625 0.1234567900390625 0.35532407421875 0.1224279833984375 0.363040123046875 0.1244855966796875 0.3680555556640625 0.125 0.3885030859375 0.1676954736328125 0.392361111328125
1 0.19084362109375 0.3904320986328125 0.195987654296875 0.392361111328125 0.229938271484375 0.394290123046875 0.25 0.39197530859375 0.248971193359375 0.358410494140625 0.2463991767578125 0.355709876953125 0.223765431640625 0.3533950615234375 0.1882716044921875 0.354938271484375 0.1862139921875 0.355709876953125 0.1862139921875 0.3626543212890625 0.1882716044921875 0.386959876953125 0.19084362109375 0.3904320986328125
1 0.3014403291015625 0.3939043212890625 0.312757201171875 0.3904320986328125 0.310185185546875 0.3873456787109375 0.30915637890625 0.3560956787109375 0.291152263671875 0.35532407421875 0.28600823046875 0.3537808642578125 0.258230453125 0.3530092587890625 0.2515432099609375 0.3541666669921875 0.2494855966796875 0.355709876953125 0.2505144033203125 0.38387345703125 0.2541152265625 0.3927469140625 0.3014403291015625 0.3939043212890625
1 0.2453703701171875 0.35455246875 0.2474279833984375 0.3530092587890625 0.248971193359375 0.337962962890625 0.2463991767578125 0.3206018515625 0.2443415634765625 0.318287037109375 0.2175925927734375 0.31597222265625 0.187242798828125 0.317515431640625 0.1887860078125 0.3530092587890625 0.221193416015625 0.3530092587890625 0.234053498046875 0.354938271484375 0.2453703701171875 0.35455246875
1 0.229938271484375 0.3167438271484375 0.2458847734375 0.315586419921875 0.2474279833984375 0.30632716015625 0.244855966796875 0.2785493828125 0.240226337890625 0.2770061728515625 0.198045267578125 0.2766203701171875 0.18415637890625 0.278935185546875 0.1846707822265625 0.30902777734375 0.1887860078125 0.317515431640625 0.2186213994140625 0.3152006171875 0.229938271484375 0.3167438271484375
1 0.299897119140625 0.281635802734375 0.308127572265625 0.278935185546875 0.312242798828125 0.241512345703125 0.3096707822265625 0.23919753125 0.29681069921875 0.2395833330078125 0.2839506171875 0.2376543212890625 0.268004115234375 0.238811728515625 0.2546296298828125 0.2372685185546875 0.2494855966796875 0.2399691357421875 0.248971193359375 0.2746913583984375 0.251028806640625 0.2773919755859375 0.289094650390625 0.27777777734375 0.299897119140625 0.281635802734375
1 0.2916666669921875 0.3171296298828125 0.2993827158203125 0.3190586416015625 0.3086419755859375 0.3171296298828125 0.3106995888671875 0.30169753125 0.310185185546875 0.2827932099609375 0.3076131689453125 0.2793209873046875 0.2525720166015625 0.2773919755859375 0.248971193359375 0.280864197265625 0.2494855966796875 0.312885802734375 0.2515432099609375 0.317901234375 0.258230453125 0.31597222265625 0.2916666669921875 0.3171296298828125
1 0.3106995888671875 0.3530092587890625 0.310185185546875 0.320987654296875 0.308127572265625 0.3194444443359375 0.297839505859375 0.3198302470703125 0.27520576171875 0.3167438271484375 0.251028806640625 0.317515431640625 0.2494855966796875 0.320987654296875 0.2515432099609375 0.3530092587890625 0.295781892578125 0.355709876953125 0.30504115234375 0.355709876953125 0.3106995888671875 0.3530092587890625
1 0.272119341796875 0.3935185185546875 0.3014403291015625 0.3939043212890625 0.310185185546875 0.3904320986328125 0.30915637890625 0.358410494140625 0.307098765625 0.355709876953125 0.2515432099609375 0.35455246875 0.25 0.355709876953125 0.2505144033203125 0.383487654296875 0.2541152265625 0.391589505859375 0.272119341796875 0.3935185185546875
1 0.3703703701171875 0.2785493828125 0.37294238671875 0.26427469140625 0.369855966796875 0.23919753125 0.3554526748046875 0.236111111328125 0.348765431640625 0.23842592578125 0.3384773662109375 0.2372685185546875 0.331790123046875 0.23919753125 0.3173868310546875 0.238811728515625 0.3132716044921875 0.24112654296875 0.3143004111328125 0.2773919755859375 0.3554526748046875 0.2800925927734375 0.3662551435546875 0.2800925927734375 0.3703703701171875 0.2785493828125
1 0.355967078125 0.3190586416015625 0.3708847734375 0.317515431640625 0.371913580078125 0.2947530859375 0.369855966796875 0.2800925927734375 0.327160494140625 0.27777777734375 0.316872427734375 0.278163580078125 0.3117283955078125 0.2800925927734375 0.3137860078125 0.317901234375 0.323045267578125 0.318287037109375 0.3333333330078125 0.3163580244140625 0.355967078125 0.3190586416015625
1 0.3734567900390625 0.341435185546875 0.3724279833984375 0.320987654296875 0.3703703701171875 0.3194444443359375 0.3626543212890625 0.318287037109375 0.3513374482421875 0.3194444443359375 0.3415637861328125 0.317515431640625 0.3137860078125 0.3194444443359375 0.3143004111328125 0.35262345703125 0.3595679013671875 0.3560956787109375 0.3708847734375 0.355709876953125 0.3734567900390625 0.341435185546875
1 0.359053498046875 0.394290123046875 0.3708847734375 0.3927469140625 0.3713991767578125 0.3614969140625 0.369855966796875 0.358410494140625 0.3662551435546875 0.3564814814453125 0.3595679013671875 0.3568672841796875 0.3492798349609375 0.3541666669921875 0.31584362109375 0.35455246875 0.3117283955078125 0.3572530859375 0.3112139921875 0.386959876953125 0.31584362109375 0.3912037041015625 0.3343621396484375 0.3939043212890625 0.359053498046875 0.394290123046875
1 0.435185185546875 0.23842592578125 0.437242798828125 0.2372685185546875 0.4382716044921875 0.2106481484375 0.4356995888671875 0.207561728515625 0.418209876953125 0.2052469140625 0.4007201650390625 0.2056327158203125 0.397119341796875 0.20717592578125 0.3827160498046875 0.2064043212890625 0.378086419921875 0.20794753125 0.37705761328125 0.219135802734375 0.380144033203125 0.236111111328125 0.4032921806640625 0.23842592578125 0.435185185546875 0.23842592578125
1 0.4716796875 0.22119140625 0.06396484375 0.0341796875
1 0.5361328125 0.22119140625 0.0595703125 0.03173828125
1 0.40380859375 0.2568359375 0.06005859375 0.0390625
1 0.470703125 0.2578125 0.06005859375 0.04296875
1 0.53271484375 0.25830078125 0.05810546875 0.04345703125
1 0.4033203125 0.298828125 0.06591796875 0.04150390625
1 0.46826171875 0.29736328125 0.0595703125 0.03759765625
1 0.53125 0.2978515625 0.06689453125 0.04248046875
1 0.4091796875 0.3388671875 0.0703125 0.03857421875
1 0.4697265625 0.3349609375 0.064453125 0.04296875
1 0.5322265625 0.3369140625 0.05712890625 0.0400390625
1 0.52978515625 0.37451171875 0.05810546875 0.0361328125
1 0.46826171875 0.376953125 0.05859375 0.0400390625
1 0.4052734375 0.37451171875 0.06103515625 0.03564453125
1 0.5947265625 0.2587890625 0.052734375 0.0400390625
1 0.64990234375 0.26220703125 0.056640625 0.03173828125
1 0.712890625 0.26171875 0.06005859375 0.03662109375
1 0.77197265625 0.26123046875 0.05517578125 0.0361328125
1 0.82958984375 0.2607421875 0.06103515625 0.0400390625
1 0.8798828125 0.25927734375 0.03466796875 0.0439453125
1 0.5927734375 0.2958984375 0.05810546875 0.03662109375
1 0.6552734375 0.29833984375 0.0556640625 0.0400390625
1 0.71630859375 0.298828125 0.06298828125 0.03662109375
1 0.77734375 0.29931640625 0.06103515625 0.03759765625
1 0.8369140625 0.296875 0.05078125 0.03271484375
1 0.88134765625 0.2978515625 0.03271484375 0.03564453125
1 0.59375 0.33544921875 0.05224609375 0.03466796875
1 0.664094650390625 0.352237654296875 0.682098765625 0.3541666669921875 0.68415637890625 0.35262345703125 0.6887860078125 0.3452932099609375 0.689814814453125 0.338348765625 0.6887860078125 0.3229166669921875 0.6862139921875 0.3198302470703125 0.6784979423828125 0.318287037109375 0.634773662109375 0.3190586416015625 0.6286008232421875 0.320987654296875 0.6275720166015625 0.3503086416015625 0.630144033203125 0.3530092587890625 0.6435185185546874 0.35455246875 0.664094650390625 0.352237654296875
1 0.7186213994140624 0.3518518515625 0.744855966796875 0.3530092587890625 0.746913580078125 0.32407407421875 0.74382716015625 0.318287037109375 0.729938271484375 0.3171296298828125 0.7273662548828125 0.31867283984375 0.72479423828125 0.317515431640625 0.6954732509765625 0.31867283984375 0.6923868310546875 0.3194444443359375 0.6913580244140625 0.3225308642578125 0.69084362109375 0.3518518515625 0.692901234375 0.3541666669921875 0.69907407421875 0.354938271484375 0.7186213994140624 0.3518518515625
1 0.770061728515625 0.3541666669921875 0.7952674892578125 0.3541666669921875 0.8029835390625 0.355709876953125 0.807098765625 0.3533950615234375 0.8086419755859375 0.320987654296875 0.806069958984375 0.317515431640625 0.76080246875 0.3171296298828125 0.75 0.318287037109375 0.7474279833984375 0.3202160498046875 0.746913580078125 0.349537037109375 0.7484567900390625 0.3518518515625 0.7592592587890625 0.3510802470703125 0.770061728515625 0.3541666669921875
1 0.8492798349609375 0.3518518515625 0.863168724609375 0.348765431640625 0.8647119345703125 0.3221450615234375 0.86213991796875 0.3190586416015625 0.814814814453125 0.31867283984375 0.8112139921875 0.320987654296875 0.8106995888671875 0.3260030859375 0.810185185546875 0.346836419921875 0.8132716044921875 0.352237654296875 0.82407407421875 0.3510802470703125 0.8492798349609375 0.3518518515625
1 0.8798828125 0.3349609375 0.0302734375 0.03955078125
1 0.59228515625 0.37548828125 0.06591796875 0.03662109375
1 0.65625 0.37548828125 0.0556640625 0.03564453125
1 0.716796875 0.373046875 0.0537109375 0.03173828125
1 0.83642578125 0.373046875 0.056640625 0.03857421875
1 0.87890625 0.3720703125 0.02978515625 0.0390625
1 0.051954732421875 0.5077160498046875 0.0483539091796875 0.4768518515625 0.0437242802734375 0.4564043212890625 0.0396090537109375 0.4533179013671875 0.0246913583984375 0.4525462958984375 0.011831275390625 0.4537037041015625 0.0087448564453125 0.4560185185546875 0.0133744853515625 0.5123456787109375 0.022119341796875 0.514660494140625 0.049897119140625 0.5135030859375 0.051954732421875 0.5077160498046875
1 0.0534979423828125 0.5092592587890625 0.0632716044921875 0.5127314814453126 0.08899176953125 0.511959876953125 0.0905349794921875 0.5092592587890625 0.0895061728515625 0.482638888671875 0.0843621396484375 0.4552469140625 0.0776748974609375 0.4529320986328125 0.0473251025390625 0.454861111328125 0.0437242802734375 0.4564043212890625 0.0462962958984375 0.4621913583984375 0.0493827158203125 0.491512345703125 0.0534979423828125 0.5092592587890625
1 0.11213991796875 0.51427469140625 0.1296296298828125 0.5127314814453126 0.13117283984375 0.5096450615234375 0.1296296298828125 0.488040123046875 0.123971193359375 0.4552469140625 0.117798353515625 0.4529320986328125 0.109053498046875 0.452160494140625 0.0910493828125 0.4525462958984375 0.087962962890625 0.454089505859375 0.0864197529296875 0.456790123046875 0.0936213994140625 0.51157407421875 0.1018518515625 0.5104166669921875 0.11213991796875 0.51427469140625
1 0.1476337451171875 0.5131172841796875 0.1687242802734375 0.5127314814453126 0.1702674892578125 0.511188271484375 0.1702674892578125 0.5011574072265625 0.16512345703125 0.4537037041015625 0.136831275390625 0.45177469140625 0.126028806640625 0.4529320986328125 0.125 0.45447530859375 0.133230453125 0.5127314814453126 0.1404320986328125 0.5096450615234375 0.144032921875 0.5100308642578125 0.1476337451171875 0.5131172841796875
1 0.20987654296875 0.511959876953125 0.2083333330078125 0.4729938271484375 0.2047325107421875 0.45447530859375 0.2006172841796875 0.452160494140625 0.187757201171875 0.4525462958984375 0.1764403291015625 0.4506172841796875 0.170781892578125 0.45177469140625 0.1687242802734375 0.454089505859375 0.1676954736328125 0.4695216044921875 0.17181069921875 0.51157407421875 0.1887860078125 0.5131172841796875 0.20987654296875 0.511959876953125
1 0.2505144033203125 0.508487654296875 0.24794238671875 0.4587191357421875 0.2422839501953125 0.4529320986328125 0.234053498046875 0.4506172841796875 0.2145061728515625 0.4498456787109375 0.2078189296875 0.4537037041015625 0.2124485595703125 0.511188271484375 0.2160493828125 0.5123456787109375 0.24794238671875 0.511959876953125 0.2505144033203125 0.508487654296875
1 0.2906378603515625 0.4899691357421875 0.2875514404296875 0.45447530859375 0.2834362138671875 0.452160494140625 0.2613168720703125 0.452160494140625 0.2525720166015625 0.4529320986328125 0.25 0.454861111328125 0.25205761328125 0.5104166669921875 0.255144033203125 0.511959876953125 0.2896090537109375 0.51080246875 0.2906378603515625 0.4899691357421875
1 0.32818930078125 0.454861111328125 0.32407407421875 0.45177469140625 0.30915637890625 0.45177469140625 0.2937242802734375 0.4525462958984375 0.2906378603515625 0.4556327158203125 0.2921810703125 0.5104166669921875 0.32818930078125 0.5104166669921875 0.33076131640625 0.508487654296875 0.32818930078125 0.454861111328125
1 0.3662551435546875 0.51080246875 0.375 0.508487654296875 0.3765432099609375 0.5015432099609375 0.3744855966796875 0.494598765625 0.37294238671875 0.4533179013671875 0.363168724609375 0.44907407421875 0.355967078125 0.44907407421875 0.3482510283203125 0.45177469140625 0.3415637861328125 0.451388888671875 0.3328189296875 0.454861111328125 0.3333333330078125 0.50887345703125 0.33487654296875 0.5104166669921875 0.352880658203125 0.511188271484375 0.3662551435546875 0.51080246875
1 0.3974609375 0.4794921875 0.03857421875 0.06640625
1 0.43603515625 0.47998046875 0.03759765625 0.0615234375
1 0.4736328125 0.47705078125 0.04296875 0.0654296875
1 0.51220703125 0.47265625 0.0283203125 0.0751953125
1 0.5545267490234375 0.5073302470703125 0.5545267490234375 0.442515431640625 0.5406378603515625 0.440586419921875 0.5282921806640625 0.4413580244140625 0.526234568359375 0.4456018515625 0.5257201650390625 0.4594907412109375 0.526234568359375 0.50887345703125 0.528806583984375 0.5104166669921875 0.55092592578125 0.51080246875 0.5545267490234375 0.5073302470703125
1 0.587962962890625 0.5100308642578125 0.5895061728515625 0.4594907412109375 0.5874485595703125 0.44367283984375 0.5853909462890625 0.4417438271484375 0.570987654296875 0.440586419921875 0.562242798828125 0.4413580244140625 0.5596707822265625 0.4440586416015625 0.558127572265625 0.466435185546875 0.55915637890625 0.508487654296875 0.562757201171875 0.5104166669921875 0.587962962890625 0.5100308642578125
1 0.6183127568359374 0.505787037109375 0.6183127568359374 0.4444444443359375 0.615226337890625 0.44097222265625 0.6023662548828125 0.4402006171875 0.592078189453125 0.4417438271484375 0.58899176953125 0.4452160498046875 0.58899176953125 0.508487654296875 0.5915637861328125 0.511188271484375 0.6162551435546875 0.5104166669921875 0.6183127568359374 0.505787037109375
1 0.6486625517578125 0.5081018515625 0.6486625517578125 0.4448302470703125 0.6435185185546874 0.440586419921875 0.636831275390625 0.4402006171875 0.62294238671875 0.4413580244140625 0.6208847734375 0.4456018515625 0.6203703701171875 0.505015431640625 0.6255144033203125 0.5092592587890625 0.6445473251953125 0.5100308642578125 0.6486625517578125 0.5081018515625
1 0.6779835390625 0.50617283984375 0.6784979423828125 0.4390432099609375 0.67592592578125 0.437885802734375 0.653806583984375 0.4382716044921875 0.6496913583984375 0.4421296298828125 0.65020576171875 0.5065586416015625 0.653806583984375 0.5092592587890625 0.674897119140625 0.5096450615234375 0.6779835390625 0.50617283984375
1 0.7062757197265624 0.505015431640625 0.7073045263671875 0.494598765625 0.7078189296875 0.4448302470703125 0.6985596708984375 0.4390432099609375 0.6856995888671875 0.437885802734375 0.6805555556640625 0.4444444443359375 0.68004115234375 0.505015431640625 0.682098765625 0.5073302470703125 0.70318930078125 0.5073302470703125 0.7062757197265624 0.505015431640625
1 0.736111111328125 0.50617283984375 0.738168724609375 0.477237654296875 0.7386831279296875 0.4390432099609375 0.73713991796875 0.4375 0.7232510283203125 0.437114197265625 0.71193415625 0.4382716044921875 0.7083333330078125 0.44097222265625 0.7073045263671875 0.50617283984375 0.7103909462890625 0.5092592587890625 0.734053498046875 0.50887345703125 0.736111111328125 0.50617283984375
1 0.7695473251953125 0.5073302470703125 0.7793209873046875 0.505401234375 0.7767489716796875 0.4980709873046875 0.7793209873046875 0.4529320986328125 0.77777777734375 0.4502314814453125 0.769032921875 0.4475308642578125 0.742798353515625 0.448688271484375 0.7407407412109375 0.4502314814453125 0.73919753125 0.45794753125 0.738168724609375 0.505401234375 0.7407407412109375 0.5069444443359375 0.751028806640625 0.5077160498046875 0.7695473251953125 0.5073302470703125
1 0.80915637890625 0.50617283984375 0.8112139921875 0.505015431640625 0.812242798828125 0.452160494140625 0.8106995888671875 0.4510030859375 0.784979423828125 0.4510030859375 0.7813786005859376 0.4525462958984375 0.7803497939453125 0.4564043212890625 0.7772633740234375 0.4876543212890625 0.779835390625 0.5046296298828125 0.7834362138671875 0.5065586416015625 0.80915637890625 0.50617283984375
1 0.848765431640625 0.5015432099609375 0.8482510283203125 0.4787808642578125 0.8523662548828125 0.4606481484375 0.8523662548828125 0.45177469140625 0.8266460908203125 0.4502314814453125 0.8173868310546875 0.4510030859375 0.8153292177734375 0.4525462958984375 0.814814814453125 0.5015432099609375 0.81995884765625 0.505401234375 0.84722222265625 0.505401234375 0.848765431640625 0.5015432099609375
1 0.8554526748046875 0.50617283984375 0.880144033203125 0.505787037109375 0.8837448564453125 0.5015432099609375 0.88786008203125 0.4621913583984375 0.8873456787109375 0.4502314814453125 0.88117283984375 0.448688271484375 0.8575102880859375 0.4498456787109375 0.8482510283203125 0.4556327158203125 0.8523662548828125 0.4641203701171875 0.8503086416015625 0.48032407421875 0.850823044921875 0.5046296298828125 0.8554526748046875 0.50617283984375
1 0.4922839501953125 0.7002314814453126 0.49382716015625 0.70177469140625 0.4974279833984375 0.7006172841796875 0.511831275390625 0.701388888671875 0.5154320986328125 0.69907407421875 0.5164609052734375 0.636959876953125 0.5144032919921875 0.633487654296875 0.511831275390625 0.6327160498046875 0.4943415634765625 0.6323302470703125 0.491769546875 0.633487654296875 0.48919753125 0.6400462958984375 0.4907407412109375 0.645061728515625 0.488168724609375 0.650848765625 0.4907407412109375 0.6639660498046875 0.4922839501953125 0.7002314814453126
1 0.5452674892578125 0.693287037109375 0.545781892578125 0.6404320986328125 0.54423868359375 0.6350308642578125 0.541152263671875 0.6327160498046875 0.522119341796875 0.6323302470703125 0.518004115234375 0.633487654296875 0.51697530859375 0.636188271484375 0.515946501953125 0.699459876953125 0.520061728515625 0.7006172841796875 0.5426954736328125 0.69907407421875 0.5452674892578125 0.693287037109375
1 0.7505144033203125 0.641589505859375 0.77109053515625 0.6404320986328125 0.77109053515625 0.6064814814453126 0.7736625517578125 0.59992283984375 0.782921810546875 0.5952932099609375 0.776234568359375 0.593364197265625 0.7407407412109375 0.594135802734375 0.7397119345703125 0.5952932099609375 0.730967078125 0.6176697529296875 0.7355967080078125 0.6257716044921875 0.73713991796875 0.6404320986328125 0.7505144033203125 0.641589505859375
1 0.799897119140625 0.64197530859375 0.8024691357421875 0.6408179013671875 0.8045267490234375 0.6265432099609375 0.807098765625 0.62152777734375 0.8112139921875 0.5925925927734375 0.810185185546875 0.5891203701171875 0.797839505859375 0.588734568359375 0.779835390625 0.594135802734375 0.772119341796875 0.6145833330078125 0.77109053515625 0.6404320986328125 0.7782921806640625 0.641589505859375 0.7906378603515625 0.6404320986328125 0.799897119140625 0.64197530859375
1 0.784979423828125 0.557484568359375 0.7947530859375 0.5559413583984375 0.797839505859375 0.55362654296875 0.799897119140625 0.53472222265625 0.79681069921875 0.528163580078125 0.723765431640625 0.5270061728515625 0.720164609375 0.52777777734375 0.7186213994140624 0.53125 0.7155349794921875 0.550540123046875 0.7165637861328125 0.55362654296875 0.7232510283203125 0.557484568359375 0.784979423828125 0.557484568359375
1 0.829218107421875 0.5559413583984375 0.848765431640625 0.5555555556640625 0.852880658203125 0.5582561728515625 0.8765432099609375 0.5543981484375 0.8796296298828125 0.550540123046875 0.8816872431640626 0.5327932099609375 0.8796296298828125 0.52777777734375 0.8137860078125 0.5243055556640625 0.8045267490234375 0.526234568359375 0.801954732421875 0.528935185546875 0.799897119140625 0.5520833330078125 0.804012345703125 0.5555555556640625 0.823045267578125 0.5582561728515625 0.829218107421875 0.5559413583984375
1 0.1712962958984375 0.565586419921875 0.1784979423828125 0.5625 0.1815843623046875 0.5555555556640625 0.181069958984375 0.5470679013671875 0.1784979423828125 0.5439814814453126 0.151234568359375 0.5408950615234375 0.1085390947265625 0.54205246875 0.08487654296875 0.5466820986328125 0.083847736328125 0.54822530859375 0.083847736328125 0.5524691357421875 0.0915637861328125 0.5625 0.1126543212890625 0.5671296298828125 0.1712962958984375 0.565586419921875
1 0.5967078193359375 0.692515431640625 0.5982510283203125 0.6863425927734375 0.59722222265625 0.64737654296875 0.5946502060546875 0.633487654296875 0.5915637861328125 0.6296296298828125 0.575102880859375 0.6331018515625 0.579218107421875 0.692515431640625 0.58076131640625 0.6940586416015625 0.59310699609375 0.6940586416015625 0.5967078193359375 0.692515431640625
1 0.7744140625 0.37451171875 0.0615234375 0.03857421875
1 0.95318930078125 0.2708333330078125 0.9552469140625 0.269290123046875 0.954218107421875 0.264660494140625 0.9583333330078125 0.258487654296875 0.958847736328125 0.2376543212890625 0.9562757197265624 0.23572530859375 0.9475308642578125 0.2341820986328125 0.9382716044921875 0.23572530859375 0.9356995888671875 0.2376543212890625 0.937242798828125 0.2689043212890625 0.9423868310546875 0.2712191357421875 0.95318930078125 0.2708333330078125
1 0.9614197529296875 0.26967592578125 0.969135802734375 0.264660494140625 0.973765431640625 0.2708333330078125 0.9804526748046875 0.2689043212890625 0.9783950615234375 0.236111111328125 0.9727366259765625 0.2341820986328125 0.95987654296875 0.235339505859375 0.9562757197265624 0.2372685185546875 0.95576131640625 0.26080246875 0.9583333330078125 0.2650462958984375 0.956790123046875 0.2689043212890625 0.9614197529296875 0.26967592578125
1 0.99382716015625 0.270061728515625 0.9953703701171875 0.238811728515625 0.9912551435546875 0.236111111328125 0.97890946484375 0.235339505859375 0.975823044921875 0.2372685185546875 0.9753086416015625 0.2422839501953125 0.9732510283203125 0.270061728515625 0.979938271484375 0.272762345703125 0.9907407412109375 0.2731481484375 0.99382716015625 0.270061728515625
1 0.9922839501953125 0.297839505859375 0.99382716015625 0.2793209873046875 0.9907407412109375 0.2746913583984375 0.9773662548828125 0.2743055556640625 0.973765431640625 0.275848765625 0.9732510283203125 0.3001543212890625 0.9783950615234375 0.3082561728515625 0.9886831279296875 0.3105709873046875 0.9922839501953125 0.297839505859375
1 0.9732510283203125 0.307098765625 0.975823044921875 0.2970679013671875 0.9742798349609375 0.27507716015625 0.96193415625 0.2731481484375 0.9552469140625 0.275462962890625 0.95439969140625 0.291727623046875 0.9537037041015625 0.29552469140625 0.95318930078125 0.307098765625 0.95576131640625 0.30902777734375 0.967078189453125 0.3097993828125 0.9732510283203125 0.307098765625
1 0.9562757197265624 0.275848765625 0.9423868310546875 0.2735339501953125 0.937242798828125 0.276234568359375 0.935185185546875 0.293209876953125 0.93415637890625 0.307098765625 0.9393004111328125 0.30902777734375 0.9526748974609375 0.3078703701171875 0.9562757197265624 0.275848765625
1 0.9511316875 0.3452932099609375 0.952160494140625 0.3132716044921875 0.94907407421875 0.3117283955078125 0.9356995888671875 0.3125 0.933127572265625 0.31867283984375 0.932098765625 0.346836419921875 0.9382716044921875 0.3479938271484375 0.94907407421875 0.346836419921875 0.9511316875 0.3452932099609375
1 0.973765431640625 0.3452932099609375 0.97222222265625 0.338734568359375 0.9732510283203125 0.3221450615234375 0.9773662548828125 0.3140432099609375 0.9614197529296875 0.3117283955078125 0.95576131640625 0.3117283955078125 0.9526748974609375 0.3140432099609375 0.9516460908203125 0.3452932099609375 0.954218107421875 0.3476080244140625 0.96810699609375 0.34722222265625 0.973765431640625 0.3452932099609375
1 0.98713991796875 0.349151234375 0.9907407412109375 0.3360339501953125 0.9912551435546875 0.3140432099609375 0.981995884765625 0.3125 0.9742798349609375 0.3125 0.9706790126953125 0.3140432099609375 0.97222222265625 0.3221450615234375 0.970164609375 0.3456790126953125 0.9773662548828125 0.349151234375 0.98713991796875 0.349151234375
1 0.94907407421875 0.38387345703125 0.9511316875 0.3614969140625 0.95576131640625 0.352237654296875 0.9470164609375 0.349537037109375 0.9346707822265625 0.349537037109375 0.931069958984375 0.35262345703125 0.9315843623046876 0.3850308642578125 0.9393004111328125 0.386959876953125 0.94495884765625 0.38657407421875 0.94907407421875 0.38387345703125
1 0.9727366259765625 0.383487654296875 0.9706790126953125 0.3823302470703125 0.971193416015625 0.375385802734375 0.97479423828125 0.3730709873046875 0.97222222265625 0.3707561728515625 0.9717078193359375 0.360339505859375 0.97479423828125 0.352237654296875 0.967078189453125 0.349537037109375 0.954218107421875 0.3506944443359375 0.9516460908203125 0.352237654296875 0.94907407421875 0.383487654296875 0.9526748974609375 0.38657407421875 0.9603909462890625 0.386959876953125 0.9727366259765625 0.383487654296875
1 0.97998046875 0.35791015625 0.00048828125 0.00048828125
1 0.984053498046875 0.3873456787109375 0.988168724609375 0.3591820986328125 0.98713991796875 0.3510802470703125 0.97222222265625 0.3503086416015625 0.970164609375 0.3514660498046875 0.96810699609375 0.371913580078125 0.9634773662109375 0.3765432099609375 0.962962962890625 0.383487654296875 0.967078189453125 0.38580246875 0.9804526748046875 0.3881172841796875 0.984053498046875 0.3873456787109375
1 0.99382716015625 0.4837962958984375 0.9974279833984375 0.4564043212890625 0.9994855966796875 0.4552469140625 0.9994855966796875 0.4305555556640625 0.9665637861328125 0.4282407412109375 0.95576131640625 0.4309413583984375 0.94907407421875 0.4533179013671875 0.9465020576171875 0.4699074072265625 0.9465020576171875 0.4814814814453125 0.95987654296875 0.4872685185546875 0.9912551435546875 0.488040123046875 0.99382716015625 0.4837962958984375
1 0.941872427734375 0.485339505859375 0.9444444443359375 0.4841820986328125 0.9470164609375 0.456790123046875 0.95318930078125 0.4355709873046875 0.952160494140625 0.4309413583984375 0.9284979423828125 0.42862654296875 0.9243827158203125 0.432098765625 0.920781892578125 0.4498456787109375 0.92181069921875 0.4699074072265625 0.91923868359375 0.480709876953125 0.9315843623046876 0.4849537041015625 0.941872427734375 0.485339505859375
1 0.942901234375 0.5964506171875 0.945987654296875 0.594135802734375 0.945987654296875 0.577160494140625 0.9495884775390625 0.557098765625 0.9573045263671875 0.5466820986328125 0.9495884775390625 0.543209876953125 0.926954732421875 0.5416666669921875 0.918209876953125 0.5416666669921875 0.9156378603515625 0.54552469140625 0.91306584375 0.579861111328125 0.9146090537109375 0.59375 0.9238683125 0.5976080244140625 0.942901234375 0.5964506171875
1 0.9768518515625 0.5976080244140625 0.980967078125 0.5952932099609375 0.9814814814453126 0.5929783955078125 0.98713991796875 0.5470679013671875 0.986111111328125 0.5435956787109375 0.9835390947265625 0.5416666669921875 0.9686213994140624 0.5416666669921875 0.9506172841796875 0.5466820986328125 0.9465020576171875 0.5956790126953125 0.9506172841796875 0.5979938271484375 0.96810699609375 0.598765431640625 0.9768518515625 0.5976080244140625
1 0.94189453125 0.642578125 0.037109375 0.060546875
1 0.94580078125 0.70166015625 0.03466796875 0.0595703125
1 0.9140625 0.7021484375 0.03125 0.05419921875
1 0.91650390625 0.6455078125 0.013671875 0.0546875
1 0.21533203125 0.25634765625 0.0654296875 0.04150390625
0 0.974609375 0.404296875 0.9736328125 0.3935546875 0.9775390625 0.3916015625 0.9990234375 0.392578125 0.9990234375 0.404296875 0.9755859375 0.404296875
0 0.966796875 0.7353515625 0.9990234375 0.7314453125 0.9990234375 0.744140625 0.970703125 0.7451171875 0.9658203125 0.7421875 0.966796875 0.736328125
0 0.99609375 0.6015625 0.9990234375 0.6025390625 0.9990234375 0.615234375 0.9775390625 0.61328125 0.978515625 0.6025390625 0.9951171875 0.6015625
0 0.39453125 0.525390625 0.3984375 0.5263671875 0.3994140625 0.5341796875 0.3974609375 0.537109375 0.376953125 0.5380859375 0.3603515625 0.537109375 0.359375 0.5263671875 0.3935546875 0.525390625
0 0.12939453125 0.53369140625 0.044921875 0.01318359375
0 0.1494140625 0.40625 0.189453125 0.40625 0.1923828125 0.412109375 0.189453125 0.4189453125 0.1513671875 0.4189453125 0.1484375 0.416015625 0.1494140625 0.4072265625
0 0.732421875 0.404296875 0.732421875 0.4150390625 0.716796875 0.416015625 0.6943359375 0.4150390625 0.6943359375 0.4052734375 0.6962890625 0.4033203125 0.7314453125 0.404296875
0 0.6806640625 0.5185546875 0.6953125 0.51953125 0.697265625 0.529296875 0.677734375 0.5322265625 0.658203125 0.5322265625 0.6572265625 0.5263671875 0.658203125 0.5224609375 0.6796875 0.5185546875
0 0.4326171875 0.40625 0.4345703125 0.408203125 0.4345703125 0.4169921875 0.4296875 0.4189453125 0.396484375 0.4189453125 0.3935546875 0.4169921875 0.3935546875 0.4072265625 0.431640625 0.40625
0 0.9970703125 0.490234375 0.9990234375 0.4912109375 0.9990234375 0.5029296875 0.9736328125 0.5029296875 0.970703125 0.5009765625 0.970703125 0.494140625 0.9736328125 0.490234375 0.99609375 0.490234375
0 0.5302734375 0.533203125 0.529296875 0.529296875 0.5322265625 0.5224609375 0.568359375 0.5244140625 0.5703125 0.5263671875 0.5703125 0.5322265625 0.568359375 0.53515625 0.53125 0.533203125