1 0.0418344130859375 0 0.037276046875 0.0521023671875 0.0453070556640625 0.0547413701171875 0.0586642724609375 0.05552269921875 0.07079484765625 0.0585203671875 0.072197685546875 0.0601922041015625 0.07844791015625 0.0595772001953125 0.1121684599609375 0.0636891943359375 0.1175619169921875 0.0610628505859375 0.11940187890625 0.057738341796875 0.1211167490234375 0.0381372890625 0.12018599609375 0.0074610400390625 0.120687138671875 0 0.0418344130859375 0
1 0.124549244140625 0 0.1225532119140625 0.039424791015625 0.123610392578125 0.062753853515625 0.1351612724609375 0.066475357421875 0.15501216015625 0.069761189453125 0.1741407802734375 0.069498345703125 0.1964193984375 0.074545681640625 0.22306658203125 0.0768770087890625 0.22572161328125 0.070138322265625 0.2270585361328125 0.0489550986328125 0.226976478515625 0.0144803408203125 0.2282433447265625 0 0.124549244140625 0
1 0.2308251845703125 0 0.2280255859375 0.0319995537109375 0.2282246650390625 0.076941005859375 0.2489995693359375 0.0814695078125 0.3247406787109375 0.08925782421875 0.326547015625 0.0863176484375 0.3296162890625 0.0335293408203125 0.3319686962890625 0.0302496640625 0.3314575859375 0.0065811015625 0.3334556552734375 0 0.2308251845703125 0
1 0.3369291025390625 0 0.3321610380859375 0.0457575380859375 0.3298987607421875 0.089321822265625 0.3893841748046875 0.09994798828125 0.4185599619140625 0.1028878154296875 0.4248438125 0.1018884765625 0.433003919921875 0.049932833984375 0.4373724765625 0 0.3369291025390625 0
1 0.4399299033203125 0 0.437769248046875 0.0131712333984375 0.429582251953125 0.0949447880859375 0.430993162109375 0.102426474609375 0.472232275390625 0.1091326376953125 0.523375984375 0.1147689619140625 0.52725765625 0.105813935546875 0.533443302734375 0.0587201416015625 0.533772146484375 0.037255083984375 0.537427185546875 0.0249883818359375 0.53999075 0.001588818359375 0.52183047265625 0 0.4399299033203125 0
1 0.537443330078125 0.0366080791015625 0.534711640625 0.061929314453125 0.5361642490234375 0.074836515625 0.52802162109375 0.1147881259765625 0.5340364716796875 0.1168634619140625 0.561607671875 0.1204374580078125 0.620984138671875 0.12640677734375 0.625336560546875 0.1120710712890625 0.6363373037109376 0.0394510380859375 0.6378679052734375 0.0101519599609375 0.5440903173828125 0.001947484375 0.537443330078125 0.0366080791015625
1 0.6295719619140625 0.0872686689453125 0.6284367880859375 0.10614588671875 0.6244623125 0.1220637646484375 0.62617584765625 0.12608644140625 0.64076777734375 0.130461279296875 0.6723712939453125 0.135162609375 0.7143918525390625 0.138838931640625 0.7186514716796875 0.1314660771484375 0.726323349609375 0.0968951484375 0.7403570712890625 0.0191186005859375 0.6429923623046875 0.0106002919921875 0.6295719619140625 0.0872686689453125
1 0.8377217783203125 0.027636908203125 0.7444566376953125 0.019477265625 0.7346341015625 0.055021865234375 0.72883580859375 0.0858839501953125 0.7281377587890625 0.0997648212890625 0.7257853505859375 0.1030444970703125 0.7212056279296875 0.12588039453125 0.719650810546875 0.1377499267578125 0.7225573603515625 0.13994059765625 0.7848403779296875 0.1481005888671875 0.7898303369140625 0.1500862578125 0.811487560546875 0.1504319150390625 0.817301998046875 0.13118952734375 0.8377217783203125 0.027636908203125
1 0.9353043818359374 0.0454689072265625 0.93611137890625 0.0362448828125 0.84387112890625 0.02817490625 0.8374016748046875 0.04309994921875 0.8259987685546875 0.0967082646484375 0.822183009765625 0.1285183515625 0.8167720712890625 0.1431487265625 0.817468787109375 0.1528915859375 0.848694357421875 0.1560107451171875 0.885800279296875 0.162742578125 0.904794400390625 0.1640170712890625 0.9083734482421875 0.158521056640625 0.914456884765625 0.136203994140625 0.921473744140625 0.0973157197265625 0.9353043818359374 0.0454689072265625
1 1 0.0418344130859375 0.941748283203125 0.0367380478515625 0.92848926953125 0.0820511748046875 0.911750748046875 0.1553310458984375 0.912514712890625 0.164305236328125 0.916924974609375 0.1670147412109375 0.9455546923828125 0.1702940693359375 0.96571627734375 0.1759307412109375 1 0.1762416357421875 1 0.0418344130859375
1 0.902967912109375 0.2262087392578125 0.891181658203125 0.2251775751953125 0.883158720703125 0.2283484208984375 0.8493884599609375 0.3605532900390625 0.8476910703125 0.3681503115234375 0.85056399609375 0.37072531640625 0.8570912919921875 0.3728454853515625 0.8923491796875 0.3770919794921875 0.89610442578125 0.375484140625 0.898532154296875 0.3772456435546875 0.928186763671875 0.3806146376953125 0.93552912890625 0.379320630859375 0.9428809033203125 0.3602127431640625 0.9497040869140625 0.32944032421875 0.9623578515625 0.2910452158203125 0.97499547265625 0.24103041015625 0.9737271337890625 0.2378212353515625 0.936243265625 0.22950723046875 0.91608975390625 0.229680408203125 0.902967912109375 0.2262087392578125
1 1 0.238957984375 0.9835644794921875 0.2375200625 0.9781710224609375 0.24014640625 0.9647438837890625 0.287381205078125 0.965272474609375 0.2990457353515625 0.9572656826171875 0.313836279296875 0.94961128515625 0.33640317578125 0.9441828671875 0.3630375830078125 0.9394188740234375 0.3761754541015625 0.9410987841796875 0.38058246484375 0.944072583984375 0.382004466796875 0.966653826171875 0.3835927939453125 0.9716437841796876 0.385578462890625 0.9834972880859375 0.3858409580078125 0.98848724609375 0.3878266279296875 1 0.3878524697265625 1 0.238957984375
1 0.7640951494140625 0.36161116796875 0.825932970703125 0.3689576572265625 0.840827525390625 0.3698734853515625 0.8445491455078125 0.36864998046875 0.876849318359375 0.235541943359375 0.8780678876953125 0.22751575390625 0.8766314248046875 0.226228251953125 0.8328637080078125 0.218913587890625 0.7964464287109375 0.216114763671875 0.791666291015625 0.2176329375 0.7845915888671875 0.2394759990234375 0.7809358818359375 0.2635545654296875 0.7674159423828125 0.3177522158203125 0.7608442783203125 0.3574539921875 0.7640951494140625 0.36161116796875
1 0.700820806640625 0.20542494921875 0.6892417041015625 0.255145087890625 0.686232943359375 0.2777311494140625 0.679838810546875 0.2976973720703125 0.6691500986328125 0.3490445146484375 0.6719221494140625 0.3527725234375 0.7424715498046875 0.36088117578125 0.752754091796875 0.3613935068359375 0.7570217822265625 0.3598305 0.7620547744140626 0.343617955078125 0.7648200888671876 0.317912384765625 0.7716096474609375 0.28752430078125 0.7770878349609375 0.2721252568359375 0.7896501328125 0.21706926953125 0.7878693486328125 0.21381526171875 0.780829607421875 0.211650259765625 0.750494427734375 0.2101581044921875 0.7302319697265625 0.2056744365234375 0.7097677607421875 0.2034967734375 0.700820806640625 0.20542494921875
1 0.6636395634765625 0.1936519365234375 0.65705308984375 0.1981102841796875 0.6167716181640625 0.1922624560546875 0.6078919140625 0.1934219638671875 0.6004473388671875 0.219492703125 0.5899428955078125 0.2805378701171875 0.581454611328125 0.3421467060546875 0.584394787109375 0.34395304296875 0.6124448076171874 0.34795620703125 0.6538856708984375 0.3523563642578125 0.6632105712890625 0.352010359375 0.667436564453125 0.345021837890625 0.6695885576171875 0.3204244375 0.6752093173828125 0.3092979052734375 0.68054493359375 0.2896263505859375 0.6820244287109375 0.272715638671875 0.698056828125 0.2075067890625 0.6963769189453125 0.2030997783203125 0.6846915400390625 0.2009156123046875 0.6850277890625 0.1970722685546875 0.6817432919921875 0.19329942578125 0.6636395634765625 0.1936519365234375
1 0.555723314453125 0.18769597265625 0.5476331279296875 0.19163548828125 0.5405516884765625 0.184044970703125 0.5201547294921876 0.181098640625 0.513904505859375 0.18171364453125 0.5115857236328125 0.1846089873046875 0.510551423828125 0.202333201171875 0.505678484375 0.2108142265625 0.5018882783203125 0.2364301298828125 0.495441705078125 0.2924084482421875 0.4972224892578125 0.29566245703125 0.4950462783203125 0.302830310546875 0.4978183291015625 0.3065583193359375 0.493995833984375 0.3089348271484375 0.4903401279296875 0.3330133935546875 0.5752380126953125 0.3423773759765625 0.579228630859375 0.3380791953125 0.6037587236328125 0.1934476318359375 0.601330994140625 0.1916861279296875 0.5936106806640625 0.19139796484375 0.588511775390625 0.1847554501953125 0.5799010712890625 0.18284028125 0.570609796875 0.182801953125 0.5671988720703125 0.1863762978515625 0.555723314453125 0.18769597265625
1 0.4687675751953125 0.17234280859375 0.4647688837890625 0.170831140625 0.436071916015625 0.1683204814453125 0.415305083984375 0.169601828125 0.4093548115234375 0.2140052822265625 0.401955998046875 0.32218257421875 0.435542048828125 0.32783190625 0.45197394140625 0.328882234375 0.4706990615234375 0.3332314033203125 0.4851484208984375 0.3333337294921875 0.4902150361328125 0.316736849609375 0.4902076328125 0.2991151357421875 0.4937200986328125 0.282575923828125 0.4997214755859375 0.2257841025390625 0.5045446455078125 0.2060677138671875 0.506251443359375 0.1806568125 0.495759080078125 0.176640640625 0.4785376708984375 0.1728103046875 0.473858408203125 0.1731754755859375 0.4709182333984375 0.171369138671875 0.4687675751953125 0.17234280859375
1 0.390422541015625 0.158904810546875 0.3890533271484375 0.1568486396484375 0.3849201357421875 0.15687430859375 0.382466853515625 0.16130698828125 0.378232787109375 0.16248566015625 0.3560967421875 0.1617108349609375 0.3434873447265625 0.1582839990234375 0.3214857998046875 0.1559718369140625 0.316159591796875 0.15782951171875 0.3111077841796875 0.2096698193359375 0.30793496484375 0.3108585908203125 0.3113539599609375 0.3130940947265625 0.335917736328125 0.315630421875 0.3520806279296875 0.3197554248046875 0.3885987822265625 0.3214012451171875 0.3953950771484375 0.320446740234375 0.3989996787109375 0.3087565400390625 0.4024119384765625 0.2815584658203125 0.4037327177734375 0.2487555439453125 0.406110677734375 0.2392816845703125 0.41219678515625 0.1697171630859375 0.4038887041015625 0.164342986328125 0.402175169921875 0.1603203095703125 0.3969834609375 0.160640646484375 0.390422541015625 0.158904810546875
1 0.2999213779296875 0.148663328125 0.2850940732421875 0.1469788310546875 0.2800449365234375 0.1515716796875 0.2642936162109375 0.1486445126953125 0.21564488671875 0.1440010244140625 0.2140066748046875 0.14501952734375 0.2133341767578125 0.15270621484375 0.2109952431640625 0.214853048828125 0.2109065048828125 0.2984969384765625 0.2127545390625 0.30098227734375 0.221398869140625 0.3025131103515625 0.2577825224609375 0.305696267578125 0.26882095703125 0.309372939453125 0.2990888857421875 0.311633763671875 0.303558326171875 0.3077647509765625 0.3060801943359375 0.2789396728515625 0.30620795703125 0.2479687568359375 0.31200084765625 0.16404936328125 0.3105226875 0.1573363466796875 0.3026934287109375 0.152391337890625 0.2999213779296875 0.148663328125
1 0.1107697470703125 0.28625062109375 0.115591580078125 0.290157962890625 0.153445322265625 0.2942442880859375 0.1655422734375 0.297626291015625 0.201925927734375 0.3008094482421875 0.2068069384765625 0.2981382734375 0.208563505859375 0.283962734375 0.21086475 0.145519197265625 0.1992049228515625 0.13714084765625 0.168155548828125 0.137909865234375 0.1139371650390625 0.1320045419921875 0.112038025390625 0.1419075693359375 0.107344013671875 0.2545815390625 0.1107697470703125 0.28625062109375
1 0.099580609375 0.12493936328125 0.0918939228515625 0.124266865234375 0.0845515556640625 0.125560873046875 0.0833921640625 0.1270085439453125 0.0642299189453125 0.1276557216796875 0.0331052236328125 0.12338355859375 0.0310218154296875 0.123588560546875 0.0177063544921875 0.27578497265625 0.045966197265625 0.283291978515625 0.07172298828125 0.28399630078125 0.0802328173828125 0.28706447265625 0.10175554296875 0.288947466796875 0.106124109375 0.28623145703125 0.107275427734375 0.2789739375 0.10495798046875 0.2582455498046875 0.107656044921875 0.2333086484375 0.1063728974609375 0.194856046875 0.1103998134765625 0.1429260732421875 0.1085020107421875 0.12920537109375 0.099580609375 0.12493936328125
1 0.0939397568359375 0.34286961328125 0.0951663974609375 0.3406532744140625 0.0932174892578125 0.3393209384765625 0.0900419404296875 0.3402049423828125 0.087655908203125 0.343868953125 0.0781965078125 0.3457522958984375 0.0701655 0.34311329296875 0.0553381953125 0.3414287958984375 0.049020720703125 0.3428124697265625 0.0409224619140625 0.340942134765625 0.023843625 0.3413843115234375 0.0185618447265625 0.4489722666015625 0.02166880859375 0.472480662109375 0.026112697265625 0.4748058330078125 0.0288511220703125 0.47891817578125 0.0479124931640625 0.4794240009765625 0.094343314453125 0.485809828125 0.1067092646484375 0.48611715625 0.1101874384765625 0.4817741435546875 0.11023987890625 0.445762046875 0.1125425166015625 0.4312470068359375 0.1152351796875 0.3532527978515625 0.113102001953125 0.3422224365234375 0.1112203427734375 0.340121431640625 0.105549814453125 0.3400126005859375 0.1009122490234375 0.34580328515625 0.0939397568359375 0.34286961328125
1 0.186658828125 0.3513687578125 0.18232388671875 0.3537004326171875 0.1528118505859375 0.3546039501953125 0.1422522373046875 0.3513564462890625 0.12687886328125 0.3500114501953125 0.121073833984375 0.35143995703125 0.1170495888671875 0.356122470703125 0.1148612998046875 0.4283516650390625 0.112297734375 0.451751228515625 0.11248066796875 0.485072984375 0.1204780517578125 0.4880963212890625 0.160003630859375 0.4907798095703125 0.168001015625 0.493803146484375 0.19980628125 0.496198470703125 0.202192314453125 0.4925344599609375 0.206076658203125 0.4363319755859375 0.2053382451171875 0.4211636015625 0.21034835546875 0.3638977802734375 0.2065177880859375 0.360464439453125 0.2050732529296875 0.353367087890625 0.197143119140625 0.3495750810546875 0.19021232421875 0.3520669248046875 0.186658828125 0.3513687578125
1 0.2937680791015625 0.36654874609375 0.266406701171875 0.366478591796875 0.2385920537109375 0.359785087890625 0.2174136494140625 0.3598685986328125 0.2141708505859375 0.361521271484375 0.20751312109375 0.4376194775390625 0.2059905927734375 0.4727284052734375 0.207249521484375 0.4937514599609375 0.2090975556640625 0.4962367998046875 0.25784716015625 0.4997272841796875 0.263862009765625 0.5018026201171875 0.2883921611328125 0.504723283203125 0.2904002470703125 0.4994771025390625 0.291938919921875 0.47598787109375 0.2915529013671875 0.4685958515625 0.289192421875 0.4660656796875 0.2943854658203125 0.44212161328125 0.293218001953125 0.437759435546875 0.2955623369140625 0.42866991015625 0.300606072265625 0.37101975390625 0.2937680791015625 0.36654874609375
1 0.3030338017578125 0.3727812578125 0.2925589775390625 0.5043132802734375 0.29539827734375 0.507272619140625 0.3357806240234375 0.5119674462890625 0.377969306640625 0.5137220966796875 0.3804562138671875 0.50890508203125 0.392678197265625 0.38101140234375 0.386352650390625 0.3765852275390625 0.3866552744140625 0.3731262177734375 0.3838159736328125 0.3701668779296875 0.3765072333984375 0.37107655078125 0.3757594130859375 0.3737220576171875 0.371082669921875 0.3760238291015625 0.350825763671875 0.3754134072265625 0.340232525390625 0.3725502392578125 0.3106115419921875 0.3687969091796875 0.3030338017578125 0.3727812578125
1 0.397424708984375 0.3798775634765625 0.39449260546875 0.3838810751953125 0.388878583984375 0.4244411865234375 0.381556427734375 0.5140359287109375 0.38705883203125 0.516066431640625 0.408648806640625 0.5171807568359374 0.4208130068359375 0.519794091796875 0.4603722109375 0.5220932451171875 0.4628591181640625 0.5172762314453125 0.4688591591796875 0.4841081396484375 0.4805579541015625 0.3976072373046875 0.4805835068359375 0.3914130537109375 0.4739136376953125 0.385020373046875 0.4732586201171875 0.3807030283203125 0.456860353515625 0.3792683662109375 0.44911448828125 0.385174384765625 0.4245170888671875 0.3830223916015625 0.4078081259765625 0.3792368896484375 0.397424708984375 0.3798775634765625
1 0.5410776669921875 0.3905091875 0.5374905458984375 0.39019535546875 0.5356088876953125 0.3880943515625 0.5341468720703125 0.39300103125 0.5283082177734375 0.394813873046875 0.5136154140625 0.3915920380859375 0.4894295849609375 0.3906378798828125 0.483112109375 0.3920215537109375 0.4716325458984375 0.46421241796875 0.4698665712890625 0.496201837890625 0.463749509765625 0.5189032353515625 0.46457265234375 0.5212989072265625 0.4715787685546875 0.523848244140625 0.520328373046875 0.5273387294921875 0.5293842734375 0.5300673994140624 0.5442788271484374 0.5309832275390625 0.5464631103515625 0.52962522265625 0.5490091953125 0.51822969140625 0.5669259248046875 0.407874388671875 0.5668842275390625 0.4024488740234375 0.55659361328125 0.3961266953125 0.556484666015625 0.391469849609375 0.5536453662109375 0.388510509765625 0.5496130498046875 0.38738317578125 0.5410776669921875 0.3905091875
1 0.5705722236328125 0.401609703125 0.5634719677734376 0.429646947265625 0.5534799716796875 0.49073694921875 0.54841201953125 0.53095755859375 0.5579803662109375 0.5337310615234375 0.5974386943359375 0.5371832177734375 0.619339365234375 0.5406483828125 0.6282526943359374 0.539104541015625 0.6342433271484375 0.5237503310546875 0.654722287109375 0.413619193359375 0.6520511103515625 0.408738181640625 0.6404329814453125 0.4057853466796875 0.64124805078125 0.402371169921875 0.6390556953125 0.397919326171875 0.6220441083984375 0.3975928330078125 0.611668763671875 0.40404335546875 0.5896335927734375 0.4021155283203125 0.5795191767578125 0.3996815263671875 0.5705722236328125 0.401609703125
1 0.657940927734375 0.542089201171875 0.7112689189453125 0.54636751953125 0.7151922890625 0.5428380078125 0.7245454130859375 0.4890503603515625 0.73365375390625 0.45576693359375 0.740300740234375 0.421106337890625 0.73547890625 0.4171989970703125 0.710369060546875 0.4150021708984375 0.6673827880859375 0.4046576630859375 0.662669900390625 0.40540716796875 0.6570410693359375 0.4107238515625 0.632520384765625 0.53754153515625 0.6344692939453125 0.53887387109375 0.657940927734375 0.542089201171875
1 0.72062070703125 0.5162036015625 0.716561501953125 0.5448941796875 0.7184095361328126 0.5473795185546875 0.7812722490234375 0.5548156748046875 0.7894713828125 0.555533005859375 0.79476396484375 0.554059666015625 0.8026873623046875 0.52841809375 0.8244844287109375 0.432731494140625 0.821368056640625 0.4270369814453125 0.817915435546875 0.4251858115234375 0.805414986328125 0.4264158203125 0.7841276357421875 0.4218424853515625 0.7661247822265626 0.4210419921875 0.7632182314453125 0.4188513212890625 0.7445348076171875 0.419927666015625 0.7415690791015624 0.4243155126953125 0.72062070703125 0.5162036015625
1 0.8881124423828125 0.4255181103515625 0.8810390751953125 0.423737443359375 0.877317455078125 0.4249609482421875 0.8706556591796875 0.4243781162109375 0.8636112138671875 0.4311200546875 0.852215681640625 0.4285739697265625 0.850124201171875 0.422969123046875 0.848830310546875 0.425954130859375 0.8294999404296876 0.42852298046875 0.8163081767578125 0.473067439453125 0.8132321669921875 0.496422169921875 0.809182369140625 0.5072988681640626 0.8076356240234375 0.524978248046875 0.7986873349609375 0.550530154296875 0.799787548828125 0.5556610009765625 0.822200666015625 0.5591709990234375 0.826913552734375 0.5584214951171875 0.86322995703125 0.5623733212890625 0.8756631572265625 0.56191198046875 0.877981939453125 0.559016638671875 0.9016176318359375 0.4836292587890625 0.912280791015625 0.4384762998046875 0.9078032783203125 0.4365354638671875 0.8914050107421875 0.4351008017578125 0.8890445322265625 0.43257062890625 0.8881124423828125 0.4255181103515625
1 0.96380383984375 0.569623291015625 0.9957839091796875 0.451978294921875 0.996187408203125 0.4473662822265625 0.9937933037109375 0.4452204453125 0.971514685546875 0.440173109375 0.9545030986328125 0.4398466162109375 0.9202701025390625 0.4356897890625 0.91548996484375 0.4372079619140625 0.8805024716796875 0.5538152900390625 0.8797963486328125 0.5618863115234375 0.8852315029296876 0.564685482421875 0.958922828125 0.572294466796875 0.96380383984375 0.569623291015625
1 0.115510974609375 0.527163927734375 0.1105210166015625 0.5251782578125 0.10632057421875 0.5259725966796875 0.0586631123046875 0.5218031083984375 0.0495897314453125 0.5310784716796875 0.04291986328125 0.524685791015625 0.0274617578125 0.5361134951171875 0.02910804296875 0.54090483984375 0.0192034482421875 0.541974681640625 0.0178584521484375 0.557348056640625 0.02053769921875 0.5680389169921874 0.018755580078125 0.588408638671875 0.0210905068359375 0.597132994140625 0.0206103505859375 0.6203275556640625 0.0235572626953125 0.651567470703125 0.0337053046875 0.653617138671875 0.0420053134765625 0.6531814658203124 0.0568662421875 0.65448162890625 0.0593275966796875 0.655858798828125 0.0794474833984375 0.6560699560546875 0.105002525390625 0.6590802841796874 0.1079682529296875 0.6546924375 0.1063407841796875 0.61427333203125 0.1093266640625 0.550633994140625 0.115510974609375 0.527163927734375
1 0 0.650252212890625 0.0173070380859375 0.6521824765625 0.0209950341796875 0.6513433046875 0.0216339072265625 0.644040953125 0.0171442568359375 0.5596092294921875 0.0180951611328125 0.531033986328125 0.0154239853515625 0.526152974609375 0 0.5244267353515625 0 0.650252212890625
1 0.2122623623046875 0.53679040625 0.206423708984375 0.5386032470703125 0.1978291494140625 0.54830777734375 0.1933449580078125 0.6644855888671874 0.1998050048828125 0.6673744267578124 0.2100202958984375 0.66865542578125 0.270623404296875 0.6724084052734375 0.2750511474609375 0.66311387890625 0.275388732421875 0.6356468056640625 0.2806422890625 0.5815004912109375 0.283953673828125 0.5554554208984375 0.2879362216796875 0.5453473916015625 0.2790148203125 0.541081384765625 0.2723193994140625 0.5408828876953125 0.2695554208984375 0.542964728515625 0.25923925390625 0.542836732421875 0.2341294091796875 0.5406399052734375 0.219982673828125 0.5370785703125 0.2122623623046875 0.53679040625
1 0.1074826953125 0.6248296923828125 0.109169341796875 0.6586702822265625 0.117746421875 0.6609697841796875 0.144116533203125 0.6605659365234375 0.1674872919921875 0.66493426953125 0.1870274833984375 0.66586926171875 0.1904047822265625 0.6626792529296875 0.1915224765625 0.6558060673828126 0.1961828642578125 0.5435164326171875 0.2005769833984375 0.5346062392578125 0.1920335283203125 0.5319224033203125 0.1841787158203125 0.533171576171875 0.1360424326171875 0.528572921875 0.1193751669921875 0.53021293359375 0.1105035361328125 0.537182291015625 0.1074826953125 0.6248296923828125
1 0.356882427734375 0.6780187109375 0.3677365576171875 0.5834660205078125 0.372060732421875 0.56355106640625 0.368869037109375 0.5528153720703125 0.357897853515625 0.5483700322265626 0.3438936904296875 0.54908120703125 0.2987648330078125 0.545520220703125 0.289002810546875 0.550862572265625 0.28603708203125 0.5552504189453125 0.2772852001953125 0.6729912373046875 0.2925240751953125 0.6758735712890624 0.3529590576171875 0.68154822265625 0.356882427734375 0.6780187109375
1 0.430530662109375 0.55627368359375 0.4180638369140625 0.557119359375 0.3817810576171875 0.55278319921875 0.3773116181640625 0.5566522119140624 0.3730936962890625 0.5694505810546875 0.3609577783203125 0.6609478310546875 0.36125906640625 0.68111255078125 0.3636531708984375 0.683258388671875 0.370348591796875 0.6834568857421875 0.37585099609375 0.685487388671875 0.402086609375 0.68662087890625 0.4254909921875 0.6906048779296875 0.4358407841796875 0.6903485390625 0.4395624033203125 0.6891250341796875 0.440856294921875 0.686140025390625 0.4450916962890625 0.661337623046875 0.45640447265625 0.567444701171875 0.452095083984375 0.5635821923828125 0.45137281640625 0.560033517578125 0.445904037109375 0.5576186796875 0.430530662109375 0.55627368359375
1 0.454403123046875 0.6021244619140625 0.442737953125 0.688241029296875 0.4461905751953125 0.69009219921875 0.486505671875 0.6955556943359374 0.519915525390625 0.697316849609375 0.52342732421875 0.692589501953125 0.53438637109375 0.614543955078125 0.5408733046875 0.5876148798828125 0.5409661064453125 0.5806520283203125 0.5371610927734375 0.57102450390625 0.530457599609375 0.565016158203125 0.523896677734375 0.5632803232421875 0.4855721875 0.5645746796875 0.4805822294921875 0.562589009765625 0.464183962890625 0.56115434765625 0.4602269677734375 0.565068193359375 0.454403123046875 0.6021244619140625
1 0.59793232421875 0.5728558125 0.5631532578125 0.569038486328125 0.555096697265625 0.572593666015625 0.5510307548828125 0.5718506669921875 0.5477126328125 0.5684621591796875 0.5409835869140625 0.56864799609375 0.5425962470703125 0.57382367578125 0.542276142578125 0.589286716796875 0.5348396376953125 0.6211673056640625 0.524729287109375 0.695414341796875 0.526132125 0.6970861787109375 0.5429730673828125 0.6973977421875 0.5726301962890625 0.702703337890625 0.599067556640625 0.701530822265625 0.60281473046875 0.6941131337890625 0.6083776484375 0.665941388671875 0.611689033203125 0.639896318359375 0.62207512109375 0.592008185546875 0.62114303125 0.5849556669921875 0.61847185546875 0.5800746552734375 0.6098867041015625 0.5719653046875 0.59793232421875 0.5728558125
1 0.6659194951171875 0.58074030078125 0.6570397919921875 0.5818998076171875 0.6530074755859375 0.5807724736328125 0.645110966796875 0.5765961328125 0.6272089873046875 0.5746426357421875 0.6244450087890625 0.5767244765625 0.623578833984375 0.59252701953125 0.603368873046875 0.69958348046875 0.60767826171875 0.7034459892578125 0.6765894501953125 0.712573146484375 0.6828652275390625 0.705763958984375 0.688781875 0.661744837890625 0.7037557568359375 0.596830658203125 0.7025882939453125 0.59246848046875 0.6942802138671875 0.5870943037109375 0.6911974658203125 0.581015455078125 0.6860730078125 0.580567123046875 0.687374970703125 0.5833919638671875 0.68088937109375 0.58669730859375 0.6701616337890625 0.5853714775390625 0.6689269208984375 0.58177796875 0.6659194951171875 0.58074030078125
1 0.7527340576171875 0.7157494501953126 0.7595303525390625 0.7147949443359375 0.7682351953125 0.68612353125 0.783537255859375 0.611556158203125 0.7835547353515625 0.5995521259765625 0.772407353515625 0.591218609375 0.756555158203125 0.5894444453125 0.7353014326171875 0.5844867763671875 0.7045210576171875 0.5821811181640625 0.7041081513671875 0.60460701171875 0.6864281318359375 0.688648244140625 0.68525933203125 0.707909796875 0.70763882421875 0.71180412890625 0.7527340576171875 0.7157494501953126
1 0.786008017578125 0.5951194462890625 0.7869064814453125 0.602556298828125 0.7839649716796875 0.62437369140625 0.7719406708984375 0.673280328125 0.76838583984375 0.6962058916015625 0.7644369169921875 0.7059295859375 0.76325197265625 0.713571439453125 0.767561361328125 0.7174339482421875 0.8340448203125 0.7247996015625 0.8398498486328125 0.7233710947265625 0.8712327421875 0.618453966796875 0.8703342783203125 0.6110171142578125 0.8521054580078125 0.595093080078125 0.83570719140625 0.59365841796875 0.83137225 0.5959900927734375 0.82781875390625 0.59529192578125 0.8260796669921875 0.59746343359375 0.815864375 0.5961824345703125 0.81247900390625 0.5935625966796875 0.8022973369140625 0.5918972626953125 0.7924263662109375 0.59258276953125 0.786008017578125 0.5951194462890625
1 0.8688144208984375 0.59887858203125 0.864101533203125 0.5996280859375 0.863454587890625 0.6011205908203126 0.863286462890625 0.6030422626953125 0.871871615234375 0.61115161328125 0.8722576337890625 0.6185436337890625 0.862476794921875 0.6595137470703125 0.8498822080078124 0.691330337890625 0.842445703125 0.72321092578125 0.846889591796875 0.72553609765625 0.8611372001953125 0.7279444296875 0.91388549609375 0.732946583984375 0.9223791796875 0.7243950576171875 0.9457122490234375 0.6524666865234375 0.9546188408203125 0.621489267578125 0.9538293232421875 0.6187092607421875 0.937515787109375 0.6045018974609375 0.894335837890625 0.6022732451171875 0.8688144208984375 0.59887858203125
1 0.949066666015625 0.6082234013671876 0.954996787109375 0.6230714384765625 0.926605173828125 0.717406537109375 0.9221774306640625 0.7267010634765625 0.926965640625 0.7309927392578125 0.9506053984375 0.7322863984375 0.9592161025390625 0.7342015654296875 0.9809405771484375 0.7337785537109375 0.991330671875 0.6150192314453125 0.9866850341796874 0.6150000673828125 0.9832324130859375 0.6131488974609375 0.98005686328125 0.6140329013671875 0.978175205078125 0.611931896484375 0.9799479169921875 0.6093760556640625 0.971034587890625 0.6109198974609376 0.9661118779296874 0.6081655595703125 0.949066666015625 0.6082234013671876
1 0.902337345703125 0.82952984765625 0.921776662109375 0.8316178427734375 0.935788896484375 0.8367165166015625 0.94955768359375 0.838695681640625 0.953338482421875 0.8308936591796875 0.9692108291015625 0.7734163310546875 0.969547078125 0.76957298828125 0.9671865986328125 0.7670428154296876 0.9561145390625 0.763750478515625 0.913892232421875 0.762380162109375 0.8972976171875 0.816308814453125 0.8953312275390625 0.8269805107421875 0.8976244580078125 0.8302793515625 0.902337345703125 0.82952984765625
1 0.8471559189453125 0.7697088818359376 0.835157171875 0.812421333984375 0.835450388671875 0.8267762060546875 0.855024205078125 0.8273268642578125 0.8711870966796875 0.8314518671875 0.8906936640625 0.8327711953125 0.901986287109375 0.798129763671875 0.9057509404296875 0.77870804296875 0.9101114345703125 0.770182185546875 0.9107839326171875 0.762495498046875 0.9089022734375 0.7603944921875 0.9043575107421875 0.7592223251953125 0.8618245068359375 0.755501169921875 0.8468290771484375 0.7557383447265625 0.8424941376953125 0.75807001953125 0.8471559189453125 0.7697088818359376
1 0.77238592578125 0.821646056640625 0.77932479296875 0.8249640625 0.7905313515625 0.8267190615234375 0.8229835634765625 0.827621880859375 0.831896892578125 0.8260780400390625 0.837208291015625 0.7889769375 0.8426609267578125 0.7797720771484375 0.8449716357421875 0.7710668857421875 0.84208256640625 0.75687218359375 0.837159857421875 0.7541178447265625 0.8248947822265625 0.752657513671875 0.8012886484375 0.7509795205078125 0.7898803408203126 0.75153052734375 0.7876960576171875 0.7528885322265625 0.773630046875 0.8074256845703125 0.77238592578125 0.821646056640625
1 0.7099092314453125 0.821601919921875 0.7676394130859375 0.8227798955078125 0.781739048828125 0.767858408203125 0.78766243359375 0.7532728671875 0.7828742236328124 0.74898119140625 0.776044302734375 0.75032003125 0.75106895703125 0.7465858671875 0.7361744033203125 0.7456700390625 0.7309154453125 0.7467590439453125 0.7253874873046875 0.750922724609375 0.7173968408203125 0.7773329658203125 0.7162535947265625 0.7904003349609375 0.708909892578125 0.8153180712890625 0.7099092314453125 0.821601919921875
1 0.6618361328125 0.73955355859375 0.6571985673828125 0.745344244140625 0.6480566005859375 0.77901200390625 0.64361944921875 0.806120412109375 0.645172931640625 0.817874609375 0.655799794921875 0.8203534443359375 0.675306361328125 0.821672771484375 0.680666193359375 0.8194307626953125 0.688453755859375 0.8189502578125 0.69289764453125 0.8212754287109375 0.703112935546875 0.8225564267578125 0.7082885 0.810616392578125 0.7242536494140625 0.746176212890625 0.7136604111328125 0.74331304296875 0.6971948955078126 0.7426470498046875 0.6927173818359375 0.7407062138671875 0.6900542783203125 0.74163505078125 0.675773044921875 0.739611052734375 0.6618361328125 0.73955355859375
1 0.5872288623046875 0.73651175390625 0.58219587109375 0.7527242998046875 0.577353884765625 0.8080684501953125 0.5843936279296875 0.8102334521484374 0.603354123046875 0.81189228125 0.6065969228515625 0.8102396083984374 0.6214914765625 0.8111554365234375 0.6248432236328125 0.814159609375 0.637074673828125 0.816004275390625 0.6393262060546875 0.8138776015625 0.6388056884765625 0.8080229189453125 0.6488972236328125 0.76940364453125 0.6535024990234375 0.7403735654296875 0.6515872158203125 0.73865689453125 0.634298556640625 0.735595228515625 0.60505551953125 0.7334240703125 0.590538912109375 0.734090412109375 0.5872288623046875 0.73651175390625
1 0.5146942578125 0.7747025576171875 0.513240314453125 0.785419087890625 0.5166754560546875 0.7992742890625 0.5360138974609375 0.8025152890625 0.5407604091796875 0.8013814501953125 0.558763263671875 0.802181943359375 0.5639132744140625 0.796436091796875 0.5770471962890625 0.734846421875 0.5741406455078125 0.73265575 0.5635474072265625 0.7297925810546875 0.5255927900390625 0.7268592578125 0.5217702958984375 0.729235767578125 0.5207198515625 0.735340283203125 0.5169794150390625 0.77219155078125 0.5146942578125 0.7747025576171875
1 0.4542498662109375 0.786841787109375 0.4591806474609375 0.7954059736328125 0.46263326953125 0.7972571435546875 0.4850127607421875 0.8011514765625 0.5036625595703125 0.8004594658203125 0.5088381240234375 0.7885194306640625 0.51590475390625 0.7608665205078124 0.51988863671875 0.7271347626953125 0.477935328125 0.7226897705078125 0.467551912109375 0.7233304443359375 0.4638047392578125 0.7307481328125 0.4617711005859375 0.742188498046875 0.462307763671875 0.7596628779296875 0.457939197265625 0.76237888671875 0.4562418076171875 0.769975908203125 0.4542498662109375 0.786841787109375
1 0.4398166533203125 0.798359158203125 0.4435046484375 0.7975199873046875 0.4485874091796875 0.7925428056640625 0.4487138359375 0.785195619140625 0.4561584130859375 0.75912487890625 0.45771456640625 0.7236316171875 0.452313037109375 0.7204481103515625 0.4302778662109375 0.718520283203125 0.409611908203125 0.718648626953125 0.405377841796875 0.719827298828125 0.4016051162109375 0.733439169921875 0.3974531083984375 0.7690926005859375 0.399400681640625 0.7940486669921875 0.4398166533203125 0.798359158203125
1 0.38689216015625 0.7894688271484375 0.39447930859375 0.7676705986328125 0.398716046875 0.7192444677734375 0.39584312109375 0.7166694619140626 0.3538898115234375 0.712224470703125 0.343985216796875 0.7132943125 0.342044380859375 0.7177718251953125 0.33680696875 0.7835378359375 0.342040373046875 0.788643013671875 0.364419865234375 0.7925373466796874 0.3819102734375 0.7932930068359375 0.38689216015625 0.7894688271484375
1 0.2859672197265625 0.7508187734375 0.2824540849609375 0.7791698515625 0.2852933857421875 0.7821291904296875 0.303262615234375 0.7833140185546875 0.3118060693359375 0.7859978544921875 0.326734248046875 0.7865293486328125 0.331783384765625 0.7819365009765625 0.3379340703125 0.7588507705078125 0.3408096669921875 0.7141783154296875 0.3379367412109375 0.711603310546875 0.32673018359375 0.709848310546875 0.2912369208984375 0.7082921572265625 0.2870028544921875 0.709470830078125 0.284884486328125 0.7336838955078125 0.2859672197265625 0.7508187734375
1 0.232620412109375 0.782168216796875 0.2711547236328125 0.7843777041015625 0.2757922890625 0.77858701953125 0.282791669921875 0.75170277734375 0.2834157333984375 0.7091569970703125 0.2814668251953125 0.7078246611328125 0.2317932041015625 0.7030915068359375 0.2275255126953125 0.7046545126953125 0.2260971220703125 0.7091768583984375 0.2221549365234375 0.7483341318359376 0.2233129921875 0.7705101904296875 0.2260594912109375 0.7804323828125 0.232620412109375 0.782168216796875
1 0.18584526953125 0.773815884765625 0.2099974736328125 0.7751543759765624 0.215256431640625 0.7740653701171875 0.22002849609375 0.7667373486328125 0.221064130859375 0.725389404296875 0.224963283203125 0.7044303466796875 0.213345154296875 0.7014775107421874 0.1846818134765625 0.698582517578125 0.1686278681640625 0.6991143603515625 0.16625530859375 0.7616455283203125 0.1692371806640625 0.76887737890625 0.17166491015625 0.7706388828125 0.18584526953125 0.773815884765625
1 0.1156065654296875 0.7680580693359375 0.140649162109375 0.7710235654296875 0.160256603515625 0.7711898896484375 0.1625417607421875 0.7686788818359375 0.165449646484375 0.7472458232421875 0.16401585546875 0.698710861328125 0.1564636669921875 0.696501025390625 0.1426276298828125 0.695290529296875 0.108092009765625 0.6945927109375 0.1063098896484375 0.7149624326171875 0.1071989462890625 0.740213166015625 0.11078473046875 0.764150728515625 0.1156065654296875 0.7680580693359375
1 0.0481358466796875 0.6893472265625 0.0500646044921875 0.7499310537109375 0.053155423828125 0.7618197509765625 0.0981834072265625 0.7665337412109375 0.1052406298828125 0.7566947119140625 0.104538513671875 0.693894544921875 0.101564712890625 0.69247254296875 0.0682557333984375 0.689558384765625 0.0481358466796875 0.6893472265625
1 0 0.7515725673828125 0.004742068359375 0.754485921875 0.04241961328125 0.7546840703125 0.0463429833984375 0.75115455859375 0.04888099609375 0.7339491787109375 0.0441035302734375 0.688219892578125 0.009358087890625 0.6840182314453125 0 0.6834933798828124 0 0.7515725673828125
1 0 0.849496126953125 0.0071980810546875 0.850358009765625 0.018707263671875 0.8486539990234375 0.0214376171875 0.8469564931640625 0.0244396416015625 0.794936853515625 0.02044094921875 0.7934251845703125 0 0.791839921875 0 0.849496126953125
1 0.0517337705078125 0.79577567578125 0.029698599609375 0.79384784765625 0.0264221748046875 0.7958848544921875 0.0222863125 0.843157982421875 0.023521025390625 0.8467514921875 0.030972337890625 0.8501143310546875 0.061887212890625 0.850882650390625 0.0643431669921875 0.7992025107421875 0.060924169921875 0.7969670078125 0.0517337705078125 0.79577567578125
1 0.07414688671875 0.799285673828125 0.067963912109375 0.799132009765625 0.0642086669921875 0.8007398486328124 0.065507958984375 0.8508121484375 0.0699182216796875 0.853521654296875 0.0887778427734375 0.8563334853515625 0.103773271484375 0.856096310546875 0.105790765625 0.833036248046875 0.10383512109375 0.802270333984375 0.07414688671875 0.799285673828125
1 0.12704315625 0.8616176474609375 0.1419377099609375 0.8625334755859375 0.1454831337890625 0.8574217939453125 0.147670087890625 0.808816330078125 0.14332707421875 0.80533815625 0.1382362412109375 0.8045054892578125 0.1094720244140625 0.8027634990234375 0.1060274755859375 0.806722177734375 0.105268912109375 0.8508052958984375 0.106747072265625 0.8575183125 0.1076710888671875 0.858760982421875 0.12704315625 0.8616176474609375
1 0.184907837890625 0.8612582841796875 0.186649595703125 0.811839318359375 0.180189548828125 0.80895048046875 0.1520050283203125 0.8064846552734375 0.148795853515625 0.8077529931640625 0.1461892568359375 0.849350771484375 0.1473647919921875 0.8595227978515625 0.148767630859375 0.861194634765625 0.156832263671875 0.8634493037109375 0.182009359375 0.864877462890625 0.184907837890625 0.8612582841796875
1 0.224953935546875 0.8697964541015625 0.227339966796875 0.8661324423828125 0.2290212119140625 0.846915724609375 0.229249849609375 0.8147918056640625 0.2263769248046875 0.8122167998046875 0.194538033203125 0.810205810546875 0.1897915205078125 0.8113396494140624 0.18815330859375 0.81235815234375 0.1873207587890625 0.8277763603515625 0.187201068359375 0.864557125 0.19369473828125 0.86706162890625 0.224953935546875 0.8697964541015625
1 0.2725118583984375 0.8514952158203125 0.27403438671875 0.816386287109375 0.2402465869140625 0.813042962890625 0.233483916015625 0.8136131337890625 0.2322572744140625 0.8158294736328126 0.2296264599609375 0.8399977060546875 0.2303137666015625 0.8675544462890625 0.24244434375 0.8705521142578125 0.2645803876953125 0.8713269384765625 0.2689825791015625 0.868226595703125 0.2725118583984375 0.8514952158203125
1 0.3197402685546875 0.8664708984375 0.322219103515625 0.8558440361328125 0.3236407578125 0.821888111328125 0.3171134619140625 0.8197679423828125 0.285854265625 0.8170331171875 0.2837036083984375 0.818006787109375 0.2822079677734375 0.8232978017578125 0.278677353515625 0.8636529111328125 0.28022276171875 0.869597259765625 0.2878085751953125 0.8714227607421875 0.3157160244140625 0.8711534130859375 0.3197402685546875 0.8664708984375
1 0.350873037109375 0.87655291015625 0.362928291015625 0.8745093994140625 0.3652806982421875 0.8712297216796875 0.367961283203125 0.858296853515625 0.3698617578125 0.824770095703125 0.358243626953125 0.8218172607421875 0.3418117353515625 0.8207669326171875 0.3309831240234375 0.8205941044921875 0.3281518955078125 0.82344461328125 0.3239581904296875 0.853672529296875 0.32593131640625 0.8724344111328125 0.3283590458984375 0.8741959150390625 0.350873037109375 0.87655291015625
1 0.3693990810546875 0.8359606259765625 0.366465642578125 0.8635878681640625 0.367742052734375 0.8726068916015625 0.402176798828125 0.874457712890625 0.4069152373046875 0.867514025390625 0.4118823154296875 0.8284464189453125 0.4048761982421875 0.82589708203125 0.372491236328125 0.82422559375 0.3693990810546875 0.8359606259765625
1 0.4280761611328125 0.8794345458984375 0.443928357421875 0.8812087099609375 0.447465708984375 0.8702871796875 0.452877982421875 0.83203307421875 0.441805923828125 0.82874073828125 0.4145117939453125 0.827901916015625 0.411318763671875 0.8407899521484375 0.408149951171875 0.8711075341796874 0.4094855390625 0.8735480400390625 0.41239208984375 0.8757387109375 0.4205912236328125 0.8764560419921875 0.4280761611328125 0.8794345458984375
1 0.4894633857421875 0.8329102255859375 0.4554738359375 0.8318729072265625 0.4497347216796875 0.8561564736328126 0.4476836025390625 0.87960087109375 0.4643253154296875 0.884155041015625 0.482260919921875 0.885724203125 0.4849912734375 0.8840266982421875 0.4882851787109375 0.8699856591796875 0.4924035615234375 0.8347165625 0.4894633857421875 0.8329102255859375
1 0.523668158203125 0.8905086962890625 0.5261133681640625 0.88026616796875 0.5333656025390625 0.8386875537109375 0.5319627646484375 0.837015716796875 0.49865378515625 0.83410155859375 0.4949321650390625 0.8353250634765625 0.492621455078125 0.84403025390625 0.4863860390625 0.8798886865234375 0.4869065576171875 0.8857433681640625 0.512192599609375 0.8918283720703125 0.5209378046875 0.892206201171875 0.523668158203125 0.8905086962890625
1 0.57075533203125 0.877588138671875 0.5715542578125 0.8625542646484375 0.576377427734375 0.8428378759765625 0.5739496982421874 0.8410763720703125 0.5381793642578125 0.836785044921875 0.5352136357421875 0.841172892578125 0.5318188564453125 0.8563669345703125 0.5280622763671875 0.8815985029296876 0.528893490234375 0.8898040244140625 0.5517518037109375 0.894127525390625 0.56517626953125 0.894140185546875 0.57075533203125 0.877588138671875
1 0.608700541015625 0.898335341796875 0.6118263212890624 0.886215974609375 0.6125499248046875 0.8661409208984375 0.61772548828125 0.85420088671875 0.618944056640625 0.8461746982421875 0.615491435546875 0.8443235283203125 0.5801662978515625 0.8408457021484375 0.577914765625 0.8429723759765625 0.5730915947265625 0.862688763671875 0.57005728125 0.8914690087890625 0.5713592451171875 0.894293849609375 0.584993533203125 0.8978103515625 0.608700541015625 0.898335341796875
1 0.61415451171875 0.865506751953125 0.6113636455078125 0.8974065048828125 0.6363053662109375 0.90152500390625 0.647167603515625 0.901313498046875 0.65003245703125 0.898078654296875 0.66349321875 0.8504595205078125 0.657545619140625 0.847615515625 0.6216071611328124 0.8452458603515625 0.61415451171875 0.865506751953125
1 0.6914813916015625 0.90828866015625 0.69533751171875 0.905527818359375 0.707051115234375 0.8542703427734375 0.7016495849609375 0.8510868369140625 0.6724737978515625 0.848147009765625 0.66772728515625 0.8492808486328125 0.664316361328125 0.852855193359375 0.6557123935546875 0.8803736044921875 0.6558455576171875 0.90245999609375 0.6577272158203125 0.9045610009765624 0.6754946962890624 0.9080518349609376 0.6914813916015625 0.90828866015625
1 0.71449435546875 0.85182333203125 0.7091008984375 0.8544496748046875 0.6999253076171875 0.8885017705078125 0.697353669921875 0.9060914853515625 0.7011842373046875 0.909524826171875 0.720043859375 0.9123366572265625 0.737870515625 0.909248974609375 0.749281494140625 0.8614505078125 0.749340671875 0.8548719892578125 0.71449435546875 0.85182333203125
1 0.7560360927734375 0.8550704873046875 0.7512223310546875 0.856972994140625 0.7419458662109375 0.89217809375 0.7398866748046875 0.909812640625 0.766500232421875 0.9125283017578125 0.776505703125 0.9103054580078125 0.788462751953125 0.862167490234375 0.7871607890625 0.859342650390625 0.7617066220703125 0.855179318359375 0.7560360927734375 0.8550704873046875
1 0.8131247314453125 0.9107982744140625 0.822064947265625 0.8794365205078125 0.8246365849609375 0.8618468046875 0.821183962890625 0.859995634765625 0.79078153515625 0.8592721484375 0.788563626953125 0.8610144873046875 0.7819260478515625 0.877861201171875 0.7755144365234375 0.9098314560546875 0.778387361328125 0.912406462890625 0.792601345703125 0.9151991298828125 0.8102598779296875 0.9140331181640625 0.8131247314453125 0.9107982744140625
1 0.8164428525390625 0.9141867822265625 0.845551390625 0.91789527734375 0.8492730107421875 0.9166717724609375 0.8575488017578125 0.8988065537109375 0.8567592841796875 0.896026546875 0.860002083984375 0.894373875 0.8625562412109375 0.88878819140625 0.86424555859375 0.8753813212890625 0.8674130361328125 0.86868746875 0.866144697265625 0.8654782939453125 0.8350536259765625 0.8608217978515625 0.828290955078125 0.86139196875 0.81669570703125 0.8994924091796875 0.814527568359375 0.912470111328125 0.8164428525390625 0.9141867822265625
1 0.9410290390625 0.8712552734375 0.9386013095703125 0.86949376953125 0.9073084873046875 0.867143279296875 0.896790572265625 0.8693212890625 0.8934805224609375 0.8717426298828125 0.8932451484375 0.8744329716796875 0.8977562861328126 0.8759894736328125 0.8967811640625 0.887135169921875 0.89261434765625 0.8875451728515625 0.894873953125 0.8912283486328125 0.894235080078125 0.8985307021484376 0.885136146484375 0.9140002470703125 0.8829854892578125 0.9149739169921876 0.891528943359375 0.91765775390625 0.8938894228515625 0.92018792578125 0.9009964150390625 0.921584259765625 0.9143536318359375 0.9223655888671874 0.9238130302734375 0.92048224609375 0.929198416015625 0.9120460537109375 0.9384910263671875 0.88846065234375 0.9410290390625 0.8712552734375
1 0.86218503125 0.916639599609375 0.8795409404296874 0.9189325966796875 0.8869169306640625 0.9172542548828125 0.897495359375 0.8848739970703124 0.9006883896484374 0.8719859619140625 0.89952092578125 0.8676237841796876 0.8738986337890625 0.8653821240234375 0.869084873046875 0.867284630859375 0.86346411328125 0.8784111630859375 0.861464099609375 0.889467193359375 0.8547592705078125 0.9070825771484375 0.8534734521484375 0.9158774345703125 0.8554223603515625 0.9172097705078125 0.86218503125 0.916639599609375
1 0 0.957778310546875 0.031125712890625 0.9605014580078125 0.0340080458984375 0.94526258203125 0.0326482412109375 0.9253925302734375 0.0341196640625 0.90267196875 0.0395386748046875 0.893851443359375 0.040689994140625 0.8865939228515625 0.037749818359375 0.8847875859375 0 0.8814849052734375 0 0.957778310546875
1 0.1599432939453125 0.963638736328125 0.161733486328125 0.94907886328125 0.1611228369140625 0.90293957421875 0.15838441015625 0.89882723046875 0.149362134765625 0.8957142275390625 0.1310149599609375 0.892947228515625 0.0474862880859375 0.8856394169921875 0.044277115234375 0.886907755859375 0.0339515400390625 0.904593640625 0.0351338125 0.94419924609375 0.0388123994140625 0.961173955078125 0.1551376044921875 0.971351091796875 0.1599432939453125 0.963638736328125
1 0.18919841015625 0.9007485546875 0.1703387890625 0.89793672265625 0.1666171689453125 0.899160228515625 0.16481083203125 0.90210040234375 0.1635330859375 0.916705109375 0.1648915546875 0.9601988916015625 0.2171610302734375 0.9647718779296875 0.2484955478515625 0.9725478828125 0.2623315859375 0.9737583798828126 0.277562388671875 0.9708308642578125 0.2804944912109375 0.9668273515625 0.280897990234375 0.9622153388671875 0.28007618359375 0.9361959375 0.2823707490234375 0.915871048828125 0.2803801435546875 0.90911319921875 0.2773390927734375 0.908459865234375 0.2740962939453125 0.9101125380859375 0.25872291796875 0.9087675419921875 0.2416023837890625 0.903784203125 0.18919841015625 0.9007485546875
1 0.304455689453125 0.9290342392578125 0.3016567509765625 0.95512414453125 0.3039325009765625 0.9704270166015625 0.3111067412109375 0.971054681640625 0.3331163603515625 0.9791766923828125 0.3846380146484375 0.9863951865234375 0.3944753603515625 0.9860940146484375 0.4012218857421875 0.9739041455078125 0.4055662353515625 0.9537585888671875 0.40555142578125 0.918515162109375 0.3949581884765625 0.9156519931640625 0.3425205888671875 0.9130006787109375 0.3377404521484375 0.9145188505859375 0.329096123046875 0.9129880185546875 0.324828431640625 0.9145510244140626 0.308228416015625 0.9154223681640625 0.304455689453125 0.9290342392578125
1 0.41136452734375 0.92289650390625 0.410228017578125 0.965397451171875 0.414209228515625 0.97891315234375 0.42972517578125 0.9845306591796875 0.4516258466796875 0.98799582421875 0.462488083984375 0.9877843193359375 0.467268220703125 0.9862661455078126 0.477097494140625 0.980155125 0.4836678232421875 0.9640770791015625 0.4867868671875 0.9225241328125 0.4828217998046875 0.9206281298828125 0.46139994921875 0.9175921318359375 0.447496662109375 0.9171503037109375 0.4406667412109375 0.91848914453125 0.4259066875 0.916035978515625 0.4137841845703125 0.9188481591796875 0.41136452734375 0.92289650390625
1 0.5059491123046875 0.9218769541015625 0.49204582421875 0.921435126953125 0.4891809716796875 0.924669970703125 0.48738137109375 0.957043724609375 0.489682673828125 0.9661524140625 0.48761541015625 0.97797711328125 0.489774140625 0.9828132919921875 0.496922830078125 0.9896351396484375 0.5024588583984375 0.99128130859375 0.524527654296875 0.9928248017578125 0.5505870703125 0.9900701142578126 0.553384673828125 0.987603939453125 0.559240806640625 0.97378706640625 0.5600074443359375 0.9355137978515625 0.5575043916015625 0.9287111142578125 0.5540853955078126 0.9264756103515625 0.54591988671875 0.9253739443359374 0.5340327578125 0.9254957841796875 0.5059491123046875 0.9218769541015625
1 0.561433162109375 0.9782389111328125 0.563760017578125 0.9811534169921875 0.5663720166015624 0.992612947265625 0.5697573876953125 0.9952327861328125 0.6019069755859375 0.999594615234375 0.621035595703125 0.999331771484375 0.629319458984375 0.9872764013671875 0.639082818359375 0.9583103193359375 0.6442086123046875 0.9351349228515625 0.6413356865234375 0.9325599169921875 0.6136636123046875 0.930138923828125 0.5772127080078125 0.927724435546875 0.5646786328125 0.929338779296875 0.56489519140625 0.9622762001953125 0.561433162109375 0.9782389111328125
1 0.6825511572265625 1 0.684638056640625 0.9983125712890625 0.693552720703125 0.9731449990234375 0.6989044814453125 0.9650931416015625 0.7061136826171875 0.9417127431640625 0.705256916015625 0.939701404296875 0.698250798828125 0.937152068359375 0.6767953232421875 0.934500404296875 0.65418045703125 0.9332964130859375 0.6489215 0.93438541796875 0.6461911455078125 0.936082923828125 0.6407963525390625 0.96233299609375 0.633377328125 0.982209552734375 0.6331500263671875 0.9907097421875 0.6587361416015625 1 0.6825511572265625 1
1 0.7483522646484375 1 0.764632046875 0.9692944541015625 0.7722528203125 0.9471118916015625 0.771530552734375 0.9435632158203126 0.7670530400390625 0.9416223798828125 0.736171791015625 0.940469724609375 0.72452003515625 0.9379012236328125 0.7104822490234375 0.9389967333984375 0.70665975390625 0.9413732412109375 0.7008870146484375 0.966041142578125 0.692989169921875 0.9854885322265625 0.6918378505859375 0.9927460517578125 0.6949542236328125 0.9984405654296875 0.69901647265625 1 0.7483522646484375 1
1 0.825825474609375 1 0.8298713837890624 0.9908804794921875 0.8318377734375 0.9802087841796875 0.8362735888671875 0.97672410546875 0.8426085439453125 0.963336400390625 0.84593607421875 0.9489110263671875 0.8425507021484375 0.9462911875 0.8311087685546875 0.947226529296875 0.8257408642578125 0.943658689453125 0.822531689453125 0.94492702734375 0.80859477734375 0.9448695341796876 0.779897810546875 0.942358875 0.775630119140625 0.9439218818359375 0.771882947265625 0.9513395693359376 0.7664800810546875 0.97177979296875 0.7560536318359375 0.9906186826171876 0.7560953291015625 0.9960441962890625 0.7635168935546875 1 0.825825474609375 1
1 0.867055298828125 0.955406033203125 0.87076884765625 0.9483726796875 0.85901621875 0.946957181640625 0.849077998046875 0.948411357421875 0.8421377958984375 0.9687170810546875 0.8410873515625 0.97482159765625 0.842969009765625 0.976922603515625 0.856913994140625 0.9827899443359375 0.862172951171875 0.9817009384765625 0.86777756640625 0.9589547099609375 0.867055298828125 0.955406033203125
1 0.86512253515625 0.9656933955078125 0.8636094140625 0.9829884423828125 0.8808308232421875 0.98681877734375 0.884107248046875 0.9847817705078125 0.8932828388671875 0.9507296748046875 0.8780103388671875 0.94823167578125 0.87073522265625 0.948757013671875 0.871255740234375 0.9546116962890625 0.86512253515625 0.9656933955078125
0 0.3486328125 0.88671875 0.361328125 0.8896484375 0.37109375 0.8876953125 0.3818359375 0.890625 0.380859375 0.9091796875 0.3798828125 0.9111328125 0.37109375 0.9130859375 0.33203125 0.908203125 0.333984375 0.888671875 0.34765625 0.88671875
0 0.748046875 0.7216796875 0.7861328125 0.7265625 0.7880859375 0.7373046875 0.7861328125 0.7392578125 0.7861328125 0.74609375 0.7822265625 0.75 0.7373046875 0.74609375 0.734375 0.7412109375 0.736328125 0.7236328125 0.73828125 0.7216796875 0.7470703125 0.7216796875
0 0.1357421875 0.779296875 0.1845703125 0.78125 0.1884765625 0.7861328125 0.185546875 0.806640625 0.162109375 0.8076171875 0.1611328125 0.8056640625 0.140625 0.8046875 0.1328125 0.8017578125 0.1328125 0.787109375 0.1357421875 0.7802734375
0 0.8515625 0.923828125 0.8740234375 0.92578125 0.876953125 0.9287109375 0.8759765625 0.94140625 0.8681640625 0.947265625 0.8310546875 0.9443359375 0.8291015625 0.94140625 0.8291015625 0.931640625 0.8330078125 0.9248046875 0.8369140625 0.9228515625 0.8505859375 0.923828125
0 0.654296875 0.822265625 0.6689453125 0.8232421875 0.6748046875 0.826171875 0.673828125 0.84375 0.6669921875 0.8486328125 0.6640625 0.8466796875 0.6533203125 0.84765625 0.625 0.84375 0.623046875 0.83984375 0.625 0.8203125 0.6533203125 0.822265625
0 0.6337890625 0.9072265625 0.640625 0.9091796875 0.646484375 0.908203125 0.6533203125 0.9111328125 0.654296875 0.921875 0.650390625 0.931640625 0.6162109375 0.931640625 0.6044921875 0.927734375 0.60546875 0.9091796875 0.6162109375 0.90625 0.6328125 0.9072265625
0 0 0.8583984375 0.0146484375 0.861328125 0.0234375 0.8603515625 0.03125 0.8642578125 0.0302734375 0.8818359375 0.001953125 0.8818359375 0 0.880859375 0 0.859375
0 0.4169921875 0.103515625 0.427734375 0.1044921875 0.4306640625 0.1083984375 0.4306640625 0.1259765625 0.4267578125 0.13671875 0.3671875 0.130859375 0.36328125 0.1279296875 0.3623046875 0.1142578125 0.3662109375 0.0986328125 0.37109375 0.09765625 0.373046875 0.099609375 0.3955078125 0.1025390625 0.416015625 0.103515625
0 0.2431640625 0.8798828125 0.2490234375 0.8818359375 0.259765625 0.8798828125 0.2724609375 0.8837890625 0.2802734375 0.8837890625 0.2841796875 0.888671875 0.283203125 0.90234375 0.28125 0.904296875 0.2587890625 0.904296875 0.2373046875 0.9013671875 0.232421875 0.896484375 0.2333984375 0.8828125 0.2353515625 0.8798828125 0.2421875 0.8798828125
0 0.29296875 0.884765625 0.3046875 0.88671875 0.322265625 0.884765625 0.3349609375 0.888671875 0.33203125 0.8974609375 0.33203125 0.90625 0.328125 0.9091796875 0.29296875 0.90625 0.2861328125 0.90234375 0.28515625 0.8876953125 0.2919921875 0.884765625
0 0.8623046875 0.16015625 0.916015625 0.1689453125 0.91796875 0.171875 0.91796875 0.1826171875 0.9130859375 0.197265625 0.90625 0.1982421875 0.89453125 0.1953125 0.875 0.1943359375 0.8720703125 0.1923828125 0.861328125 0.1923828125 0.85546875 0.189453125 0.853515625 0.185546875 0.85546875 0.1630859375 0.861328125 0.1611328125
0 0.888671875 0.8408203125 0.9248046875 0.845703125 0.927734375 0.8544921875 0.9267578125 0.8642578125 0.9228515625 0.869140625 0.8798828125 0.865234375 0.8779296875 0.861328125 0.87890625 0.84375 0.8876953125 0.8408203125
0 0.7509765625 0.9169921875 0.7900390625 0.9208984375 0.7919921875 0.9248046875 0.791015625 0.9384765625 0.7861328125 0.9423828125 0.7451171875 0.939453125 0.7431640625 0.9384765625 0.7431640625 0.9248046875 0.7451171875 0.919921875 0.75 0.91796875
0 0.6953125 0.912109375 0.708984375 0.9150390625 0.7177734375 0.9140625 0.7255859375 0.9169921875 0.724609375 0.9345703125 0.7177734375 0.9384765625 0.68359375 0.935546875 0.677734375 0.9326171875 0.6767578125 0.9228515625 0.6796875 0.9130859375 0.6826171875 0.9111328125 0.6943359375 0.912109375
0 0.4443359375 0.8056640625 0.4931640625 0.8076171875 0.4951171875 0.810546875 0.4921875 0.8330078125 0.4638671875 0.83203125 0.4453125 0.8291015625 0.443359375 0.8271484375 0.4423828125 0.8115234375 0.4443359375 0.806640625
0 0.5498046875 0.9013671875 0.5791015625 0.904296875 0.578125 0.923828125 0.5732421875 0.927734375 0.5302734375 0.9228515625 0.5302734375 0.9052734375 0.5361328125 0.9013671875 0.548828125 0.9013671875
0 0.048828125 0.0625 0.0927734375 0.0654296875 0.099609375 0.0693359375 0.11328125 0.0712890625 0.115234375 0.078125 0.1142578125 0.099609375 0.1123046875 0.1025390625 0.048828125 0.095703125 0.0458984375 0.0908203125 0.046875 0.0654296875 0.048828125 0.0634765625
0 0.583984375 0.1240234375 0.5869140625 0.1259765625 0.6357421875 0.1318359375 0.6376953125 0.1357421875 0.63671875 0.1474609375 0.6318359375 0.162109375 0.5732421875 0.1552734375 0.5712890625 0.1533203125 0.572265625 0.14453125 0.5703125 0.1357421875 0.57421875 0.125 0.5830078125 0.1240234375
0 0.111328125 0.8681640625 0.115234375 0.8701171875 0.1259765625 0.869140625 0.1533203125 0.873046875 0.1533203125 0.888671875 0.1513671875 0.892578125 0.1142578125 0.890625 0.1005859375 0.8876953125 0.0986328125 0.87890625 0.1005859375 0.8701171875 0.1025390625 0.8681640625 0.1103515625 0.869140625
0 0.7841796875 0.150390625 0.8369140625 0.158203125 0.8388671875 0.16796875 0.83203125 0.1865234375 0.775390625 0.1787109375 0.7744140625 0.1650390625 0.7763671875 0.154296875 0.7802734375 0.150390625 0.783203125 0.150390625
0 0.7998046875 0.833984375 0.8193359375 0.8359375 0.8212890625 0.837890625 0.8212890625 0.8505859375 0.818359375 0.859375 0.7763671875 0.857421875 0.771484375 0.8544921875 0.771484375 0.837890625 0.7744140625 0.8330078125 0.798828125 0.833984375