1 0 0.1643518515625 0.011831275390625 0.1639660498046875 0.0144032919921875 0.162037037109375 0.0056584365234375 0.0748456787109375 0.0015432099609375 0.0702160498046875 0 0.0702160498046875 0 0.1643518515625
1 0.043209876953125 0.1628086416015625 0.0473251025390625 0.161265431640625 0.047839505859375 0.1577932099609375 0.0385802470703125 0.0725308642578125 0.0324074072265625 0.068287037109375 0.022119341796875 0.067901234375 0.0077160498046875 0.074459876953125 0.0087448564453125 0.1030092587890625 0.0154320986328125 0.161651234375 0.0185185185546875 0.1635802470703125 0.043209876953125 0.1628086416015625
1 0.073045267578125 0.161651234375 0.079218107421875 0.1581790126953125 0.079218107421875 0.13657407421875 0.06995884765625 0.0690586416015625 0.0673868310546875 0.0667438271484375 0.056069958984375 0.0663580244140625 0.0421810703125 0.0729166669921875 0.0421810703125 0.107638888671875 0.0493827158203125 0.15972222265625 0.0524691357421875 0.161651234375 0.073045267578125 0.161651234375
1 0.0843621396484375 0.1608796298828125 0.109053498046875 0.1601080244140625 0.1105967080078125 0.15625 0.1033950615234375 0.0706018515625 0.098765431640625 0.064814814453125 0.0884773662109375 0.0636574072265625 0.0843621396484375 0.0636574072265625 0.0802469140625 0.067515431640625 0.0725308642578125 0.0698302470703125 0.070987654296875 0.070987654296875 0.0720164609375 0.093364197265625 0.0797325107421875 0.1581790126953125 0.0843621396484375 0.1608796298828125
1 0.1455761318359375 0.1577932099609375 0.1486625517578125 0.151234568359375 0.1424897119140625 0.08294753125 0.1481481484375 0.0748456787109375 0.14609053515625 0.06867283984375 0.133230453125 0.0609567900390625 0.1265432099609375 0.060185185546875 0.119855966796875 0.060185185546875 0.104938271484375 0.068287037109375 0.111111111328125 0.1577932099609375 0.1126543212890625 0.159336419921875 0.143004115234375 0.1589506171875 0.1455761318359375 0.1577932099609375
1 0.182098765625 0.1574074072265625 0.192901234375 0.155864197265625 0.1954732509765625 0.1543209873046875 0.1954732509765625 0.15007716015625 0.191872427734375 0.098765431640625 0.1882716044921875 0.079089505859375 0.185185185546875 0.076388888671875 0.1656378603515625 0.07677469140625 0.1543209873046875 0.074459876953125 0.1455761318359375 0.0814043212890625 0.1507201650390625 0.1547067900390625 0.1543209873046875 0.15625 0.1795267490234375 0.155864197265625 0.182098765625 0.1574074072265625
1 0.2463991767578125 0.151234568359375 0.2463991767578125 0.1493055556640625 0.2443415634765625 0.1427469140625 0.2412551435546875 0.0945216044921875 0.238168724609375 0.0748456787109375 0.234053498046875 0.073688271484375 0.2206790126953125 0.0752314814453125 0.20987654296875 0.07407407421875 0.1954732509765625 0.0748456787109375 0.1923868310546875 0.077160494140625 0.198045267578125 0.153935185546875 0.2093621396484375 0.15625 0.2422839501953125 0.1543209873046875 0.2463991767578125 0.151234568359375
1 0.2685185185546875 0.1547067900390625 0.2885802470703125 0.1523919755859375 0.2906378603515625 0.150848765625 0.2906378603515625 0.1439043212890625 0.28600823046875 0.074459876953125 0.2834362138671875 0.070987654296875 0.251028806640625 0.07137345703125 0.2407407412109375 0.074459876953125 0.2443415634765625 0.130401234375 0.248971193359375 0.1520061728515625 0.255144033203125 0.1543209873046875 0.2685185185546875 0.1547067900390625
1 0.33487654296875 0.0929783955078125 0.3328189296875 0.0702160498046875 0.331790123046875 0.0690586416015625 0.3215020576171875 0.06867283984375 0.2926954736328125 0.070987654296875 0.289094650390625 0.0752314814453125 0.2926954736328125 0.150848765625 0.29681069921875 0.15277777734375 0.33487654296875 0.1516203701171875 0.33487654296875 0.0929783955078125
1 0.34722222265625 0.1523919755859375 0.3806584365234375 0.15007716015625 0.3837448564453125 0.1439043212890625 0.3806584365234375 0.067515431640625 0.3765432099609375 0.06597222265625 0.3605967080078125 0.067515431640625 0.3415637861328125 0.0667438271484375 0.3353909462890625 0.0702160498046875 0.335905349609375 0.125385802734375 0.3384773662109375 0.15007716015625 0.3410493828125 0.1520061728515625 0.34722222265625 0.1523919755859375
1 0.431069958984375 0.144290123046875 0.432098765625 0.116512345703125 0.4305555556640625 0.065586419921875 0.4284979423828125 0.0632716044921875 0.4223251025390625 0.0632716044921875 0.383230453125 0.067901234375 0.384773662109375 0.1462191357421875 0.3899176953125 0.15007716015625 0.4284979423828125 0.1493055556640625 0.431069958984375 0.144290123046875
1 0.470164609375 0.14737654296875 0.47222222265625 0.1327160498046875 0.4727366259765625 0.06597222265625 0.4727366259765625 0.0474537041015625 0.470164609375 0.0412808642578125 0.46810699609375 0.0393518515625 0.4578189296875 0.036651234375 0.44907407421875 0.0378086416015625 0.4465020576171875 0.039737654296875 0.443930041015625 0.0466820986328125 0.4393004111328125 0.0497685185546875 0.435185185546875 0.05632716015625 0.4336419755859375 0.0636574072265625 0.4346707822265625 0.14544753125 0.4382716044921875 0.147762345703125 0.470164609375 0.14737654296875
1 0.509773662109375 0.1462191357421875 0.5123456787109375 0.1439043212890625 0.5123456787109375 0.0636574072265625 0.513888888671875 0.04822530859375 0.5113168720703125 0.04012345703125 0.505144033203125 0.0351080244140625 0.4943415634765625 0.033564814453125 0.488168724609375 0.0358796298828125 0.4850823046875 0.0416666669921875 0.4753086416015625 0.0489969140625 0.473765431640625 0.0663580244140625 0.4732510283203125 0.145061728515625 0.4773662548828125 0.1469907412109375 0.4866255146484375 0.147762345703125 0.509773662109375 0.1462191357421875
1 0.5514403291015625 0.145061728515625 0.5534979423828125 0.1439043212890625 0.55504115234375 0.12847222265625 0.55504115234375 0.045910494140625 0.5529835390625 0.0393518515625 0.5488683125 0.0351080244140625 0.54012345703125 0.0320216044921875 0.5293209873046875 0.0327932099609375 0.524176955078125 0.042438271484375 0.51697530859375 0.0466820986328125 0.5154320986328125 0.0493827158203125 0.5144032919921875 0.067515431640625 0.5133744853515625 0.144290123046875 0.5154320986328125 0.1458333330078125 0.539094650390625 0.1466049384765625 0.5514403291015625 0.145061728515625
1 0.5956790126953125 0.1431327158203125 0.5967078193359375 0.138888888671875 0.6003086416015625 0.0528549384765625 0.59979423828125 0.0466820986328125 0.595164609375 0.0358796298828125 0.587962962890625 0.0304783955078125 0.5812757197265624 0.0297067900390625 0.57407407421875 0.031635802734375 0.560185185546875 0.045910494140625 0.558127572265625 0.0497685185546875 0.5565843623046876 0.074459876953125 0.5565843623046876 0.1439043212890625 0.5637860078125 0.14544753125 0.5925925927734375 0.14467592578125 0.5956790126953125 0.1431327158203125
1 0.636831275390625 0.1435185185546875 0.6399176953125 0.13927469140625 0.645061728515625 0.05169753125 0.6404320986328125 0.03472222265625 0.632201646484375 0.0293209873046875 0.62294238671875 0.0285493828125 0.6162551435546875 0.03125 0.60390946484375 0.0462962958984375 0.6013374482421875 0.0640432099609375 0.5992798349609375 0.14197530859375 0.6013374482421875 0.1439043212890625 0.6116255146484375 0.14467592578125 0.636831275390625 0.1435185185546875
1 0.692901234375 0.1412037041015625 0.6954732509765625 0.1381172841796875 0.695987654296875 0.13117283984375 0.69907407421875 0.0528549384765625 0.6934156376953124 0.050540123046875 0.6476337451171875 0.0524691357421875 0.6455761318359375 0.057098765625 0.6435185185546874 0.0860339501953125 0.6424897119140625 0.1439043212890625 0.6687242802734376 0.145061728515625 0.67592592578125 0.14197530859375 0.692901234375 0.1412037041015625
1 0.73302469140625 0.142361111328125 0.74794238671875 0.14197530859375 0.751028806640625 0.136959876953125 0.7546296298828125 0.0501543212890625 0.7268518515625 0.0497685185546875 0.7016460908203125 0.05362654296875 0.698045267578125 0.098765431640625 0.6975308642578125 0.1400462958984375 0.712962962890625 0.1439043212890625 0.7134773662109375 0.1458333330078125 0.73302469140625 0.142361111328125
1 0.7654320986328125 0.1431327158203125 0.804012345703125 0.1412037041015625 0.807098765625 0.1377314814453125 0.8076131689453125 0.1319444443359375 0.8132716044921875 0.0613425927734375 0.812242798828125 0.047839505859375 0.8112139921875 0.0466820986328125 0.784979423828125 0.0466820986328125 0.759773662109375 0.0493827158203125 0.7577160498046875 0.05092592578125 0.75617283984375 0.0617283955078125 0.7515432099609375 0.1404320986328125 0.7546296298828125 0.142361111328125 0.7623456787109375 0.1412037041015625 0.7654320986328125 0.1431327158203125
1 0.8662551435546875 0.1126543212890625 0.87294238671875 0.04282407421875 0.837962962890625 0.0439814814453125 0.8302469140625 0.0462962958984375 0.820987654296875 0.04552469140625 0.8163580244140625 0.047839505859375 0.810185185546875 0.113811728515625 0.810185185546875 0.1404320986328125 0.8564814814453126 0.139660494140625 0.8657407412109375 0.1373456787109375 0.8662551435546875 0.1126543212890625
1 0.91100823046875 0.138888888671875 0.9202674892578125 0.1373456787109375 0.9233539091796875 0.133487654296875 0.935185185546875 0.043209876953125 0.9336419755859375 0.04205246875 0.8883744853515625 0.042438271484375 0.8786008232421875 0.043209876953125 0.8755144033203125 0.045138888671875 0.8693415634765626 0.0952932099609375 0.867798353515625 0.1180555556640625 0.867798353515625 0.136188271484375 0.8693415634765626 0.138888888671875 0.91100823046875 0.138888888671875
1 0.984053498046875 0.133487654296875 0.984053498046875 0.119598765625 0.988168724609375 0.10802469140625 0.9907407412109375 0.079861111328125 0.9994855966796875 0.0462962958984375 0.9994855966796875 0.0389660498046875 0.9922839501953125 0.036265431640625 0.9835390947265625 0.036265431640625 0.9387860078125 0.04012345703125 0.935185185546875 0.0493827158203125 0.9284979423828125 0.09722222265625 0.9254115224609375 0.133487654296875 0.9305555556640625 0.136959876953125 0.977880658203125 0.13657407421875 0.984053498046875 0.133487654296875
1 0.9994855966796875 0.276234568359375 0.9994855966796875 0.1855709873046875 0.9804526748046875 0.1863425927734375 0.9763374482421875 0.1894290126953125 0.96193415625 0.264660494140625 0.9614197529296875 0.2735339501953125 0.96399176953125 0.275848765625 0.98713991796875 0.2773919755859375 0.9994855966796875 0.276234568359375
1 0.9537037041015625 0.2785493828125 0.9593621396484375 0.275848765625 0.9696502060546875 0.224537037109375 0.9742798349609375 0.1921296298828125 0.9732510283203125 0.1882716044921875 0.96399176953125 0.1867283955078125 0.9315843623046876 0.1867283955078125 0.9202674892578125 0.187114197265625 0.91512345703125 0.1890432099609375 0.904835390625 0.25887345703125 0.9032921806640625 0.276234568359375 0.9053497939453125 0.2773919755859375 0.9393004111328125 0.2793209873046875 0.9537037041015625 0.2785493828125
1 0.901234568359375 0.2766203701171875 0.9089506171875 0.2214506171875 0.9115226337890625 0.1948302470703125 0.9104938271484375 0.1882716044921875 0.8996913583984375 0.187114197265625 0.859053498046875 0.1882716044921875 0.8564814814453126 0.1894290126953125 0.8477366259765625 0.26427469140625 0.84722222265625 0.276234568359375 0.84979423828125 0.278163580078125 0.8966049384765625 0.278163580078125 0.901234568359375 0.2766203701171875
1 0.845164609375 0.276234568359375 0.8513374482421875 0.223765431640625 0.852880658203125 0.1882716044921875 0.799897119140625 0.1894290126953125 0.7926954736328125 0.2472993828125 0.7906378603515625 0.2719907412109375 0.7926954736328125 0.27777777734375 0.842078189453125 0.278163580078125 0.845164609375 0.276234568359375
1 0.789094650390625 0.276234568359375 0.79681069921875 0.1890432099609375 0.789094650390625 0.187885802734375 0.74382716015625 0.1894290126953125 0.7407407412109375 0.201388888671875 0.7355967080078125 0.2631172841796875 0.7350823046875 0.275848765625 0.73713991796875 0.27777777734375 0.7865226337890625 0.27777777734375 0.789094650390625 0.276234568359375
1 0.6795267490234375 0.276234568359375 0.6856995888671875 0.2037037041015625 0.6846707822265625 0.1921296298828125 0.6774691357421875 0.19097222265625 0.6337448564453125 0.192901234375 0.6291152265625 0.2546296298828125 0.628086419921875 0.276234568359375 0.630144033203125 0.278163580078125 0.668209876953125 0.2785493828125 0.6795267490234375 0.276234568359375
1 0.7335390947265625 0.276234568359375 0.7397119345703125 0.2056327158203125 0.73919753125 0.1890432099609375 0.7083333330078125 0.19097222265625 0.69084362109375 0.1902006171875 0.687757201171875 0.1917438271484375 0.681069958984375 0.26157407421875 0.6805555556640625 0.276234568359375 0.683127572265625 0.278163580078125 0.7304526748046875 0.27777777734375 0.7335390947265625 0.276234568359375
1 0.6275720166015625 0.2685185185546875 0.6327160498046875 0.187885802734375 0.632201646484375 0.1805555556640625 0.6275720166015625 0.170910494140625 0.6172839501953125 0.167438271484375 0.6044238681640625 0.168209876953125 0.5925925927734375 0.18402777734375 0.590020576171875 0.19637345703125 0.5895061728515625 0.275848765625 0.6234567900390625 0.2773919755859375 0.6265432099609375 0.27507716015625 0.6275720166015625 0.2685185185546875
1 0.5843621396484375 0.2766203701171875 0.58693415625 0.2739197529296875 0.5895061728515625 0.1975308642578125 0.5915637861328125 0.1863425927734375 0.58899176953125 0.1751543212890625 0.5853909462890625 0.17052469140625 0.5715020576171875 0.16782407421875 0.562757201171875 0.1716820986328125 0.5529835390625 0.1855709873046875 0.55092592578125 0.199459876953125 0.551954732421875 0.2141203701171875 0.5493827158203125 0.275848765625 0.570987654296875 0.2773919755859375 0.5843621396484375 0.2766203701171875
1 0.5473251025390625 0.275848765625 0.5488683125 0.261959876953125 0.5493827158203125 0.2025462958984375 0.5514403291015625 0.18132716015625 0.5483539091796875 0.173611111328125 0.5447530859375 0.170910494140625 0.5324074072265625 0.1693672841796875 0.5246913583984375 0.17322530859375 0.513888888671875 0.1863425927734375 0.5123456787109375 0.20794753125 0.5123456787109375 0.275462962890625 0.5185185185546874 0.2773919755859375 0.545781892578125 0.2766203701171875 0.5473251025390625 0.275848765625
1 0.508230453125 0.2773919755859375 0.509773662109375 0.275848765625 0.51080246875 0.2581018515625 0.5102880654296875 0.202160494140625 0.511831275390625 0.1890432099609375 0.5102880654296875 0.181712962890625 0.503086419921875 0.1716820986328125 0.4876543212890625 0.170910494140625 0.4753086416015625 0.1805555556640625 0.47222222265625 0.1859567900390625 0.4717078193359375 0.276234568359375 0.4732510283203125 0.278163580078125 0.4850823046875 0.2785493828125 0.508230453125 0.2773919755859375
1 0.470164609375 0.276234568359375 0.469135802734375 0.2056327158203125 0.471193416015625 0.1971450615234375 0.4706790126953125 0.18132716015625 0.4675925927734375 0.17592592578125 0.4614197529296875 0.17052469140625 0.44907407421875 0.1697530859375 0.44495884765625 0.1716820986328125 0.43415637890625 0.182098765625 0.4315843623046875 0.1882716044921875 0.431069958984375 0.276234568359375 0.432098765625 0.27777777734375 0.467078189453125 0.278163580078125 0.470164609375 0.276234568359375
1 0.43004115234375 0.275848765625 0.43004115234375 0.195987654296875 0.4284979423828125 0.1940586416015625 0.38580246875 0.195987654296875 0.3837448564453125 0.2087191357421875 0.3863168720703125 0.27507716015625 0.393004115234375 0.2773919755859375 0.4284979423828125 0.278163580078125 0.43004115234375 0.275848765625
1 0.3662551435546875 0.278935185546875 0.382201646484375 0.2770061728515625 0.3842592587890625 0.275848765625 0.384773662109375 0.2719907412109375 0.3827160498046875 0.19907407421875 0.3806584365234375 0.1971450615234375 0.345164609375 0.1975308642578125 0.3410493828125 0.1998456787109375 0.3415637861328125 0.2627314814453125 0.3446502060546875 0.275848765625 0.3482510283203125 0.2773919755859375 0.3662551435546875 0.278935185546875
1 0.307098765625 0.2770061728515625 0.33899176953125 0.276234568359375 0.3405349794921875 0.275462962890625 0.3410493828125 0.2681327158203125 0.3374485595703125 0.199459876953125 0.333847736328125 0.1971450615234375 0.3055555556640625 0.1975308642578125 0.2973251025390625 0.19907407421875 0.2947530859375 0.2010030859375 0.2962962958984375 0.2596450615234375 0.2983539091796875 0.2743055556640625 0.3004115224609375 0.276234568359375 0.307098765625 0.2770061728515625
1 0.2947530859375 0.275848765625 0.29681069921875 0.2735339501953125 0.2952674892578125 0.2233796298828125 0.2921810703125 0.199459876953125 0.29012345703125 0.19830246875 0.251028806640625 0.198688271484375 0.24794238671875 0.2010030859375 0.25205761328125 0.272762345703125 0.2556584365234375 0.275848765625 0.2649176953125 0.2770061728515625 0.2947530859375 0.275848765625
1 0.215020576171875 0.275848765625 0.2484567900390625 0.275462962890625 0.2494855966796875 0.2631172841796875 0.2463991767578125 0.213348765625 0.2433127568359375 0.2002314814453125 0.2386831279296875 0.19830246875 0.2196502060546875 0.198688271484375 0.21399176953125 0.195987654296875 0.2093621396484375 0.195987654296875 0.202160494140625 0.19907407421875 0.2006172841796875 0.201388888671875 0.2037037041015625 0.2631172841796875 0.20576131640625 0.27237654296875 0.20987654296875 0.275462962890625 0.215020576171875 0.275848765625
1 0.1676954736328125 0.27777777734375 0.1893004111328125 0.2773919755859375 0.2006172841796875 0.275462962890625 0.2047325107421875 0.272762345703125 0.2047325107421875 0.270061728515625 0.1995884775390625 0.2029320986328125 0.195987654296875 0.199459876953125 0.1882716044921875 0.198688271484375 0.1604938271484375 0.2002314814453125 0.1574074072265625 0.20447530859375 0.1574074072265625 0.233410494140625 0.159979423828125 0.261959876953125 0.1635802470703125 0.27507716015625 0.1676954736328125 0.27777777734375
1 0.1615226337890625 0.275848765625 0.1615226337890625 0.2716049384765625 0.1584362138671875 0.255787037109375 0.155864197265625 0.207561728515625 0.15689300390625 0.2025462958984375 0.16100823046875 0.198688271484375 0.166152263671875 0.1998456787109375 0.1702674892578125 0.19830246875 0.170781892578125 0.192515431640625 0.1666666669921875 0.1882716044921875 0.157921810546875 0.1882716044921875 0.151234568359375 0.1863425927734375 0.1404320986328125 0.1867283955078125 0.123971193359375 0.1913580244140625 0.1296296298828125 0.2731481484375 0.1327160498046875 0.2766203701171875 0.1589506171875 0.2770061728515625 0.1615226337890625 0.275848765625
1 0.12705761328125 0.276234568359375 0.1286008232421875 0.2735339501953125 0.1275720166015625 0.244984568359375 0.1234567900390625 0.1952160498046875 0.1162551435546875 0.1890432099609375 0.1105967080078125 0.187885802734375 0.1018518515625 0.187885802734375 0.087962962890625 0.1917438271484375 0.08899176953125 0.2260802470703125 0.0956790126953125 0.2743055556640625 0.0977366259765625 0.276234568359375 0.12705761328125 0.276234568359375
1 0.0936213994140625 0.275462962890625 0.0936213994140625 0.2677469140625 0.0853909462890625 0.192515431640625 0.081790123046875 0.1890432099609375 0.066872427734375 0.1886574072265625 0.0565843623046875 0.19097222265625 0.054012345703125 0.193287037109375 0.0596707822265625 0.275848765625 0.0637860078125 0.27777777734375 0.092078189453125 0.2766203701171875 0.0936213994140625 0.275462962890625
1 0.034979423828125 0.27777777734375 0.056069958984375 0.2773919755859375 0.0586419755859375 0.275848765625 0.058127572265625 0.2573302470703125 0.051954732421875 0.1940586416015625 0.04681069921875 0.1890432099609375 0.039094650390625 0.1886574072265625 0.032921810546875 0.1913580244140625 0.024176955078125 0.1917438271484375 0.02109053515625 0.1944444443359375 0.0272633740234375 0.2507716044921875 0.029835390625 0.25617283984375 0.0303497939453125 0.275848765625 0.034979423828125 0.27777777734375
1 0 0.276234568359375 0.0113168720703125 0.278163580078125 0.0185185185546875 0.2766203701171875 0.0257201650390625 0.278163580078125 0.0293209873046875 0.275848765625 0.029835390625 0.255015431640625 0.02777777734375 0.2527006171875 0.028806583984375 0.23572530859375 0.0226337451171875 0.19907407421875 0.019032921875 0.1917438271484375 0.0133744853515625 0.1902006171875 0.0046296298828125 0.1913580244140625 0 0.193287037109375 0 0.276234568359375
1 0 0.3823302470703125 0.009773662109375 0.3842592587890625 0.0154320986328125 0.383487654296875 0.015946501953125 0.380015431640625 0.00617283984375 0.307098765625 0.0025720166015625 0.3055555556640625 0 0.3055555556640625 0 0.3823302470703125
1 0.0452674892578125 0.3842592587890625 0.0462962958984375 0.380015431640625 0.0437242802734375 0.37152777734375 0.0365226337890625 0.3097993828125 0.032921810546875 0.30632716015625 0.0195473251953125 0.3055555556640625 0.011831275390625 0.3055555556640625 0.007201646484375 0.3097993828125 0.008230453125 0.3314043212890625 0.0154320986328125 0.3827160498046875 0.02520576171875 0.3850308642578125 0.0452674892578125 0.3842592587890625
1 0.0766460908203125 0.3730709873046875 0.0673868310546875 0.3086419755859375 0.0606995888671875 0.306712962890625 0.045781892578125 0.3059413583984375 0.04012345703125 0.30632716015625 0.037037037109375 0.3086419755859375 0.0473251025390625 0.383487654296875 0.056069958984375 0.3854166669921875 0.0745884775390625 0.3850308642578125 0.0766460908203125 0.3730709873046875
1 0.0833333330078125 0.38580246875 0.102880658203125 0.386188271484375 0.105967078125 0.380015431640625 0.10390946484375 0.349151234375 0.0967078193359375 0.307098765625 0.095164609375 0.3055555556640625 0.0823045263671875 0.3047839501953125 0.068930041015625 0.307098765625 0.06995884765625 0.327160494140625 0.077160494140625 0.36882716015625 0.0766460908203125 0.383487654296875 0.0833333330078125 0.38580246875
1 0.1265432099609375 0.307098765625 0.123971193359375 0.3047839501953125 0.10802469140625 0.3047839501953125 0.0977366259765625 0.306712962890625 0.105967078125 0.38387345703125 0.11419753125 0.3873456787109375 0.1373456787109375 0.386959876953125 0.1265432099609375 0.307098765625
1 0.1435185185546875 0.3885030859375 0.1656378603515625 0.3885030859375 0.1687242802734375 0.38657407421875 0.1697530859375 0.3831018515625 0.1635802470703125 0.307484568359375 0.1615226337890625 0.3055555556640625 0.1481481484375 0.30362654296875 0.130144033203125 0.3055555556640625 0.1286008232421875 0.306712962890625 0.130144033203125 0.3360339501953125 0.138888888671875 0.386959876953125 0.1435185185546875 0.3885030859375
1 0.19907407421875 0.3912037041015625 0.2134773662109375 0.38927469140625 0.217078189453125 0.386959876953125 0.2103909462890625 0.3190586416015625 0.206790123046875 0.3171296298828125 0.181069958984375 0.3167438271484375 0.1712962958984375 0.3171296298828125 0.1676954736328125 0.31867283984375 0.1671810703125 0.3452932099609375 0.1723251025390625 0.386959876953125 0.182098765625 0.389660494140625 0.19907407421875 0.3912037041015625
1 0.2304526748046875 0.3900462958984375 0.2577160498046875 0.3904320986328125 0.259773662109375 0.3850308642578125 0.2541152265625 0.3206018515625 0.251028806640625 0.31867283984375 0.2314814814453125 0.3171296298828125 0.217078189453125 0.317901234375 0.2124485595703125 0.3198302470703125 0.21193415625 0.3429783955078125 0.219135802734375 0.386188271484375 0.2227366259765625 0.388888888671875 0.2304526748046875 0.3900462958984375
1 0.3024691357421875 0.3912037041015625 0.304012345703125 0.389660494140625 0.2993827158203125 0.3206018515625 0.29681069921875 0.318287037109375 0.2726337451171875 0.317515431640625 0.258230453125 0.317901234375 0.25617283984375 0.3194444443359375 0.258230453125 0.3626543212890625 0.26286008203125 0.3900462958984375 0.2824074072265625 0.392361111328125 0.3024691357421875 0.3912037041015625
1 0.3137860078125 0.3935185185546875 0.3477366259765625 0.3939043212890625 0.3518518515625 0.3904320986328125 0.3467078193359375 0.383487654296875 0.3456790126953125 0.3765432099609375 0.3436213994140625 0.332561728515625 0.345164609375 0.3202160498046875 0.3415637861328125 0.318287037109375 0.3163580244140625 0.317515431640625 0.310185185546875 0.31597222265625 0.3024691357421875 0.3194444443359375 0.301954732421875 0.3464506171875 0.304012345703125 0.3587962958984375 0.3045267490234375 0.3904320986328125 0.3137860078125 0.3935185185546875
1 0.354938271484375 0.395061728515625 0.3904320986328125 0.394290123046875 0.3924897119140625 0.3904320986328125 0.3904320986328125 0.3842592587890625 0.3914609052734375 0.3533950615234375 0.388888888671875 0.320987654296875 0.386831275390625 0.3194444443359375 0.371913580078125 0.3194444443359375 0.3636831279296875 0.3167438271484375 0.35802469140625 0.3171296298828125 0.352880658203125 0.315586419921875 0.345164609375 0.3206018515625 0.344135802734375 0.3356481484375 0.34722222265625 0.3595679013671875 0.34722222265625 0.389660494140625 0.354938271484375 0.395061728515625
1 0.4315843623046875 0.3958333330078125 0.4356995888671875 0.3939043212890625 0.4362139921875 0.38657407421875 0.433127572265625 0.320987654296875 0.43004115234375 0.3194444443359375 0.418209876953125 0.3194444443359375 0.40020576171875 0.3163580244140625 0.397119341796875 0.3163580244140625 0.3904320986328125 0.3206018515625 0.393004115234375 0.3931327158203125 0.39609053515625 0.395061728515625 0.4032921806640625 0.3958333330078125 0.4315843623046875 0.3958333330078125
1 0.475823044921875 0.394290123046875 0.4742798349609375 0.3445216044921875 0.475823044921875 0.312885802734375 0.4717078193359375 0.2993827158203125 0.45987654296875 0.2970679013671875 0.4495884775390625 0.297839505859375 0.44084362109375 0.3078703701171875 0.4367283955078125 0.3190586416015625 0.4382716044921875 0.394290123046875 0.44495884765625 0.3966049384765625 0.47222222265625 0.3966049384765625 0.475823044921875 0.394290123046875
1 0.48919753125 0.3966049384765625 0.509773662109375 0.3962191357421875 0.5113168720703125 0.39467592578125 0.5113168720703125 0.32407407421875 0.5133744853515625 0.3086419755859375 0.51080246875 0.3020833330078125 0.5041152265625 0.29822530859375 0.49382716015625 0.2974537041015625 0.4876543212890625 0.298611111328125 0.4804526748046875 0.3109567900390625 0.475823044921875 0.327160494140625 0.4753086416015625 0.3850308642578125 0.4768518515625 0.3935185185546875 0.4804526748046875 0.39544753125 0.48919753125 0.3966049384765625
1 0.5504115224609375 0.3730709873046875 0.551954732421875 0.3217592587890625 0.5514403291015625 0.3078703701171875 0.54681069921875 0.2993827158203125 0.529835390625 0.2974537041015625 0.524176955078125 0.3001543212890625 0.5149176953125 0.312885802734375 0.51286008203125 0.341435185546875 0.51286008203125 0.3939043212890625 0.5185185185546874 0.39737654296875 0.54681069921875 0.39737654296875 0.5504115224609375 0.3730709873046875
1 0.58487654296875 0.3981481484375 0.5864197529296875 0.394290123046875 0.590020576171875 0.3190586416015625 0.587962962890625 0.306712962890625 0.583847736328125 0.2993827158203125 0.5725308642578125 0.2974537041015625 0.5643004111328125 0.297839505859375 0.5565843623046876 0.306712962890625 0.5524691357421875 0.3229166669921875 0.5504115224609375 0.35802469140625 0.5493827158203125 0.3969907412109375 0.5565843623046876 0.3985339501953125 0.5812757197265624 0.3993055556640625 0.58487654296875 0.3981481484375
1 0.626028806640625 0.3881172841796875 0.63117283984375 0.3248456787109375 0.630144033203125 0.306712962890625 0.623971193359375 0.2989969140625 0.6054526748046875 0.2962962958984375 0.598765431640625 0.2993827158203125 0.5910493828125 0.314814814453125 0.5874485595703125 0.3969907412109375 0.5915637861328125 0.3989197529296875 0.62294238671875 0.3993055556640625 0.626028806640625 0.3881172841796875
1 0.657921810546875 0.4050925927734375 0.664094650390625 0.40277777734375 0.674897119140625 0.4023919755859375 0.6774691357421875 0.40007716015625 0.6805555556640625 0.35532407421875 0.682098765625 0.3256172841796875 0.68004115234375 0.32137345703125 0.657921810546875 0.3202160498046875 0.6481481484375 0.3221450615234375 0.633230453125 0.3225308642578125 0.6286008232421875 0.360339505859375 0.626028806640625 0.39737654296875 0.6275720166015625 0.400848765625 0.6517489716796875 0.4016203701171875 0.657921810546875 0.4050925927734375
1 0.72890946484375 0.4020061728515625 0.7350823046875 0.337962962890625 0.734053498046875 0.3221450615234375 0.7124485595703125 0.32330246875 0.7062757197265624 0.3217592587890625 0.6882716044921875 0.3217592587890625 0.6856995888671875 0.323688271484375 0.679012345703125 0.380015431640625 0.6779835390625 0.401234568359375 0.68004115234375 0.4023919755859375 0.7242798349609375 0.403935185546875 0.72890946484375 0.4020061728515625
1 0.7705761318359375 0.4054783955078125 0.7824074072265625 0.40277777734375 0.7885802470703125 0.3360339501953125 0.789094650390625 0.324459876953125 0.787037037109375 0.3225308642578125 0.755144033203125 0.32137345703125 0.7484567900390625 0.324459876953125 0.7376543212890625 0.32407407421875 0.731995884765625 0.3819444443359375 0.730967078125 0.401234568359375 0.7325102880859375 0.4023919755859375 0.7515432099609375 0.4054783955078125 0.7705761318359375 0.4054783955078125
1 0.7926954736328125 0.4054783955078125 0.820987654296875 0.4074074072265625 0.8328189296875 0.405864197265625 0.8353909462890625 0.403935185546875 0.8374485595703125 0.39737654296875 0.8436213994140624 0.3356481484375 0.844135802734375 0.324459876953125 0.8425925927734375 0.3225308642578125 0.816872427734375 0.3229166669921875 0.8086419755859375 0.320987654296875 0.801954732421875 0.32330246875 0.7921810703125 0.32407407421875 0.7865226337890625 0.3657407412109375 0.7844650205078125 0.386959876953125 0.78600823046875 0.4043209873046875 0.7896090537109375 0.403163580078125 0.7926954736328125 0.4054783955078125
1 0.8873456787109375 0.405864197265625 0.89609053515625 0.3599537041015625 0.90020576171875 0.32677469140625 0.8986625517578125 0.3225308642578125 0.8657407412109375 0.320987654296875 0.85802469140625 0.32330246875 0.848765431640625 0.3229166669921875 0.84722222265625 0.32407407421875 0.8384773662109375 0.386188271484375 0.8384773662109375 0.401234568359375 0.848765431640625 0.4070216044921875 0.8837448564453125 0.4070216044921875 0.8873456787109375 0.405864197265625
1 0.9146090537109375 0.405864197265625 0.9176954736328125 0.4077932099609375 0.9238683125 0.4081790126953125 0.9393004111328125 0.4081790126953125 0.9413580244140625 0.4070216044921875 0.9495884775390625 0.3842592587890625 0.9573045263671875 0.3398919755859375 0.9583333330078125 0.3256172841796875 0.956790123046875 0.323688271484375 0.916152263671875 0.3229166669921875 0.9043209873046875 0.32330246875 0.90277777734375 0.324459876953125 0.8924897119140625 0.3873456787109375 0.890946501953125 0.400848765625 0.8935185185546874 0.4050925927734375 0.9053497939453125 0.406635802734375 0.9146090537109375 0.405864197265625
1 0.0313786005859375 0.4733796298828125 0.0324074072265625 0.47762345703125 0.030864197265625 0.4810956787109375 0.0534979423828125 0.4837962958984375 0.05504115234375 0.48032407421875 0.0514403291015625 0.469714505859375 0.049897119140625 0.4355709873046875 0.0447530859375 0.4128086416015625 0.0396090537109375 0.40972222265625 0.022119341796875 0.409336419921875 0.0195473251953125 0.411265431640625 0.0205761318359375 0.439814814453125 0.0257201650390625 0.4726080244140625 0.029835390625 0.471064814453125 0.0313786005859375 0.4733796298828125
1 0.0555555556640625 0.47492283984375 0.05504115234375 0.4822530859375 0.056069958984375 0.4841820986328125 0.0632716044921875 0.48572530859375 0.08487654296875 0.486111111328125 0.08487654296875 0.4729938271484375 0.08076131640625 0.4556327158203125 0.0776748974609375 0.41512345703125 0.0715020576171875 0.4101080244140625 0.057098765625 0.409336419921875 0.04681069921875 0.411265431640625 0.04681069921875 0.42592592578125 0.05092592578125 0.4440586416015625 0.0493827158203125 0.463734568359375 0.0555555556640625 0.47492283984375
1 0.098765431640625 0.48842592578125 0.115226337890625 0.488040123046875 0.1172839501953125 0.4872685185546875 0.1183127568359375 0.483410494140625 0.1100823046875 0.4162808642578125 0.1023662548828125 0.411651234375 0.0874485595703125 0.411265431640625 0.0797325107421875 0.4143518515625 0.0802469140625 0.4390432099609375 0.0864197529296875 0.4849537041015625 0.0884773662109375 0.4868827158203125 0.098765431640625 0.48842592578125
1 0.144032921875 0.4903549384765625 0.1476337451171875 0.48572530859375 0.1476337451171875 0.4818672841796875 0.1404320986328125 0.414737654296875 0.130144033203125 0.412037037109375 0.1116255146484375 0.4139660498046875 0.11213991796875 0.4417438271484375 0.1183127568359375 0.486111111328125 0.1193415634765625 0.4876543212890625 0.144032921875 0.4903549384765625
1 0.149176955078125 0.476594521484375 0.1486625517578125 0.488040123046875 0.1532921806640625 0.4907407412109375 0.1676954736328125 0.4922839501953125 0.17592592578125 0.491512345703125 0.179012345703125 0.4872685185546875 0.1738683125 0.4166666669921875 0.1666666669921875 0.411265431640625 0.1435185185546875 0.4135802470703125 0.14197530859375 0.414737654296875 0.14197530859375 0.4212962958984375 0.1455761318359375 0.463348765625 0.149176955078125 0.476594521484375
1 0 0.4822530859375 0.0246913583984375 0.4837962958984375 0.0272633740234375 0.480709876953125 0.0205761318359375 0.44367283984375 0.019032921875 0.4104938271484375 0.011831275390625 0.4054783955078125 0.0046296298828125 0.403935185546875 0 0.4054783955078125 0 0.4822530859375
1 0.193930041015625 0.4926697529296875 0.220164609375 0.4926697529296875 0.221193416015625 0.4876543212890625 0.2145061728515625 0.426311728515625 0.2093621396484375 0.423611111328125 0.1862139921875 0.42052469140625 0.1826131689453125 0.4216820986328125 0.179012345703125 0.425540123046875 0.1774691357421875 0.4278549384765625 0.1774691357421875 0.4560185185546875 0.1815843623046875 0.49112654296875 0.193930041015625 0.4926697529296875
1 0.223765431640625 0.4930555556640625 0.2366255146484375 0.494984568359375 0.2602880654296875 0.494984568359375 0.2623456787109375 0.4907407412109375 0.258230453125 0.4293981484375 0.255144033203125 0.42669753125 0.2484567900390625 0.425540123046875 0.2263374482421875 0.42592592578125 0.21810699609375 0.42862654296875 0.2186213994140625 0.4475308642578125 0.22222222265625 0.46875 0.22222222265625 0.49112654296875 0.223765431640625 0.4930555556640625
1 0.278806583984375 0.4988425927734375 0.3014403291015625 0.4980709873046875 0.3045267490234375 0.494598765625 0.3045267490234375 0.488040123046875 0.30092592578125 0.431712962890625 0.29681069921875 0.42862654296875 0.272119341796875 0.426311728515625 0.2685185185546875 0.4239969140625 0.2623456787109375 0.42862654296875 0.26080246875 0.432098765625 0.259773662109375 0.4502314814453125 0.263888888671875 0.494984568359375 0.2654320986328125 0.496913580078125 0.278806583984375 0.4988425927734375
1 0.34979423828125 0.4992283955078125 0.3518518515625 0.4980709873046875 0.3467078193359375 0.4301697529296875 0.3343621396484375 0.4278549384765625 0.3055555556640625 0.42862654296875 0.3034979423828125 0.4305555556640625 0.3034979423828125 0.4606481484375 0.3065843623046875 0.4980709873046875 0.3312757197265625 0.5 0.34979423828125 0.4992283955078125
1 0.3523662548828125 0.4980709873046875 0.354938271484375 0.5 0.36882716015625 0.5015432099609375 0.3883744853515625 0.5011574072265625 0.3914609052734375 0.4988425927734375 0.3914609052734375 0.432098765625 0.3883744853515625 0.4305555556640625 0.3626543212890625 0.4278549384765625 0.352880658203125 0.429012345703125 0.348765431640625 0.431712962890625 0.3482510283203125 0.4506172841796875 0.350823044921875 0.4641203701171875 0.3503086416015625 0.4849537041015625 0.3523662548828125 0.4980709873046875
1 0.4362139921875 0.4984567900390625 0.43415637890625 0.4309413583984375 0.432098765625 0.429012345703125 0.4094650205078125 0.4274691357421875 0.397119341796875 0.4297839501953125 0.39197530859375 0.4332561728515625 0.39197530859375 0.5 0.3966049384765625 0.502314814453125 0.432098765625 0.5046296298828125 0.4362139921875 0.4984567900390625
1 0.4706790126953125 0.5042438271484375 0.4717078193359375 0.499614197265625 0.471193416015625 0.440586419921875 0.4727366259765625 0.425540123046875 0.4706790126953125 0.417438271484375 0.460905349609375 0.4139660498046875 0.4465020576171875 0.414737654296875 0.437242798828125 0.4305555556640625 0.437757201171875 0.5015432099609375 0.439814814453125 0.5038580244140625 0.467078189453125 0.505787037109375 0.4706790126953125 0.5042438271484375
1 0.47890946484375 0.505015431640625 0.4974279833984375 0.5065586416015625 0.51080246875 0.505015431640625 0.507201646484375 0.499614197265625 0.5066872431640626 0.4764660498046875 0.5102880654296875 0.418209876953125 0.505144033203125 0.4158950615234375 0.488168724609375 0.4135802470703125 0.4814814814453125 0.4162808642578125 0.473765431640625 0.4282407412109375 0.4727366259765625 0.449459876953125 0.473765431640625 0.482638888671875 0.47222222265625 0.497685185546875 0.473765431640625 0.5027006171875 0.47890946484375 0.505015431640625
1 0.5426954736328125 0.505401234375 0.5447530859375 0.4783950615234375 0.5447530859375 0.429012345703125 0.5396090537109375 0.417438271484375 0.5236625517578125 0.4155092587890625 0.5185185185546874 0.41705246875 0.513888888671875 0.4220679013671875 0.5092592587890625 0.434413580078125 0.508230453125 0.4675925927734375 0.5077160498046875 0.505015431640625 0.51286008203125 0.5069444443359375 0.5406378603515625 0.5069444443359375 0.5426954736328125 0.505401234375
1 0.5761316875 0.50887345703125 0.579218107421875 0.50617283984375 0.581790123046875 0.4564043212890625 0.581790123046875 0.4309413583984375 0.57818930078125 0.418209876953125 0.5694444443359375 0.4158950615234375 0.55915637890625 0.4158950615234375 0.554012345703125 0.417438271484375 0.549897119140625 0.4216820986328125 0.5452674892578125 0.431712962890625 0.5426954736328125 0.505015431640625 0.5462962958984375 0.5073302470703125 0.5565843623046876 0.50887345703125 0.5761316875 0.50887345703125
1 0.61419753125 0.5096450615234375 0.6162551435546875 0.508487654296875 0.6213991767578125 0.4367283955078125 0.619855966796875 0.422839505859375 0.616769546875 0.41782407421875 0.5977366259765625 0.4166666669921875 0.5910493828125 0.4193672841796875 0.583847736328125 0.432098765625 0.5828189296875 0.448688271484375 0.581790123046875 0.5077160498046875 0.5843621396484375 0.5096450615234375 0.594135802734375 0.5104166669921875 0.61419753125 0.5096450615234375
1 0.6574074072265625 0.5177469140625 0.664094650390625 0.5135030859375 0.6676954736328125 0.445987654296875 0.6676954736328125 0.4390432099609375 0.66512345703125 0.4363425927734375 0.6543209873046875 0.4359567900390625 0.6486625517578125 0.4386574072265625 0.640946501953125 0.437114197265625 0.6404320986328125 0.4355709873046875 0.6265432099609375 0.435185185546875 0.62294238671875 0.4386574072265625 0.6183127568359374 0.49112654296875 0.617798353515625 0.50887345703125 0.619855966796875 0.511959876953125 0.6553497939453125 0.5154320986328125 0.6574074072265625 0.5177469140625
1 0.70987654296875 0.517361111328125 0.7114197529296875 0.5162037041015625 0.715020576171875 0.4918981484375 0.7175925927734375 0.4479166669921875 0.717078189453125 0.442901234375 0.7134773662109375 0.437114197265625 0.6995884775390625 0.4328703701171875 0.69495884765625 0.43402777734375 0.685185185546875 0.4328703701171875 0.68004115234375 0.435185185546875 0.6743827158203125 0.435185185546875 0.6687242802734376 0.4475308642578125 0.6666666669921875 0.486111111328125 0.6656378603515625 0.5104166669921875 0.6676954736328125 0.5150462958984375 0.6934156376953124 0.517361111328125 0.70987654296875 0.517361111328125
1 0.7227366259765625 0.5189043212890625 0.761831275390625 0.52044753125 0.7674897119140625 0.4456018515625 0.761831275390625 0.437885802734375 0.746913580078125 0.4375 0.7463991767578125 0.4390432099609375 0.7412551435546875 0.4375 0.725823044921875 0.4375 0.72222222265625 0.4390432099609375 0.719135802734375 0.445987654296875 0.7145061728515625 0.500385802734375 0.712962962890625 0.5117669755859375 0.7103909462890625 0.5154320986328125 0.7227366259765625 0.5189043212890625
1 0.8112139921875 0.5216049384765625 0.814814814453125 0.5135030859375 0.817901234375 0.4791666669921875 0.8194444443359375 0.445987654296875 0.8173868310546875 0.44367283984375 0.7937242802734376 0.442515431640625 0.7896090537109375 0.44367283984375 0.7865226337890625 0.4417438271484375 0.7793209873046875 0.4421296298828125 0.7746913583984375 0.4444444443359375 0.772119341796875 0.44367283984375 0.768004115234375 0.4614197529296875 0.7649176953125 0.49112654296875 0.7649176953125 0.51967592578125 0.7793209873046875 0.52237654296875 0.797839505859375 0.5208333330078125 0.8112139921875 0.5216049384765625
1 0.859053498046875 0.525848765625 0.861111111328125 0.5243055556640625 0.8647119345703125 0.5154320986328125 0.865226337890625 0.5027006171875 0.869855966796875 0.4849537041015625 0.8708847734375 0.4591049384765625 0.8734567900390625 0.4498456787109375 0.8713991767578125 0.4467592587890625 0.842078189453125 0.442515431640625 0.837962962890625 0.443287037109375 0.83487654296875 0.4413580244140625 0.8312757197265624 0.442515431640625 0.827160494140625 0.44097222265625 0.823045267578125 0.442515431640625 0.820987654296875 0.4479166669921875 0.8153292177734375 0.5046296298828125 0.814814814453125 0.519290123046875 0.8204732509765625 0.5235339501953125 0.8513374482421875 0.525848765625 0.859053498046875 0.525848765625
1 0.9084362138671875 0.528935185546875 0.9156378603515625 0.5273919755859375 0.9176954736328125 0.5077160498046875 0.9274691357421875 0.46527777734375 0.929012345703125 0.4525462958984375 0.92592592578125 0.4498456787109375 0.907921810546875 0.4456018515625 0.8755144033203125 0.4475308642578125 0.8662551435546875 0.5092592587890625 0.8657407412109375 0.522762345703125 0.869855966796875 0.5266203701171875 0.89609053515625 0.528935185546875 0.9084362138671875 0.528935185546875
1 0.924897119140625 0.5212191357421875 0.932098765625 0.528163580078125 0.9393004111328125 0.5293209873046875 0.9423868310546875 0.52777777734375 0.945987654296875 0.5300925927734375 0.9675925927734375 0.5297067900390625 0.980967078125 0.474151234375 0.9825102880859375 0.4529320986328125 0.977880658203125 0.4502314814453125 0.9634773662109375 0.4467592587890625 0.956790123046875 0.448688271484375 0.945987654296875 0.4475308642578125 0.932098765625 0.44830246875 0.9284979423828125 0.4525462958984375 0.9176954736328125 0.508487654296875 0.918209876953125 0.52044753125 0.920781892578125 0.52237654296875 0.924897119140625 0.5212191357421875
1 0.03600823046875 0.5760030859375 0.04012345703125 0.5787037041015625 0.0643004111328125 0.579089505859375 0.0663580244140625 0.5775462958984375 0.0596707822265625 0.5219907412109375 0.056069958984375 0.508487654296875 0.0534979423828125 0.5065586416015625 0.05092592578125 0.50887345703125 0.03600823046875 0.5069444443359375 0.0293209873046875 0.5077160498046875 0.028806583984375 0.53472222265625 0.032921810546875 0.54282407421875 0.0313786005859375 0.5582561728515625 0.03600823046875 0.5760030859375
1 0.0334362138671875 0.5779320986328125 0.0385802470703125 0.574459876953125 0.037037037109375 0.5605709873046875 0.0344650205078125 0.5555555556640625 0.0344650205078125 0.5320216044921875 0.030864197265625 0.5212191357421875 0.0303497939453125 0.5081018515625 0.0257201650390625 0.503086419921875 0.019032921875 0.5019290126953125 0.0092592587890625 0.5038580244140625 0.0056584365234375 0.5081018515625 0.005144033203125 0.5154320986328125 0.0149176953125 0.574459876953125 0.02109053515625 0.57677469140625 0.0334362138671875 0.5779320986328125
1 0.0462962958984375 0.6604938271484375 0.0534979423828125 0.65972222265625 0.05504115234375 0.6577932099609375 0.05092592578125 0.63580246875 0.0483539091796875 0.5983796298828125 0.0462962958984375 0.5964506171875 0.037037037109375 0.5945216044921875 0.028806583984375 0.594135802734375 0.022119341796875 0.596064814453125 0.0236625517578125 0.6203703701171875 0.0293209873046875 0.655864197265625 0.030864197265625 0.6577932099609375 0.0462962958984375 0.6604938271484375
1 0.04681069921875 0.744984568359375 0.0493827158203125 0.7376543212890625 0.0416666669921875 0.6797839501953125 0.0257201650390625 0.6697530859375 0.011831275390625 0.6801697529296875 0.0226337451171875 0.7407407412109375 0.0257201650390625 0.7434413583984375 0.037037037109375 0.7426697529296875 0.04681069921875 0.744984568359375
1 0.0776748974609375 0.7434413583984375 0.0715020576171875 0.7141203701171875 0.0694444443359375 0.681712962890625 0.0606995888671875 0.6774691357421875 0.049897119140625 0.6774691357421875 0.043209876953125 0.6793981484375 0.0416666669921875 0.682484568359375 0.0488683125 0.744598765625 0.057098765625 0.7472993828125 0.0756172841796875 0.7484567900390625 0.0776748974609375 0.7434413583984375
1 0.1075102880859375 0.746913580078125 0.1023662548828125 0.7260802470703125 0.09979423828125 0.6847993828125 0.0946502060546875 0.6797839501953125 0.0797325107421875 0.67862654296875 0.0725308642578125 0.6805555556640625 0.0694444443359375 0.6855709873046875 0.0715020576171875 0.7141203701171875 0.07818930078125 0.7480709873046875 0.1044238681640625 0.7519290126953125 0.1075102880859375 0.746913580078125
1 0.1373456787109375 0.7542438271484375 0.138888888671875 0.7519290126953125 0.13786008203125 0.729938271484375 0.133230453125 0.7033179013671875 0.13580246875 0.6855709873046875 0.119855966796875 0.6805555556640625 0.10390946484375 0.68132716015625 0.0977366259765625 0.685185185546875 0.1003086416015625 0.7148919755859375 0.10802469140625 0.750385802734375 0.1126543212890625 0.7527006171875 0.1373456787109375 0.7542438271484375
1 0.168209876953125 0.758487654296875 0.170781892578125 0.7538580244140625 0.1666666669921875 0.732638888671875 0.1656378603515625 0.6975308642578125 0.1697530859375 0.6890432099609375 0.16512345703125 0.6855709873046875 0.1466049384765625 0.6832561728515625 0.13786008203125 0.6859567900390625 0.1337448564453125 0.69367283984375 0.133230453125 0.702160494140625 0.136831275390625 0.718364197265625 0.1404320986328125 0.7538580244140625 0.168209876953125 0.758487654296875
1 0.1995884775390625 0.76080246875 0.20318930078125 0.75617283984375 0.19907407421875 0.7060185185546874 0.2016460908203125 0.69367283984375 0.192901234375 0.6875 0.181069958984375 0.6863425927734375 0.1697530859375 0.6882716044921875 0.166152263671875 0.6952160498046875 0.1671810703125 0.7310956787109375 0.17181069921875 0.7569444443359375 0.174897119140625 0.75887345703125 0.1995884775390625 0.76080246875
1 0.0606995888671875 0.661265431640625 0.0643004111328125 0.66242283984375 0.0833333330078125 0.6628086416015625 0.0853909462890625 0.661265431640625 0.0853909462890625 0.6523919755859375 0.0812757197265625 0.6342592587890625 0.0797325107421875 0.598765431640625 0.0715020576171875 0.5956790126953125 0.051954732421875 0.5964506171875 0.049897119140625 0.5979938271484375 0.049897119140625 0.6172839501953125 0.058127572265625 0.6577932099609375 0.0606995888671875 0.661265431640625
1 0.11213991796875 0.6635802470703125 0.1157407412109375 0.661651234375 0.1157407412109375 0.6570216044921875 0.1095679013671875 0.598765431640625 0.1018518515625 0.59722222265625 0.081790123046875 0.5976080244140625 0.0812757197265625 0.613811728515625 0.085905349609375 0.661265431640625 0.0884773662109375 0.6635802470703125 0.11213991796875 0.6635802470703125
1 0.0776748974609375 0.5814043212890625 0.0946502060546875 0.5814043212890625 0.087962962890625 0.5127314814453126 0.0812757197265625 0.50617283984375 0.077160494140625 0.5092592587890625 0.0745884775390625 0.5073302470703125 0.0637860078125 0.5069444443359375 0.060185185546875 0.5077160498046875 0.0586419755859375 0.5100308642578125 0.0632716044921875 0.5582561728515625 0.0684156376953125 0.5729166669921875 0.067901234375 0.5779320986328125 0.0776748974609375 0.5814043212890625
1 0.1054526748046875 0.5833333330078125 0.123971193359375 0.5841049384765625 0.126028806640625 0.579861111328125 0.117798353515625 0.5131172841796875 0.115226337890625 0.5100308642578125 0.1095679013671875 0.5077160498046875 0.10802469140625 0.5092592587890625 0.0895061728515625 0.5104166669921875 0.0874485595703125 0.5127314814453126 0.0925925927734375 0.5605709873046875 0.0967078193359375 0.5814043212890625 0.1054526748046875 0.5833333330078125
1 0.153806583984375 0.585262345703125 0.1543209873046875 0.567515431640625 0.1481481484375 0.514660494140625 0.1435185185546875 0.51157407421875 0.1373456787109375 0.5131172841796875 0.123971193359375 0.5123456787109375 0.1208847734375 0.514660494140625 0.12705761328125 0.58217592578125 0.1296296298828125 0.5841049384765625 0.1435185185546875 0.5860339501953125 0.153806583984375 0.585262345703125
1 0.1676954736328125 0.588734568359375 0.1826131689453125 0.5898919755859375 0.185185185546875 0.588348765625 0.185185185546875 0.57947530859375 0.181069958984375 0.5283564814453126 0.1867283955078125 0.5154320986328125 0.1646090537109375 0.51157407421875 0.153806583984375 0.51157407421875 0.1496913583984375 0.51427469140625 0.1553497939453125 0.5706018515625 0.1543209873046875 0.58487654296875 0.1646090537109375 0.5868055556640625 0.1676954736328125 0.588734568359375
1 0.1193415634765625 0.6658950615234375 0.1404320986328125 0.6666666669921875 0.14197530859375 0.6604938271484375 0.1373456787109375 0.6018518515625 0.1337448564453125 0.59992283984375 0.123971193359375 0.598765431640625 0.1105967080078125 0.599537037109375 0.1100823046875 0.6145833330078125 0.1147119345703125 0.65007716015625 0.11419753125 0.661265431640625 0.1193415634765625 0.6658950615234375
1 0.1723251025390625 0.67052469140625 0.174897119140625 0.664737654296875 0.1676954736328125 0.604938271484375 0.164094650390625 0.6018518515625 0.1399176953125 0.6010802470703125 0.13786008203125 0.6033950615234375 0.1394032919921875 0.647762345703125 0.1424897119140625 0.6666666669921875 0.1543209873046875 0.6697530859375 0.1723251025390625 0.67052469140625
1 0.2016460908203125 0.6631944443359375 0.19907407421875 0.6122685185546874 0.193930041015625 0.60532407421875 0.189814814453125 0.6033950615234375 0.1743827158203125 0.6030092587890625 0.1687242802734375 0.60532407421875 0.174897119140625 0.668209876953125 0.182098765625 0.6712962958984375 0.1995884775390625 0.672839505859375 0.2016460908203125 0.6631944443359375
1 0.2124485595703125 0.591435185546875 0.22479423828125 0.590663580078125 0.230967078125 0.588734568359375 0.231995884765625 0.573688271484375 0.2273662548828125 0.5273919755859375 0.2047325107421875 0.52237654296875 0.1882716044921875 0.52507716015625 0.183127572265625 0.528163580078125 0.1856995888671875 0.5783179013671875 0.1887860078125 0.587962962890625 0.1995884775390625 0.5910493828125 0.2124485595703125 0.591435185546875
1 0.244855966796875 0.6743827158203125 0.2463991767578125 0.6697530859375 0.24382716015625 0.6631944443359375 0.241769546875 0.6277006171875 0.2386831279296875 0.6145833330078125 0.234053498046875 0.613040123046875 0.223765431640625 0.61419753125 0.206790123046875 0.6126543212890625 0.202160494140625 0.6145833330078125 0.2011316875 0.630787037109375 0.2052469140625 0.6712962958984375 0.223765431640625 0.6743827158203125 0.244855966796875 0.6743827158203125
1 0.215020576171875 0.7627314814453126 0.23302469140625 0.7627314814453126 0.24382716015625 0.76080246875 0.2463991767578125 0.7565586416015625 0.2433127568359375 0.7060185185546874 0.2458847734375 0.6998456787109375 0.244855966796875 0.6975308642578125 0.241769546875 0.6956018515625 0.2134773662109375 0.6956018515625 0.2037037041015625 0.69907407421875 0.202160494140625 0.701388888671875 0.2016460908203125 0.727237654296875 0.2052469140625 0.758487654296875 0.2093621396484375 0.761959876953125 0.215020576171875 0.7627314814453126
1 0.24382716015625 0.5922067900390625 0.276234568359375 0.5922067900390625 0.2705761318359375 0.5293209873046875 0.26697530859375 0.52777777734375 0.2443415634765625 0.5266203701171875 0.2366255146484375 0.5270061728515625 0.231995884765625 0.5297067900390625 0.230967078125 0.5378086416015625 0.2355967080078125 0.5891203701171875 0.2376543212890625 0.5910493828125 0.24382716015625 0.5922067900390625
1 0.282921810546875 0.67669753125 0.2844650205078125 0.670910494140625 0.280864197265625 0.6577932099609375 0.280864197265625 0.6323302470703125 0.2782921806640625 0.6176697529296875 0.2731481484375 0.6157407412109375 0.258230453125 0.6157407412109375 0.255144033203125 0.61419753125 0.2412551435546875 0.6153549384765625 0.2443415634765625 0.6604938271484375 0.24794238671875 0.6747685185546874 0.2649176953125 0.6774691357421875 0.282921810546875 0.67669753125
1 0.258230453125 0.7658179013671875 0.2793209873046875 0.7677469140625 0.289094650390625 0.766589505859375 0.282921810546875 0.7060185185546874 0.276234568359375 0.7025462958984375 0.2736625517578125 0.7037037041015625 0.2664609052734375 0.7025462958984375 0.2587448564453125 0.699459876953125 0.2474279833984375 0.7037037041015625 0.2458847734375 0.7064043212890625 0.2458847734375 0.72762345703125 0.248971193359375 0.761959876953125 0.258230453125 0.7658179013671875
1 0.2916666669921875 0.596064814453125 0.314814814453125 0.5956790126953125 0.3173868310546875 0.590663580078125 0.312242798828125 0.5331790126953125 0.307098765625 0.5300925927734375 0.279835390625 0.52777777734375 0.2726337451171875 0.530864197265625 0.272119341796875 0.5474537041015625 0.2767489716796875 0.5922067900390625 0.2793209873046875 0.594135802734375 0.2916666669921875 0.596064814453125
1 0.359053498046875 0.596836419921875 0.3595679013671875 0.5918209873046875 0.355967078125 0.5358796298828125 0.345164609375 0.5300925927734375 0.320987654296875 0.5304783955078125 0.3153292177734375 0.534336419921875 0.3194444443359375 0.5952932099609375 0.3276748974609375 0.59722222265625 0.356995884765625 0.5983796298828125 0.359053498046875 0.596836419921875
1 0.401234568359375 0.6003086416015625 0.4032921806640625 0.598765431640625 0.401234568359375 0.5952932099609375 0.399176955078125 0.537037037109375 0.393004115234375 0.5327932099609375 0.3708847734375 0.5297067900390625 0.3626543212890625 0.530864197265625 0.359053498046875 0.5358796298828125 0.359053498046875 0.570987654296875 0.3616255146484375 0.5976080244140625 0.3683127568359375 0.59992283984375 0.401234568359375 0.6003086416015625
1 0.4423868310546875 0.596836419921875 0.442901234375 0.543209876953125 0.44084362109375 0.53472222265625 0.4393004111328125 0.5327932099609375 0.43415637890625 0.5331790126953125 0.4284979423828125 0.5304783955078125 0.412037037109375 0.5293209873046875 0.4032921806640625 0.533564814453125 0.4007201650390625 0.536265431640625 0.3996913583984375 0.5416666669921875 0.40020576171875 0.598765431640625 0.409979423828125 0.6018518515625 0.4346707822265625 0.60262345703125 0.4423868310546875 0.596836419921875
1 0.3173868310546875 0.6801697529296875 0.31995884765625 0.67862654296875 0.320987654296875 0.6520061728515625 0.3184156376953125 0.625 0.3086419755859375 0.6180555556640625 0.28600823046875 0.61612654296875 0.2824074072265625 0.61612654296875 0.279835390625 0.6180555556640625 0.2839506171875 0.675540123046875 0.2865226337890625 0.6782407412109375 0.2906378603515625 0.679012345703125 0.3173868310546875 0.6801697529296875
1 0.329218107421875 0.682098765625 0.3600823046875 0.6836419755859375 0.363168724609375 0.682098765625 0.361111111328125 0.662037037109375 0.361111111328125 0.62847222265625 0.363168724609375 0.619598765625 0.3554526748046875 0.6211419755859375 0.3523662548828125 0.61882716015625 0.3302469140625 0.619212962890625 0.3204732509765625 0.62152777734375 0.320987654296875 0.6689814814453126 0.3194444443359375 0.679012345703125 0.320987654296875 0.6805555556640625 0.329218107421875 0.682098765625
1 0.4007201650390625 0.687114197265625 0.40277777734375 0.6855709873046875 0.4017489716796875 0.624614197265625 0.386831275390625 0.619598765625 0.367798353515625 0.61882716015625 0.365226337890625 0.619984568359375 0.36213991796875 0.622685185546875 0.3626543212890625 0.682098765625 0.376028806640625 0.6867283955078125 0.4007201650390625 0.687114197265625
1 0.442901234375 0.6902006171875 0.4444444443359375 0.6867283955078125 0.4444444443359375 0.6639660498046875 0.4423868310546875 0.6261574072265625 0.41923868359375 0.6222993828125 0.404835390625 0.6234567900390625 0.40277777734375 0.6277006171875 0.4022633740234375 0.6400462958984375 0.401234568359375 0.6855709873046875 0.41100823046875 0.6902006171875 0.426954732421875 0.6913580244140625 0.442901234375 0.6902006171875
1 0.325102880859375 0.7712191357421875 0.3287037041015625 0.7689043212890625 0.3287037041015625 0.7577160498046875 0.3235596708984375 0.706790123046875 0.3194444443359375 0.704861111328125 0.2921810703125 0.702160494140625 0.2896090537109375 0.7029320986328125 0.284979423828125 0.7094907412109375 0.2844650205078125 0.7206790126953125 0.2896090537109375 0.7658179013671875 0.2952674892578125 0.7689043212890625 0.325102880859375 0.7712191357421875
1 0.33487654296875 0.7708333330078125 0.3595679013671875 0.772762345703125 0.3636831279296875 0.769290123046875 0.363168724609375 0.732638888671875 0.3605967080078125 0.7227364970703125 0.3662551435546875 0.70987654296875 0.3626543212890625 0.7083333330078125 0.345164609375 0.7083333330078125 0.3415637861328125 0.7060185185546874 0.3312757197265625 0.7056327158203125 0.3266460908203125 0.710262345703125 0.3261316875 0.7337962958984375 0.3287037041015625 0.7430555556640625 0.33076131640625 0.7681327158203125 0.33487654296875 0.7708333330078125
1 0.3935185185546875 0.7800925927734375 0.4017489716796875 0.7797067900390625 0.405864197265625 0.776234568359375 0.40277777734375 0.744984568359375 0.4032921806640625 0.7206790126953125 0.405864197265625 0.716435185546875 0.40020576171875 0.7121913583984375 0.3713991767578125 0.7083333330078125 0.367798353515625 0.710262345703125 0.36213991796875 0.718364197265625 0.36419753125 0.772762345703125 0.369855966796875 0.7773919755859375 0.388888888671875 0.7785493828125 0.3935185185546875 0.7800925927734375
1 0.4295267490234375 0.78472222265625 0.44084362109375 0.78472222265625 0.443930041015625 0.7827932099609375 0.445987654296875 0.776234568359375 0.4444444443359375 0.7735339501953125 0.443930041015625 0.750385802734375 0.445987654296875 0.7484567900390625 0.4470164609375 0.7341820986328125 0.4516460908203125 0.724537037109375 0.4511316875 0.7175925927734375 0.4454732509765625 0.71527777734375 0.416152263671875 0.71257716015625 0.41100823046875 0.712962962890625 0.4053497939453125 0.7168209873046875 0.4032921806640625 0.7206790126953125 0.404835390625 0.778163580078125 0.41100823046875 0.780864197265625 0.42181069921875 0.7820216044921875 0.4295267490234375 0.78472222265625
1 0.4753086416015625 0.6033950615234375 0.47479423828125 0.52507716015625 0.4686213994140625 0.5208333330078125 0.452160494140625 0.52044753125 0.4475308642578125 0.52237654296875 0.443930041015625 0.530864197265625 0.4434156376953125 0.59992283984375 0.4465020576171875 0.6030092587890625 0.473765431640625 0.60455246875 0.4753086416015625 0.6033950615234375
1 0.5077160498046875 0.6030092587890625 0.5087448564453125 0.5895061728515625 0.509773662109375 0.528163580078125 0.5077160498046875 0.525848765625 0.49794238671875 0.52237654296875 0.4835390947265625 0.52237654296875 0.4783950615234375 0.525462962890625 0.475823044921875 0.5339506171875 0.475823044921875 0.60262345703125 0.481995884765625 0.6060956787109375 0.505144033203125 0.607638888671875 0.5077160498046875 0.6030092587890625
1 0.539094650390625 0.610339505859375 0.541152263671875 0.6087962958984375 0.5421810703125 0.6018518515625 0.5437242802734376 0.5493827158203125 0.543209876953125 0.5351080244140625 0.54012345703125 0.5273919755859375 0.5257201650390625 0.5239197529296875 0.5144032919921875 0.525848765625 0.5087448564453125 0.54552469140625 0.509773662109375 0.594135802734375 0.508230453125 0.605709876953125 0.5149176953125 0.6095679013671875 0.539094650390625 0.610339505859375
1 0.57818930078125 0.574459876953125 0.579218107421875 0.53472222265625 0.577160494140625 0.528935185546875 0.5576131689453125 0.5266203701171875 0.5529835390625 0.5266203701171875 0.5493827158203125 0.5285493828125 0.545781892578125 0.5351080244140625 0.54423868359375 0.560185185546875 0.543209876953125 0.6087962958984375 0.570987654296875 0.6114969140625 0.5745884775390625 0.607638888671875 0.57818930078125 0.574459876953125
1 0.613168724609375 0.54822530859375 0.6157407412109375 0.5393518515625 0.6157407412109375 0.531635802734375 0.613168724609375 0.5293209873046875 0.5936213994140624 0.528163580078125 0.5853909462890625 0.5293209873046875 0.583847736328125 0.53125 0.5802469140625 0.54282407421875 0.57818930078125 0.585262345703125 0.5761316875 0.5945216044921875 0.5766460908203125 0.6126543212890625 0.6013374482421875 0.6153549384765625 0.609053498046875 0.61419753125 0.613168724609375 0.54822530859375
1 0.6563786005859376 0.61342592578125 0.66100823046875 0.5443672841796875 0.6543209873046875 0.5389660498046875 0.6522633740234375 0.5405092587890625 0.6435185185546874 0.5358796298828125 0.636831275390625 0.5354938271484375 0.6327160498046875 0.5381944443359375 0.630144033203125 0.5358796298828125 0.62294238671875 0.536265431640625 0.6224279833984375 0.5378086416015625 0.6193415634765626 0.5378086416015625 0.6136831279296875 0.5551697529296875 0.611111111328125 0.61612654296875 0.6147119345703125 0.6176697529296875 0.653806583984375 0.6211419755859375 0.6563786005859376 0.61342592578125
1 0.7037037041015625 0.6176697529296875 0.708847736328125 0.557098765625 0.7134773662109375 0.543209876953125 0.710905349609375 0.536265431640625 0.708847736328125 0.536265431640625 0.7073045263671875 0.5385802470703125 0.695987654296875 0.5393518515625 0.6923868310546875 0.536265431640625 0.6882716044921875 0.537037037109375 0.6764403291015625 0.534336419921875 0.6676954736328125 0.5351080244140625 0.66100823046875 0.5524691357421875 0.6589506171875 0.5729166669921875 0.6574074072265625 0.6184413583984375 0.67592592578125 0.6234567900390625 0.7011316875 0.6242283955078125 0.7037037041015625 0.6176697529296875
1 0.758230453125 0.559413580078125 0.755144033203125 0.55092592578125 0.7376543212890625 0.545138888671875 0.7335390947265625 0.545910494140625 0.7268518515625 0.54205246875 0.7232510283203125 0.542438271484375 0.7165637861328125 0.54012345703125 0.71399176953125 0.5489969140625 0.7093621396484375 0.55632716015625 0.706790123046875 0.5779320986328125 0.7037037041015625 0.6238425927734375 0.7083333330078125 0.6257716044921875 0.75 0.627314814453125 0.758230453125 0.559413580078125
1 0.79681069921875 0.6327160498046875 0.8014403291015625 0.630787037109375 0.807098765625 0.5667438271484375 0.8065843623046876 0.5597993828125 0.804012345703125 0.55632716015625 0.8004115224609375 0.557484568359375 0.7813786005859376 0.55632716015625 0.7654320986328125 0.5578703701171875 0.761831275390625 0.5559413583984375 0.759773662109375 0.557484568359375 0.7541152265625 0.5976080244140625 0.7515432099609375 0.6261574072265625 0.753086419921875 0.6277006171875 0.782921810546875 0.6323302470703125 0.79681069921875 0.6327160498046875
1 0.846193416015625 0.636188271484375 0.848765431640625 0.6346450615234375 0.8513374482421875 0.6265432099609375 0.8585390947265625 0.5721450615234375 0.8585390947265625 0.5663580244140625 0.8554526748046875 0.562114197265625 0.82407407421875 0.556712962890625 0.81995884765625 0.5578703701171875 0.8163580244140625 0.5613425927734375 0.8137860078125 0.560185185546875 0.80915637890625 0.5625 0.8034979423828125 0.6114969140625 0.8024691357421875 0.6296296298828125 0.80504115234375 0.6319444443359375 0.8410493828125 0.636188271484375 0.846193416015625 0.636188271484375
1 0.4768518515625 0.6894290126953125 0.477880658203125 0.6805555556640625 0.477880658203125 0.6265432099609375 0.473765431640625 0.6234567900390625 0.4526748974609375 0.6222993828125 0.4465020576171875 0.624614197265625 0.4454732509765625 0.62847222265625 0.4454732509765625 0.6894290126953125 0.4593621396484375 0.692515431640625 0.4732510283203125 0.692515431640625 0.4768518515625 0.6894290126953125
1 0.5077160498046875 0.692901234375 0.5092592587890625 0.675540123046875 0.5077160498046875 0.6485339501953125 0.5092592587890625 0.6265432099609375 0.4855967080078125 0.6242283955078125 0.4804526748046875 0.6242283955078125 0.4773662548828125 0.6261574072265625 0.4773662548828125 0.690586419921875 0.4804526748046875 0.693287037109375 0.505144033203125 0.695987654296875 0.5077160498046875 0.692901234375
1 0.543209876953125 0.6793981484375 0.543209876953125 0.6288580244140625 0.5334362138671875 0.6261574072265625 0.51286008203125 0.6265432099609375 0.5102880654296875 0.6315586416015625 0.5092592587890625 0.653163580078125 0.508230453125 0.6952160498046875 0.518004115234375 0.699459876953125 0.54012345703125 0.6998456787109375 0.543209876953125 0.6793981484375
1 0.5766460908203125 0.6967592587890625 0.579218107421875 0.6327160498046875 0.5776748974609375 0.630401234375 0.57407407421875 0.6296296298828125 0.5483539091796875 0.62847222265625 0.5447530859375 0.630015431640625 0.5437242802734376 0.69830246875 0.5529835390625 0.7010030859375 0.5745884775390625 0.70177469140625 0.5766460908203125 0.6967592587890625
1 0.5853909462890625 0.704089505859375 0.606995884765625 0.7060185185546874 0.6095679013671875 0.7037037041015625 0.6136831279296875 0.636959876953125 0.609053498046875 0.6323302470703125 0.592078189453125 0.630401234375 0.5812757197265624 0.630787037109375 0.5776748974609375 0.6439043212890625 0.5776748974609375 0.6751543212890625 0.575102880859375 0.699459876953125 0.5776748974609375 0.702160494140625 0.5853909462890625 0.704089505859375
1 0.6466049384765625 0.712962962890625 0.6522633740234375 0.71257716015625 0.6543209873046875 0.70987654296875 0.6563786005859376 0.6894290126953125 0.6584362138671875 0.656635802734375 0.6574074072265625 0.64467592578125 0.651234568359375 0.6404320986328125 0.64609053515625 0.6400462958984375 0.6162551435546875 0.64197530859375 0.6136831279296875 0.6469907412109375 0.61213991796875 0.667438271484375 0.611111111328125 0.70717592578125 0.6193415634765626 0.7106481484375 0.6244855966796875 0.7094907412109375 0.6466049384765625 0.712962962890625
1 0.700102880859375 0.7168209873046875 0.7026748974609375 0.6855709873046875 0.7026748974609375 0.65007716015625 0.695987654296875 0.65007716015625 0.6923868310546875 0.6469907412109375 0.68415637890625 0.6481481484375 0.681069958984375 0.647762345703125 0.679012345703125 0.64544753125 0.6702674892578125 0.6458333330078125 0.668209876953125 0.644290123046875 0.66100823046875 0.6439043212890625 0.6563786005859376 0.6967592587890625 0.655864197265625 0.710262345703125 0.657921810546875 0.7121913583984375 0.6913580244140625 0.7172067900390625 0.700102880859375 0.7168209873046875
1 0.7443415634765626 0.721836419921875 0.746913580078125 0.7202932099609375 0.7515432099609375 0.6489197529296875 0.74794238671875 0.6469907412109375 0.734053498046875 0.6469907412109375 0.7273662548828125 0.6496913583984375 0.7093621396484375 0.6458333330078125 0.7062757197265624 0.6481481484375 0.7047325107421875 0.6554783955078125 0.7016460908203125 0.7168209873046875 0.717078189453125 0.7206790126953125 0.73919753125 0.7226080244140625 0.7443415634765626 0.721836419921875
1 0.7726337451171875 0.7256944443359375 0.7854938271484375 0.72762345703125 0.7906378603515625 0.7268518515625 0.7947530859375 0.724151234375 0.80092592578125 0.668209876953125 0.799897119140625 0.656635802734375 0.7947530859375 0.656635802734375 0.7731481484375 0.650848765625 0.758230453125 0.65007716015625 0.755144033203125 0.6516203701171875 0.7525720166015625 0.662037037109375 0.748971193359375 0.7029320986328125 0.74794238671875 0.7202932099609375 0.751028806640625 0.7226080244140625 0.7685185185546874 0.7233796298828125 0.7726337451171875 0.7256944443359375
1 0.810185185546875 0.7287808642578125 0.8405349794921875 0.7310956787109375 0.844135802734375 0.7268518515625 0.850823044921875 0.6712962958984375 0.84979423828125 0.6608796298828125 0.84310699609375 0.656635802734375 0.833847736328125 0.6574074072265625 0.8312757197265624 0.6543209873046875 0.812757201171875 0.659336419921875 0.8065843623046876 0.6574074072265625 0.8029835390625 0.6601080244140625 0.797839505859375 0.7087191357421875 0.79423868359375 0.723765431640625 0.7993827158203125 0.7264660498046875 0.810185185546875 0.7287808642578125
1 0.520061728515625 0.7453703701171875 0.5272633740234375 0.7253086416015625 0.5282921806640625 0.7168209873046875 0.526234568359375 0.713734568359375 0.5195473251953125 0.70987654296875 0.467078189453125 0.707561728515625 0.45987654296875 0.713348765625 0.4485596708984375 0.7376543212890625 0.44907407421875 0.8001543212890625 0.45987654296875 0.80362654296875 0.5154320986328125 0.8097993828125 0.520061728515625 0.7453703701171875
1 0.58487654296875 0.8206018515625 0.5884773662109375 0.8171296298828125 0.5895061728515625 0.809413580078125 0.5905349794921875 0.7740300927734375 0.5956790126953125 0.7376543212890625 0.5956790126953125 0.7202932099609375 0.587962962890625 0.7175925927734375 0.5715020576171875 0.716435185546875 0.5673868310546875 0.7141203701171875 0.537037037109375 0.713348765625 0.53189300390625 0.7172067900390625 0.5195473251953125 0.744598765625 0.518004115234375 0.810185185546875 0.522119341796875 0.8125 0.5396090537109375 0.815586419921875 0.58487654296875 0.8206018515625
1 0.662037037109375 0.82947530859375 0.664094650390625 0.82677469140625 0.6666666669921875 0.80092592578125 0.6702674892578125 0.7426697529296875 0.6687242802734376 0.7268518515625 0.657921810546875 0.724151234375 0.6522633740234375 0.724537037109375 0.636831275390625 0.721836419921875 0.6075102880859375 0.7202932099609375 0.600823044921875 0.730709876953125 0.594135802734375 0.7515432099609375 0.592078189453125 0.7739197529296875 0.5910493828125 0.817901234375 0.59310699609375 0.8206018515625 0.63580246875 0.827160494140625 0.662037037109375 0.82947530859375
1 0.6856995888671875 0.8341049384765625 0.704218107421875 0.8341049384765625 0.725823044921875 0.838348765625 0.738168724609375 0.838348765625 0.7412551435546875 0.83487654296875 0.741769546875 0.8206018515625 0.736111111328125 0.81584375 0.736111111328125 0.806712962890625 0.7422839501953125 0.80092592578125 0.7453703701171875 0.76697530859375 0.74382716015625 0.7600308642578125 0.7453703701171875 0.7457561728515625 0.741769546875 0.73302469140625 0.7350823046875 0.7283950615234375 0.71399176953125 0.723765431640625 0.7062757197265624 0.7256944443359375 0.7037037041015625 0.72955246875 0.6954732509765625 0.73032407421875 0.692901234375 0.7283950615234375 0.6846707822265625 0.7283950615234375 0.6774691357421875 0.729938271484375 0.674897119140625 0.73302469140625 0.6738683125 0.74652777734375 0.6712962958984375 0.7515432099609375 0.668209876953125 0.7820216044921875 0.6687242802734376 0.7946246142578125 0.6656378603515625 0.8229166669921875 0.6671810703125 0.829861111328125 0.6856995888671875 0.8341049384765625
1 0.7813786005859376 0.8422067900390625 0.793209876953125 0.8445216044921875 0.8137860078125 0.8445216044921875 0.816872427734375 0.8425925927734375 0.8215020576171875 0.8283179013671875 0.8245884775390625 0.76427469140625 0.8215020576171875 0.7480709873046875 0.814814814453125 0.7399691357421875 0.804012345703125 0.7376543212890625 0.7623456787109375 0.7349537041015625 0.7546296298828125 0.7349537041015625 0.7505144033203125 0.7376543212890625 0.744855966796875 0.80169753125 0.74382716015625 0.835262345703125 0.7458847734375 0.838348765625 0.761831275390625 0.8422067900390625 0.7813786005859376 0.8422067900390625
1 0.9506172841796875 0.406635802734375 0.9660493828125 0.409336419921875 0.9994855966796875 0.4101080244140625 0.9994855966796875 0.3229166669921875 0.9634773662109375 0.32330246875 0.960905349609375 0.3248456787109375 0.9593621396484375 0.3306327158203125 0.954218107421875 0.3672839501953125 0.9465020576171875 0.400848765625 0.9475308642578125 0.4047067900390625 0.9506172841796875 0.406635802734375
1 0.941872427734375 0.52777777734375 0.9562757197265624 0.5304783955078125 0.9686213994140624 0.5293209873046875 0.980967078125 0.4756944443359375 0.984053498046875 0.4529320986328125 0.970164609375 0.4444444443359375 0.9634773662109375 0.4452160498046875 0.9552469140625 0.448688271484375 0.931069958984375 0.44907407421875 0.9295267490234375 0.451388888671875 0.9295267490234375 0.4641203701171875 0.924897119140625 0.4764660498046875 0.91923868359375 0.5100308642578125 0.9233539091796875 0.5189043212890625 0.933127572265625 0.52777777734375 0.941872427734375 0.52777777734375
1 0.9994855966796875 0.4525462958984375 0.9886831279296875 0.4525462958984375 0.9855967080078125 0.454861111328125 0.9717078193359375 0.5208333330078125 0.971193416015625 0.5293209873046875 0.9742798349609375 0.5324074072265625 0.9994855966796875 0.5339506171875 0.9994855966796875 0.4525462958984375
1 0.86419753125 0.638888888671875 0.880144033203125 0.6404320986328125 0.8955761318359375 0.639660494140625 0.90020576171875 0.6377314814453126 0.9125514404296875 0.57330246875 0.9125514404296875 0.567901234375 0.9007201650390625 0.556712962890625 0.894032921875 0.556712962890625 0.8806584365234374 0.5613425927734375 0.8765432099609375 0.559413580078125 0.87294238671875 0.5605709873046875 0.867798353515625 0.5586419755859375 0.86213991796875 0.5597993828125 0.8600823046875 0.5636574072265625 0.85390946484375 0.6087962958984375 0.8518518515625 0.628086419921875 0.8518518515625 0.633487654296875 0.85390946484375 0.63580246875 0.86419753125 0.638888888671875
1 0.9465020576171875 0.6427469140625 0.95318930078125 0.6404320986328125 0.9655349794921875 0.57137345703125 0.9634773662109375 0.5671296298828125 0.9562757197265624 0.5617283955078125 0.918209876953125 0.565586419921875 0.9156378603515625 0.567515431640625 0.903806583984375 0.6238425927734375 0.903806583984375 0.6373456787109375 0.9146090537109375 0.6381172841796875 0.9315843623046876 0.642361111328125 0.9465020576171875 0.6427469140625
1 0.9922839501953125 0.645061728515625 0.9994855966796875 0.6431327158203125 0.9994855966796875 0.5690586416015625 0.9886831279296875 0.5671296298828125 0.9727366259765625 0.567901234375 0.96810699609375 0.5690586416015625 0.9660493828125 0.5729166669921875 0.956790123046875 0.6319444443359375 0.9573045263671875 0.63927469140625 0.95987654296875 0.6427469140625 0.9922839501953125 0.645061728515625
1 0.88580246875 0.7349537041015625 0.8914609052734375 0.733410494140625 0.899176955078125 0.6971450615234375 0.90277777734375 0.6720679013671875 0.9017489716796875 0.66705246875 0.8883744853515625 0.6658950615234375 0.880144033203125 0.6628086416015625 0.871913580078125 0.6639660498046875 0.8564814814453126 0.6604938271484375 0.8533950615234375 0.661651234375 0.846193416015625 0.70987654296875 0.844135802734375 0.72762345703125 0.8467078193359375 0.730709876953125 0.8683127568359374 0.735339505859375 0.88580246875 0.7349537041015625
1 0.9423868310546875 0.7364969140625 0.95318930078125 0.6724537041015625 0.94907407421875 0.667438271484375 0.9176954736328125 0.6658950615234375 0.9043209873046875 0.66782407421875 0.8955761318359375 0.7202932099609375 0.8955761318359375 0.730709876953125 0.903806583984375 0.7345679013671875 0.9279835390625 0.7376543212890625 0.9423868310546875 0.7364969140625
1 0.965020576171875 0.7395833330078125 0.9907407412109375 0.74112654296875 0.9963991767578125 0.7087191357421875 0.9994855966796875 0.701388888671875 0.9994855966796875 0.6712962958984375 0.9773662548828125 0.6666666669921875 0.9562757197265624 0.66705246875 0.952160494140625 0.670910494140625 0.9444444443359375 0.7349537041015625 0.945987654296875 0.7368827158203125 0.9562757197265624 0.7372685185546874 0.965020576171875 0.7395833330078125
1 0.8384773662109375 0.8310185185546874 0.861111111328125 0.8310185185546874 0.8662551435546875 0.81597222265625 0.8708847734375 0.776234568359375 0.8708847734375 0.7604166669921875 0.8647119345703125 0.7569444443359375 0.844135802734375 0.7538580244140625 0.8312757197265624 0.75347222265625 0.827160494140625 0.7546296298828125 0.8256172841796875 0.7569444443359375 0.8225308642578125 0.8086419755859375 0.8235596708984375 0.82677469140625 0.8256172841796875 0.8287037041015625 0.8384773662109375 0.8310185185546874
1 0.9043209873046875 0.83757716015625 0.9084362138671875 0.8356481484375 0.9115226337890625 0.8302469140625 0.920781892578125 0.7735339501953125 0.9197530859375 0.7623456787109375 0.9017489716796875 0.758487654296875 0.8791152265625 0.7581018515625 0.873971193359375 0.7604166669921875 0.8708847734375 0.7685185185546874 0.8662551435546875 0.817901234375 0.863168724609375 0.829089505859375 0.8683127568359374 0.83217592578125 0.9043209873046875 0.83757716015625
1 0.9593621396484375 0.837962962890625 0.9645061728515625 0.817901234375 0.9655349794921875 0.8024691357421875 0.97479423828125 0.775848765625 0.969135802734375 0.7712191357421875 0.9686213994140624 0.7654320986328125 0.9634773662109375 0.761188271484375 0.9562757197265624 0.7600308642578125 0.9465020576171875 0.763888888671875 0.932098765625 0.761959876953125 0.9274691357421875 0.761959876953125 0.9254115224609375 0.7635030859375 0.920781892578125 0.776234568359375 0.91512345703125 0.8113425927734375 0.914094650390625 0.8314043212890625 0.9156378603515625 0.83487654296875 0.95576131640625 0.8398919755859375 0.9593621396484375 0.837962962890625
1 0.9994855966796875 0.844135802734375 0.9994855966796875 0.7658179013671875 0.9943415634765626 0.7689043212890625 0.9958847734375 0.7719907412109375 0.9886831279296875 0.7746913583984375 0.9794238681640625 0.775462962890625 0.969135802734375 0.793209876953125 0.9665637861328125 0.8028549384765625 0.9645061728515625 0.826388888671875 0.9614197529296875 0.838348765625 0.98713991796875 0.844135802734375 0.9994855966796875 0.844135802734375
0 0.939453125 0.2783203125 0.953125 0.2802734375 0.953125 0.29296875 0.947265625 0.296875 0.91015625 0.294921875 0.9130859375 0.279296875 0.9384765625 0.2783203125
0 0.0068359375 0.38671875 0.03515625 0.38671875 0.037109375 0.3955078125 0.03515625 0.400390625 0.0087890625 0.400390625 0.0068359375 0.3984375 0.0068359375 0.3876953125
0 0.5068359375 0.2802734375 0.5068359375 0.2939453125 0.5048828125 0.2958984375 0.4912109375 0.296875 0.474609375 0.2958984375 0.47265625 0.2939453125 0.47265625 0.28125 0.474609375 0.279296875 0.505859375 0.2802734375
0 0.943359375 0.1376953125 0.9716796875 0.1376953125 0.9736328125 0.1474609375 0.9716796875 0.1552734375 0.96875 0.15625 0.9287109375 0.15625 0.9287109375 0.1416015625 0.931640625 0.138671875 0.9423828125 0.1376953125
0 0.037109375 0.486328125 0.0400390625 0.4912109375 0.0400390625 0.49609375 0.037109375 0.4990234375 0.0146484375 0.4990234375 0.0087890625 0.4951171875 0.0087890625 0.486328125 0.01171875 0.484375 0.0361328125 0.486328125
0 0.1953125 0.494140625 0.2099609375 0.4951171875 0.2119140625 0.4970703125 0.2119140625 0.5048828125 0.20703125 0.5087890625 0.1806640625 0.505859375 0.181640625 0.494140625 0.1943359375 0.494140625
0 0.056640625 0.662109375 0.0634765625 0.6650390625 0.060546875 0.67578125 0.0380859375 0.67578125 0.0341796875 0.6728515625 0.0361328125 0.662109375 0.0556640625 0.662109375
0 0.4443359375 0.5048828125 0.4697265625 0.5078125 0.4716796875 0.51953125 0.4677734375 0.521484375 0.439453125 0.5185546875 0.4375 0.5078125 0.443359375 0.5048828125
0 0.884765625 0.640625 0.88671875 0.6416015625 0.88671875 0.65234375 0.8837890625 0.6552734375 0.859375 0.654296875 0.8486328125 0.6513671875 0.849609375 0.640625 0.8515625 0.638671875 0.8837890625 0.640625
0 0.1884765625 0.3896484375 0.19921875 0.3916015625 0.1982421875 0.404296875 0.1708984375 0.404296875 0.16796875 0.4013671875 0.1689453125 0.390625 0.1875 0.3896484375
0 0.201171875 0.6748046875 0.2275390625 0.6748046875 0.2294921875 0.6767578125 0.2265625 0.6904296875 0.212890625 0.6904296875 0.19921875 0.6875 0.201171875 0.67578125
0 0.498046875 0.3984375 0.5234375 0.3994140625 0.5244140625 0.4130859375 0.5224609375 0.4150390625 0.490234375 0.4130859375 0.490234375 0.400390625 0.4970703125 0.3984375
0 0.4951171875 0.1484375 0.4970703125 0.150390625 0.4970703125 0.1650390625 0.486328125 0.1669921875 0.4599609375 0.166015625 0.4599609375 0.1513671875 0.462890625 0.1494140625 0.494140625 0.1484375
0 0.2001953125 0.591796875 0.216796875 0.5927734375 0.2177734375 0.603515625 0.2158203125 0.60546875 0.2021484375 0.60546875 0.1884765625 0.6025390625 0.1884765625 0.5927734375 0.19140625 0.5908203125 0.19921875 0.591796875
0 0.8486328125 0.8330078125 0.87109375 0.8349609375 0.873046875 0.8369140625 0.873046875 0.845703125 0.8701171875 0.8486328125 0.8388671875 0.8447265625 0.8369140625 0.841796875 0.837890625 0.8349609375 0.84765625 0.8330078125
0 0.7041015625 0.142578125 0.7099609375 0.1435546875 0.7119140625 0.146484375 0.7109375 0.1572265625 0.70703125 0.1611328125 0.671875 0.1611328125 0.6708984375 0.1591796875 0.6728515625 0.1435546875 0.703125 0.142578125
0 0.6787109375 0.4033203125 0.6962890625 0.404296875 0.697265625 0.4150390625 0.6953125 0.4189453125 0.6611328125 0.4189453125 0.6591796875 0.4150390625 0.6611328125 0.404296875 0.677734375 0.4033203125
0 0.8623046875 0.734375 0.888671875 0.7373046875 0.888671875 0.748046875 0.880859375 0.7509765625 0.8525390625 0.748046875 0.8525390625 0.736328125 0.8544921875 0.734375 0.861328125 0.734375
0 0.1630859375 0.2783203125 0.193359375 0.27734375 0.1953125 0.279296875 0.1962890625 0.2890625 0.193359375 0.2919921875 0.1669921875 0.2919921875 0.1640625 0.2900390625 0.1630859375 0.279296875
0 0.021484375 0.5791015625 0.0439453125 0.580078125 0.046875 0.5810546875 0.0478515625 0.5849609375 0.046875 0.5927734375 0.0224609375 0.5927734375 0.0205078125 0.5908203125 0.021484375 0.580078125
0 0.04296875 0.7470703125 0.0615234375 0.75 0.0615234375 0.7607421875 0.0361328125 0.7587890625 0.0341796875 0.7548828125 0.03515625 0.7490234375 0.0419921875 0.7470703125
0 0.9169921875 0.408203125 0.9345703125 0.4091796875 0.9375 0.4111328125 0.935546875 0.4248046875 0.9267578125 0.4267578125 0.90234375 0.42578125 0.896484375 0.4248046875 0.8935546875 0.421875 0.8974609375 0.4091796875 0.916015625 0.408203125
0 0.6875 0.625 0.6904296875 0.626953125 0.6904296875 0.63671875 0.6884765625 0.6396484375 0.658203125 0.638671875 0.65625 0.63671875 0.6572265625 0.6240234375 0.6865234375 0.625
0 0.181640625 0.1572265625 0.18359375 0.1591796875 0.18359375 0.169921875 0.1748046875 0.1728515625 0.1513671875 0.1728515625 0.150390625 0.1591796875 0.15625 0.1572265625 0.1806640625 0.1572265625
0 0.453125 0.6953125 0.4599609375 0.69921875 0.4599609375 0.7080078125 0.4580078125 0.7099609375 0.4296875 0.7060546875 0.4287109375 0.6982421875 0.4306640625 0.6943359375 0.4521484375 0.6953125
0 0.4765625 0.609375 0.4775390625 0.62109375 0.4755859375 0.623046875 0.44921875 0.6220703125 0.4453125 0.619140625 0.447265625 0.607421875 0.4755859375 0.609375
0 0 0.279296875 0.0107421875 0.2783203125 0.015625 0.283203125 0.0146484375 0.29296875 0 0.2939453125 0 0.2802734375
0 0.705078125 0.279296875 0.7060546875 0.2939453125 0.7041015625 0.2958984375 0.6689453125 0.2958984375 0.6669921875 0.2939453125 0.6689453125 0.2802734375 0.7041015625 0.279296875
0 0.72265625 0.720703125 0.7373046875 0.72265625 0.740234375 0.7275390625 0.7392578125 0.7314453125 0.7158203125 0.7294921875 0.70703125 0.7314453125 0.705078125 0.728515625 0.70703125 0.720703125 0.7216796875 0.720703125
0 0.67578125 0.517578125 0.693359375 0.51953125 0.6943359375 0.53125 0.6923828125 0.533203125 0.66015625 0.53125 0.658203125 0.529296875 0.6591796875 0.5185546875 0.6748046875 0.517578125
0 0.203125 0.7626953125 0.21875 0.765625 0.220703125 0.771484375 0.2197265625 0.7763671875 0.203125 0.77734375 0.1923828125 0.775390625 0.1904296875 0.7724609375 0.19140625 0.765625 0.193359375 0.763671875 0.2021484375 0.763671875
0 0.888671875 0.529296875 0.90625 0.5302734375 0.9072265625 0.5400390625 0.904296875 0.544921875 0.8681640625 0.5419921875 0.8671875 0.533203125 0.8701171875 0.5283203125 0.8876953125 0.529296875