1 0.1419094013671875 0.268529015625 0.1493710546875 0.3053280615234375 0.1557665810546875 0.326336794921875 0.15893190625 0.328542484375 0.160743462890625 0.3361999765625 0.1931849853515625 0.3366112431640625 0.197109205078125 0.3310696796875 0.1913465009765625 0.3281826171875 0.197017400390625 0.313701193359375 0.18615908203125 0.282811326171875 0.182942345703125 0.2643938505859375 0.1754488720703125 0.2561627001953125 0.166534306640625 0.251455513671875 0.152193646484375 0.253500451171875 0.1421811337890625 0.261570849609375 0.1419094013671875 0.268529015625
1 0.259150068359375 0.3389401435546875 0.2884128017578125 0.336760154296875 0.290428767578125 0.335531642578125 0.2902537314453125 0.3305192646484375 0.287995408203125 0.3248075625 0.27853614453125 0.2602835654296875 0.274248388671875 0.25541480859375 0.2674171123046875 0.2514069482421875 0.245351638671875 0.253335603515625 0.239763970703125 0.2554609169921875 0.2357858935546875 0.2594602119140625 0.2355680185546875 0.2679606484375 0.2491669306640625 0.3331121611328125 0.259150068359375 0.3389401435546875
1 0.242712654296875 0.3399001884765625 0.247584267578125 0.3320093154296875 0.233026943359375 0.254152029296875 0.21595426171875 0.251659919921875 0.2041436572265625 0.2524583916015625 0.195972076171875 0.254287900390625 0.189978033203125 0.25951570703125 0.189814015625 0.2695584130859375 0.199493599609375 0.3109124580078125 0.2029796220703125 0.337041283203125 0.2107852216796875 0.33947096875 0.242712654296875 0.3399001884765625
1 0.2799168427734375 0.2556028984375 0.28009187890625 0.2606152763671875 0.287901158203125 0.3221085908203125 0.2919710380859375 0.33547778515625 0.2946357373046875 0.3380869951171875 0.3013458359375 0.338624748046875 0.3182569462890625 0.3364900498046875 0.3290932275390625 0.3372697509765625 0.3326110712890625 0.3348306787109375 0.33346421484375 0.3297823974609375 0.329017333984375 0.305617314453125 0.326231455078125 0.2995379970703125 0.3216793056640625 0.2576188603515625 0.3121833291015625 0.2510017900390625 0.2819193447265625 0.2539888193359375 0.2799168427734375 0.2556028984375
1 0.3429332626953125 0.3356283330078125 0.354175919921875 0.33330554296875 0.373711337890625 0.3326233505859375 0.377729806640625 0.329780759765625 0.3781631103515625 0.3274494013671875 0.365134591796875 0.24915269140625 0.3358045380859375 0.24940484375 0.33069056640625 0.2503555029296875 0.3308252099609375 0.2542111767578125 0.326184935546875 0.253987181640625 0.3241958974609375 0.255986828125 0.3294641025390625 0.3036715244140625 0.3355609677734375 0.3308672900390625 0.3429332626953125 0.3356283330078125
1 0.368340310546875 0.2525150830078125 0.3687038466796875 0.262925404296875 0.38035411328125 0.331233267578125 0.38614374609375 0.33489146484375 0.416948748046875 0.3326576181640625 0.4209133603515625 0.3282727568359375 0.420590216796875 0.3190191376953125 0.413658564453125 0.2679181904296875 0.40898034375 0.2518679775390625 0.4073707529296875 0.2499939970703125 0.395412041015625 0.246551228515625 0.3867129052734375 0.2480131220703125 0.38564433203125 0.24689232421875 0.3753759970703125 0.2476369404296875 0.3702889560546875 0.249358734375 0.368340310546875 0.2525150830078125
1 0.458508013671875 0.255156921875 0.456047724609375 0.2436617080078125 0.44412940625 0.2413756416015625 0.436945611328125 0.24201254296875 0.433414302734375 0.2440660478515625 0.415962173828125 0.245447564453125 0.4124981875 0.2494289052734375 0.424092150390625 0.330864013671875 0.428840138671875 0.334172548828125 0.457561853515625 0.331239376953125 0.4635424326171875 0.32562600390625 0.458508013671875 0.255156921875
1 0.5062792177734375 0.3260637900390625 0.5070246474609374 0.31793096875 0.5012472451171875 0.240925193359375 0.49648579296875 0.2372310908203125 0.4845809384765625 0.235330591796875 0.46423276953125 0.242217767578125 0.4607553193359375 0.2458135419921875 0.4609817666015625 0.2670377041015625 0.4667481513671875 0.3289883955078125 0.4678301875 0.3304947607421875 0.502287677734375 0.3296775166015625 0.5062792177734375 0.3260637900390625
1 0.5133393876953125 0.3366262978515625 0.51927957421875 0.3298562216796875 0.5223775771484375 0.33013407421875 0.5240275615234375 0.3331647568359375 0.52597620703125 0.330008408203125 0.54755451953125 0.3288688388671875 0.5500307197265625 0.3260801044921875 0.547539822265625 0.2547501259765625 0.5449448896484375 0.23939923828125 0.54129240234375 0.237982634765625 0.519700625 0.23873663671875 0.5064150732421875 0.2415168046875 0.50442603515625 0.243516451171875 0.5082951845703125 0.3248352783203125 0.5133393876953125 0.3366262978515625
1 0.58248570703125 0.326876939453125 0.590603431640625 0.3235051611328125 0.59299884375 0.318403021484375 0.587735533203125 0.241379294921875 0.5762909111328125 0.23791857421875 0.5644668427734375 0.2383314794921875 0.5547395263671875 0.23982927734375 0.5501800390625 0.241918685546875 0.549246109375 0.2446535625 0.5525069189453125 0.3232913701171875 0.5568216025390625 0.3289312626953125 0.57267760546875 0.326061333984375 0.58248570703125 0.326876939453125
1 0.5992891025390625 0.3216577001953125 0.6065267548828125 0.322563068359375 0.63484209375 0.3227323876953125 0.63877977734375 0.317576392578125 0.6350856640625 0.2412699423828125 0.6256570078125 0.236580708984375 0.6169174794921874 0.2368858994140625 0.611870830078125 0.2397643955078125 0.5964212041015625 0.239531833984375 0.592876431640625 0.2411997705078125 0.592036751953125 0.2466336201171875 0.5935582197265625 0.2902027412109375 0.5971654208984375 0.3198016728515625 0.5992891025390625 0.3216577001953125
1 0.6385092568359375 0.2361318984375 0.6391445263671875 0.2395840537109375 0.637182416015625 0.2423548349609375 0.640389369140625 0.319450373046875 0.647234109375 0.3238437998046875 0.669800208984375 0.3215116240234375 0.6714232646484375 0.323771171875 0.6672138486328125 0.335885333984375 0.676494396484375 0.336333326171875 0.678523828125 0.335490380859375 0.6771051826171876 0.324344830078125 0.6820037236328125 0.317225091796875 0.6828434033203125 0.3117912421875 0.6825839013671875 0.24540183203125 0.6808531318359375 0.240057744140625 0.675523732421875 0.23483932421875 0.665702166015625 0.233638150390625 0.649900021484375 0.2380503505859375 0.6385092568359375 0.2361318984375
1 0.7280686201171875 0.2360927177734375 0.7247551865234375 0.2296457861328125 0.696994330078125 0.230615216796875 0.6914470556640625 0.233897232421875 0.6868067822265626 0.233673236328125 0.683870349609375 0.238022193359375 0.683840974609375 0.2519205732421875 0.6845472451171875 0.3163641953125 0.689849716796875 0.3208114794921875 0.7206816474609375 0.319348767578125 0.728177568359375 0.31291040234375 0.7280686201171875 0.2360927177734375
1 0.696341939453125 0.329849669921875 0.6931766142578125 0.32764398046875 0.687656267578125 0.331697130859375 0.6872633564453124 0.335185189453125 0.7022392861328125 0.3365924072265625 0.714523587890625 0.334619279296875 0.7174734833984375 0.330655890625 0.71425430078125 0.3269079306640625 0.7003738720703125 0.327392646484375 0.696341939453125 0.329849669921875
1 0.7524891142578125 0.2279052197265625 0.748957806640625 0.229958724609375 0.7314383564453125 0.229412404296875 0.7295007294921875 0.2476238369140625 0.7285080498046875 0.2781554736328125 0.7303551064453125 0.3163087001953125 0.7330063427734375 0.318532341796875 0.74330160546875 0.318558861328125 0.7420690146484376 0.32748076953125 0.7385511708984375 0.329919841796875 0.741242798828125 0.333300185546875 0.7700452998046875 0.33268041796875 0.77145292578125 0.32877088671875 0.769993888671875 0.3164686328125 0.775473841796875 0.3112587802734375 0.7738422138671875 0.279274634765625 0.7753514287109375 0.23405552734375 0.7663560791015624 0.2270349384765625 0.763311931640625 0.2282993544921875 0.7524891142578125 0.2279052197265625
1 0.806954505859375 0.3136337900390625 0.8151664814453125 0.3129609833984375 0.8181567705078125 0.310154296875 0.8235522568359375 0.2435674091796875 0.8220258974609375 0.2293373193359375 0.81459974609375 0.223034005859375 0.798270046875 0.2270785908203125 0.77667826953125 0.227832591796875 0.7758043232421875 0.2765038515625 0.7765154853515625 0.3116084423828125 0.77976159765625 0.316127537109375 0.8013803037109375 0.3161446708984375 0.806954505859375 0.3136337900390625
1 0.126670333984375 0.4659403681640625 0.1352972548828125 0.4918896689453125 0.13613448828125 0.5011253349609375 0.146680681640625 0.537816666015625 0.1482633447265625 0.5389195107421875 0.161129056640625 0.5388562685546875 0.18682008984375 0.537573080078125 0.189323216796875 0.5355554814453125 0.1897161279296875 0.5320674208984375 0.1742383388671875 0.4573305791015625 0.1718478173828125 0.4330936875 0.1619589306640625 0.4299646767578125 0.152150828125 0.4291490693359375 0.1254854736328125 0.4320104326171875 0.120925986328125 0.434099841796875 0.126670333984375 0.4659403681640625
1 0.23476998828125 0.5104201484375 0.2177230009765625 0.434966029296875 0.20216566015625 0.4316489267578125 0.1826706357421875 0.433487822265625 0.17903161328125 0.43245678515625 0.1754868408203125 0.43412472265625 0.174092677734375 0.4384198212890625 0.1745235361328125 0.45075798046875 0.1923538994140625 0.5339054970703125 0.1971018876953125 0.53721403125 0.2351176142578125 0.53511441796875 0.23476998828125 0.5104201484375
1 0.2803440634765625 0.5331490380859375 0.28337474609375 0.5314990537109375 0.2837676572265625 0.5280109951171875 0.2700389951171875 0.429664775390625 0.262814806640625 0.429144974609375 0.247486359375 0.43238251953125 0.22125430859375 0.432912525390625 0.2204550224609375 0.439503076171875 0.232473716796875 0.488882228515625 0.2386354580078125 0.532675345703125 0.242828962890625 0.5348451318359375 0.2803440634765625 0.5331490380859375
1 0.2756535908203125 0.4283105966796875 0.272649837890625 0.4307317158203125 0.2725127490234375 0.4415455576171875 0.2802547060546875 0.50111103515625 0.2859317314453125 0.5310237236328125 0.2875278583984375 0.53251213671875 0.3081318486328125 0.5329507431640625 0.3276268740234375 0.53111184765625 0.330116537109375 0.528708681640625 0.3315535380859375 0.5109007685546875 0.3261323349609375 0.488313861328125 0.32101223828125 0.44487040625 0.31690196484375 0.4303445107421875 0.3116533505859375 0.4274394951171875 0.308595740234375 0.4283183447265625 0.3018587138671875 0.4270094560546875 0.2813489736328125 0.429269822265625 0.2756535908203125 0.4283105966796875
1 0.330580427734375 0.4240762841796875 0.326981798828125 0.424201951171875 0.3234504912109375 0.4262554541015625 0.321555703125 0.43095407421875 0.32571494140625 0.4763612705078125 0.3331496650390625 0.512389181640625 0.3326735224609375 0.5282333515625 0.3352978291015625 0.529685859375 0.373894966796875 0.529496130859375 0.376398095703125 0.5274785322265625 0.3739916630859375 0.517525587890625 0.375684486328125 0.50704345703125 0.368230171875 0.4262358642578125 0.358949625 0.425787873046875 0.350304345703125 0.4287920361328125 0.344820548828125 0.42898353515625 0.340496244140625 0.4279764296875 0.3394007431640625 0.4260844970703125 0.3358290419921875 0.426981298828125 0.330580427734375 0.4240762841796875
1 0.382623478515625 0.514135857421875 0.38356842578125 0.5264560625 0.4227200458984375 0.527405083984375 0.4251558525390625 0.5234596474609375 0.425483888671875 0.503374234375 0.420727328125 0.4703411015625 0.419973326171875 0.44874932421875 0.4150931416015625 0.426915599609375 0.4083291865234375 0.424835576171875 0.4032286796875 0.4261718017578125 0.3995896572265625 0.4251407666015625 0.3728569814453125 0.4260742919921875 0.3703673173828125 0.4284774599609375 0.37709211328125 0.5031339248046875 0.382623478515625 0.514135857421875
1 0.4710310361328125 0.5253319892578125 0.4730335380859375 0.52371791015625 0.4711008037109375 0.5125903115234375 0.4721583583984375 0.4986560263671875 0.4687714775390625 0.445887142578125 0.4653931689453125 0.422842857421875 0.4591836962890625 0.421901583984375 0.446412234375 0.424663798828125 0.432518341796875 0.424762947265625 0.42214229296875 0.4224230224609375 0.4191520029296875 0.4252297109375 0.4293358935546875 0.525243865234375 0.4468822734375 0.5265613203125 0.4710310361328125 0.5253319892578125
1 0.51729912890625 0.5237162724609375 0.520790044921875 0.5205060654296875 0.5223237421875 0.490727609375 0.520328578125 0.448333142578125 0.5164092509765625 0.42453567578125 0.512662513671875 0.4204201005859375 0.497280208984375 0.4221153759765625 0.47099430078125 0.421103111328125 0.4689783349609375 0.422331623046875 0.4739833779296875 0.5066990849609375 0.47660523828125 0.5228211083984375 0.4915811689453125 0.5242283251953125 0.51729912890625 0.5237162724609375
1 0.5722394306640625 0.5198675263671875 0.5728367529296875 0.507493462890625 0.5655195263671875 0.4158720302734375 0.5609196455078125 0.416804736328125 0.5572536953125 0.4150025654296875 0.5439816064453125 0.41816830078125 0.5208744892578125 0.419747294921875 0.5193726123046875 0.420957853515625 0.527513607421875 0.5214293857421874 0.5301379130859375 0.5228818935546875 0.5687081220703125 0.5219210302734375 0.5722394306640625 0.5198675263671875
1 0.57199951953125 0.4982577958984375 0.5752970419921875 0.5189886767578125 0.5779348134765625 0.520826751953125 0.6165050224609375 0.5198658876953125 0.620036330078125 0.517812384765625 0.62225670703125 0.507697869140625 0.6194328818359375 0.4857923330078125 0.617036234375 0.4171613271484375 0.613830515625 0.413798935546875 0.6102049580078125 0.413153466796875 0.596946333984375 0.41670476953125 0.585122265625 0.4171176748046875 0.582998583984375 0.4152616474609375 0.5716751416015625 0.415271033203125 0.568644458984375 0.416921017578125 0.57199951953125 0.4982577958984375
1 0.62670603515625 0.517193435546875 0.66531663671875 0.5173892744140625 0.667456228515625 0.5049613525390625 0.667126958984375 0.4513136201171875 0.6656434384765625 0.423570716796875 0.6626825244140625 0.4124790234375 0.6455963779296875 0.409601345703125 0.6292666787109376 0.4136459306640625 0.61795669921875 0.4140408837890625 0.6215027060546875 0.486106091796875 0.6229348154296875 0.4976372099609375 0.62733028515625 0.5055905068359375 0.62670603515625 0.517193435546875
1 0.715728037109375 0.413328896484375 0.7114806748046875 0.4096168408203125 0.7068000078125 0.408236142578125 0.667796494140625 0.41152836328125 0.66580745703125 0.4135280107421875 0.66822490625 0.4385360380859375 0.668374248046875 0.516510423828125 0.7110841044921875 0.516177076171875 0.715048716796875 0.51179221484375 0.71690555859375 0.4912673779296875 0.715728037109375 0.413328896484375
1 0.7135774267578125 0.410701734375 0.71640369921875 0.4179377529296875 0.7159447001953125 0.4932311201171875 0.718270345703125 0.5008706591796875 0.7158210751953125 0.504430529296875 0.716698701171875 0.5148228974609375 0.7367886015625 0.515279455078125 0.7578393603515625 0.513772271484375 0.7613302744140625 0.510562064453125 0.760398791015625 0.4986274267578125 0.7632164912109375 0.47613884765625 0.76420059765625 0.415882611328125 0.7597916630859375 0.4075437470703125 0.7555846943359374 0.40498839453125 0.739674833984375 0.4063160537109375 0.7289866611328125 0.40977759375 0.7135774267578125 0.410701734375
1 0.7657673505859375 0.431269404296875 0.7628456162109375 0.5097370732421875 0.7655372451171875 0.51311741796875 0.8077195478515625 0.512416455078125 0.81065598046875 0.508067498046875 0.810282345703125 0.497368001953125 0.814937609375 0.4685421416015625 0.8133708564453125 0.4531553486328125 0.8166218603515625 0.4283354130859375 0.8143390537109375 0.407183060546875 0.8105519228515625 0.4019107822265625 0.7654331884765625 0.4069607021484375 0.7639447763671875 0.408556830078125 0.7655947607421875 0.41158751171875 0.7657673505859375 0.431269404296875
1 0.8352955615234375 0.402976904296875 0.818088236328125 0.3966291201171875 0.8145030712890625 0.3971403544921875 0.8125274970703125 0.399525568359375 0.8178275224609375 0.418642369140625 0.81725468359375 0.4464570830078125 0.815373359375 0.4515412685546875 0.8130673037109375 0.4886814111328125 0.814784609375 0.4936399306640625 0.8129436787109375 0.4998808193359375 0.8138213046875 0.5102731884765624 0.8143757880859375 0.5114119384765625 0.8313676845703125 0.5115906435546875 0.8508761728515625 0.51013731640625 0.85692407421875 0.50645178125 0.8596854697265625 0.497090447265625 0.864588904296875 0.4606316787109375 0.8684396748046875 0.4087681630859375 0.8625423291015625 0.40202542578125 0.8352955615234375 0.402976904296875
1 0.150598796875 0.6500167939453125 0.150910921875 0.6442153291015625 0.148800705078125 0.642744869140625 0.1415765166015625 0.642225068359375 0.1283044287109375 0.6453908037109375 0.11745468359375 0.6442255341796875 0.11340928515625 0.6462969912109375 0.1066722587890625 0.6449881025390625 0.0995961787109375 0.64870954296875 0.10079694921875 0.6683555302734375 0.10959890625 0.6993172080078125 0.1194804560546875 0.746454765625 0.121076583984375 0.747943177734375 0.1298565048828125 0.748794689453125 0.1664242119140625 0.7494479052734375 0.170429216796875 0.74621974609375 0.1667118544921875 0.728205791015625 0.17020276953125 0.724995583984375 0.164076529296875 0.71169819921875 0.161414275390625 0.694419474609375 0.16270072265625 0.6870398359375 0.155153392578125 0.677266416015625 0.152787353515625 0.668470173828125 0.154141123046875 0.663018373046875 0.150598796875 0.6500167939453125
1 0.1818101748046875 0.6446804541015625 0.1560114287109375 0.642879103515625 0.1500443134765625 0.6488780439453125 0.149705259765625 0.653908373046875 0.1584533603515625 0.6833277802734375 0.1709298427734375 0.7458162265625 0.1756643662109375 0.7487391943359375 0.1970235791015625 0.7472212392578125 0.218347294921875 0.7476347109375 0.221851673828125 0.744810072265625 0.2217843525390625 0.742882234375 0.2177144716796875 0.7295130400390625 0.21167391015625 0.6891900302734375 0.2044007578125 0.6577889287109375 0.2022501474609375 0.6551617666015624 0.2023603076171875 0.6435767900390625 0.1971386220703125 0.64144291015625 0.18632926953125 0.6414343427734375 0.1818101748046875 0.6446804541015625
1 0.22126045703125 0.6394424443359376 0.2187303994140625 0.640688908203125 0.2145638232421875 0.6392902578125 0.207420421875 0.641083861328125 0.2034019521484375 0.643926453125 0.20860528125 0.675013796875 0.2156899326171875 0.701016955078125 0.21749904296875 0.7233439619140625 0.22192144140625 0.73206839453125 0.223934962890625 0.7455093974609375 0.22500353515625 0.7466301943359375 0.2697832158203125 0.7466106044921875 0.2727196484375 0.7422616474609375 0.26901575 0.724633259765625 0.2687893037109375 0.70340909765625 0.2606519892578125 0.6620011943359375 0.2562026611328125 0.6525056279296875 0.2568673046875 0.6420594013671875 0.2526737998046875 0.6398896171875 0.229593609375 0.6422397451171875 0.22126045703125 0.6394424443359376
1 0.2664465126953125 0.636320361328125 0.2613594716796875 0.63804215625 0.258382646484375 0.64123441015625 0.269758240234375 0.7016766962890625 0.27426191796875 0.7422077900390625 0.276913154296875 0.74443143359375 0.322139603515625 0.7424660537109375 0.3241286416015625 0.74046640625 0.3225618896484375 0.72507961328125 0.3238483369140625 0.717699974609375 0.319307205078125 0.690835919921875 0.314817486328125 0.680183650390625 0.310195568359375 0.65100619140625 0.3103057294921875 0.6394212158203125 0.3061122236328125 0.6372514296875 0.2901619716796875 0.6374223876953125 0.2856698046875 0.6414396337890625 0.28309935546875 0.641529396484375 0.2664465126953125 0.636320361328125
1 0.3214137431640625 0.6332427509765625 0.3118076064453125 0.6382106552734375 0.3128737333984375 0.65400096875 0.3266476806640625 0.724164859375 0.327199716796875 0.7399731240234375 0.3293099345703125 0.741443583984375 0.37146530859375 0.739971486328125 0.3739280439453125 0.7367971845703125 0.372469005859375 0.7244949306640625 0.3736342744140625 0.713645185546875 0.371378396484375 0.6932639677734375 0.3678629990234375 0.6810335244140625 0.3636633681640625 0.634469625 0.3615396865234375 0.6326135966796875 0.356398787109375 0.63279312109375 0.3422062333984375 0.63907930078125 0.329138556640625 0.63335903125 0.3214137431640625 0.6332427509765625
1 0.379018744140625 0.63200321484375 0.3773956884765625 0.62974366796875 0.3764482939453125 0.6320929765625 0.3713747158203125 0.6342003388671875 0.367235068359375 0.633572822265625 0.3643121005859375 0.6383073466796875 0.3729047568359375 0.70749405859375 0.3790824072265625 0.7370032275390626 0.3832759130859375 0.739173013671875 0.4228877666015625 0.7385618125 0.4258915205078125 0.736140693359375 0.426270966796875 0.7322670654296874 0.42489271484375 0.722278216796875 0.4268682890625 0.7198930029296875 0.4262489306640625 0.702156900390625 0.4190320810546875 0.657628552734375 0.41800879296875 0.6283254267578126 0.4143293779296875 0.6261376884765625 0.40879556640625 0.6298052724609375 0.404642455078125 0.628792189453125 0.388813380859375 0.6324332548828125 0.379018744140625 0.63200321484375
1 0.47061734375 0.7345788330078125 0.4783690859375 0.7354662490234375 0.4798574990234375 0.7338701220703125 0.4777950126953125 0.6895478173828125 0.4721094150390625 0.6299105302734375 0.4674422119140625 0.6289153994140625 0.4412774833984375 0.6313732421875 0.42266253125 0.6289349892578125 0.4207677431640625 0.633633609375 0.4259527158203125 0.6936744169921875 0.4330349208984375 0.73434708984375 0.439798876953125 0.7364271123046875 0.47061734375 0.7345788330078125
1 0.5239517119140625 0.625783931640625 0.511748197265625 0.6300704638671875 0.483013017578125 0.632618068359375 0.478265029296875 0.6293095341796875 0.47532859765625 0.633658490234375 0.4808342666015625 0.717622431640625 0.485525951171875 0.734058212890625 0.495347517578125 0.73525938671875 0.530278705078125 0.7332674873046875 0.53069241796875 0.68615644921875 0.5239517119140625 0.625783931640625
1 0.579631337890625 0.7315440556640626 0.5826216279296875 0.728737369140625 0.58458618359375 0.7112970712890625 0.5770241533203125 0.627404939453125 0.5584361298828125 0.6257378212890625 0.5399962138671875 0.6283119462890625 0.5359642802734375 0.6307689697265625 0.5301746484375 0.6271107724609375 0.5276715205078125 0.62912837109375 0.527505056640625 0.6538405927734375 0.5337696201171875 0.7300572802734375 0.537475962890625 0.7330161533203124 0.579631337890625 0.7315440556640626
1 0.629474791015625 0.6259593603515625 0.6273241806640625 0.6233321982421876 0.6144180751953126 0.62223873828125 0.598494751953125 0.6231808310546875 0.5959781591796875 0.62481286328125 0.5846412529296875 0.6244366806640625 0.580582390625 0.6261225703125 0.585733095703125 0.7294007890625 0.6310268662109375 0.72936324609375 0.63350306640625 0.72657451171875 0.63468424609375 0.701440818359375 0.629474791015625 0.6259593603515625
1 0.6360894267578125 0.7122008017578125 0.638008697265625 0.722942833984375 0.6417419697265625 0.7266728408203125 0.650333390625 0.722126408203125 0.655649326171875 0.726959259765625 0.6603299921875 0.7283399580078125 0.680419892578125 0.728796517578125 0.68441143359375 0.7251827900390625 0.686270720703125 0.6899884384765625 0.6830343935546875 0.62679128125 0.66700335546875 0.624648833984375 0.65780359375 0.6265142470703124 0.645371185546875 0.6242461337890625 0.637686765625 0.6252865537109376 0.6331676708984375 0.6285326650390625 0.6360894267578125 0.7122008017578125
1 0.724631626953125 0.727252609375 0.7338583173828125 0.7261583310546875 0.735833890625 0.7237731162109375 0.738072625 0.68470513671875 0.738785 0.6314070673828125 0.73539078125 0.62264673046875 0.730723578125 0.621651599609375 0.7123644482421875 0.62653912890625 0.693709103515625 0.622944173828125 0.686579166015625 0.6251233447265625 0.685801916015625 0.6618240625 0.6880369921875 0.7258282578125 0.6896196552734375 0.726931103515625 0.724631626953125 0.727252609375
1 0.7393186806640625 0.6761687958984375 0.7367164091796875 0.7048264541015625 0.738485126953125 0.7259967587890624 0.7641761591796875 0.7247135703125 0.785307703125 0.725519791015625 0.7878242958984375 0.7238877587890625 0.7874607587890625 0.7134774384765625 0.7903298701171875 0.70720064453125 0.79227728125 0.630311150390625 0.7903580107421875 0.6195691201171875 0.7876798466796875 0.616574341796875 0.7825120185546875 0.61598273046875 0.7662361767578125 0.6215695849609375 0.7420200927734375 0.6208710791015625 0.7385695712890625 0.62523798828125 0.7393186806640625 0.6761687958984375
1 0.8114895556640624 0.6203753408203125 0.8068762099609375 0.6209224794921875 0.8047525283203125 0.6190664521484375 0.800693666015625 0.6207523408203125 0.7970277158203125 0.6189501708984375 0.7935637294921875 0.62293151171875 0.7923421572265625 0.6469085029296875 0.792988443359375 0.665415740234375 0.790141369140625 0.7018027001953125 0.7914363896484375 0.72414766015625 0.7940606962890625 0.72560016796875 0.838258966796875 0.7236706923828125 0.8417229521484375 0.7196893515625 0.841265166015625 0.7065800576171875 0.84485277734375 0.69139930859375 0.846601904296875 0.667789931640625 0.8489483525390625 0.6318064921875 0.8458662587890625 0.61724469140625 0.8416592890625 0.614689337890625 0.8354902099609375 0.614904767578125 0.819295154296875 0.6228050263671875 0.815696525390625 0.622930693359375 0.8114895556640624 0.6203753408203125
1 0.888008169921875 0.615387025390625 0.8768732265625 0.62079435546875 0.87067721875 0.6202386494140625 0.8679990546875 0.6172438720703125 0.863399173828125 0.6181765791015625 0.8602473125 0.6163564560546875 0.8530365888671875 0.61622222265625 0.849045048828125 0.6198359482421875 0.8498125146484375 0.6418132939453125 0.844268919921875 0.7041589384765625 0.84482095703125 0.7199672041015625 0.8459299228515625 0.7222447041015625 0.8495689453125 0.7232757392578125 0.8845001318359375 0.7212838408203125 0.8900339423828125 0.7176162568359375 0.8906985859375 0.70717003125 0.895597126953125 0.70005029296875 0.897370736328125 0.69188156640625 0.8999326142578125 0.6620672060546875 0.9028286533203125 0.656561546875 0.904620619140625 0.619439357421875 0.9024026875 0.614884357421875 0.897695091796875 0.612732525390625 0.888008169921875 0.615387025390625
0 0.4521484375 0.0615234375 0.501953125 0.0615234375 0.5107421875 0.0625 0.5126953125 0.0673828125 0.5146484375 0.1611328125 0.466796875 0.1650390625 0.4384765625 0.1640625 0.435546875 0.16015625 0.4296875 0.0673828125 0.4326171875 0.0625 0.451171875 0.0615234375