1 0.0313786005859375 0 0.0488683125 0.0891203701171875 0.054012345703125 0.1060956787109375 0.057098765625 0.110339505859375 0.0884773662109375 0.1126543212890625 0.115226337890625 0.1091820986328125 0.1337448564453125 0.1099537041015625 0.144032921875 0.108410494140625 0.144032921875 0.0952932099609375 0.1404320986328125 0.0752314814453125 0.133230453125 0.051311728515625 0.130144033203125 0.0069444443359375 0.126028806640625 0 0.0313786005859375 0
1 0.1316872431640625 0 0.1455761318359375 0.0952932099609375 0.1481481484375 0.10532407421875 0.153806583984375 0.1114969140625 0.20318930078125 0.110339505859375 0.22890946484375 0.10802469140625 0.2366255146484375 0.10532407421875 0.2376543212890625 0.0925925927734375 0.2345679013671875 0.0783179013671875 0.2350823046875 0.0605709873046875 0.2273662548828125 0 0.1316872431640625 0
1 0 0 0 0.1118827158203125 0.015946501953125 0.11419753125 0.0488683125 0.113040123046875 0.05092592578125 0.11072530859375 0.0365226337890625 0.0320216044921875 0.03189300390625 0.0189043212890625 0.029835390625 0.0046296298828125 0.0267489716796875 0 0 0
1 0.231995884765625 0 0.240226337890625 0.099537037109375 0.2422839501953125 0.1060956787109375 0.2577160498046875 0.105709876953125 0.2834362138671875 0.0979938271484375 0.2937242802734375 0.099537037109375 0.3034979423828125 0.1060956787109375 0.3353909462890625 0.1041666669921875 0.33693415625 0.0779320986328125 0.3323045263671875 0.050540123046875 0.3333333330078125 0.0304783955078125 0.3312757197265625 0 0.231995884765625 0
1 0.335905349609375 0 0.33487654296875 0.00347222265625 0.3364197529296875 0.0586419755859375 0.3405349794921875 0.073688271484375 0.3415637861328125 0.1030092587890625 0.34722222265625 0.105709876953125 0.366769546875 0.1060956787109375 0.4362139921875 0.102237654296875 0.439814814453125 0.096836419921875 0.4367283955078125 0 0.335905349609375 0
1 0.443930041015625 0 0.439814814453125 0.0131172841796875 0.4387860078125 0.0327932099609375 0.441872427734375 0.0979938271484375 0.4434156376953125 0.1006944443359375 0.44495884765625 0.102237654296875 0.4675925927734375 0.10262345703125 0.4814814814453125 0.102237654296875 0.4876543212890625 0.09992283984375 0.5015432099609375 0.1014660498046875 0.5185185185546874 0.09992283984375 0.5185185185546874 0.028935185546875 0.51697530859375 0.026234568359375 0.5185185185546874 0.008487654296875 0.513888888671875 0 0.443930041015625 0
1 0.526234568359375 0 0.52520576171875 0.00617283984375 0.522119341796875 0.0092592587890625 0.5216049384765625 0.026234568359375 0.524176955078125 0.034336419921875 0.522119341796875 0.0814043212890625 0.5226337451171875 0.0956790126953125 0.5246913583984375 0.1006944443359375 0.5257201650390625 0.1018518515625 0.532921810546875 0.1006944443359375 0.537037037109375 0.0983796298828125 0.543209876953125 0.1003086416015625 0.598765431640625 0.09992283984375 0.6018518515625 0.088348765625 0.602880658203125 0.057484568359375 0.6023662548828125 0.008487654296875 0.6003086416015625 0 0.526234568359375 0
1 0.609053498046875 0 0.6054526748046875 0.008487654296875 0.604938271484375 0.017361111328125 0.6044238681640625 0.0922067900390625 0.605967078125 0.098765431640625 0.6306584365234374 0.0979938271484375 0.6342592587890625 0.099537037109375 0.643004115234375 0.096836419921875 0.6466049384765625 0.098765431640625 0.6589506171875 0.098765431640625 0.6826131689453125 0.0964506171875 0.6856995888671875 0.0918209873046875 0.687242798828125 0 0.609053498046875 0
1 0.691872427734375 0 0.6882716044921875 0.0447530859375 0.6882716044921875 0.0929783955078125 0.69084362109375 0.09722222265625 0.69495884765625 0.098765431640625 0.7206790126953125 0.099537037109375 0.7633744853515625 0.0979938271484375 0.7685185185546874 0.096064814453125 0.7746913583984375 0 0.691872427734375 0
1 0.7767489716796875 0 0.7716049384765625 0.0617283955078125 0.7705761318359375 0.0952932099609375 0.7726337451171875 0.0979938271484375 0.8297325107421875 0.0976080244140625 0.8446502060546875 0.096064814453125 0.867798353515625 0.096836419921875 0.8724279833984375 0.0952932099609375 0.8744855966796875 0.09027777734375 0.8775720166015625 0.050540123046875 0.87705761328125 0.034336419921875 0.880144033203125 0.0297067900390625 0.882201646484375 0.0096450615234375 0.88117283984375 0 0.7767489716796875 0
1 0.8894032919921875 0 0.88580246875 0.008487654296875 0.8816872431640626 0.04205246875 0.8827160498046875 0.062885802734375 0.8796296298828125 0.0698302470703125 0.8796296298828125 0.0868055556640625 0.8806584365234374 0.091435185546875 0.8837448564453125 0.0945216044921875 0.897119341796875 0.096064814453125 0.94084362109375 0.094135802734375 0.954218107421875 0.0952932099609375 0.9886831279296875 0.0925925927734375 0.9922839501953125 0.0891203701171875 0.9994855966796875 0.0381944443359375 0.9994855966796875 0 0.8894032919921875 0
1 0.9994855966796875 0.3221450615234375 0.9994855966796875 0.1655092587890625 0.9953703701171875 0.1643518515625 0.979938271484375 0.1635802470703125 0.9727366259765625 0.16512345703125 0.971193416015625 0.167438271484375 0.9475308642578125 0.3152006171875 0.9465020576171875 0.3248456787109375 0.952160494140625 0.3279320986328125 0.9794238681640625 0.327160494140625 0.9994855966796875 0.3221450615234375
1 0.943930041015625 0.324459876953125 0.9495884775390625 0.2797067900390625 0.9686213994140624 0.1697530859375 0.9675925927734375 0.164737654296875 0.9562757197265624 0.1639660498046875 0.94907407421875 0.1608796298828125 0.9356995888671875 0.1639660498046875 0.931069958984375 0.16242283984375 0.9284979423828125 0.1570216044921875 0.924897119140625 0.1577932099609375 0.926954732421875 0.1601080244140625 0.92592592578125 0.162037037109375 0.9135802470703125 0.16512345703125 0.8899176953125 0.1639660498046875 0.86882716015625 0.1655092587890625 0.8647119345703125 0.1809413583984375 0.848765431640625 0.289737654296875 0.84722222265625 0.3221450615234375 0.848765431640625 0.3275462958984375 0.9362139921875 0.32677469140625 0.943930041015625 0.324459876953125
1 0.8384773662109375 0.3275462958984375 0.8436213994140624 0.3252314814453125 0.84722222265625 0.286265431640625 0.856995884765625 0.22955246875 0.86419753125 0.1720679013671875 0.86419753125 0.16782407421875 0.8616255146484375 0.16512345703125 0.837962962890625 0.15972222265625 0.835905349609375 0.1628086416015625 0.8276748974609375 0.16242283984375 0.82407407421875 0.1604938271484375 0.8220164609375 0.1628086416015625 0.8117283955078125 0.1655092587890625 0.807098765625 0.1643518515625 0.772119341796875 0.16512345703125 0.7649176953125 0.16705246875 0.7505144033203125 0.27507716015625 0.751028806640625 0.2974537041015625 0.74794238671875 0.3140432099609375 0.7515432099609375 0.3275462958984375 0.8384773662109375 0.3275462958984375
1 0.674897119140625 0.3279320986328125 0.681069958984375 0.3287037041015625 0.7345679013671875 0.3279320986328125 0.741769546875 0.3152006171875 0.741769546875 0.30632716015625 0.74382716015625 0.30362654296875 0.74794238671875 0.28125 0.7592592587890625 0.1439043212890625 0.7566872431640626 0.142361111328125 0.7335390947265625 0.1435185185546875 0.6995884775390625 0.1404320986328125 0.6862139921875 0.14197530859375 0.6815843623046876 0.1439043212890625 0.6779835390625 0.153935185546875 0.6795267490234375 0.158564814453125 0.6774691357421875 0.1608796298828125 0.672839505859375 0.2650462958984375 0.668209876953125 0.2966820986328125 0.6702674892578125 0.3248456787109375 0.674897119140625 0.3279320986328125
1 0.6275720166015625 0.3275462958984375 0.66306584375 0.3279320986328125 0.66512345703125 0.3248456787109375 0.672839505859375 0.19367283984375 0.6723251025390625 0.1747685185546875 0.6646090537109375 0.1635802470703125 0.6532921806640625 0.1631944443359375 0.6507201650390625 0.1577932099609375 0.64609053515625 0.156635802734375 0.6224279833984375 0.155864197265625 0.611111111328125 0.1643518515625 0.604938271484375 0.1643518515625 0.5982510283203125 0.16705246875 0.594135802734375 0.176311728515625 0.5936213994140624 0.2195216044921875 0.5915637861328125 0.2364969140625 0.5895061728515625 0.3132716044921875 0.5915637861328125 0.3260030859375 0.6064814814453126 0.3248456787109375 0.6275720166015625 0.3275462958984375
1 0.583847736328125 0.3279320986328125 0.5864197529296875 0.3252314814453125 0.5884773662109375 0.3032407412109375 0.592078189453125 0.17052469140625 0.5884773662109375 0.1662808642578125 0.577160494140625 0.1643518515625 0.567901234375 0.159336419921875 0.5396090537109375 0.1601080244140625 0.5365226337890625 0.1635802470703125 0.519032921875 0.1685956787109375 0.513888888671875 0.1778549384765625 0.5149176953125 0.312114197265625 0.51697530859375 0.323688271484375 0.5185185185546874 0.3256172841796875 0.583847736328125 0.3279320986328125
1 0.445987654296875 0.3275462958984375 0.470164609375 0.3275462958984375 0.4773662548828125 0.32407407421875 0.490226337890625 0.3279320986328125 0.511831275390625 0.327160494140625 0.513888888671875 0.324459876953125 0.51286008203125 0.28472222265625 0.5144032919921875 0.2797067900390625 0.511831275390625 0.14737654296875 0.50617283984375 0.1462191357421875 0.4454732509765625 0.1462191357421875 0.4393004111328125 0.14737654296875 0.437242798828125 0.15277777734375 0.4367283955078125 0.1778549384765625 0.44084362109375 0.2280092587890625 0.44495884765625 0.3260030859375 0.445987654296875 0.3275462958984375
1 0.3446502060546875 0.2280092587890625 0.3492798349609375 0.289737654296875 0.356995884765625 0.297839505859375 0.35390946484375 0.3001543212890625 0.354938271484375 0.304012345703125 0.3523662548828125 0.306712962890625 0.354938271484375 0.3248456787109375 0.37294238671875 0.3275462958984375 0.3904320986328125 0.324459876953125 0.3986625517578125 0.320987654296875 0.403806583984375 0.32677469140625 0.4146090537109375 0.3279320986328125 0.4393004111328125 0.327160494140625 0.4423868310546875 0.3221450615234375 0.44084362109375 0.278935185546875 0.4362139921875 0.1890432099609375 0.4336419755859375 0.1747685185546875 0.4264403291015625 0.170910494140625 0.41100823046875 0.17322530859375 0.4043209873046875 0.1720679013671875 0.3482510283203125 0.1724537041015625 0.344135802734375 0.1739969140625 0.3415637861328125 0.1774691357421875 0.34310699609375 0.1894290126953125 0.3410493828125 0.1952160498046875 0.342078189453125 0.2160493828125 0.3446502060546875 0.2280092587890625
1 0.26286008203125 0.309413580078125 0.265946501953125 0.3217592587890625 0.2649176953125 0.324459876953125 0.272119341796875 0.326388888671875 0.3415637861328125 0.327160494140625 0.348765431640625 0.3260030859375 0.348765431640625 0.2966820986328125 0.3384773662109375 0.1747685185546875 0.33487654296875 0.1724537041015625 0.3276748974609375 0.1712962958984375 0.314814814453125 0.172839505859375 0.28600823046875 0.1720679013671875 0.2515432099609375 0.173611111328125 0.24382716015625 0.176311728515625 0.2577160498046875 0.289737654296875 0.261831275390625 0.2912808642578125 0.263888888671875 0.295910494140625 0.26286008203125 0.309413580078125
1 0.1743827158203125 0.326388888671875 0.24794238671875 0.3283179013671875 0.2592592587890625 0.3190586416015625 0.259773662109375 0.3144290126953125 0.2474279833984375 0.2094907412109375 0.241769546875 0.1805555556640625 0.2350823046875 0.1739969140625 0.223765431640625 0.172839505859375 0.1733539091796875 0.172839505859375 0.1507201650390625 0.176311728515625 0.1486625517578125 0.1782407412109375 0.1574074072265625 0.2527006171875 0.1635802470703125 0.27777777734375 0.1697530859375 0.324459876953125 0.1743827158203125 0.326388888671875
1 0.083847736328125 0.30362654296875 0.08899176953125 0.317901234375 0.098765431640625 0.324459876953125 0.1157407412109375 0.32677469140625 0.1646090537109375 0.326388888671875 0.1666666669921875 0.324459876953125 0.16512345703125 0.3032407412109375 0.1507201650390625 0.2094907412109375 0.1435185185546875 0.17862654296875 0.136831275390625 0.17592592578125 0.1296296298828125 0.175540123046875 0.1095679013671875 0.1770833330078125 0.070987654296875 0.1770833330078125 0.0586419755859375 0.1793981484375 0.0663580244140625 0.2121913583984375 0.0725308642578125 0.2577160498046875 0.0812757197265625 0.2824074072265625 0.083847736328125 0.30362654296875
1 0 0.3136574072265625 0.0087448564453125 0.3225308642578125 0.0154320986328125 0.3248456787109375 0.08487654296875 0.324459876953125 0.08693415625 0.3206018515625 0.0828189296875 0.3097993828125 0.067901234375 0.2322530859375 0.062757201171875 0.2175925927734375 0.0606995888671875 0.1956018515625 0.0555555556640625 0.1797839501953125 0.0437242802734375 0.17592592578125 0.0267489716796875 0.1782407412109375 0.0036008232421875 0.1778549384765625 0 0.1782407412109375 0 0.3136574072265625
1 0.022119341796875 0.4301697529296875 0.0257201650390625 0.4347993828125 0.0257201650390625 0.4467592587890625 0.028806583984375 0.4533179013671875 0.028806583984375 0.46257716015625 0.0421810703125 0.5077160498046875 0.045781892578125 0.5096450615234375 0.05915637890625 0.5104166669921875 0.0766460908203125 0.5065586416015625 0.0812757197265625 0.50887345703125 0.092078189453125 0.508487654296875 0.0982510283203125 0.5100308642578125 0.116769546875 0.50887345703125 0.117798353515625 0.497685185546875 0.113168724609375 0.4699074072265625 0.111111111328125 0.4672067900390625 0.109053498046875 0.445987654296875 0.1033950615234375 0.42862654296875 0.0992798349609375 0.3935185185546875 0.0956790126953125 0.383487654296875 0.08487654296875 0.380401234375 0.073045267578125 0.380401234375 0.070987654296875 0.3788580244140625 0.0529835390625 0.3792438271484375 0.045781892578125 0.37847222265625 0.0447530859375 0.3765432099609375 0.04012345703125 0.375385802734375 0.030864197265625 0.375385802734375 0.0257201650390625 0.3765432099609375 0.0246913583984375 0.38117283984375 0.0149176953125 0.3877314814453125 0.0144032919921875 0.39467592578125 0.018004115234375 0.4070216044921875 0.0185185185546875 0.4185956787109375 0.022119341796875 0.4301697529296875
1 0.1095679013671875 0.4363425927734375 0.1136831279296875 0.468364197265625 0.125 0.508487654296875 0.1404320986328125 0.5123456787109375 0.1836419755859375 0.5123456787109375 0.19907407421875 0.5096450615234375 0.20318930078125 0.505015431640625 0.1985596708984375 0.4872685185546875 0.183127572265625 0.38580246875 0.1784979423828125 0.3823302470703125 0.1687242802734375 0.3842592587890625 0.155864197265625 0.3842592587890625 0.1496913583984375 0.3815586416015625 0.15020576171875 0.3796296298828125 0.1481481484375 0.37847222265625 0.1265432099609375 0.3796296298828125 0.1023662548828125 0.3846450615234375 0.1003086416015625 0.38657407421875 0.1003086416015625 0.3912037041015625 0.105967078125 0.4293981484375 0.1095679013671875 0.4363425927734375
1 0.2093621396484375 0.511959876953125 0.2227366259765625 0.5131172841796875 0.2813786005859375 0.511959876953125 0.287037037109375 0.5069444443359375 0.282921810546875 0.4733796298828125 0.280864197265625 0.4702932099609375 0.2834362138671875 0.45987654296875 0.2746913583984375 0.417438271484375 0.2726337451171875 0.38657407421875 0.270061728515625 0.383487654296875 0.269032921875 0.3761574072265625 0.2633744853515625 0.374614197265625 0.2541152265625 0.375 0.2350823046875 0.38387345703125 0.22479423828125 0.3823302470703125 0.198045267578125 0.3819444443359375 0.1882716044921875 0.3831018515625 0.1867283955078125 0.3850308642578125 0.1856995888671875 0.3904320986328125 0.1944444443359375 0.4402006171875 0.19907407421875 0.4814814814453125 0.2093621396484375 0.511959876953125
1 0.28806584375 0.4895833330078125 0.2896090537109375 0.508487654296875 0.2916666669921875 0.511959876953125 0.310185185546875 0.5123456787109375 0.327160494140625 0.5158179013671875 0.3662551435546875 0.514660494140625 0.36882716015625 0.5104166669921875 0.3585390947265625 0.38927469140625 0.3554526748046875 0.3730709873046875 0.3518518515625 0.37152777734375 0.3235596708984375 0.3846450615234375 0.3024691357421875 0.3831018515625 0.293209876953125 0.3796296298828125 0.2757201650390625 0.38657407421875 0.2782921806640625 0.4243827158203125 0.284979423828125 0.4648919755859375 0.284979423828125 0.4783950615234375 0.28806584375 0.4895833330078125
1 0.44907407421875 0.514660494140625 0.4526748974609375 0.511959876953125 0.4526748974609375 0.4907407412109375 0.4475308642578125 0.440586419921875 0.448045267578125 0.42052469140625 0.4434156376953125 0.38927469140625 0.4393004111328125 0.3796296298828125 0.435185185546875 0.375385802734375 0.4212962958984375 0.3761574072265625 0.407921810546875 0.380015431640625 0.4053497939453125 0.3846450615234375 0.390946501953125 0.386188271484375 0.386831275390625 0.383487654296875 0.3791152265625 0.3823302470703125 0.3693415634765625 0.38387345703125 0.363168724609375 0.38657407421875 0.3605967080078125 0.389660494140625 0.3647119345703125 0.46257716015625 0.371913580078125 0.5123456787109375 0.38117283984375 0.51427469140625 0.44907407421875 0.514660494140625
1 0.45987654296875 0.505015431640625 0.4665637861328125 0.5092592587890625 0.475823044921875 0.505015431640625 0.473765431640625 0.5027006171875 0.475823044921875 0.5007716044921875 0.4866255146484375 0.49652777734375 0.4994855966796875 0.500385802734375 0.5005144033203125 0.5123456787109375 0.5144032919921875 0.5123456787109375 0.5154320986328125 0.4845679013671875 0.5185185185546874 0.4668209873046875 0.5123456787109375 0.369212962890625 0.4943415634765625 0.3653549384765625 0.45987654296875 0.36612654296875 0.45318930078125 0.3672839501953125 0.4506172841796875 0.372685185546875 0.4506172841796875 0.42862654296875 0.4562757197265625 0.497685185546875 0.4624485595703125 0.5015432099609375 0.45987654296875 0.505015431640625
1 0.55915637890625 0.5158179013671875 0.5828189296875 0.517361111328125 0.58487654296875 0.5150462958984375 0.5874485595703125 0.4054783955078125 0.5853909462890625 0.3777006171875 0.57818930078125 0.3730709873046875 0.5462962958984375 0.372685185546875 0.54012345703125 0.374614197265625 0.524176955078125 0.375385802734375 0.52109053515625 0.3777006171875 0.51697530859375 0.39544753125 0.52109053515625 0.513888888671875 0.522119341796875 0.5154320986328125 0.528806583984375 0.5162037041015625 0.55915637890625 0.5158179013671875
1 0.651234568359375 0.520061728515625 0.65277777734375 0.5189043212890625 0.6563786005859376 0.4706790126953125 0.655864197265625 0.4301697529296875 0.6594650205078125 0.4158950615234375 0.6594650205078125 0.4050925927734375 0.655864197265625 0.3842592587890625 0.6507201650390625 0.37847222265625 0.6455761318359375 0.3777006171875 0.636831275390625 0.372685185546875 0.6013374482421875 0.3742283955078125 0.595164609375 0.3765432099609375 0.59310699609375 0.380401234375 0.5884773662109375 0.3958333330078125 0.5895061728515625 0.4106222998046875 0.5874485595703125 0.418209876953125 0.5864197529296875 0.473765431640625 0.585905349609375 0.511959876953125 0.5884773662109375 0.51697530859375 0.6044238681640625 0.519290123046875 0.651234568359375 0.520061728515625
1 0.723765431640625 0.519290123046875 0.7253086416015625 0.5092592587890625 0.72479423828125 0.4872685185546875 0.7273662548828125 0.4822530859375 0.7294238681640625 0.4675925927734375 0.730967078125 0.4247685185546875 0.7345679013671875 0.411265431640625 0.734053498046875 0.3939043212890625 0.73713991796875 0.3734567900390625 0.7345679013671875 0.3676697529296875 0.704144546875 0.3676697529296875 0.695987654296875 0.36612654296875 0.6676954736328125 0.3680555556640625 0.6656378603515625 0.369598765625 0.6594650205078125 0.46257716015625 0.6589506171875 0.5189043212890625 0.668209876953125 0.52237654296875 0.721193416015625 0.52237654296875 0.723765431640625 0.519290123046875
1 0.751028806640625 0.5216049384765625 0.808127572265625 0.51967592578125 0.8117283955078125 0.5158179013671875 0.812242798828125 0.5011574072265625 0.81584362109375 0.485339505859375 0.8266460908203125 0.400462962890625 0.8266460908203125 0.386959876953125 0.8173868310546875 0.380787037109375 0.8137860078125 0.3730709873046875 0.799897119140625 0.3722993828125 0.79012345703125 0.3819444443359375 0.7782921806640625 0.3823302470703125 0.7695473251953125 0.3854166669921875 0.761831275390625 0.3827160498046875 0.758230453125 0.38387345703125 0.7536008232421875 0.3819444443359375 0.7422839501953125 0.3823302470703125 0.7366255146484375 0.3935185185546875 0.7263374482421875 0.494598765625 0.7263374482421875 0.5185185185546874 0.7304526748046875 0.5212191357421875 0.751028806640625 0.5216049384765625
1 0.8204732509765625 0.52044753125 0.8585390947265625 0.5219907412109375 0.865226337890625 0.5235339501953125 0.901234568359375 0.5212191357421875 0.9032921806640625 0.519290123046875 0.9233539091796875 0.391589505859375 0.9223251025390625 0.386188271484375 0.912037037109375 0.3823302470703125 0.9074074072265625 0.3703703701171875 0.899176955078125 0.369598765625 0.8924897119140625 0.375385802734375 0.886831275390625 0.371913580078125 0.8842592587890625 0.3788580244140625 0.869855966796875 0.3831018515625 0.86213991796875 0.383487654296875 0.8482510283203125 0.38117283984375 0.8312757197265624 0.3842592587890625 0.81995884765625 0.4587191357421875 0.8184156376953124 0.4841820986328125 0.8137860078125 0.51157407421875 0.8173868310546875 0.5185185185546874 0.8204732509765625 0.52044753125
1 0.9783950615234375 0.5273919755859375 0.9994855966796875 0.525848765625 0.9994855966796875 0.3873456787109375 0.9912551435546875 0.3831018515625 0.9850823046875 0.3850308642578125 0.9773662548828125 0.38387345703125 0.9634773662109375 0.386959876953125 0.95987654296875 0.3854166669921875 0.9547325107421875 0.38657407421875 0.945987654296875 0.3850308642578125 0.9305555556640625 0.386959876953125 0.9279835390625 0.3912037041015625 0.926954732421875 0.4077932099609375 0.9176954736328125 0.4417438271484375 0.91306584375 0.4695216044921875 0.907921810546875 0.5150462958984375 0.9084362138671875 0.5219907412109375 0.9104938271484375 0.5235339501953125 0.9783950615234375 0.5273919755859375
1 0.1105967080078125 0.6628086416015625 0.11882716015625 0.661651234375 0.1208847734375 0.658564814453125 0.119855966796875 0.64737654296875 0.1013374482421875 0.560185185546875 0.1013374482421875 0.5547839501953125 0.109053498046875 0.545910494140625 0.098765431640625 0.545138888671875 0.08076131640625 0.5470679013671875 0.0421810703125 0.54552469140625 0.0354938271484375 0.5466820986328125 0.0246913583984375 0.5532407412109375 0.0282921806640625 0.5806327158203125 0.047839505859375 0.65972222265625 0.056069958984375 0.662037037109375 0.1105967080078125 0.6628086416015625
1 0.1399176953125 0.6643518515625 0.1913580244140625 0.6666666669921875 0.192901234375 0.659336419921875 0.1779835390625 0.5663580244140625 0.1784979423828125 0.5582561728515625 0.181069958984375 0.5532407412109375 0.1903292177734375 0.5466820986328125 0.1795267490234375 0.5443672841796875 0.15277777734375 0.545910494140625 0.1373456787109375 0.5443672841796875 0.1286008232421875 0.545138888671875 0.1126543212890625 0.548611111328125 0.1044238681640625 0.5551697529296875 0.1054526748046875 0.573688271484375 0.12294238671875 0.6601080244140625 0.1265432099609375 0.66242283984375 0.1399176953125 0.6643518515625
1 0.229938271484375 0.6697530859375 0.234053498046875 0.6697530859375 0.2366255146484375 0.66782407421875 0.2515432099609375 0.670138888671875 0.261831275390625 0.66782407421875 0.265946501953125 0.6697530859375 0.269032921875 0.6655092587890625 0.2685185185546875 0.6543209873046875 0.263888888671875 0.6342592587890625 0.2623456787109375 0.604938271484375 0.2566872431640625 0.562885802734375 0.2644032919921875 0.5501543212890625 0.2633744853515625 0.548611111328125 0.24794238671875 0.54822530859375 0.246913580078125 0.550540123046875 0.2407407412109375 0.5493827158203125 0.2335390947265625 0.55092592578125 0.2253086416015625 0.550540123046875 0.217078189453125 0.5462962958984375 0.202160494140625 0.5466820986328125 0.1805555556640625 0.557098765625 0.181069958984375 0.576388888671875 0.1954732509765625 0.6658950615234375 0.2026748974609375 0.668209876953125 0.229938271484375 0.6697530859375
1 0.26697530859375 0.636959876953125 0.272119341796875 0.659336419921875 0.276234568359375 0.658564814453125 0.2782921806640625 0.661265431640625 0.2767489716796875 0.668209876953125 0.28189300390625 0.67052469140625 0.28600823046875 0.6693672841796875 0.293209876953125 0.6716820986328125 0.31995884765625 0.672839505859375 0.3456790126953125 0.6716820986328125 0.3482510283203125 0.6643518515625 0.3436213994140625 0.645061728515625 0.3425925927734375 0.6014660498046875 0.3374485595703125 0.562114197265625 0.337962962890625 0.5501543212890625 0.331790123046875 0.5489969140625 0.3220164609375 0.550540123046875 0.2921810703125 0.5501543212890625 0.29012345703125 0.5489969140625 0.27520576171875 0.5497685185546874 0.2623456787109375 0.5605709873046875 0.26080246875 0.57137345703125 0.26286008203125 0.57677469140625 0.261831275390625 0.585262345703125 0.26697530859375 0.636959876953125
1 0.3533950615234375 0.6697530859375 0.3626543212890625 0.6716820986328125 0.36882716015625 0.670138888671875 0.376028806640625 0.6720679013671875 0.407921810546875 0.67052469140625 0.409979423828125 0.6635802470703125 0.401234568359375 0.5493827158203125 0.397119341796875 0.5466820986328125 0.390946501953125 0.545910494140625 0.365226337890625 0.5470679013671875 0.354938271484375 0.545910494140625 0.3436213994140625 0.5474537041015625 0.3405349794921875 0.5520833330078125 0.340020576171875 0.5690586416015625 0.3446502060546875 0.6037808642578125 0.3482510283203125 0.6662808642578125 0.3533950615234375 0.6697530859375
1 0.4434156376953125 0.6689814814453126 0.470164609375 0.6720679013671875 0.47222222265625 0.6693672841796875 0.470164609375 0.5918209873046875 0.465020576171875 0.5501543212890625 0.45318930078125 0.5466820986328125 0.4146090537109375 0.5462962958984375 0.404835390625 0.5474537041015625 0.4032921806640625 0.5489969140625 0.4115226337890625 0.668209876953125 0.418209876953125 0.6720679013671875 0.4305555556640625 0.6716820986328125 0.4434156376953125 0.6689814814453126
1 0.5066872431640626 0.670138888671875 0.5154320986328125 0.6724537041015625 0.530864197265625 0.6724537041015625 0.5324074072265625 0.6712962958984375 0.5313786005859376 0.642361111328125 0.5339506171875 0.6319444443359375 0.529835390625 0.5520833330078125 0.5272633740234375 0.5489969140625 0.5226337451171875 0.547839505859375 0.4866255146484375 0.5462962958984375 0.4732510283203125 0.54822530859375 0.4706790126953125 0.5501543212890625 0.4732510283203125 0.6697530859375 0.4804526748046875 0.6720679013671875 0.5066872431640626 0.670138888671875
1 0.5704732509765625 0.6751543212890625 0.59310699609375 0.6747685185546874 0.5956790126953125 0.6693672841796875 0.59722222265625 0.63387345703125 0.5977366259765625 0.55362654296875 0.59310699609375 0.55169753125 0.5864197529296875 0.5520833330078125 0.5812757197265624 0.5501543212890625 0.5684156376953124 0.5489969140625 0.53806584375 0.5501543212890625 0.5344650205078125 0.5524691357421875 0.5334362138671875 0.5663580244140625 0.5334362138671875 0.6631944443359375 0.5354938271484375 0.670910494140625 0.5365226337890625 0.6720679013671875 0.5704732509765625 0.6751543212890625
1 0.6064814814453126 0.6751543212890625 0.65689300390625 0.67669753125 0.66100823046875 0.66512345703125 0.662037037109375 0.6122685185546874 0.6646090537109375 0.5868055556640625 0.664094650390625 0.557098765625 0.6604938271484375 0.554012345703125 0.653806583984375 0.55362654296875 0.644032921875 0.5501543212890625 0.630144033203125 0.5497685185546874 0.62294238671875 0.5501543212890625 0.6157407412109375 0.55362654296875 0.6023662548828125 0.5524691357421875 0.59979423828125 0.55362654296875 0.5992798349609375 0.5597993828125 0.5977366259765625 0.6720679013671875 0.598765431640625 0.673611111328125 0.6023662548828125 0.6724537041015625 0.6064814814453126 0.6751543212890625
1 0.7232510283203125 0.6739969140625 0.727880658203125 0.633487654296875 0.730967078125 0.556712962890625 0.72890946484375 0.554012345703125 0.719135802734375 0.551311728515625 0.69907407421875 0.5528549384765625 0.676954732421875 0.5497685185546874 0.668209876953125 0.5520833330078125 0.666152263671875 0.554012345703125 0.662037037109375 0.67592592578125 0.6687242802734376 0.679012345703125 0.720164609375 0.6801697529296875 0.7232510283203125 0.6739969140625
1 0.7376543212890625 0.681712962890625 0.7896090537109375 0.682098765625 0.7926954736328125 0.679012345703125 0.79423868359375 0.6724537041015625 0.804012345703125 0.6041666669921875 0.80504115234375 0.557098765625 0.801954732421875 0.55362654296875 0.7937242802734376 0.5520833330078125 0.742798353515625 0.55362654296875 0.7335390947265625 0.5779320986328125 0.7335390947265625 0.58487654296875 0.736111111328125 0.587962962890625 0.7366255146484375 0.59375 0.7335390947265625 0.598765431640625 0.729938271484375 0.6157407412109375 0.7294238681640625 0.6458333330078125 0.7268518515625 0.6604938271484375 0.72890946484375 0.679012345703125 0.7376543212890625 0.681712962890625
1 0.829218107421875 0.68132716015625 0.8554526748046875 0.6836419755859375 0.8605967080078125 0.682098765625 0.8765432099609375 0.5636574072265625 0.875 0.55632716015625 0.848765431640625 0.5543981484375 0.844135802734375 0.5555555556640625 0.8353909462890625 0.5528549384765625 0.8143004111328125 0.5532407412109375 0.808127572265625 0.55632716015625 0.80504115234375 0.607638888671875 0.799897119140625 0.630015431640625 0.80092592578125 0.6481481484375 0.795781892578125 0.668209876953125 0.7962962958984375 0.6782407412109375 0.799897119140625 0.6805555556640625 0.810185185546875 0.6828703701171875 0.829218107421875 0.68132716015625
1 0.8786008232421875 0.6875 0.8966049384765625 0.687885802734375 0.942901234375 0.6882716044921875 0.952160494140625 0.6867283955078125 0.9552469140625 0.682098765625 0.9624485595703125 0.6381172841796875 0.9763374482421875 0.5783179013671875 0.971193416015625 0.567901234375 0.9573045263671875 0.559413580078125 0.95318930078125 0.5597993828125 0.9485596708984375 0.5636574072265625 0.937242798828125 0.5625 0.9284979423828125 0.5582561728515625 0.8899176953125 0.5578703701171875 0.8842592587890625 0.5597993828125 0.880144033203125 0.5640432099609375 0.876028806640625 0.5806327158203125 0.8683127568359374 0.6346450615234375 0.8662551435546875 0.675540123046875 0.8693415634765626 0.6828703701171875 0.8734567900390625 0.6859567900390625 0.8786008232421875 0.6875
1 0.9994855966796875 0.5640432099609375 0.988168724609375 0.5605709873046875 0.9804526748046875 0.560185185546875 0.975823044921875 0.5617283955078125 0.973765431640625 0.567515431640625 0.9773662548828125 0.5775462958984375 0.9583333330078125 0.6774691357421875 0.9578189296875 0.6855709873046875 0.95987654296875 0.6886574072265625 0.9994855966796875 0.6890432099609375 0.9994855966796875 0.5640432099609375
1 0.0756172841796875 0.7565586416015625 0.0776748974609375 0.7538580244140625 0.0715020576171875 0.7256944443359375 0.0617283955078125 0.695987654296875 0.0576131689453125 0.693287037109375 0.0488683125 0.6917438271484375 0.0354938271484375 0.692515431640625 0.028806583984375 0.6944444443359375 0.0272633740234375 0.69637345703125 0.0354938271484375 0.7337962958984375 0.0462962958984375 0.755401234375 0.0545267490234375 0.7569444443359375 0.0756172841796875 0.7565586416015625
1 0.1126543212890625 0.7480709873046875 0.1033950615234375 0.6956018515625 0.070987654296875 0.6944444443359375 0.06584362109375 0.69830246875 0.0787037041015625 0.755015431640625 0.08487654296875 0.7577160498046875 0.1126543212890625 0.758487654296875 0.1126543212890625 0.7480709873046875
1 0.15020576171875 0.7581018515625 0.14197530859375 0.71257716015625 0.1414609052734375 0.702160494140625 0.1435185185546875 0.695987654296875 0.1116255146484375 0.6948302470703125 0.104938271484375 0.6979166669921875 0.1044238681640625 0.707561728515625 0.115226337890625 0.758487654296875 0.1481481484375 0.7604166669921875 0.15020576171875 0.7581018515625
1 0.1862139921875 0.7623456787109375 0.187757201171875 0.752314814453125 0.181069958984375 0.706790123046875 0.18415637890625 0.699459876953125 0.1712962958984375 0.695987654296875 0.1517489716796875 0.6956018515625 0.147119341796875 0.69637345703125 0.1435185185546875 0.6998456787109375 0.1414609052734375 0.70717592578125 0.151234568359375 0.7596450615234375 0.153806583984375 0.761959876953125 0.1862139921875 0.7623456787109375
1 0.223765431640625 0.76427469140625 0.2263374482421875 0.7581018515625 0.2227366259765625 0.74382716015625 0.2206790126953125 0.6998456787109375 0.204218107421875 0.6975308642578125 0.1887860078125 0.6979166669921875 0.1856995888671875 0.7010030859375 0.182098765625 0.7083333330078125 0.1903292177734375 0.761959876953125 0.2026748974609375 0.7650462958984375 0.223765431640625 0.76427469140625
1 0.23713991796875 0.7681327158203125 0.25617283984375 0.7681327158203125 0.265946501953125 0.766589505859375 0.2685185185546875 0.7650462958984375 0.269032921875 0.761959876953125 0.2695473251953125 0.744598765625 0.2654320986328125 0.715663580078125 0.261831275390625 0.704861111328125 0.2546296298828125 0.701388888671875 0.2314814814453125 0.69907407421875 0.223765431640625 0.704089505859375 0.22222222265625 0.716435185546875 0.22479423828125 0.7426697529296875 0.2304526748046875 0.7650462958984375 0.23713991796875 0.7681327158203125
1 0.307098765625 0.7662037041015625 0.3065843623046875 0.7453703701171875 0.3014403291015625 0.707561728515625 0.29681069921875 0.7029320986328125 0.29012345703125 0.70177469140625 0.2834362138671875 0.7033179013671875 0.279835390625 0.70177469140625 0.2664609052734375 0.7033179013671875 0.27109053515625 0.763888888671875 0.2793209873046875 0.767361111328125 0.3055555556640625 0.7681327158203125 0.307098765625 0.7662037041015625
1 0.3086419755859375 0.76697530859375 0.3112139921875 0.7689043212890625 0.32407407421875 0.7708333330078125 0.345164609375 0.7712191357421875 0.340020576171875 0.7161778544921875 0.3410493828125 0.7064043212890625 0.3384773662109375 0.704089505859375 0.3055555556640625 0.704861111328125 0.3034979423828125 0.7064043212890625 0.3034979423828125 0.7114197529296875 0.3076131689453125 0.7368827158203125 0.3086419755859375 0.76697530859375
1 0.3806584365234375 0.7735339501953125 0.383230453125 0.76967592578125 0.3806584365234375 0.70987654296875 0.3492798349609375 0.704861111328125 0.3425925927734375 0.7083333330078125 0.342078189453125 0.7283950615234375 0.3467078193359375 0.769290123046875 0.348765431640625 0.7719907412109375 0.3806584365234375 0.7735339501953125
1 0.3981481484375 0.7735339501953125 0.420781892578125 0.7739197529296875 0.422839505859375 0.77237654296875 0.42181069921875 0.7091049384765625 0.412037037109375 0.7064043212890625 0.4043209873046875 0.7064043212890625 0.3904320986328125 0.706790123046875 0.3827160498046875 0.70987654296875 0.3837448564453125 0.755015431640625 0.386831275390625 0.77237654296875 0.3904320986328125 0.77507716015625 0.3981481484375 0.7735339501953125
1 0.4382716044921875 0.77237654296875 0.4603909462890625 0.7735339501953125 0.4603909462890625 0.7118055556640625 0.4578189296875 0.7087191357421875 0.450102880859375 0.70794753125 0.426954732421875 0.7087191357421875 0.4238683125 0.7110339501953125 0.422839505859375 0.7345679013671875 0.424897119140625 0.77044753125 0.431069958984375 0.7735339501953125 0.4382716044921875 0.77237654296875
1 0.501028806640625 0.7712191357421875 0.4994855966796875 0.707561728515625 0.496913580078125 0.7060185185546874 0.4665637861328125 0.7052469140625 0.4624485595703125 0.71257716015625 0.4634773662109375 0.772762345703125 0.4660493828125 0.77507716015625 0.498971193359375 0.7731481484375 0.501028806640625 0.7712191357421875
1 0.5185185185546874 0.7743055556640625 0.539094650390625 0.7739197529296875 0.5406378603515625 0.70987654296875 0.5354938271484375 0.707561728515625 0.515946501953125 0.7056327158203125 0.503086419921875 0.7064043212890625 0.50205761328125 0.70987654296875 0.5015432099609375 0.744984568359375 0.5036008232421875 0.7719907412109375 0.5056584365234374 0.7735339501953125 0.5185185185546874 0.7743055556640625
1 0.5797325107421875 0.7731481484375 0.5812757197265624 0.70987654296875 0.5766460908203125 0.7083333330078125 0.543209876953125 0.70794753125 0.5416666669921875 0.713734568359375 0.5416666669921875 0.772762345703125 0.545781892578125 0.7746913583984375 0.5776748974609375 0.7766203701171875 0.5797325107421875 0.7731481484375
1 0.6193415634765626 0.7773919755859375 0.6208847734375 0.775848765625 0.621913580078125 0.7418981484375 0.621913580078125 0.715663580078125 0.619855966796875 0.710262345703125 0.58487654296875 0.7083333330078125 0.5828189296875 0.7114197529296875 0.581790123046875 0.7280092587890625 0.581790123046875 0.775848765625 0.585905349609375 0.77777777734375 0.6157407412109375 0.7785493828125 0.6193415634765626 0.7773919755859375
1 0.66100823046875 0.7785493828125 0.66306584375 0.775848765625 0.664094650390625 0.71257716015625 0.657921810546875 0.70987654296875 0.625 0.7094907412109375 0.62294238671875 0.7118055556640625 0.62294238671875 0.775462962890625 0.626028806640625 0.778163580078125 0.63117283984375 0.778935185546875 0.66100823046875 0.7785493828125
1 0.6995884775390625 0.7793209873046875 0.7016460908203125 0.776234568359375 0.7037037041015625 0.7577160498046875 0.7047325107421875 0.713348765625 0.6862139921875 0.7110339501953125 0.6676954736328125 0.7114197529296875 0.66512345703125 0.71527777734375 0.6646090537109375 0.775848765625 0.6738683125 0.7773919755859375 0.6867283955078125 0.7770061728515625 0.6995884775390625 0.7793209873046875
1 0.744855966796875 0.776234568359375 0.7474279833984375 0.715663580078125 0.7433127568359374 0.713348765625 0.7268518515625 0.7141203701171875 0.7114197529296875 0.7118055556640625 0.7062757197265624 0.713348765625 0.7037037041015625 0.778935185546875 0.7093621396484375 0.78125 0.7412551435546875 0.780864197265625 0.744855966796875 0.776234568359375
1 0.7834362138671875 0.7731481484375 0.7896090537109375 0.7148919755859375 0.7865226337890625 0.713348765625 0.7515432099609375 0.71257716015625 0.7484567900390625 0.7160493828125 0.7463991767578125 0.776234568359375 0.74794238671875 0.77777777734375 0.7793209873046875 0.7770061728515625 0.7834362138671875 0.7731481484375
1 0.7926954736328125 0.776234568359375 0.7973251025390625 0.77777777734375 0.83076131640625 0.7773919755859375 0.8333333330078125 0.7739197529296875 0.8395061728515625 0.7168209873046875 0.82818930078125 0.7145061728515625 0.7973251025390625 0.7145061728515625 0.793209876953125 0.715663580078125 0.7916666669921875 0.7199074072265625 0.79012345703125 0.7457561728515625 0.78600823046875 0.755015431640625 0.78600823046875 0.761959876953125 0.7926954736328125 0.776234568359375
1 0.8806584365234374 0.78742283984375 0.8837448564453125 0.7831790126953125 0.890946501953125 0.7199074072265625 0.846193416015625 0.718364197265625 0.842078189453125 0.7202932099609375 0.8405349794921875 0.72955246875 0.8364197529296875 0.77507716015625 0.8415637861328125 0.783564814453125 0.848765431640625 0.786651234375 0.8806584365234374 0.78742283984375
1 0.926954732421875 0.7804783955078125 0.9356995888671875 0.7256944443359375 0.9346707822265625 0.7226080244140625 0.9254115224609375 0.7206790126953125 0.9053497939453125 0.7199074072265625 0.897119341796875 0.7206790126953125 0.8935185185546874 0.7226080244140625 0.8863168720703125 0.7708333330078125 0.884773662109375 0.7827932099609375 0.886831275390625 0.786651234375 0.9238683125 0.7878086416015625 0.926954732421875 0.7804783955078125
1 0.96810699609375 0.78742283984375 0.9783950615234375 0.735339505859375 0.9794238681640625 0.723765431640625 0.9773662548828125 0.72222222265625 0.942901234375 0.7214506171875 0.937242798828125 0.7233796298828125 0.9284979423828125 0.77237654296875 0.9274691357421875 0.787037037109375 0.933127572265625 0.7885802470703125 0.962962962890625 0.7893518515625 0.96810699609375 0.78742283984375
1 0.096193416015625 0.8479938271484375 0.098765431640625 0.8456790126953125 0.0967078193359375 0.83757716015625 0.0833333330078125 0.804012345703125 0.083847736328125 0.7908950615234375 0.070987654296875 0.7881944443359375 0.056069958984375 0.7889660498046875 0.0529835390625 0.79012345703125 0.0483539091796875 0.7970679013671875 0.0483539091796875 0.8043981484375 0.066872427734375 0.8456790126953125 0.070987654296875 0.8476080244140625 0.096193416015625 0.8479938271484375
1 0.133230453125 0.8506944443359375 0.1342592587890625 0.8449074072265625 0.1203703701171875 0.807098765625 0.119855966796875 0.798611111328125 0.1224279833984375 0.793209876953125 0.1162551435546875 0.7912808642578125 0.0915637861328125 0.7893518515625 0.0874485595703125 0.79205246875 0.083847736328125 0.79822530859375 0.083847736328125 0.8047839501953125 0.1003086416015625 0.84722222265625 0.1193415634765625 0.8518518515625 0.133230453125 0.8506944443359375
1 0.1676954736328125 0.8503086416015625 0.16923868359375 0.846836419921875 0.1574074072265625 0.7935956787109375 0.1522633740234375 0.7916666669921875 0.1265432099609375 0.792438271484375 0.1213991767578125 0.79822530859375 0.1213991767578125 0.8078703701171875 0.1363168720703125 0.848765431640625 0.145061728515625 0.8503086416015625 0.1676954736328125 0.8503086416015625
1 0.1702674892578125 0.8452932099609375 0.1738683125 0.848765431640625 0.2006172841796875 0.8503086416015625 0.20318930078125 0.8479938271484375 0.2006172841796875 0.8279320986328125 0.1923868310546875 0.8117283955078125 0.191872427734375 0.8051697529296875 0.1944444443359375 0.7966820986328125 0.176954732421875 0.79552469140625 0.170781892578125 0.7966820986328125 0.1676954736328125 0.79552469140625 0.16100823046875 0.7966820986328125 0.1635802470703125 0.798611111328125 0.1615226337890625 0.8105709873046875 0.1702674892578125 0.8452932099609375
1 0.2078189296875 0.85262345703125 0.20987654296875 0.8537808642578125 0.2386831279296875 0.8533950615234375 0.2397119345703125 0.8483796298828125 0.22890946484375 0.7989969140625 0.223765431640625 0.7970679013671875 0.219135802734375 0.79822530859375 0.217078189453125 0.7966820986328125 0.2016460908203125 0.795910494140625 0.1975308642578125 0.7970679013671875 0.19495884765625 0.8032407412109375 0.19495884765625 0.8163580244140625 0.200102880859375 0.8248456787109375 0.2026748974609375 0.8391203701171875 0.2078189296875 0.85262345703125
1 0.2736625517578125 0.840663580078125 0.268004115234375 0.8105709873046875 0.2685185185546875 0.7974537041015625 0.2366255146484375 0.7962962958984375 0.2325102880859375 0.7993827158203125 0.231995884765625 0.8097993828125 0.242798353515625 0.8530092587890625 0.2736625517578125 0.85455246875 0.2736625517578125 0.840663580078125
1 0.3112139921875 0.8572530859375 0.312757201171875 0.84992283984375 0.3076131689453125 0.823688271484375 0.3065843623046875 0.7997685185546874 0.3034979423828125 0.797839505859375 0.2854938271484375 0.7966820986328125 0.272119341796875 0.7970679013671875 0.270061728515625 0.800540123046875 0.2685185185546875 0.8086419755859375 0.2772633740234375 0.854938271484375 0.293209876953125 0.857638888671875 0.3112139921875 0.8572530859375
1 0.3523662548828125 0.8568672841796875 0.352880658203125 0.8429783955078125 0.363168724609375 0.8165443671875 0.3477366259765625 0.8032407412109375 0.3446502060546875 0.80169753125 0.3220164609375 0.7989969140625 0.310185185546875 0.7993827158203125 0.3076131689453125 0.8020833330078125 0.3076131689453125 0.8117283955078125 0.3153292177734375 0.8560956787109375 0.327160494140625 0.85802469140625 0.3523662548828125 0.8568672841796875
1 0.3914609052734375 0.8568672841796875 0.3935185185546875 0.855709876953125 0.393004115234375 0.8418209873046875 0.388888888671875 0.80362654296875 0.3837448564453125 0.8020833330078125 0.3554526748046875 0.8020833330078125 0.3513374482421875 0.80362654296875 0.3513374482421875 0.824459876953125 0.3585390947265625 0.85532407421875 0.36213991796875 0.8572530859375 0.3914609052734375 0.8568672841796875
1 0.4295267490234375 0.8591820986328125 0.4315843623046875 0.85262345703125 0.4284979423828125 0.8059413583984375 0.424897119140625 0.804012345703125 0.3904320986328125 0.80362654296875 0.3935185185546875 0.852237654296875 0.3955761318359375 0.857638888671875 0.4084362138671875 0.8599537041015625 0.4295267490234375 0.8591820986328125
1 0.4686213994140625 0.807098765625 0.46399176953125 0.8047839501953125 0.4305555556640625 0.8059413583984375 0.43415637890625 0.8564814814453126 0.4387860078125 0.8587962958984375 0.470164609375 0.8599537041015625 0.4686213994140625 0.807098765625
1 0.498971193359375 0.86342592578125 0.5077160498046875 0.8618827158203125 0.509773662109375 0.8599537041015625 0.5077160498046875 0.8078703701171875 0.5056584365234374 0.806712962890625 0.4717078193359375 0.8059413583984375 0.470164609375 0.807098765625 0.4717078193359375 0.8591820986328125 0.4768518515625 0.8626543212890625 0.498971193359375 0.86342592578125
1 0.54681069921875 0.8626543212890625 0.549897119140625 0.8599537041015625 0.5488683125 0.8105709873046875 0.5396090537109375 0.8082561728515625 0.5133744853515625 0.8082561728515625 0.5113168720703125 0.810185185546875 0.51080246875 0.849537037109375 0.5123456787109375 0.8595679013671875 0.519032921875 0.8618827158203125 0.54681069921875 0.8626543212890625
1 0.577160494140625 0.8653549384765625 0.587962962890625 0.86419753125 0.5905349794921875 0.8591820986328125 0.5884773662109375 0.8132716044921875 0.581790123046875 0.810185185546875 0.5555555556640625 0.8105709873046875 0.551954732421875 0.812885802734375 0.551954732421875 0.84992283984375 0.554012345703125 0.8626543212890625 0.5565843623046876 0.86419753125 0.577160494140625 0.8653549384765625
1 0.6265432099609375 0.861111111328125 0.6275720166015625 0.8136574072265625 0.6213991767578125 0.8105709873046875 0.5982510283203125 0.8105709873046875 0.5915637861328125 0.8125 0.5910493828125 0.85262345703125 0.594135802734375 0.8595679013671875 0.615226337890625 0.8618827158203125 0.6265432099609375 0.861111111328125
1 0.6676954736328125 0.8356481484375 0.6676954736328125 0.8140432099609375 0.6553497939453125 0.8117283955078125 0.6399176953125 0.8117283955078125 0.6296296298828125 0.8140432099609375 0.6296296298828125 0.8599537041015625 0.63580246875 0.8618827158203125 0.664094650390625 0.863040123046875 0.6676954736328125 0.8356481484375
1 0.670781892578125 0.86882716015625 0.7011316875 0.869598765625 0.7052469140625 0.8653549384765625 0.706790123046875 0.81867283984375 0.7026748974609375 0.8152006171875 0.681069958984375 0.8152006171875 0.67181069921875 0.8136574072265625 0.6697530859375 0.815586419921875 0.66923868359375 0.8368055556640625 0.6666666669921875 0.84992283984375 0.6671810703125 0.86612654296875 0.670781892578125 0.86882716015625
1 0.74794238671875 0.8418209873046875 0.7474279833984375 0.817901234375 0.7433127568359374 0.81597222265625 0.7145061728515625 0.81597222265625 0.71193415625 0.817515431640625 0.7103909462890625 0.8275462958984375 0.7078189296875 0.848765431640625 0.708847736328125 0.8672839501953125 0.7443415634765626 0.869598765625 0.74794238671875 0.8418209873046875
1 0.787037037109375 0.86612654296875 0.79012345703125 0.8202160498046875 0.784979423828125 0.817515431640625 0.758230453125 0.8171296298828125 0.7541152265625 0.81867283984375 0.7484567900390625 0.8483796298828125 0.7484567900390625 0.869598765625 0.761831275390625 0.87152777734375 0.7839506171875 0.8711419755859375 0.787037037109375 0.86612654296875
1 0.7973251025390625 0.8734567900390625 0.818930041015625 0.8707561728515625 0.8276748974609375 0.872685185546875 0.8328189296875 0.8445216044921875 0.833847736328125 0.820987654296875 0.82818930078125 0.81867283984375 0.801954732421875 0.818287037109375 0.79423868359375 0.820987654296875 0.79423868359375 0.840663580078125 0.7896090537109375 0.855709876953125 0.791152263671875 0.869984568359375 0.7973251025390625 0.8734567900390625
1 0.866769546875 0.86882716015625 0.8703703701171875 0.8595679013671875 0.8734567900390625 0.820987654296875 0.8533950615234375 0.8194444443359375 0.8410493828125 0.8198302470703125 0.83693415625 0.82137345703125 0.831790123046875 0.855709876953125 0.8302469140625 0.8680555556640625 0.831790123046875 0.8730709873046875 0.8544238681640625 0.872685185546875 0.866769546875 0.86882716015625
1 0.8816872431640626 0.8765432099609375 0.9063786005859376 0.8730709873046875 0.91100823046875 0.86612654296875 0.9156378603515625 0.831790123046875 0.91512345703125 0.8217592587890625 0.8806584365234374 0.8221450615234375 0.87294238671875 0.840663580078125 0.8708847734375 0.8649691357421875 0.8724279833984375 0.8734567900390625 0.8765432099609375 0.8761574072265625 0.8816872431640626 0.8765432099609375
1 0.9495884775390625 0.8703703701171875 0.95576131640625 0.82407407421875 0.9526748974609375 0.8225308642578125 0.920781892578125 0.82137345703125 0.918209876953125 0.8221450615234375 0.9166666669921875 0.8260030859375 0.9125514404296875 0.8560956787109375 0.914094650390625 0.8707561728515625 0.924897119140625 0.8730709873046875 0.9495884775390625 0.8703703701171875
1 0.9876543212890625 0.871913580078125 0.990226337890625 0.869598765625 0.994855966796875 0.84375 0.996913580078125 0.8279320986328125 0.994855966796875 0.824459876953125 0.95987654296875 0.82330246875 0.9562757197265624 0.8279320986328125 0.952160494140625 0.852237654296875 0.9526748974609375 0.8703703701171875 0.9660493828125 0.8734567900390625 0.969135802734375 0.87152777734375 0.9876543212890625 0.871913580078125
1 0.095164609375 0.9390432099609375 0.092078189453125 0.9193672841796875 0.08899176953125 0.91242283984375 0.08899176953125 0.903935185546875 0.0864197529296875 0.8981481484375 0.094135802734375 0.8765432099609375 0.0720164609375 0.8734567900390625 0.064814814453125 0.8738425927734375 0.057098765625 0.88117283984375 0.054012345703125 0.886959876953125 0.0565843623046875 0.912037037109375 0.0643004111328125 0.9359567900390625 0.0684156376953125 0.9390432099609375 0.095164609375 0.9390432099609375
1 0.1064814814453125 0.940586419921875 0.1265432099609375 0.9386574072265625 0.1286008232421875 0.9251543212890625 0.1234567900390625 0.8969907412109375 0.128086419921875 0.886188271484375 0.132201646484375 0.88117283984375 0.13580246875 0.880015431640625 0.1296296298828125 0.877314814453125 0.0982510283203125 0.8765432099609375 0.09310699609375 0.880401234375 0.08693415625 0.8904320986328125 0.0864197529296875 0.8989197529296875 0.0956790126953125 0.9386574072265625 0.0982510283203125 0.9402006171875 0.1064814814453125 0.940586419921875
1 0.1687242802734375 0.942515431640625 0.17181069921875 0.939814814453125 0.174897119140625 0.9282407412109375 0.1656378603515625 0.880787037109375 0.15020576171875 0.87847222265625 0.133230453125 0.87847222265625 0.1265432099609375 0.8885030859375 0.1244855966796875 0.8985339501953125 0.130144033203125 0.9386574072265625 0.1424897119140625 0.942901234375 0.1687242802734375 0.942515431640625
1 0.276234568359375 0.939814814453125 0.27777777734375 0.9386574072265625 0.2793209873046875 0.93402777734375 0.2746913583984375 0.9089506171875 0.2757201650390625 0.8904320986328125 0.274176955078125 0.883487654296875 0.2026748974609375 0.8796296298828125 0.1687242802734375 0.880787037109375 0.1712962958984375 0.9035493828125 0.1784979423828125 0.9332561728515625 0.2407407412109375 0.939814814453125 0.276234568359375 0.939814814453125
1 0.299897119140625 0.943287037109375 0.384773662109375 0.943287037109375 0.38786008203125 0.9417438271484375 0.3852880654296875 0.89544753125 0.386831275390625 0.8900462958984375 0.3554526748046875 0.888888888671875 0.33693415625 0.88657407421875 0.2793209873046875 0.88580246875 0.2772633740234375 0.8873456787109375 0.2782921806640625 0.911265431640625 0.2824074072265625 0.9359567900390625 0.28600823046875 0.939814814453125 0.299897119140625 0.943287037109375
1 0.4043209873046875 0.9529320986328125 0.4166666669921875 0.9529320986328125 0.4346707822265625 0.949459876953125 0.44495884765625 0.94907407421875 0.450102880859375 0.94637345703125 0.4573045263671875 0.9471450615234375 0.45987654296875 0.9502314814453126 0.4804526748046875 0.9502314814453126 0.498971193359375 0.945987654296875 0.49794238671875 0.9189814814453126 0.5015432099609375 0.9016203701171875 0.5005144033203125 0.8939043212890625 0.433127572265625 0.8908179013671875 0.4104938271484375 0.891589505859375 0.3966049384765625 0.889660494140625 0.393004115234375 0.8904320986328125 0.3899176953125 0.8962191357421875 0.3914609052734375 0.932098765625 0.394032921875 0.9444444443359375 0.3976337451171875 0.9506172841796875 0.4043209873046875 0.9529320986328125
1 0.534979423828125 0.9591049384765625 0.56584362109375 0.9591049384765625 0.6136831279296875 0.9552469140625 0.615226337890625 0.9529320986328125 0.6157407412109375 0.9101080244140625 0.6147119345703125 0.900462962890625 0.6126543212890625 0.8985339501953125 0.577160494140625 0.8958333330078125 0.5488683125 0.8962191357421875 0.5293209873046875 0.8939043212890625 0.5267489716796875 0.895061728515625 0.5216049384765625 0.8939043212890625 0.505144033203125 0.8981481484375 0.5025720166015625 0.9043209873046875 0.5025720166015625 0.9382716044921875 0.505144033203125 0.9564043212890625 0.534979423828125 0.9591049384765625
1 0.676954732421875 0.9537037041015625 0.68415637890625 0.954089505859375 0.689814814453125 0.957561728515625 0.700102880859375 0.9583333330078125 0.7155349794921875 0.957561728515625 0.7227366259765625 0.9556327158203125 0.727880658203125 0.942901234375 0.730967078125 0.9043209873046875 0.7294238681640625 0.903163580078125 0.70987654296875 0.90007716015625 0.630144033203125 0.8985339501953125 0.6255144033203125 0.89737654296875 0.619855966796875 0.8981481484375 0.617798353515625 0.9020061728515625 0.6172839501953125 0.9533179013671875 0.619855966796875 0.9564043212890625 0.66512345703125 0.95717592578125 0.676954732421875 0.9537037041015625
1 0.7793209873046875 0.969135802734375 0.79681069921875 0.9699074072265625 0.807098765625 0.96875 0.8436213994140624 0.9706790126953125 0.8467078193359375 0.968364197265625 0.8482510283203125 0.963348765625 0.852880658203125 0.931712962890625 0.8513374482421875 0.9135802470703125 0.848765431640625 0.9089506171875 0.8425925927734375 0.906635802734375 0.79681069921875 0.9043209873046875 0.7824074072265625 0.9043209873046875 0.78189300390625 0.9054783955078125 0.755144033203125 0.903163580078125 0.74382716015625 0.9043209873046875 0.7386831279296875 0.903163580078125 0.7366255146484375 0.903935185546875 0.7350823046875 0.9101080244140625 0.731995884765625 0.9417438271484375 0.731995884765625 0.9618055556640625 0.73713991796875 0.9675925927734375 0.7757201650390625 0.9675925927734375 0.7793209873046875 0.969135802734375
1 0.8533950615234375 0.9726080244140625 0.894032921875 0.9787808642578125 0.918209876953125 0.979938271484375 0.9279835390625 0.97762345703125 0.932098765625 0.97955246875 0.94907407421875 0.9791666669921875 0.9675925927734375 0.982638888671875 0.9763374482421875 0.95177469140625 0.9794238681640625 0.931712962890625 0.9727366259765625 0.9155092587890625 0.967078189453125 0.90972222265625 0.95318930078125 0.9108796298828125 0.933127572265625 0.9070216044921875 0.8734567900390625 0.9074074072265625 0.861111111328125 0.90625 0.8575102880859375 0.9070216044921875 0.8544238681640625 0.911265431640625 0.8554526748046875 0.940586419921875 0.8503086416015625 0.965663580078125 0.850823044921875 0.9702932099609375 0.8533950615234375 0.9726080244140625
0 0.9994855966796875 0.723765431640625 0.984053498046875 0.7233796298828125 0.980967078125 0.7268518515625 0.970164609375 0.78125 0.9696502060546875 0.786651234375 0.973765431640625 0.7905092587890625 0.9994855966796875 0.7878086416015625 0.9994855966796875 0.723765431640625
0 0.3740234375 0.8671875 0.4072265625 0.869140625 0.41015625 0.875 0.41015625 0.8837890625 0.408203125 0.88671875 0.3662109375 0.8857421875 0.36328125 0.8798828125 0.36328125 0.8701171875 0.373046875 0.8671875
0 0.0146484375 0.515625 0.0625 0.515625 0.0654296875 0.517578125 0.068359375 0.5283203125 0.0673828125 0.5400390625 0.0224609375 0.5390625 0.0185546875 0.5380859375 0.015625 0.5341796875 0.0146484375 0.5166015625
0 0.90283203125 0.1142578125 0.07421875 0.03564453125
0 0.4189453125 0.6787109375 0.435546875 0.6806640625 0.4365234375 0.6943359375 0.435546875 0.7001953125 0.4326171875 0.703125 0.4033203125 0.703125 0.38671875 0.7001953125 0.3837890625 0.69140625 0.3837890625 0.6796875 0.38671875 0.677734375 0.41796875 0.6787109375
0 0.748046875 0.984375 0.76171875 0.982421875 0.7939453125 0.982421875 0.796875 0.984375 0.7958984375 0.9990234375 0.748046875 0.9990234375 0.748046875 0.9853515625
0 0.310546875 0.796875 0.310546875 0.7783203125 0.35546875 0.779296875 0.357421875 0.7822265625 0.3583984375 0.796875 0.353515625 0.7998046875 0.3115234375 0.796875
0 0.3076171875 0.955078125 0.3466796875 0.9599609375 0.3486328125 0.9775390625 0.345703125 0.9794921875 0.3056640625 0.9775390625 0.3037109375 0.9736328125 0.3037109375 0.9599609375 0.306640625 0.9560546875
0 0.0615234375 0.6689453125 0.1015625 0.671875 0.1064453125 0.685546875 0.1064453125 0.6904296875 0.103515625 0.6923828125 0.060546875 0.689453125 0.056640625 0.68359375 0.0546875 0.673828125 0.0556640625 0.669921875 0.060546875 0.6689453125
0 0.3857421875 0.779296875 0.4091796875 0.7802734375 0.4111328125 0.7822265625 0.412109375 0.7919921875 0.4111328125 0.80078125 0.4091796875 0.8017578125 0.3681640625 0.80078125 0.3642578125 0.798828125 0.3623046875 0.7939453125 0.3623046875 0.78125 0.3642578125 0.779296875 0.384765625 0.779296875
0 0.53125 0.7841796875 0.5751953125 0.787109375 0.5751953125 0.806640625 0.5654296875 0.8095703125 0.529296875 0.806640625 0.5263671875 0.8037109375 0.525390625 0.79296875 0.5263671875 0.7861328125 0.5302734375 0.7841796875
0 0 0.8935546875 0.0263671875 0.8955078125 0.0283203125 0.90234375 0.0283203125 0.908203125 0.0244140625 0.91015625 0 0.91015625 0 0.89453125
0 0.1455078125 0.5166015625 0.18359375 0.5166015625 0.1884765625 0.5185546875 0.1923828125 0.5400390625 0.1875 0.54296875 0.140625 0.541015625 0.1376953125 0.5341796875 0.13671875 0.5185546875 0.14453125 0.5166015625
0 0.0947265625 0.3310546875 0.1484375 0.3310546875 0.1513671875 0.34375 0.1513671875 0.35546875 0.1484375 0.359375 0.09765625 0.359375 0.0947265625 0.3583984375 0.0927734375 0.3486328125 0.0947265625 0.33203125
0 0.9775390625 0.8876953125 0.9990234375 0.8896484375 0.9990234375 0.9091796875 0.958984375 0.9072265625 0.95703125 0.9052734375 0.958984375 0.888671875 0.9765625 0.8876953125
0 0.5400390625 0.892578125 0.5380859375 0.88671875 0.5380859375 0.8759765625 0.5400390625 0.8740234375 0.583984375 0.8740234375 0.5869140625 0.876953125 0.5869140625 0.890625 0.5830078125 0.89453125 0.541015625 0.892578125
0 0.3671875 0.51953125 0.3701171875 0.5205078125 0.3720703125 0.5283203125 0.37109375 0.54296875 0.3671875 0.5458984375 0.3564453125 0.5439453125 0.3212890625 0.5458984375 0.31640625 0.5361328125 0.31640625 0.5224609375 0.318359375 0.5205078125 0.341796875 0.5205078125 0.345703125 0.517578125 0.3662109375 0.51953125
0 0.1904296875 0.857421875 0.20703125 0.8583984375 0.2119140625 0.861328125 0.212890625 0.8759765625 0.1982421875 0.8779296875 0.177734375 0.876953125 0.1728515625 0.8720703125 0.171875 0.861328125 0.189453125 0.857421875
0 0.41796875 0.1044921875 0.423828125 0.115234375 0.4248046875 0.125 0.4228515625 0.1357421875 0.3828125 0.140625 0.3603515625 0.140625 0.35546875 0.1240234375 0.3583984375 0.1103515625 0.3720703125 0.107421875 0.4169921875 0.1044921875
0 0.734375 0.7900390625 0.763671875 0.79296875 0.765625 0.8037109375 0.7646484375 0.814453125 0.7548828125 0.81640625 0.740234375 0.814453125 0.716796875 0.8154296875 0.7138671875 0.8125 0.71484375 0.79296875 0.7197265625 0.791015625 0.7333984375 0.791015625
0 0.134765625 0.7724609375 0.1376953125 0.7705078125 0.1787109375 0.76953125 0.1845703125 0.77734375 0.1845703125 0.7880859375 0.1826171875 0.7900390625 0.146484375 0.7900390625 0.140625 0.7880859375 0.1376953125 0.7861328125 0.1357421875 0.7734375
0 0.2646484375 0.330078125 0.275390625 0.3310546875 0.28125 0.333984375 0.283203125 0.3388671875 0.283203125 0.3583984375 0.2802734375 0.3603515625 0.2265625 0.359375 0.224609375 0.3515625 0.224609375 0.333984375 0.2265625 0.33203125 0.263671875 0.330078125
0 0.3095703125 0.8662109375 0.3544921875 0.8662109375 0.357421875 0.8740234375 0.357421875 0.8837890625 0.3525390625 0.8857421875 0.3154296875 0.8837890625 0.310546875 0.880859375 0.3095703125 0.8671875
0 0.078125 0.767578125 0.1337890625 0.771484375 0.138671875 0.787109375 0.12890625 0.7890625 0.0732421875 0.7861328125 0.0693359375 0.7822265625 0.0673828125 0.771484375 0.0703125 0.767578125 0.0771484375 0.767578125
0 0.44775390625 0.79248046875 0.05029296875 0.02490234375
0 0.99609375 0.796875 0.9990234375 0.796875 0.9990234375 0.8232421875 0.9609375 0.8212890625 0.9609375 0.8095703125 0.96484375 0.80078125 0.9951171875 0.8017578125 0.9970703125 0.7998046875 0.99609375 0.7978515625
0 0.78515625 0.8798828125 0.7998046875 0.8828125 0.7998046875 0.8974609375 0.794921875 0.9013671875 0.7548828125 0.900390625 0.7490234375 0.8974609375 0.7490234375 0.8857421875 0.751953125 0.8798828125 0.7841796875 0.8798828125
0 0.6494140625 0.974609375 0.654296875 0.9765625 0.6787109375 0.9775390625 0.681640625 0.98046875 0.681640625 0.98828125 0.6806640625 0.99609375 0.677734375 0.998046875 0.6337890625 0.99609375 0.6337890625 0.9775390625 0.6484375 0.974609375
0 0.6650390625 0.8759765625 0.6923828125 0.8779296875 0.6943359375 0.884765625 0.6943359375 0.896484375 0.6923828125 0.8984375 0.6474609375 0.896484375 0.6455078125 0.89453125 0.6455078125 0.87890625 0.6494140625 0.8759765625 0.6640625 0.8759765625
0 0.287109375 0.0986328125 0.30078125 0.10546875 0.306640625 0.126953125 0.2666015625 0.1396484375 0.25 0.142578125 0.248046875 0.142578125 0.23828125 0.126953125 0.2373046875 0.11328125 0.2861328125 0.0986328125
0 0.1982421875 0.11328125 0.2001953125 0.1181640625 0.19921875 0.14453125 0.17578125 0.1455078125 0.1376953125 0.1455078125 0.1337890625 0.1357421875 0.1357421875 0.1171875 0.142578125 0.1142578125 0.197265625 0.11328125
0 0.546875 0.9716796875 0.548828125 0.9736328125 0.548828125 0.98828125 0.544921875 0.9921875 0.5048828125 0.9892578125 0.501953125 0.9873046875 0.5009765625 0.98046875 0.501953125 0.970703125 0.50390625 0.96875 0.5458984375 0.9716796875
0 0.63427734375 0.11962890625 0.07080078125 0.03515625
0 0.126953125 0.857421875 0.1455078125 0.859375 0.1669921875 0.8583984375 0.1708984375 0.8603515625 0.1728515625 0.869140625 0.1728515625 0.873046875 0.1689453125 0.876953125 0.1357421875 0.8759765625 0.1298828125 0.873046875 0.1259765625 0.8642578125 0.126953125 0.8583984375
0 0.755859375 0.1005859375 0.7666015625 0.1025390625 0.7666015625 0.123046875 0.765625 0.130859375 0.7626953125 0.1337890625 0.6982421875 0.1337890625 0.6962890625 0.1298828125 0.6962890625 0.107421875 0.6982421875 0.1025390625 0.7548828125 0.1005859375
0 0.22998046875 0.685546875 0.05224609375 0.0234375