1 0 0.21595013671875 0.0033020234375 0.2160472021484375 0.019952517578125 0.2149751982421875 0.02250856640625 0.212195791015625 0.015739853515625 0.1228471875 0.012965650390625 0.1131284990234375 0.00202981640625 0.113319384765625 0 0.1134444619140625 0 0.21595013671875
1 0.0176157138671875 0.140785931640625 0.0240844638671875 0.21294965234375 0.0277706455078125 0.2152294169921875 0.038206177734375 0.2162193173828125 0.0663337119140625 0.2161190341796875 0.06994490234375 0.214102578125 0.069869912109375 0.209806357421875 0.0617869970703125 0.1048533134765625 0.0496528564453125 0.0960793720703125 0.03662037109375 0.095525486328125 0.016467763671875 0.1048629951171875 0.015542150390625 0.1115207880859375 0.0177819658203125 0.120467435546875 0.0176157138671875 0.140785931640625
1 0.118402294921875 0.2148194892578125 0.120458041015625 0.2132208681640625 0.1196577763671875 0.197216771484375 0.1118066513671875 0.105542955078125 0.0975690419921875 0.0956336767578125 0.0928686220703125 0.094934353515625 0.0808980966796875 0.095533984375 0.065377736328125 0.1016651611328125 0.0633424423828125 0.104435478515625 0.063421615234375 0.1388143330078125 0.067405125 0.1879710478515625 0.07202791796875 0.21406621875 0.118402294921875 0.2148194892578125
1 0.137704279296875 0.216435994140625 0.15536901171875 0.2137835478515625 0.1668733212890625 0.21631753125 0.1694021005859375 0.211975861328125 0.1618263056640625 0.1062325966796875 0.159695568359375 0.103534998046875 0.1539331875 0.101682158203125 0.15072685546875 0.09704991015625 0.1418535849609375 0.096032740234375 0.1309313857421875 0.0970047578125 0.1149107236328125 0.1043167197265625 0.121492732421875 0.212812123046875 0.12465816015625 0.2151009765625 0.137704279296875 0.216435994140625
1 0.1676379541015625 0.17059409765625 0.1720672265625 0.215445501953125 0.175746591796875 0.217334701171875 0.2116786181640625 0.2167075048828125 0.2147895078125 0.2158718349609375 0.216304048828125 0.213110607421875 0.213723365234375 0.1846356845703125 0.213824080078125 0.13071946484375 0.2121731923828125 0.1256693828125 0.21653274609375 0.1068404306640625 0.193442318359375 0.0970856787109375 0.1856378251953125 0.0976125908203125 0.1680276328125 0.103389560546875 0.166485822265625 0.10458852734375 0.1676379541015625 0.17059409765625
1 0.2649413271484375 0.1942901533203125 0.2590137841796875 0.1232890390625 0.2558415380859375 0.1206096201171875 0.248510078125 0.1183934833984375 0.2448034443359375 0.1149420224609375 0.230208697265625 0.11441540625 0.213653646484375 0.1209553271484375 0.2168520712890625 0.214663779296875 0.218969173828125 0.216580248046875 0.239305849609375 0.2177880078125 0.2643020419921875 0.2173516982421875 0.2649413271484375 0.1942901533203125
1 0.2971504482421875 0.21912243359375 0.3127526171875 0.21767804296875 0.314801546875 0.2156888564453125 0.314365236328125 0.1906926640625 0.3123692998046875 0.1360316728515625 0.310054494140625 0.1227888046875 0.297515494140625 0.1206635673828125 0.2901294951171875 0.1153229072265625 0.278679724609375 0.1159134482421875 0.276637611328125 0.1182932001953125 0.2621246728515625 0.1224533701171875 0.267331123046875 0.2118292421875 0.2736892490234375 0.217969212890625 0.2971504482421875 0.21912243359375
1 0.3175920205078125 0.1964966083984375 0.3169050146484375 0.2168241943359375 0.3195360546875 0.2183410068359375 0.34040030078125 0.2199302431640625 0.361216826171875 0.2187855205078125 0.36480756640625 0.2155973671875 0.365232876953125 0.2101203603515625 0.3616159580078125 0.12227948046875 0.3474874267578125 0.11861925 0.345336236328125 0.1147499541015625 0.3291928623046875 0.11503173828125 0.326657265625 0.118982841796875 0.313692955078125 0.122334611328125 0.3146814697265625 0.178966609375 0.3175920205078125 0.1964966083984375
1 0.395099923828125 0.2201475107421875 0.410235876953125 0.221836734375 0.4128055595703125 0.2198384580078125 0.414245109375 0.212781009765625 0.4127043896484375 0.124513205078125 0.396986326171875 0.1193179814453125 0.39434165234375 0.1170200380859375 0.3828850634765625 0.117220013671875 0.37850978515625 0.120226517578125 0.3652816884765625 0.123387548828125 0.3637535126953125 0.1253676455078125 0.36747269140625 0.2190670078125 0.3706244853515625 0.2205747314453125 0.395099923828125 0.2201475107421875
1 0.415369515625 0.127982845703125 0.4148052216796875 0.1553406103515625 0.415930083984375 0.2197839189453125 0.43001089453125 0.22071019140625 0.4482168330078125 0.2192203515625 0.4586591826171875 0.220600818359375 0.4612356826171875 0.2189931064453125 0.4631141787109375 0.2072397822265625 0.461251953125 0.190082169921875 0.4635515791015625 0.142769205078125 0.4622305595703125 0.1267741982421875 0.44916398828125 0.1242674853515625 0.44283994921875 0.120080341796875 0.4287795908203125 0.1203257666015625 0.4282929228515625 0.12228768359375 0.421043271484375 0.124758333984375 0.4184258662109375 0.1240226513671875 0.415369515625 0.127982845703125
1 0.50711657421875 0.221317728515625 0.508658384765625 0.2201187626953125 0.5081250849609374 0.129879951171875 0.505487228515625 0.1279725732421875 0.49504487890625 0.126592107421875 0.4913450625 0.1235312119140625 0.48299936328125 0.122895517578125 0.477798640625 0.12337698046875 0.4742215361328125 0.1273462646484375 0.4658962890625 0.1278822666015625 0.463854177734375 0.1302620185546875 0.4643533896484375 0.2185480029296875 0.469087896484375 0.2212001533203125 0.50711657421875 0.221317728515625
1 0.54603105078125 0.1229673486328125 0.540214130859375 0.117989984375 0.52875754296875 0.1181899599609375 0.52356363671875 0.1190619892578125 0.520514103515625 0.123412748046875 0.5122024921875 0.1247298818359375 0.509152958984375 0.129080640625 0.510220646484375 0.220091494140625 0.5544983720703125 0.2200999921875 0.556938525390625 0.210680970703125 0.5559799150390625 0.125919166015625 0.54603105078125 0.1229673486328125
1 0.56596859375 0.2206811474609375 0.5868260244140625 0.221879818359375 0.5998107880859375 0.2196997451171875 0.6018733515625 0.218491689453125 0.604204427734375 0.2028236201171875 0.604430490234375 0.12624551171875 0.5908090771484374 0.121795060546875 0.58867833984375 0.1190974609375 0.5714934580078125 0.1193974248046875 0.5694854326171875 0.12373000390625 0.5627428994140625 0.12541043359375 0.5596660966796875 0.1281989306640625 0.5575531767578125 0.1563650966796875 0.559157888671875 0.218455921875 0.56596859375 0.2206811474609375
1 0.6139393193359375 0.2233599755859375 0.62853406640625 0.2238865927734375 0.6311105673828125 0.2222788818359375 0.6435950283203125 0.221279595703125 0.64771333984375 0.2184729189453125 0.6513665244140625 0.1293330859375 0.633524541015625 0.121830828125 0.61999175390625 0.122457728515625 0.6169217685546875 0.125636791015625 0.60759591796875 0.1285343662109375 0.606231359375 0.13988803515625 0.6044907568359374 0.2192273720703125 0.607142248046875 0.2219158818359375 0.6139393193359375 0.2233599755859375
1 0.691024546875 0.2227958173828125 0.694114984375 0.220788451171875 0.698782408203125 0.13006817578125 0.68938156640625 0.1286695302734375 0.679905734375 0.1229746640625 0.666893701171875 0.123592474609375 0.6544705966796875 0.1281068505859375 0.6524353017578125 0.13087716796875 0.65080223046875 0.1566908505859375 0.6492824189453125 0.21883621484375 0.6514063388671875 0.2211432490234375 0.6629242822265625 0.22445836328125 0.691024546875 0.2227958173828125
1 0.7003514873046875 0.13043147265625 0.69539091796875 0.2043574306640625 0.6951155888671875 0.21842687890625 0.6982946513671875 0.2214968642578125 0.7082230634765625 0.2232769853515625 0.7191384462890625 0.2219144033203125 0.7259355185546875 0.223358498046875 0.73839952734375 0.2211875146484375 0.7404007353515625 0.2164643701171875 0.7438373115234375 0.174601142578125 0.7442039013671875 0.1359169775390625 0.743135125 0.1343728955078125 0.7379207666015625 0.1340732275390625 0.728479021484375 0.1303311884765625 0.72632783203125 0.126461892578125 0.727294349609375 0.1221474931640625 0.7194830390625 0.12228383984375 0.7003514873046875 0.13043147265625
1 0.7411831845703125 0.201604701171875 0.74201071875 0.21917105859375 0.7457173525390625 0.22262251953125 0.749376265625 0.2233400224609375 0.7702336953125 0.2245386923828125 0.78271815625 0.22353940625 0.785822228515625 0.2223131708984375 0.7868091982421875 0.2191704677734375 0.78691409375 0.1953368818359375 0.7915966982421875 0.1651724404296875 0.791572064453125 0.133918109375 0.7488566005859375 0.133882341796875 0.7453953916015625 0.1444912392578125 0.7453586689453126 0.1722304794921875 0.7411831845703125 0.201604701171875
1 0.8295928349609375 0.223111890625 0.8337247802734375 0.2210863447265625 0.8343163427734375 0.195290841796875 0.839808666015625 0.1518289931640625 0.8405433935546875 0.134235365234375 0.838426291015625 0.1323188974609375 0.823290337890625 0.130629673828125 0.81802144140625 0.127205482421875 0.807606361328125 0.1273872783203125 0.794203103515625 0.1354349228515625 0.788517259765625 0.197653005859375 0.7883714599609375 0.2191431982421875 0.7899882607421875 0.222240453125 0.8295928349609375 0.223111890625
1 0.835191599609375 0.215591158203125 0.8373768759765625 0.22141328125 0.844180763671875 0.22324794140625 0.8598170185546875 0.22375637890625 0.8967905537109375 0.22311100390625 0.9049029169921875 0.1506927685546875 0.9056444619140624 0.13348970703125 0.90402084375 0.13000188671875 0.875866041015625 0.128539908203125 0.8659308095703125 0.126369220703125 0.8627517470703125 0.1232992353515625 0.84416821875 0.1330000400390625 0.84072064453125 0.144390068359375 0.837832091796875 0.18780646875 0.835405572265625 0.1980066201171875 0.835191599609375 0.215591158203125
1 0.8992170732421875 0.2129108515625 0.8994011416015625 0.2234561201171875 0.950976240234375 0.2237279267578125 0.9530388037109375 0.22251987109375 0.963686763671875 0.1461505322265625 0.963427705078125 0.13130904296875 0.915450162109375 0.1282396494140625 0.908714447265625 0.1303106435546875 0.8992170732421875 0.2129108515625
1 0.9947195771484375 0.2229643837890625 0.993097048828125 0.1300097939453125 0.9851630263671876 0.1231159609375 0.9742271923828125 0.1233068466796875 0.9716575087890625 0.1253051240234375 0.9661132822265625 0.1359503798828125 0.9613761396484375 0.1629902978515625 0.95643183984375 0.208005318359375 0.9571912021484374 0.221666021484375 0.9619188916015625 0.2239276064453125 0.9749172900390625 0.2225286650390625 0.9947195771484375 0.2229643837890625
1 0 0.3520824013671875 0.0509868759765625 0.351563751953125 0.0530017197265625 0.3476217373046875 0.0527903818359375 0.33551420703125 0.05072363671875 0.30663962890625 0.0461485634765625 0.2832784169921875 0.0473563232421875 0.2629417412109375 0.0426081806640625 0.2595084599609375 0.0113220361328125 0.2577104541015625 0 0.25314232421875 0 0.3520824013671875
1 0.088542521484375 0.3544243759765625 0.10985253125 0.3517083017578125 0.11138070703125 0.349728205078125 0.111155734375 0.33683954296875 0.105098662109375 0.2584176845703125 0.1019877724609375 0.2592533544921875 0.0951702490234375 0.2566375634765625 0.0873930263671875 0.2587267373046875 0.0550994599609375 0.2588997392578125 0.0514950859375 0.2613067607421875 0.0490958359375 0.2730691748046875 0.0551256396484375 0.349928771484375 0.0598533291015625 0.3521903564453125 0.088542521484375 0.3544243759765625
1 0.1687318212890625 0.352633982421875 0.166153775390625 0.2944669912109375 0.1614082685546875 0.2613416416015625 0.152000609375 0.2595524306640625 0.1327327109375 0.2598887529296875 0.1269089736328125 0.2545208232421875 0.1222085537109375 0.2538215009765625 0.115438751953125 0.25393966796875 0.1067222802734375 0.2619055048828125 0.107199494140625 0.28924508984375 0.113477357421875 0.3504729765625 0.11664278515625 0.3527618310546875 0.1687318212890625 0.352633982421875
1 0.2140510546875 0.35262430078125 0.2270835400390625 0.3531781875 0.2291256513671875 0.350798435546875 0.2289893046875 0.342987125 0.223425716796875 0.2629939150390625 0.2197395341796875 0.260714150390625 0.1957643984375 0.259960583984375 0.170761388671875 0.2600063291015625 0.1655947529296875 0.2624406201171875 0.170787568359375 0.351035361328125 0.172904669921875 0.3529518291015625 0.2026217353515625 0.3543865390625 0.2140510546875 0.35262430078125
1 0 0.461774427734375 0.00419028125 0.475836892578125 0.00789009765625 0.4788977880859375 0.0162562490234375 0.4807051787109375 0.0579165693359375 0.4799779951171875 0.0620485146484375 0.47795244921875 0.0619189853515625 0.470531705078125 0.05168224609375 0.39140143359375 0.0271727216796875 0.389875826171875 0.0204370048828125 0.3919468212890625 0.0162096181640625 0.3885044501953125 0.0151067529296875 0.3850075400390625 0.002094720703125 0.3856253505859375 0 0.389096951171875 0 0.461774427734375
1 0.057319279296875 0.415916162109375 0.0656869755859375 0.4774982548828125 0.0876268173828125 0.481022138671875 0.1162546533203125 0.4797410693359375 0.1198522099609375 0.476943482421875 0.117635482421875 0.439476462890625 0.1151502431640625 0.41646945703125 0.1090060908203125 0.39274494921875 0.1074165595703125 0.3912099560546875 0.10010555078125 0.390165517578125 0.0787410029296875 0.3897570673828125 0.076082693359375 0.3866779921875 0.06667503515625 0.38488878125 0.0621109609375 0.3920007685546875 0.057965380859375 0.39324518359375 0.057319279296875 0.415916162109375
1 0.16989340625 0.3893380498046875 0.1204217744140625 0.3902015810546875 0.1152483212890625 0.3922453056640625 0.11445223828125 0.40632384375 0.1209073525390625 0.47770643359375 0.1282319951171875 0.47953200390625 0.1766484833984375 0.4779055224609375 0.1750028671875 0.4134713037109375 0.1731542763671875 0.3970948212890625 0.16989340625 0.3893380498046875
1 0.2260090341796875 0.26177676953125 0.2267862119140625 0.3063012373046875 0.2312359375 0.352324337890625 0.283893447265625 0.3549213583984375 0.2864563134765625 0.3525325166015625 0.28736829296875 0.345093591796875 0.2812362294921875 0.2623755126953125 0.2338067099609375 0.260859291015625 0.2260090341796875 0.26177676953125
1 0.2963097353515625 0.3500164169921875 0.304716791015625 0.354167201171875 0.3427591025390625 0.355065908203125 0.3440623056640625 0.3401971494140625 0.340629455078125 0.2629015380859375 0.3374572099609375 0.2602221181640625 0.33227012109375 0.261484712890625 0.3270421298828125 0.2604039140625 0.3156196279296875 0.2625567177734375 0.289033904296875 0.26145803515625 0.28491559375 0.2642647119140625 0.2900811396484375 0.35129719140625 0.2942539892578125 0.3516150380859375 0.2963097353515625 0.3500164169921875
1 0.3656859140625 0.355447087890625 0.399014169921875 0.3548653408203125 0.4010835517578125 0.3540478505859375 0.398460419921875 0.2634548330078125 0.39530180859375 0.2615565439453125 0.365618830078125 0.2620746630859375 0.3582396484375 0.257124568359375 0.3514834814453125 0.2580238662109375 0.343260494140625 0.2644183515625 0.344364904296875 0.327689962890625 0.3468774140625 0.3522592314453125 0.349001333984375 0.3545662646484375 0.3656859140625 0.355447087890625
1 0.4568530419921875 0.2663424306640625 0.448966740234375 0.2621825576171875 0.4036611416015625 0.262973369140625 0.4016326650390625 0.2661342529296875 0.401377787109375 0.2813753974609375 0.4031461162109375 0.352839794921875 0.415164361328125 0.354974123046875 0.45526923828125 0.3546647744140625 0.4578321044921875 0.3522759326171875 0.4595496181640625 0.3014569677734375 0.4568530419921875 0.2663424306640625
1 0.515691427734375 0.26492471875 0.5052149912109375 0.2615914248046875 0.488244423828125 0.2642317548828125 0.462526796875 0.2631179189453125 0.4594499951171875 0.2659064169921875 0.4599219375 0.352630138671875 0.474036833984375 0.35550923828125 0.510469162109375 0.353701255859375 0.5145874736328125 0.3508945791015625 0.516268265625 0.32781485546875 0.515691427734375 0.26492471875
1 0.5339439970703125 0.3556356083984375 0.5448389267578125 0.3531013291015625 0.5714314677734375 0.3545905771484375 0.5744946357421875 0.35102094921875 0.576491662109375 0.316215169921875 0.575584955078125 0.2642699580078125 0.572433162109375 0.262762234375 0.5469162158203125 0.263207634765625 0.5327604150390625 0.2579851416015625 0.52807362890625 0.2580669501953125 0.5214129033203125 0.2644341650390625 0.5184179091796876 0.27190944921875 0.5169348203125 0.306315572265625 0.518253203125 0.352002646484375 0.5339439970703125 0.3556356083984375
1 0.5849642548828125 0.353963677734375 0.6281936552734375 0.3535997900390625 0.6339014970703125 0.35232810546875 0.635841349609375 0.34408987109375 0.6381299755859375 0.2663037060546875 0.6328747138671875 0.2636606455078125 0.587541845703125 0.2628891962890625 0.58287551171875 0.2641427001953125 0.580401271484375 0.27160889453125 0.5805690693359375 0.3110651005859375 0.577182849609375 0.3259702177734375 0.5802365654296875 0.3517020927734375 0.5849642548828125 0.353963677734375
1 0.67626953125 0.29736328125 0.0048828125 0.0009765625
1 0.69276715234375 0.3524726552734375 0.694145345703125 0.3419001171875 0.697281958984375 0.2828520078125 0.6959473046875 0.2660758701171875 0.689664169921875 0.2642321201171875 0.6542119931640625 0.2625068330078125 0.643831 0.26464145703125 0.641302220703125 0.2689831259765625 0.639189298828125 0.2971492919921875 0.6380607119140626 0.3518648212890625 0.644337029296875 0.353318005859375 0.6902042861328125 0.3548614970703125 0.69276715234375 0.3524726552734375
1 0.7490505791015625 0.264367580078125 0.7412119990234375 0.2629416650390625 0.70527997265625 0.263568861328125 0.6995857646484375 0.26562167578125 0.698159849609375 0.273460255859375 0.6943362314453125 0.352835951171875 0.6964465166015625 0.3543618544921875 0.7453973935546875 0.3535074130859375 0.74737133203125 0.347222005859375 0.7511744990234375 0.2666746142578125 0.7490505791015625 0.264367580078125
1 0.750564029296875 0.3510731220703125 0.75580565625 0.3529350517578125 0.77194903125 0.3526532685546875 0.7798148798828125 0.3556414453125 0.8027007861328125 0.353679232421875 0.8047156298828125 0.3497372177734375 0.808754767578125 0.3125516875 0.8094989482421875 0.265656556640625 0.7922118056640625 0.260098037109375 0.7813168759765625 0.26263231640625 0.757896580078125 0.26382248828125 0.75436037890625 0.2701351650390625 0.7516585302734375 0.2944047646484375 0.74881769921875 0.340555123046875 0.750564029296875 0.3510731220703125
1 0.8614463642578125 0.31710153515625 0.863852431640625 0.3057296865234375 0.8657608330078125 0.2658465556640625 0.8479665703125 0.2610782568359375 0.815707091796875 0.2632040859375 0.812643923828125 0.26677371484375 0.81045601171875 0.2906436591796875 0.8063187958984375 0.352053341796875 0.81835067578125 0.35496880078125 0.8579007119140625 0.3527157138671875 0.859908736328125 0.348383134765625 0.8614463642578125 0.31710153515625
1 0.9093830029296875 0.3178275361328125 0.9132517080078125 0.2708778671875 0.9110868837890626 0.266227439453125 0.9001101455078125 0.2640749326171875 0.8963762412109375 0.2590612099609375 0.8895996220703125 0.2587888115234375 0.88389859765625 0.2604510615234375 0.8797871044921876 0.2636483037109375 0.8720166982421875 0.2661280439453125 0.8694606494140625 0.268907451171875 0.8617667802734374 0.33545811328125 0.8631150693359375 0.3530153818359375 0.9006025400390625 0.3519703505859375 0.9093830029296875 0.3178275361328125
1 0.9141364169921875 0.2618766806640625 0.9131127255859375 0.292758625 0.90557147265625 0.33820966015625 0.9052416044921875 0.349154583984375 0.907913548828125 0.3530147900390625 0.95374671875 0.3526054541015625 0.9552885283203125 0.35140648828125 0.955447962890625 0.3306974267578125 0.9598825068359375 0.3161646943359375 0.965381646484375 0.2730934111328125 0.96527938671875 0.2672349287109375 0.9631486494140625 0.2645373291015625 0.9417841005859375 0.2641288798828125 0.93555550390625 0.265409654296875 0.9297931240234375 0.263556814453125 0.928169505859375 0.260068994140625 0.92610694140625 0.2612770498046875 0.9177339736328125 0.25907909375 0.9141364169921875 0.2618766806640625
1 0.9886440537109376 0.3523870029296875 0.996948849609375 0.3506793046875 0.99546266796875 0.2655360244140625 0.9813614052734375 0.2634380556640625 0.978696279296875 0.2599684150390625 0.97036421484375 0.2601138515625 0.9667871103515625 0.2640831357421875 0.960944466796875 0.3173182119140625 0.957064763671875 0.3337946806640625 0.9567894345703125 0.34786412890625 0.9573715439453125 0.35137012890625 0.9600094013671875 0.3532775078125 0.9886440537109376 0.3523870029296875
1 0.2317624189453125 0.442172583984375 0.2319790283203125 0.394895978515625 0.228827234375 0.3933882548828125 0.2090044951171875 0.39178083984375 0.177245318359375 0.3927258828125 0.1766264853515625 0.416959123046875 0.1802664921875 0.4762796318359375 0.186549626953125 0.4781233818359375 0.2313344716796875 0.4773416591796875 0.234424908203125 0.47533429296875 0.2317624189453125 0.442172583984375
1 0.28718576953125 0.394323025390625 0.280875365234375 0.390917013671875 0.2350762822265625 0.393279177734375 0.23302053515625 0.394877798828125 0.235473234375 0.4757066787109375 0.2402077421875 0.4783588291015625 0.2709731328125 0.480165923828125 0.2886651337890625 0.479075740234375 0.291228 0.4766868984375 0.28718576953125 0.394323025390625
1 0.3439547734375 0.393722802734375 0.338706330078125 0.3914703076171875 0.330881384765625 0.3908255244140625 0.31318256640625 0.391525142578125 0.30532353515625 0.38892753125 0.2954428427734375 0.3898813681640625 0.290317111328125 0.3946590517578125 0.294359341796875 0.4770229248046875 0.3194100732421875 0.479711138671875 0.3449270185546875 0.47926573828125 0.3474830673828125 0.4764863310546875 0.3439547734375 0.393722802734375
1 0.3725553408203125 0.3908794716796875 0.3558162216796875 0.3868741240234375 0.3460377900390625 0.3936864443359375 0.349566083984375 0.4764499716796875 0.3532454482421875 0.4783391708984375 0.3980507451171875 0.4787291455078125 0.400613611328125 0.476340302734375 0.401025287109375 0.4700821650390625 0.398106373046875 0.3923868994140625 0.3725553408203125 0.3908794716796875
1 0.453771423828125 0.477756537109375 0.4561979423828125 0.467556384765625 0.4549230986328125 0.3945206357421875 0.445940751953125 0.3872544169921875 0.4361009638671875 0.3905516474609375 0.41577110546875 0.389734453125 0.4121530966796875 0.39136034375 0.4022655888671875 0.391923615234375 0.3998254345703125 0.40134263671875 0.4001227626953125 0.4482195869140625 0.402723896484375 0.4778662060546875 0.4037858564453125 0.47901972265625 0.453771423828125 0.477756537109375
1 0.5017080615234375 0.4784825380859375 0.508457412109375 0.477192673828125 0.5109998251953125 0.4736321357421875 0.51095055859375 0.411123474609375 0.4958486923828125 0.4113870791015625 0.4823499921875 0.413966806640625 0.47868426171875 0.4128587392578125 0.47492990625 0.4066733193359375 0.476794767578125 0.3941388642578125 0.470470728515625 0.389951720703125 0.4611176083984375 0.3912870341796875 0.4575336865234375 0.394865751953125 0.4571193740234375 0.4308159580078125 0.458451392578125 0.4772841630859375 0.5017080615234375 0.4784825380859375
1 0.5684558359375 0.4527043271484375 0.5684542900390624 0.3929296259765625 0.56581643359375 0.3910222470703125 0.5564224091796875 0.3900141669921875 0.5361607236328125 0.393102626953125 0.534748443359375 0.401722337890625 0.5306983076171875 0.408434669921875 0.5135543291015625 0.4110780263671875 0.513163103515625 0.4185078603515625 0.5136649521484375 0.4771017763671875 0.515247666015625 0.478246203125 0.5657403525390625 0.476192796875 0.5684558359375 0.4527043271484375
1 0.625167666015625 0.4786716494140625 0.62772371484375 0.4758922421875 0.630846693359375 0.4160630009765625 0.62968247265625 0.409051001953125 0.6233652509765625 0.405254423828125 0.623667849609375 0.39274723828125 0.6101077939453124 0.3918118759765625 0.59921286328125 0.3943461552734375 0.583021767578125 0.39189398046875 0.5762928701171876 0.394355541015625 0.57178069921875 0.4342841201171875 0.5735652978515625 0.4768375810546875 0.5845420361328125 0.478990087890625 0.625167666015625 0.4786716494140625
1 0.6861625126953125 0.4217390966796875 0.68486876171875 0.4073063525390625 0.673960197265625 0.4090595 0.6421601162109375 0.407661150390625 0.63176548828125 0.409014642578125 0.630341119140625 0.476627923828125 0.632972158203125 0.4781447373046875 0.6808747099609375 0.47691791015625 0.683437576171875 0.474529068359375 0.6842609287109375 0.46201279296875 0.6861625126953125 0.4217390966796875
1 0.6881311796875 0.474837826171875 0.7095229970703125 0.476808537109375 0.7370888740234375 0.4743739501953125 0.7418218349609375 0.4172513994140625 0.7398368974609375 0.393063607421875 0.7288260732421875 0.3889582724609375 0.712703150390625 0.390411751953125 0.70898969921875 0.3865697255859375 0.7058515400390625 0.3858431337890625 0.696991904296875 0.3856070947265625 0.694936158203125 0.3872057158203125 0.6899467734375 0.3997947099609375 0.6861666943359375 0.45182173046875 0.6859799892578125 0.4709685302734375 0.6881311796875 0.474837826171875
1 0.783476884765625 0.4759083515625 0.7876224638671875 0.4746639375 0.790185330078125 0.4722750947265625 0.7893918828125 0.456661564453125 0.792862544921875 0.4167511650390625 0.7903500361328125 0.392181896484375 0.784060083984375 0.3899475810546875 0.75955055859375 0.388421974609375 0.7527262177734375 0.3854156171875 0.7470592802734375 0.3890306953125 0.7424815712890624 0.39536155078125 0.7375891748046876 0.4731931640625 0.74128217578125 0.475863494140625 0.783476884765625 0.4759083515625
1 0.840712103515625 0.472174515625 0.8434548564453125 0.45024830859375 0.8466255556640625 0.3931530263671875 0.8408359052734375 0.3897379248046875 0.834038833984375 0.388293830078125 0.8033211650390625 0.389220693359375 0.791391544921875 0.3921637177734375 0.7927671015625 0.4112832470703125 0.7899330888671875 0.4578241708984375 0.79126092578125 0.4742097431640625 0.8381560556640625 0.474953923828125 0.840712103515625 0.472174515625
1 0.8487835625 0.3974128876953125 0.84606126171875 0.4205107919921875 0.8460023837890625 0.4469806943359375 0.8432067958984375 0.4658800185546875 0.8454329765625 0.47404553515625 0.8512021748046875 0.4762889404296875 0.886613447265625 0.4756708349609375 0.89070448828125 0.4713018955078125 0.896333158203125 0.435651357421875 0.900420017578125 0.4011997841796875 0.8987145908203125 0.393025177734375 0.88773103515625 0.39048210546875 0.8834831962890625 0.385868037109375 0.8725200927734375 0.3844966611328125 0.8683676943359375 0.3853505107421875 0.8663392177734375 0.3885113935546875 0.851805826171875 0.3914998662109375 0.8487835625 0.3974128876953125
1 0.9545102607421875 0.396348791015625 0.9523386201171875 0.3913077978515625 0.9252457763671875 0.3909993369140625 0.913159357421875 0.384959353515625 0.905855166015625 0.3843054794921875 0.9022371572265625 0.3859313701171875 0.8931105556640625 0.459930046875 0.8922599326171875 0.470884060546875 0.8938767333984375 0.4739813154296875 0.9261975693359376 0.4753705751953125 0.94336881640625 0.4742894814453125 0.9545102607421875 0.396348791015625
1 0.9730995166015625 0.4765053212890625 0.9944027099609375 0.473398681640625 0.9990145048828125 0.46902065234375 0.9976783056640625 0.3924698134765625 0.9918750205078125 0.3882735810546875 0.9923412353515625 0.385139966796875 0.9813917666015625 0.3845497216796875 0.9705445576171875 0.389817958984375 0.9601294775390625 0.3899997548828125 0.9554904130859375 0.392815521484375 0.94522004296875 0.46097389453125 0.9443830556640626 0.4727090400390625 0.946500158203125 0.4746255078125 0.9730995166015625 0.4765053212890625
1 0.9745421591796875 0.58899727734375 0.9807571201171875 0.5869353720703125 0.981485029296875 0.5689511787109375 0.9863312509765625 0.5481603095703125 0.9894856796875 0.51997596484375 0.9861907216796875 0.510266365234375 0.9736653564453125 0.5089222587890625 0.95273975390625 0.50381793359375 0.945449197265625 0.5039451904296876 0.9377401474609375 0.50994001953125 0.929944017578125 0.5706322001953125 0.9296277841796875 0.5823582548828125 0.933889259765625 0.587753453125 0.9745421591796875 0.58899727734375
1 0.8831086982421875 0.5136284072265624 0.87674530078125 0.5668725732421875 0.8765449619140625 0.5852382412109375 0.8786825166015625 0.58832640625 0.900561001953125 0.5883352001953125 0.904165376953125 0.5859281787109375 0.91302501171875 0.5861642177734375 0.915662869140625 0.5880715966796874 0.9265918857421875 0.5874901455078125 0.933662740234375 0.51509008984375 0.9309635283203125 0.5096676220703125 0.9220698056640625 0.5074787548828125 0.905412494140625 0.5081601943359375 0.897539828125 0.504781451171875 0.8939081845703125 0.5056262109375 0.8912771455078125 0.5041093984375 0.8871452001953125 0.5061349443359375 0.8831086982421875 0.5136284072265624
1 0.8799364521484375 0.5109489873046875 0.8726254443359375 0.5099045478515625 0.8646846044921875 0.502620150390625 0.85166575390625 0.50284739453125 0.8470880458984374 0.5091782509765626 0.841935044921875 0.5123936728515625 0.834755111328125 0.5785446806640625 0.835987505859375 0.5894623349609375 0.869302126953125 0.58809945703125 0.87394119140625 0.5852836904296875 0.8815532529296874 0.5140462421875 0.8799364521484375 0.5109489873046875
1 0.8328493466796875 0.5887357431640625 0.8403386962890625 0.510468115234375 0.8382215927734376 0.508551646484375 0.826196529296875 0.50602675390625 0.82404533984375 0.5021574580078125 0.8136370771484375 0.5027298193359375 0.811622234375 0.5066718330078125 0.8080042255859375 0.5082977236328124 0.7954993125 0.5081253134765625 0.79084661328125 0.51015994921875 0.7861477373046875 0.569235328125 0.7865158740234375 0.590325865234375 0.8297452744140625 0.589961978515625 0.8328493466796875 0.5887357431640625
1 0.7313159501953125 0.5912893837890625 0.7813356044921875 0.591979025390625 0.7843715029296875 0.586847134765625 0.786134103515625 0.568454197265625 0.788297380859375 0.513329921875 0.77828716015625 0.5068630146484375 0.7761359716796875 0.50299371875 0.773532201171875 0.50303916796875 0.765734525390625 0.5039566455078125 0.7647271044921875 0.50592765234375 0.755935642578125 0.5095972685546875 0.738757578125 0.5102877978515625 0.7362287978515625 0.514629466796875 0.7352869150390625 0.550198197265625 0.7313159501953125 0.5912893837890625
1 0.6818170498046875 0.59059065234375 0.683399763671875 0.5917350791015625 0.7287189970703125 0.5917253984375 0.7333334287109375 0.5576553017578125 0.7347687958984375 0.52051521875 0.7330361005859375 0.5107783505859375 0.717345306640625 0.5071453896484375 0.7095339970703125 0.507281736328125 0.7038397890625 0.5093345517578125 0.6928289638671875 0.505229216796875 0.6850653759765625 0.5080995224609375 0.68152917578125 0.51441219921875 0.68039640625 0.539045095703125 0.679645408203125 0.58554966015625 0.6818170498046875 0.59059065234375
1 0.677616931640625 0.58871054296875 0.6804467626953125 0.5120869853515625 0.6757190732421875 0.509825400390625 0.6574449619140625 0.5074095849609375 0.652257873046875 0.5086721796875 0.63349709375 0.50821828125 0.62889893359375 0.5133774404296875 0.62658985546875 0.589991908203125 0.6281862041015625 0.591917466796875 0.6412186884765625 0.5924713525390625 0.6760955732421875 0.5910812060546875 0.677616931640625 0.58871054296875
1 0.6255415302734375 0.5896195224609375 0.62749765234375 0.5524703505859375 0.626775013671875 0.5110704072265625 0.600716861328125 0.5103532001953125 0.58817104296875 0.507837396484375 0.579365947265625 0.5107258818359375 0.5773920078125 0.5170112890625 0.5750283916015625 0.590501232421875 0.578721390625 0.5931715625 0.60425197265625 0.5935072939453125 0.6240133544921875 0.591599619140625 0.6255415302734375 0.5896195224609375
1 0.526776609375 0.5120345166015625 0.5242273779296875 0.5152044892578125 0.523060521484375 0.53788455859375 0.522973443359375 0.5925819091796874 0.530291267578125 0.5940169140625 0.5724587080078125 0.592499509765625 0.575476791015625 0.5565038544921875 0.5752271845703125 0.5123608623046875 0.567848001953125 0.507410767578125 0.526776609375 0.5120345166015625
1 0.520390125 0.5937990546875 0.5226446640625 0.5140600625 0.5168686494140625 0.511426091796875 0.4913380673828125 0.5110903603515625 0.476695599609375 0.50782978515625 0.4710695654296875 0.513788255859375 0.4696231982421875 0.520455138671875 0.4703568359375 0.59232828125 0.475104978515625 0.5957615634765625 0.4834370419921875 0.5956161259765625 0.4958874169921875 0.5926640126953125 0.520390125 0.5937990546875
1 0.4679518583984375 0.5142333603515625 0.4637176533203125 0.5104004228515625 0.443949453125 0.5119175322265626 0.4324519609375 0.5097741142578125 0.425100048828125 0.5063862822265625 0.418398419921875 0.5104101044921875 0.41534888671875 0.5147608642578125 0.4167055390625 0.5924833994140625 0.41934339453125 0.5943907783203125 0.4651765654296875 0.59398144140625 0.4677257958984375 0.59081146875 0.4679518583984375 0.5142333603515625
1 0.4151432763671875 0.5925106689453125 0.41324541796875 0.5136255263671875 0.4079765224609375 0.5102013349609374 0.38718044921875 0.51251775390625 0.379314599609375 0.5095295771484375 0.366316201171875 0.5109285185546875 0.3622319775390625 0.5156880224609375 0.3628769892578125 0.582483814453125 0.364643771484375 0.594173509765625 0.3677955654296875 0.5956812333984375 0.4130943466796875 0.59449985546875 0.4151432763671875 0.5925106689453125
1 0.3522422080078125 0.5103928115234375 0.3371812470703125 0.51299980859375 0.317886078125 0.511773869140625 0.31115036328125 0.5138448642578125 0.3070525048828125 0.5178232373046875 0.3074793623046875 0.5721209326171875 0.3109992919921875 0.594719193359375 0.3151857763671875 0.595818171875 0.360998494140625 0.594237138671875 0.359607755859375 0.514561775390625 0.3522422080078125 0.5103928115234375
1 0.2954868388671875 0.5117741650390625 0.2517775888671875 0.51449053515625 0.24921472265625 0.516879376953125 0.25264757421875 0.59417498828125 0.265172939453125 0.595519095703125 0.3052778154296875 0.5952097470703125 0.306731 0.5889334287109375 0.3024721611328125 0.553846162109375 0.3038666240234375 0.5143626865234375 0.2954868388671875 0.5117741650390625
1 0.248501994140625 0.5954194033203125 0.25054410546875 0.5930396513671875 0.2503941240234375 0.5844472099609375 0.2465973193359375 0.5161436953125 0.2449873349609375 0.513437005859375 0.241314787109375 0.511938373046875 0.22309521484375 0.5126470810546875 0.2173941904296875 0.5143093310546875 0.1975850849609375 0.513483046875 0.1934599580078125 0.515899158203125 0.1919590517578125 0.5194415166015625 0.1915583740234375 0.5561728544921875 0.1964061416015625 0.5951566865234375 0.248501994140625 0.5954194033203125
1 0.125980091796875 0.529578927734375 0.1328537001953125 0.5950939443359375 0.1511278125 0.5975097607421875 0.1870325693359375 0.595320302734375 0.1905346826171875 0.587054798828125 0.19141257421875 0.577663046875 0.1866602509765625 0.5441471318359375 0.1866057119140625 0.541022607421875 0.189675697265625 0.537843544921875 0.1872927177734375 0.520695021484375 0.183531544921875 0.5141190361328125 0.1793177919921875 0.5114577958984375 0.1365409716796875 0.5079069384765625 0.132922962890625 0.5095328291015625 0.126796626953125 0.5166720859375 0.125980091796875 0.529578927734375
1 0.0725348603515625 0.601225712890625 0.0866020361328125 0.601370853515625 0.1245898095703125 0.5991450361328124 0.129208421875 0.5951575732421875 0.1296610029296875 0.591242828125 0.123253609375 0.522594197265625 0.120554396484375 0.5171717294921875 0.11635427734375 0.5152916201171875 0.1012183251953125 0.513602396484375 0.082477998046875 0.5143201943359375 0.077250005859375 0.513239396484375 0.0678832509765625 0.513793578125 0.0627847880859375 0.5201335244140625 0.0693762490234375 0.599327423828125 0.0725348603515625 0.601225712890625
1 0.05481558984375 0.600753634765625 0.0678139873046875 0.599354693359375 0.0691308251953125 0.5852670654296875 0.06122934375 0.520551359375 0.06414934765625 0.5087798544921875 0.059949228515625 0.50689974609375 0.0501367109375 0.51175923828125 0.027271255859375 0.5148931474609375 0.015280279296875 0.51432108203125 0.0090585 0.5159924208984376 0.007023205078125 0.5187627392578125 0.01573176953125 0.599873107421875 0.0193974990234375 0.6009811748046875 0.05481558984375 0.600753634765625
1 0.023927943359375 0.7411578330078125 0.073879423828125 0.7379418193359375 0.0769494091796875 0.7347627568359375 0.0767039853515625 0.7207023984375 0.0671447978515625 0.6505460439453125 0.0629651318359375 0.649837630859375 0.056750169921875 0.6518995361328125 0.04209406640625 0.647857830078125 0.02802007421875 0.647322123046875 0.019194525390625 0.649038912109375 0.008908974609375 0.6566414521484375 0.0069350361328125 0.662926859375 0.01868631640625 0.7392959033203125 0.023927943359375 0.7411578330078125
1 0.077518974609375 0.6480208544921875 0.0728867265625 0.6512271875 0.0718997578125 0.654369890625 0.0716312451171875 0.668829904296875 0.0759787099609375 0.7089945224609375 0.0792804853515625 0.7190946875 0.0794986396484375 0.731592783203125 0.0821501318359375 0.73428129296875 0.088960837890625 0.7365065185546875 0.1342391669921875 0.7341534443359375 0.1289849951171875 0.64204361328125 0.123345326171875 0.647220953125 0.11711673046875 0.6485017265625 0.106694833984375 0.64829295703125 0.103035919921875 0.647575455078125 0.10090518359375 0.64487785546875 0.09675278515625 0.645731705078125 0.0904764677734375 0.6442785205078125 0.077518974609375 0.6480208544921875
1 0.1294349404296875 0.6678209365234375 0.1363153662109375 0.73372651953125 0.189466361328125 0.7347521884765625 0.1915221083984375 0.7331535673828125 0.1878574677734375 0.642578728515625 0.1841371982421875 0.63834613671875 0.1804919208984375 0.638409765625 0.1717140927734375 0.6428605126953125 0.1644371728515625 0.643768900390625 0.164416720703125 0.6425972041015625 0.1560710205078125 0.641961509765625 0.1550499658203125 0.6431513857421876 0.146163060546875 0.6413530849609375 0.1332396533203125 0.6470482470703125 0.1301901201171875 0.651399005859375 0.1294349404296875 0.6678209365234375
1 0.193077552734375 0.732735732421875 0.1993606875 0.734579482421875 0.214990125 0.734697353515625 0.248798232421875 0.7317631240234375 0.246811748046875 0.6478006298828125 0.24365313671875 0.6459023408203125 0.2295723271484375 0.6449760693359375 0.219739357421875 0.648663865234375 0.2087967060546875 0.648464185546875 0.2046102216796875 0.64736520703125 0.201917826171875 0.6423333046875 0.1993822294921875 0.646284408203125 0.190117734375 0.652697072265625 0.19035370703125 0.69605893359375 0.193077552734375 0.732735732421875
1 0.248887947265625 0.647373705078125 0.2519023037109375 0.730536888671875 0.25505409765625 0.7320446123046875 0.2644072177734375 0.730709298828125 0.30399815625 0.73079960546875 0.306033451171875 0.7280292880859375 0.3039871572265625 0.70032640625 0.3045268173828125 0.6417143115234375 0.3008542705078125 0.640215677734375 0.295146427734375 0.6414873623046875 0.2924608505859375 0.636846025390625 0.2846359052734375 0.6362012412109375 0.278968966796875 0.639816318359375 0.2732543076171875 0.6406974365234375 0.257618052734375 0.640189 0.250388853515625 0.6438313466796876 0.248887947265625 0.647373705078125
1 0.30622542578125 0.6494983515625 0.3065841103515625 0.6998903916015625 0.3096650947265625 0.7271845283203126 0.3143859677734375 0.7290555478515625 0.325849373046875 0.7292461376953125 0.342486232421875 0.727393001953125 0.356560224609375 0.727928708984375 0.3617404951171875 0.726275548828125 0.36021341015625 0.6387888759765625 0.352813775390625 0.6326670849609375 0.3460439736328125 0.632785251953125 0.336251908203125 0.6388164404296875 0.3299892255859375 0.63814438671875 0.326891970703125 0.6397611875 0.316476890625 0.639942984375 0.3092204208984375 0.642023068359375 0.30622542578125 0.6494983515625
1 0.3633027568359375 0.726248279296875 0.36700257421875 0.7293091748046875 0.4133496806640625 0.72850018359375 0.416392396484375 0.7237588583984375 0.4154610556640625 0.6405593154296875 0.4101989775390625 0.637525689453125 0.4029220556640625 0.638434078125 0.4002910166015625 0.6369172646484375 0.382564927734375 0.63605462109375 0.3758223955078125 0.63773505078125 0.37214303125 0.6358458515625 0.371560919921875 0.6323398515625 0.37160182421875 0.6346832451171875 0.36339247265625 0.641858861328125 0.3619529228515625 0.6489163095703125 0.3633027568359375 0.726248279296875
1 0.4713128095703125 0.706782154296875 0.470640529296875 0.6384241015625 0.4653852666015625 0.6357810400390626 0.452332330078125 0.6340554580078125 0.4258011455078125 0.6360812998046875 0.4206413271484375 0.63890615625 0.4166389111328125 0.6483524462890625 0.4174679921875 0.7256935068359375 0.4216885615234375 0.7287453125 0.4675012802734375 0.727164279296875 0.470530361328125 0.7216418232421875 0.4713128095703125 0.706782154296875
1 0.476881669921875 0.727391228515625 0.5221599990234375 0.725038154296875 0.5237018095703125 0.7238391884765625 0.526267310546875 0.6917582783203124 0.5271205693359375 0.6511121962890625 0.5253128828125 0.637079107421875 0.5205033837890625 0.630130736328125 0.51058860546875 0.62913174609375 0.5007556357421875 0.632819541015625 0.4794251728515625 0.634363919921875 0.475813982421875 0.6363803759765625 0.4733670107421875 0.6454088310546875 0.4724046748046875 0.679805865234375 0.47268155078125 0.725511119140625 0.476881669921875 0.727391228515625
1 0.5747697880859375 0.7249012158203125 0.57838098046875 0.722884759765625 0.5821201552734375 0.6685143466796875 0.5818270087890625 0.651720029296875 0.5778340458984375 0.6318648173828125 0.573606658203125 0.6284224462890625 0.5683854833984375 0.627732212890625 0.54187475 0.6309297509765625 0.53499587109375 0.6247988701171875 0.52895816015625 0.637015478515625 0.5276617744140625 0.652274802734375 0.5252640712890625 0.7238119189453125 0.5305056982421875 0.7256738486328125 0.5747697880859375 0.7249012158203125
1 0.5852583134765625 0.6692409384765625 0.5823792138671875 0.6833558359375 0.5840547353515625 0.719660248046875 0.5887960595703124 0.7227029638671875 0.6126962060546876 0.7191603095703125 0.6335263662109375 0.7187967177734375 0.6371171044921875 0.715608564453125 0.6396579736328125 0.65227332421875 0.63838467578125 0.6390122763671875 0.6331225966796875 0.635978650390625 0.6023640234375 0.63456212109375 0.5831029423828125 0.6352890087890625 0.5816224892578125 0.640003064453125 0.5855200087890625 0.654390359375 0.5852583134765625 0.6692409384765625
1 0.696462609375 0.7134006318359375 0.699415154296875 0.6438072529296875 0.6876654208984375 0.627212912109375 0.6875972470703124 0.6233072568359375 0.64653948828125 0.62871213671875 0.642880576171875 0.627994634765625 0.6409858095703125 0.6686588955078125 0.641262685546875 0.7143641494140625 0.6439823505859374 0.720958314453125 0.6653537158203126 0.7217573291015625 0.6934471630859375 0.71970421875 0.696462609375 0.7134006318359375
1 0.72705078125 0.677734375 0.0029296875 0.0009765625
1 0.7028763642578125 0.6331983564453125 0.701409544921875 0.6386935419921875 0.7031532392578125 0.6789036103515625 0.7000465322265625 0.7098219130859375 0.7017110546875 0.715653126953125 0.7059248076171875 0.7183143671875 0.7147912607421875 0.7189409716796875 0.753333875 0.7186588916015625 0.755896740234375 0.7162700498046874 0.76077968359375 0.667739939453125 0.7613167080078125 0.638819912109375 0.759706724609375 0.6361132236328125 0.7517386162109375 0.6272665634765625 0.74649698828125 0.6254046337890625 0.740268392578125 0.626685408203125 0.733566763671875 0.63070923046875 0.7064602861328125 0.6296196376953125 0.7028763642578125 0.6331983564453125
1 0.7623309462890625 0.637239470703125 0.7623214931640625 0.6665409736328125 0.75747263671875 0.717023912109375 0.75906216796875 0.718558904296875 0.774177669921875 0.719076431640625 0.80178444921875 0.7189852373046876 0.8095753076171875 0.7176771943359375 0.8116106015625 0.714906876953125 0.815506576171875 0.6695194697265625 0.8144540693359374 0.6390644501953126 0.8059243017578125 0.6278834873046875 0.8006963095703125 0.6268026884765625 0.7892942607421874 0.6301271875 0.766381083984375 0.630527138671875 0.7601593046875 0.632198478515625 0.7623309462890625 0.637239470703125
1 0.814248458984375 0.7168142548828125 0.859060572265625 0.717594794921875 0.8641931220703125 0.71320767578125 0.8703315458984375 0.6470748486328125 0.86911960546875 0.637328890625 0.8643373759765625 0.63194278125 0.8512571689453124 0.6286549365234375 0.815839080078125 0.6288824775390625 0.81172076953125 0.631689154296875 0.816036783203125 0.640208876953125 0.81723508984375 0.6491737041015625 0.812658927734375 0.7152792626953125 0.814248458984375 0.7168142548828125
1 0.89917335546875 0.6282092412109375 0.8751982197265625 0.6274556748046874 0.87224412890625 0.6372743515625 0.8686617529296875 0.700627771484375 0.87456048046875 0.710291921875 0.8803433134765625 0.7133164580078125 0.8928209580078125 0.7119266064453125 0.901098482421875 0.7086566455078125 0.90890979296875 0.708520298828125 0.916227619140625 0.7099553037109375 0.9220240869140625 0.713760970703125 0.92878025390625 0.7128616728515625 0.9363786806640625 0.6408430927734375 0.9341456826171874 0.6322870107421875 0.9283833017578125 0.6304341708984375 0.92043564453125 0.6227592080078125 0.9141865966796875 0.62286828515625 0.9085264755859375 0.6268739287109375 0.89917335546875 0.6282092412109375
1 0.9321732900390625 0.6983471201171875 0.934001427734375 0.7135519052734375 0.9382083642578125 0.715822580078125 0.94446423046875 0.716104068359375 0.9882007490234375 0.7149499599609375 0.997313716796875 0.64017015234375 0.995669646484375 0.6355106357421875 0.985097767578125 0.6267094248046875 0.9803700771484375 0.62444783984375 0.9652682099609375 0.6247114443359375 0.956469931640625 0.6279904951171875 0.94085412890625 0.62865375390625 0.93724975390625 0.631060775390625 0.9370698681640625 0.650598140625 0.93376545703125 0.670190044921875 0.9321732900390625 0.6983471201171875
1 0.0329364697265625 0.8394530830078125 0.0574187265625 0.839416427734375 0.067347138671875 0.8411965498046875 0.0777349501953125 0.8394524912109375 0.1120978974609375 0.838462 0.1167505966796875 0.8364273642578125 0.117965173828125 0.81648125390625 0.1170831005859375 0.7957903720703124 0.1149523623046875 0.7930927724609375 0.0987817197265625 0.7918122939453125 0.05714866796875 0.7941017392578125 0.0487757001953125 0.791903783203125 0.029027951171875 0.7945925888671875 0.030717107421875 0.8316781318359375 0.0329364697265625 0.8394530830078125
1 0.0390370830078125 0.8905262666015625 0.0895774912109375 0.891206818359375 0.09788228515625 0.889499119140625 0.1234060498046875 0.88944428515625 0.124927408203125 0.8870736220703125 0.1226288720703125 0.8449198173828125 0.118387849609375 0.8406963154296875 0.1064241416015625 0.84168651171875 0.063140203125 0.838925875 0.0605773369140625 0.841314716796875 0.0553902490234375 0.8425773115234375 0.0392196044921875 0.8412968330078126 0.032477072265625 0.8429772626953125 0.0363992265625 0.8886188876953125 0.0390370830078125 0.8905262666015625
1 0.11389985546875 0.7626377529296875 0.084751265625 0.763927912109375 0.0670183603515625 0.762674703125 0.030592849609375 0.7648732509765624 0.02697483984375 0.7664991416015625 0.02996719921875 0.7887159267578125 0.0342014052734375 0.79254886328125 0.11493191015625 0.791921076171875 0.11853628515625 0.7895140537109375 0.1181340615234375 0.766470689453125 0.11389985546875 0.7626377529296875
1 0.2063543720703125 0.8368167470703125 0.204522052734375 0.7915293271484375 0.1639577783203125 0.79536285546875 0.1337267763671875 0.7943278017578125 0.1207420126953125 0.7965078740234375 0.121457833984375 0.837517251953125 0.12568522265625 0.840959623046875 0.1356136357421875 0.8427397451171875 0.1845440595703125 0.840713607421875 0.2017016728515625 0.8388513828125 0.2063543720703125 0.8368167470703125
1 0.2099519296875 0.8340191591796875 0.2126238720703125 0.837879365234375 0.233508572265625 0.8406402978515625 0.25276965234375 0.83991341015625 0.26426714453125 0.8420568271484375 0.28870849609375 0.839676779296875 0.2995625224609375 0.834799107421875 0.3036058427734375 0.8276962099609375 0.3038607197265625 0.8124550654296875 0.3010524287109375 0.8007835498046875 0.3020189462890625 0.7964691494140625 0.2982577744140625 0.7898931640625 0.28002456640625 0.7898207421875 0.2639220966796875 0.7924459189453125 0.2082014169921875 0.7934185263671875 0.2099519296875 0.8340191591796875
1 0.247034541015625 0.83962283203125 0.23457053125 0.841793814453125 0.22151077734375 0.8396776669921875 0.2137199189453125 0.8409857099609375 0.2161138974609375 0.8886074326171876 0.2291736513671875 0.8907235810546875 0.2822837431640625 0.8894058564453124 0.2968580380859375 0.8887607763671875 0.30304573046875 0.885136609375 0.3055131533203125 0.877279849609375 0.307118955078125 0.8499039052734375 0.3054748857421875 0.845244388671875 0.3063936806640625 0.8381960302734375 0.3026325078125 0.831620044921875 0.297527228515625 0.83756942578125 0.286639115234375 0.84049426953125 0.2684331767578125 0.841984109375 0.25695613671875 0.8410123876953125 0.2538520654296875 0.842238623046875 0.247034541015625 0.83962283203125
1 0.2100882763671875 0.8418304697265625 0.2043395302734375 0.8407587607421875 0.1371895322265625 0.8434936064453125 0.1257465791015625 0.844474712890625 0.1237249189453125 0.848026162109375 0.1253322666015625 0.8804249189453125 0.128106470703125 0.890143607421875 0.179160814453125 0.8904245048828126 0.212982556640625 0.8882714052734375 0.2116778076171875 0.8433654619140625 0.2100882763671875 0.8418304697265625
1 0.354384857421875 0.8420465546875 0.384054201171875 0.8407473056640625 0.3960042744140625 0.838975978515625 0.4032198388671875 0.8345525009765625 0.399379494140625 0.7935976611328125 0.3956728603515625 0.7901462001953125 0.3082679951171875 0.796360072265625 0.3079926650390625 0.81042951953125 0.3132384736328125 0.8423740830078125 0.3231600693359375 0.8437636396484375 0.3439493251953125 0.841056654296875 0.354384857421875 0.8420465546875
1 0.405953138671875 0.8419277958984375 0.4032607431640625 0.8368958935546875 0.3246337060546875 0.8386590185546875 0.3230305400390625 0.83634289453125 0.3189735849609375 0.8426646611328125 0.3195666943359375 0.8766438603515625 0.3244511826171875 0.887888451171875 0.3832963857421875 0.8868613046875 0.4061822939453125 0.884899091796875 0.406617056640625 0.85012058203125 0.405953138671875 0.8419277958984375
1 0.422055609375 0.839302619140625 0.4387333720703125 0.839792876953125 0.444427580078125 0.8377400615234375 0.451745404296875 0.83917506640625 0.4798593037109375 0.83829365234375 0.491261353515625 0.83496915234375 0.4926694521484375 0.79626680859375 0.4894494853515625 0.7908534306640626 0.472298689453125 0.793106220703125 0.4384224091796875 0.7921347958984375 0.405635359375 0.7938791494140625 0.405414568359375 0.81107312109375 0.409509791015625 0.83678681640625 0.422055609375 0.839302619140625
1 0.48747445703125 0.886605607421875 0.4916132197265625 0.884970626953125 0.4946695703125 0.88101043359375 0.4945154072265625 0.8423353583984375 0.491863916015625 0.8396468486328125 0.4876842490234375 0.8389384365234375 0.47469266796875 0.840727943359375 0.4132368779296875 0.8414099736328124 0.410139623046875 0.8430267744140625 0.4118723193359375 0.852763642578125 0.4089386806640625 0.863754015625 0.4103415078125 0.8844358076171875 0.4176866025390625 0.8874330751953124 0.48747445703125 0.886605607421875
1 0.499018125 0.8317082822265625 0.5006144736328125 0.83363383984375 0.510556521484375 0.8361950927734375 0.531420767578125 0.837784328125 0.5491264052734375 0.837475275390625 0.55170972265625 0.8362581298828125 0.569956564453125 0.83711168359375 0.57926878125 0.8334329775390625 0.5812658076171875 0.7986271982421875 0.579560380859375 0.790452591796875 0.540997314453125 0.789562974609375 0.5019612158203125 0.79141640625 0.498870779296875 0.7934237724609375 0.50034859765625 0.81840178515625 0.499018125 0.8317082822265625
1 0.667003513671875 0.816274181640625 0.668109013671875 0.7900790234375 0.66280603125 0.7847020048828125 0.585254587890625 0.78839977734375 0.58274626171875 0.793913142578125 0.5844831376953125 0.8337326455078125 0.6407450224609375 0.8339226435546875 0.652167525390625 0.8317698408203125 0.659485349609375 0.833204845703125 0.66415168359375 0.8319513408203125 0.667003513671875 0.816274181640625
1 0.70556640625 0.78759765625 0.0009765625 0.0009765625
1 0.7284483056640625 0.7851189521484375 0.7024515087890625 0.7879168349609375 0.701382732421875 0.7863727529296874 0.6867811669921875 0.7854555703125 0.6790516650390624 0.790278703125 0.6791198388671875 0.7941843583984375 0.6823261708984375 0.79881660546875 0.6696209189453125 0.8170098642578125 0.6703666455078126 0.829889435546875 0.6724019404296875 0.8271191181640625 0.6787123447265625 0.8305251298828125 0.686030169921875 0.831960134765625 0.72250340234375 0.8324955458984376 0.7469652060546875 0.8312871943359375 0.7536941044921875 0.8288256337890625 0.7545541796875 0.7885701171875 0.749717412109375 0.780059484375 0.739404591796875 0.7860997626953125 0.7357456796875 0.7853822607421875 0.731606916015625 0.7870172412109375 0.7284483056640625 0.7851189521484375
1 0.7536301123046875 0.85500261328125 0.7561043525390625 0.8475364189453125 0.7558793798828125 0.8346477578125 0.75372819140625 0.8307784619140625 0.744381888671875 0.83250433984375 0.67356616015625 0.8341311171875 0.670516626953125 0.838481876953125 0.671739568359375 0.8787010341796875 0.687396275390625 0.88038116796875 0.749886755859375 0.879290392578125 0.75400506640625 0.8764837158203125 0.7536301123046875 0.85500261328125
1 0.62801668359375 0.8806362734375 0.6639759794921875 0.88157133984375 0.66915625 0.8799181796875 0.669941333984375 0.8353664423828125 0.6673034775390625 0.833459064453125 0.65634719140625 0.8324782529296875 0.5907662724609375 0.8355763955078125 0.5876758359375 0.83758376171875 0.586791126953125 0.846584947265625 0.5862541025390625 0.875504974609375 0.5905155771484375 0.8809001728515625 0.604603205078125 0.8822170107421875 0.62801668359375 0.8806362734375
1 0.5819475419921875 0.8376837490234375 0.5751641044921875 0.83702078515625 0.55072275390625 0.8394008330078125 0.5350728642578125 0.8381112646484375 0.5288510849609375 0.8397826044921874 0.5022721787109375 0.8390744873046875 0.49867462109375 0.8418720751953125 0.49830803125 0.8805562392578125 0.50148027734375 0.8832356591796875 0.5743858369140625 0.881963087890625 0.584239259765625 0.8794469892578125 0.5819475419921875 0.8376837490234375
1 0.804348861328125 0.77637109765625 0.8033278056640625 0.7775609736328125 0.78763701171875 0.7739280126953125 0.776234962890625 0.77725251171875 0.773556201171875 0.773001740234375 0.7704112255859376 0.7718845830078125 0.7699177412109375 0.7734559345703125 0.7662860966796875 0.7743006943359375 0.763100216796875 0.7708401435546876 0.7564463095703124 0.777597923828125 0.7568826201171875 0.8025941162109375 0.7590269921875 0.8060728466796875 0.7567027333984375 0.8221314814453125 0.7578192314453125 0.8264095224609375 0.7651234228515625 0.827063396484375 0.79163415625 0.8238658583984375 0.8333285634765625 0.8250915029296875 0.8353843095703125 0.823492880859375 0.83998510546875 0.7886416533203126 0.8398351240234375 0.7800492119140625 0.8361080380859375 0.7754260546875 0.8287561259765625 0.77203822265625 0.8256793232421875 0.7748267197265625 0.811111845703125 0.775862365234375 0.8100907900390625 0.7770522412109375 0.804348861328125 0.77637109765625
1 0.894289322265625 0.7662061220703125 0.8817162353515625 0.762128056640625 0.8754603701171875 0.761846568359375 0.8609406142578125 0.765616171875 0.854664296875 0.76416298828125 0.835944421875 0.766052482421875 0.84189087109375 0.7784505908203125 0.8388250673828125 0.811712287109375 0.840537310546875 0.820277458984375 0.848375890625 0.8217033740234375 0.8692060517578125 0.8213397822265625 0.8863704814453125 0.819868123046875 0.896230720703125 0.8177425888671875 0.9013905390625 0.814917732421875 0.910791380859375 0.8163163779296875 0.914796431640625 0.77717801953125 0.9119745078125 0.7647253720703125 0.908815896484375 0.762827083984375 0.9057118251953125 0.7640533193359375 0.9020256416015625 0.7617735546875 0.899483228515625 0.7653340927734374 0.894289322265625 0.7662061220703125
1 1 0.7659017119140625 0.9958090849609375 0.762871349609375 0.9785628466796875 0.7596562236328125 0.9639885517578125 0.7603013037109375 0.956211328125 0.7623904775390625 0.9447342880859375 0.7614187568359375 0.927049103515625 0.762899505859375 0.9192718798828124 0.7649886806640624 0.917770974609375 0.7685310400390625 0.919449130859375 0.7751433837890624 0.915919748046875 0.7818466259765625 0.913629576171875 0.799858087890625 0.914923326171875 0.81429083203125 0.9196782861328126 0.8181146796875 0.9364446748046875 0.8236822880859375 0.9447835556640625 0.8239274169921875 0.9593305810546875 0.8217200751953125 0.973425025390625 0.823427478515625 0.9785984794921875 0.8213837529296875 1 0.820380216796875 1 0.7659017119140625
1 1 0.8294481689453125 0.9968862255859375 0.8245807001953125 0.9900823369140626 0.8227460400390625 0.9512196494140625 0.8245964443359375 0.9301956259765625 0.8237913662109375 0.925536109375 0.8254354365234375 0.92201354296875 0.832529244140625 0.918426986328125 0.8658000302734375 0.92476466015625 0.8707683046875 0.9872346884765625 0.86850583203125 0.99757477734375 0.86402781640625 1 0.864288068359375 1 0.8415958515625 0.99760468359375 0.835898009765625 1 0.8298542509765625 1 0.8294481689453125
1 0.839333732421875 0.8706967685546875 0.8934989677734375 0.8701419951171875 0.9143018583984375 0.8682161416015625 0.9188454794921875 0.8599324580078125 0.922513845703125 0.8313484580078125 0.921856744140625 0.8235462373046875 0.9191984365234375 0.820467162109375 0.9097839599609375 0.8182873857421875 0.854631755859375 0.8219848623046875 0.8468954365234375 0.8264174296875 0.8443598408203125 0.8303685341796875 0.8416648095703125 0.85502869921875 0.83764194140625 0.8633032939453125 0.839333732421875 0.8706967685546875
0 0.782105330078125 0.874821169921875 0.82065476171875 0.87492965625 0.8326048349609375 0.8731583291015625 0.8356952724609376 0.871150962890625 0.840241529296875 0.8331752109375 0.837555951171875 0.8285338740234375 0.83127281640625 0.8266901240234374 0.78854371875 0.825873224609375 0.7672200732421876 0.82780816796875 0.7589220966796875 0.8299064326171876 0.7568868017578125 0.83267675 0.7560199091796875 0.872541701171875 0.7581710986328125 0.8764109970703124 0.782105330078125 0.874821169921875
0 0.857421875 0.2265625 0.8984375 0.2255859375 0.904296875 0.2275390625 0.90625 0.2314453125 0.90625 0.23828125 0.90234375 0.2421875 0.8583984375 0.2431640625 0.8564453125 0.2353515625 0.857421875 0.2275390625
0 0.66796875 0.224609375 0.705078125 0.2265625 0.7080078125 0.2294921875 0.7080078125 0.240234375 0.7041015625 0.2431640625 0.6591796875 0.2431640625 0.658203125 0.2294921875 0.66015625 0.2265625 0.6669921875 0.224609375
0 0.9404296875 0.8720703125 0.9482421875 0.873046875 0.951171875 0.8876953125 0.939453125 0.890625 0.9091796875 0.890625 0.9072265625 0.8876953125 0.908203125 0.873046875 0.939453125 0.8720703125
0 0.1806640625 0.2197265625 0.2197265625 0.2197265625 0.2275390625 0.2216796875 0.228515625 0.2373046875 0.21875 0.2392578125 0.177734375 0.23828125 0.1748046875 0.234375 0.1748046875 0.22265625 0.1796875 0.2197265625
0 0.25 0.357421875 0.2607421875 0.3642578125 0.2578125 0.3740234375 0.2529296875 0.3759765625 0.20703125 0.3759765625 0.2041015625 0.3740234375 0.205078125 0.357421875 0.2490234375 0.357421875
0 0.486328125 0.482421875 0.5048828125 0.482421875 0.5068359375 0.484375 0.5068359375 0.4990234375 0.5009765625 0.5009765625 0.4599609375 0.4990234375 0.4599609375 0.4853515625 0.4638671875 0.4833984375 0.4853515625 0.482421875
0 0.87109375 0.478515625 0.88671875 0.4794921875 0.888671875 0.4951171875 0.88671875 0.4970703125 0.869140625 0.498046875 0.8427734375 0.49609375 0.8408203125 0.484375 0.84375 0.4794921875 0.8701171875 0.478515625
0 0.25 0.2197265625 0.26953125 0.2216796875 0.2958984375 0.220703125 0.2998046875 0.2236328125 0.2998046875 0.2373046875 0.296875 0.2392578125 0.2744140625 0.240234375 0.25 0.2392578125 0.24609375 0.236328125 0.244140625 0.2265625 0.2451171875 0.2216796875 0.2490234375 0.220703125
0 0 0.21875 0.0048828125 0.2197265625 0.0078125 0.224609375 0.005859375 0.236328125 0 0.236328125 0 0.2197265625
0 0.5107421875 0.884765625 0.5322265625 0.884765625 0.53515625 0.88671875 0.5361328125 0.8916015625 0.53515625 0.90234375 0.5126953125 0.9033203125 0.4912109375 0.90234375 0.490234375 0.8916015625 0.4921875 0.8876953125 0.509765625 0.884765625
0 0.9912109375 0.2294921875 0.9951171875 0.2294921875 0.9951171875 0.2451171875 0.9912109375 0.2431640625 0.9912109375 0.23046875
0 0.3369140625 0.3564453125 0.3720703125 0.3583984375 0.375 0.3603515625 0.3759765625 0.3720703125 0.375 0.3759765625 0.3720703125 0.376953125 0.33203125 0.3779296875 0.3173828125 0.376953125 0.3154296875 0.359375 0.3173828125 0.357421875 0.3359375 0.3564453125
0 0.6591796875 0.35546875 0.689453125 0.3564453125 0.69140625 0.359375 0.6904296875 0.388671875 0.6875 0.4033203125 0.6845703125 0.4072265625 0.66796875 0.41015625 0.62890625 0.4072265625 0.6259765625 0.404296875 0.6298828125 0.37890625 0.6298828125 0.357421875 0.6337890625 0.35546875 0.658203125 0.35546875
0 0.0849609375 0.3564453125 0.103515625 0.359375 0.103515625 0.3740234375 0.1015625 0.375 0.0634765625 0.375 0.0537109375 0.3740234375 0.0517578125 0.3720703125 0.052734375 0.357421875 0.083984375 0.3564453125
0 0.3955078125 0.22265625 0.4150390625 0.2255859375 0.4150390625 0.240234375 0.412109375 0.2421875 0.3662109375 0.2421875 0.365234375 0.224609375 0.39453125 0.22265625
0 0.966796875 0.4794921875 0.978515625 0.48046875 0.98046875 0.494140625 0.978515625 0.49609375 0.9599609375 0.4970703125 0.9375 0.49609375 0.9345703125 0.4921875 0.9345703125 0.4814453125 0.9658203125 0.4794921875
0 0.6162109375 0.4794921875 0.62109375 0.4814453125 0.62109375 0.4951171875 0.6123046875 0.498046875 0.5771484375 0.4970703125 0.57421875 0.4931640625 0.57421875 0.484375 0.5751953125 0.4814453125 0.580078125 0.48046875 0.615234375 0.4794921875
0 0.5302734375 0.35546875 0.5322265625 0.357421875 0.5341796875 0.37109375 0.5341796875 0.4052734375 0.5302734375 0.4091796875 0.5126953125 0.4091796875 0.48828125 0.4130859375 0.48046875 0.4130859375 0.4755859375 0.408203125 0.4765625 0.3935546875 0.4736328125 0.3837890625 0.47265625 0.359375 0.4990234375 0.35546875 0.529296875 0.35546875
0 0.03515625 0.236328125 0.03515625 0.2216796875 0.037109375 0.2197265625 0.0498046875 0.21875 0.0849609375 0.2197265625 0.087890625 0.2236328125 0.087890625 0.2353515625 0.0859375 0.2373046875 0.0361328125 0.236328125
0 0.7275390625 0.880859375 0.7294921875 0.8828125 0.73046875 0.8935546875 0.7099609375 0.8974609375 0.6865234375 0.8974609375 0.6845703125 0.8837890625 0.6865234375 0.8818359375 0.7265625 0.8818359375
0 0.5654296875 0.224609375 0.5986328125 0.2255859375 0.6005859375 0.228515625 0.6005859375 0.2412109375 0.5966796875 0.244140625 0.55078125 0.2421875 0.55078125 0.2265625 0.5537109375 0.224609375 0.564453125 0.224609375
0 0.125 0.484375 0.130859375 0.490234375 0.12890625 0.5 0.109375 0.5009765625 0.08203125 0.5009765625 0.078125 0.49609375 0.0810546875 0.486328125 0.1083984375 0.4833984375 0.1240234375 0.484375
0 0.7548828125 0.080078125 0.7802734375 0.0810546875 0.787109375 0.08203125 0.791015625 0.0849609375 0.7939453125 0.0927734375 0.794921875 0.10546875 0.79296875 0.1298828125 0.7900390625 0.1328125 0.759765625 0.1337890625 0.7392578125 0.1328125 0.7333984375 0.1318359375 0.73046875 0.12890625 0.732421875 0.1083984375 0.7255859375 0.0830078125 0.728515625 0.0810546875 0.75390625 0.0810546875
0 0.826171875 0.3583984375 0.828125 0.3720703125 0.8251953125 0.375 0.783203125 0.375 0.7802734375 0.373046875 0.779296875 0.3662109375 0.78125 0.357421875 0.8095703125 0.3564453125 0.8251953125 0.3583984375