1 0.7927083330078125 0.19921875 0.7947916669921875 0.190234375 0.7973958330078125 0.162890625 0.7953125 0.14765625 0.7979166669921876 0.14140625 0.8015625 0.092578125 0.8 0.079296875 0.7963541669921875 0.073046875 0.7911458330078125 0.0703125 0.7697916669921875 0.071875 0.7572916669921875 0.08203125 0.7572916669921875 0.124609375 0.7541666669921875 0.146875 0.753125 0.2 0.7578125 0.2015625 0.790625 0.200390625 0.7927083330078125 0.19921875
1 0.7114583330078125 0.20234375 0.7479166669921875 0.201953125 0.7515625 0.199609375 0.75625 0.081640625 0.7479166669921875 0.07265625 0.7348958330078125 0.071875 0.7234375 0.07421875 0.7119791669921876 0.084375 0.7130208330078125 0.1265625 0.709375 0.149609375 0.709375 0.200390625 0.7114583330078125 0.20234375
1 0.70625 0.203125 0.7088541669921875 0.2 0.7125 0.126953125 0.7130208330078125 0.0984375 0.7119791669921876 0.082421875 0.7098958330078124 0.077734375 0.7015625 0.073046875 0.6822916669921875 0.074609375 0.678125 0.07734375 0.6729166669921876 0.08515625 0.6697916669921875 0.098828125 0.6682291669921875 0.2015625 0.6713541669921875 0.204296875 0.6875 0.202734375 0.70625 0.203125
1 0.628125 0.199609375 0.6302083330078125 0.201953125 0.6401041669921875 0.203125 0.6645833330078125 0.201953125 0.6666666669921875 0.19765625 0.6682291669921875 0.137109375 0.6671875 0.084765625 0.6651041669921876 0.078515625 0.6567708330078125 0.073828125 0.640625 0.075 0.6276041669921875 0.08828125 0.6265625 0.1234375 0.6286458330078125 0.1375 0.6265625 0.17265625 0.628125 0.199609375
1 0.6229166669921875 0.20390625 0.6255208330078125 0.197265625 0.6244791669921875 0.166015625 0.6270833330078125 0.14140625 0.6270833330078125 0.12734375 0.625 0.11953125 0.6265625 0.10078125 0.6255208330078125 0.08828125 0.61875 0.07734375 0.6130208330078125 0.074609375 0.60625 0.07421875 0.5947916669921876 0.076953125 0.590625 0.081640625 0.5859375 0.097265625 0.5854166669921875 0.172265625 0.5880208330078125 0.201953125 0.5916666669921875 0.204296875 0.6229166669921875 0.20390625
1 0.5619791669921875 0.202734375 0.58125 0.2046875 0.5854166669921875 0.199609375 0.5833333330078125 0.171953125 0.584375 0.101171875 0.5833333330078125 0.087890625 0.5760416669921875 0.077734375 0.5661458330078125 0.075 0.5515625 0.077734375 0.5453125 0.085546875 0.5411458330078125 0.1015625 0.5395833330078125 0.133984375 0.5442708330078125 0.202734375 0.546875 0.205078125 0.5619791669921875 0.202734375
1 0.534375 0.20546875 0.5380208330078124 0.200390625 0.5348958330078125 0.166926953125 0.5375 0.1296875 0.528125 0.1171875 0.5265625 0.105859375 0.5208333330078125 0.104296875 0.5015625 0.10546875 0.4984375 0.116796875 0.4901041669921875 0.128515625 0.4932291669921875 0.204296875 0.5010416669921876 0.206640625 0.5213541669921875 0.207421875 0.534375 0.20546875
1 0.4880208330078125 0.207421875 0.490625 0.203125 0.4885416669921875 0.134375 0.4880208330078125 0.130078125 0.4791666669921875 0.1171875 0.4770833330078125 0.1078125 0.4651041669921875 0.10546875 0.4526041669921875 0.10703125 0.4494791669921875 0.1125 0.4484375 0.122265625 0.4421875 0.13125 0.4458333330078125 0.18671875 0.4447916669921875 0.20625 0.4473958330078125 0.2078125 0.4880208330078125 0.207421875
1 0.4015625 0.209375 0.40625 0.209765625 0.4395833330078125 0.208203125 0.4432291669921875 0.20625 0.4401041669921875 0.133203125 0.4385416669921875 0.129296875 0.4307291669921875 0.121484375 0.4286458330078125 0.1109375 0.4255208330078125 0.10859375 0.4119791669921875 0.10859375 0.4041666669921875 0.110546875 0.4020833330078125 0.1125 0.4015625 0.119921875 0.39375 0.130078125 0.39375 0.161328125 0.3958333330078125 0.16640625 0.3979166669921875 0.20703125 0.4015625 0.209375
1 0.39375 0.20859375 0.3958333330078125 0.205859375 0.3958333330078125 0.1984375 0.3916666669921875 0.16875 0.3921875 0.13671875 0.3796875 0.111328125 0.3765625 0.108984375 0.3708333330078125 0.108203125 0.3546875 0.108984375 0.3515625 0.112109375 0.3510416669921875 0.125390625 0.3453125 0.133203125 0.3494791669921875 0.20703125 0.3552083330078125 0.209765625 0.3880208330078125 0.209765625 0.39375 0.20859375
1 0.3005208330078125 0.192578125 0.303125 0.20859375 0.3083333330078125 0.211328125 0.34375 0.21015625 0.3463541669921875 0.208984375 0.3473958330078125 0.205859375 0.34375 0.17578125 0.3432291669921875 0.13046875 0.3286458330078125 0.108984375 0.3067708330078125 0.10859375 0.303125 0.112109375 0.3036458330078125 0.119921875 0.2953125 0.133203125 0.2989583330078125 0.154296875 0.3005208330078125 0.192578125
1 0.2567708330078125 0.18515625 0.2557291669921875 0.209765625 0.2583333330078125 0.211328125 0.271875 0.212890625 0.29375 0.2109375 0.2979166669921875 0.205078125 0.2989583330078125 0.184765625 0.2963541669921875 0.15390625 0.2911458330078125 0.139453125 0.2802083330078125 0.12734375 0.2723958330078125 0.12421875 0.2619791669921875 0.125390625 0.25625 0.133984375 0.2510416669921875 0.1359375 0.2505208330078125 0.148828125 0.2526041669921875 0.15390625 0.2541666669921875 0.178125 0.2567708330078125 0.18515625
1 0.2520833330078125 0.209765625 0.253125 0.20703125 0.2536458330078125 0.194921875 0.2494791669921875 0.153515625 0.2416666669921875 0.13359375 0.2307291669921875 0.12578125 0.2192708330078125 0.12578125 0.2088541669921875 0.13671875 0.2072916669921875 0.141796875 0.2125 0.209765625 0.2166666669921875 0.211328125 0.2484375 0.21171875 0.2520833330078125 0.209765625
1 0.1729166669921875 0.210546875 0.175 0.21328125 0.2088541669921875 0.211328125 0.2119791669921875 0.209765625 0.2072916669921875 0.155859375 0.203125 0.140234375 0.1890625 0.128515625 0.18125 0.126953125 0.1734375 0.128125 0.1651041669921875 0.1390625 0.1645833330078125 0.148828125 0.1671875 0.157421875 0.1682291669921875 0.1796875 0.1729166669921875 0.210546875
1 0.1296875 0.212890625 0.1427083330078125 0.2140625 0.1682291669921875 0.2125 0.1703125 0.209375 0.1661458330078125 0.171875 0.1625 0.149609375 0.1578125 0.138671875 0.1510416669921875 0.1328125 0.140625 0.129296875 0.1322916669921875 0.128515625 0.1265625 0.129296875 0.1229166669921875 0.13828125 0.1192708330078125 0.141796875 0.1203125 0.158984375 0.1244791669921875 0.171875 0.1260416669921875 0.2 0.1296875 0.212890625
1 0.078125 0.211328125 0.0848958330078125 0.21484375 0.1161458330078125 0.21484375 0.1244791669921875 0.21328125 0.1255208330078125 0.205859375 0.1223958330078125 0.181640625 0.11875 0.166015625 0.1166666669921875 0.140234375 0.1140625 0.135546875 0.1088541669921875 0.12890625 0.1010416669921875 0.12578125 0.0953125 0.1203125 0.078125 0.121484375 0.0760416669921875 0.128125 0.0671875 0.13203125 0.0796875 0.18125 0.0807291669921875 0.191015625 0.0765625 0.19765625 0.078125 0.211328125
1 0.025 0.201171875 0.0265625 0.2140625 0.0286458330078125 0.215625 0.06875 0.215625 0.075 0.2140625 0.0760416669921875 0.205078125 0.0734375 0.192578125 0.075 0.1671875 0.0708333330078125 0.159765625 0.0625 0.1296875 0.0598958330078125 0.12734375 0.0494791669921875 0.126171875 0.0432291669921875 0.120703125 0.0359375 0.120703125 0.0255208330078125 0.121875 0.0223958330078125 0.129296875 0.015625 0.13125 0.0177083330078125 0.144140625 0.0239583330078125 0.160546875 0.028125 0.18515625 0.025 0.201171875
1 0 0.216015625 0.0197916669921875 0.21640625 0.0239583330078125 0.2140625 0.0260416669921875 0.18984375 0.0229166669921875 0.16015625 0.015625 0.142578125 0.0145833330078125 0.1296875 0.0119791669921875 0.12734375 0.0057291669921875 0.1265625 0 0.1265625 0 0.216015625
1 0 0.32578125 0.0078125 0.327734375 0.0291666669921875 0.328515625 0.0328125 0.325 0.0328125 0.319140625 0.0276041669921875 0.284375 0.0223958330078125 0.281640625 0.0109375 0.281640625 0.0015625 0.2796875 0 0.2796875 0 0.32578125
1 0.0348958330078125 0.3125 0.0333333330078125 0.32109375 0.0348958330078125 0.326171875 0.078125 0.328125 0.0796875 0.326171875 0.078125 0.305078125 0.0723958330078125 0.28203125 0.0442708330078125 0.2796875 0.0286458330078125 0.282421875 0.028125 0.297265625 0.0291666669921875 0.30390625 0.03125 0.3046875 0.0348958330078125 0.3125
1 0.084375 0.32734375 0.1229166669921875 0.327734375 0.1255208330078125 0.323828125 0.1177083330078125 0.282421875 0.1161458330078125 0.28125 0.0885416669921875 0.280078125 0.0765625 0.28203125 0.0755208330078125 0.287109375 0.08125 0.310546875 0.0828125 0.326171875 0.084375 0.32734375
1 0.1286458330078125 0.324609375 0.1489583330078125 0.3265625 0.1713541669921875 0.326171875 0.1723958330078125 0.31796875 0.165625 0.28046875 0.1432291669921875 0.2796875 0.1229166669921875 0.281640625 0.121875 0.29375 0.1239583330078125 0.296484375 0.1244791669921875 0.308203125 0.1286458330078125 0.324609375
1 0.2192708330078125 0.324609375 0.2177083330078125 0.303515625 0.2125 0.28125 0.2067708330078125 0.27890625 0.1713541669921875 0.279296875 0.16875 0.28125 0.175 0.323828125 0.18125 0.32578125 0.2177083330078125 0.32578125 0.2192708330078125 0.324609375
1 0.2614583330078125 0.2796875 0.2536458330078125 0.278515625 0.2182291669921875 0.279296875 0.215625 0.28046875 0.221875 0.324609375 0.2640625 0.324609375 0.2671875 0.32109375 0.2614583330078125 0.2796875
1 0.3114583330078125 0.323046875 0.3114583330078125 0.30703125 0.3057291669921875 0.279296875 0.265625 0.278515625 0.2640625 0.280078125 0.2640625 0.296875 0.26875 0.32265625 0.2817708330078125 0.325390625 0.3114583330078125 0.323046875
1 0.3588541669921875 0.321875 0.3572916669921875 0.279296875 0.3557291669921875 0.276171875 0.3109375 0.278125 0.3140625 0.320703125 0.3208333330078125 0.323828125 0.3557291669921875 0.323046875 0.3588541669921875 0.321875
1 0.4046875 0.321484375 0.403125 0.27578125 0.3619791669921875 0.275390625 0.359375 0.27734375 0.3619791669921875 0.32109375 0.365625 0.32265625 0.3796875 0.323046875 0.4046875 0.321484375
1 0.4505208330078125 0.320703125 0.453125 0.3171875 0.4494791669921875 0.275 0.4088541669921875 0.275390625 0.4046875 0.27890625 0.4046875 0.293359375 0.4088541669921875 0.3203125 0.4208333330078125 0.322265625 0.4505208330078125 0.320703125
1 0.4963541669921875 0.31953125 0.4979166669921875 0.31796875 0.4979166669921875 0.30390625 0.4958333330078125 0.274609375 0.4942708330078125 0.2734375 0.4526041669921875 0.274609375 0.4515625 0.285546875 0.4557291669921875 0.319140625 0.4630208330078125 0.32109375 0.4963541669921875 0.31953125
1 0.5432291669921875 0.273828125 0.540625 0.272265625 0.4989583330078125 0.273046875 0.5005208330078125 0.31953125 0.5427083330078125 0.318359375 0.5442708330078125 0.314453125 0.5432291669921875 0.273828125
1 0.5875 0.319140625 0.5916666669921875 0.317578125 0.5916666669921875 0.272265625 0.5463541669921875 0.272265625 0.5473958330078125 0.3171875 0.5494791669921875 0.318359375 0.5760416669921875 0.319140625 0.5875 0.319140625
1 0.6375 0.31796875 0.6390625 0.272265625 0.6369791669921875 0.270703125 0.6005208330078124 0.272265625 0.5947916669921876 0.27109375 0.5927083330078124 0.27265625 0.5947916669921876 0.317578125 0.6114583330078125 0.319140625 0.6375 0.31796875
1 0.6791666669921875 0.316796875 0.6833333330078125 0.315234375 0.6854166669921875 0.307421875 0.6854166669921875 0.271875 0.6614583330078125 0.26953125 0.6442708330078125 0.27109375 0.640625 0.273828125 0.640625 0.31640625 0.6427083330078125 0.317578125 0.6557291669921875 0.317578125 0.6791666669921875 0.316796875
1 0.7317708330078125 0.31171875 0.734375 0.271484375 0.7072916669921875 0.269921875 0.6890625 0.270703125 0.6875 0.272265625 0.6875 0.314453125 0.6953125 0.31640625 0.7296875 0.314453125 0.7317708330078125 0.31171875
1 0.7828125 0.26953125 0.7385416669921875 0.2703125 0.7348958330078125 0.29296875 0.7364583330078125 0.31484375 0.7760416669921875 0.316015625 0.7802083330078124 0.309375 0.7828125 0.26953125
1 0.7671875 0.43046875 0.7692708330078125 0.427734375 0.771875 0.394921875 0.771875 0.369140625 0.7598958330078125 0.358984375 0.7510416669921876 0.35859375 0.7338541669921875 0.368359375 0.7302083330078125 0.393359375 0.7307291669921875 0.429296875 0.7338541669921875 0.43125 0.7432291669921876 0.432421875 0.7671875 0.43046875
1 0.7286458330078125 0.426171875 0.7307291669921875 0.38125 0.7291666669921875 0.36875 0.7203125 0.362890625 0.7083333330078125 0.362890625 0.70625 0.365234375 0.6953125 0.36875 0.6911458330078125 0.384765625 0.690625 0.43046875 0.6942708330078124 0.43203125 0.725 0.43203125 0.7286458330078125 0.426171875
1 0.6864583330078124 0.429296875 0.6875 0.4234375 0.6890625 0.362109375 0.68125 0.3640625 0.675 0.3609375 0.6645833330078125 0.3609375 0.6588541669921875 0.365625 0.65 0.36953125 0.6494791669921876 0.37421875 0.65 0.43203125 0.6541666669921875 0.433203125 0.6833333330078125 0.432421875 0.6864583330078124 0.429296875
1 0.6458333330078125 0.431640625 0.6473958330078124 0.423046875 0.6479166669921875 0.3765625 0.6458333330078125 0.3703125 0.6359375 0.36171875 0.6260416669921876 0.360546875 0.6229166669921875 0.3609375 0.6182291669921876 0.36640625 0.6109375 0.370703125 0.6104166669921876 0.432421875 0.6125 0.434375 0.64375 0.43359375 0.6458333330078125 0.431640625
1 0.6052083330078125 0.434375 0.6083333330078124 0.431640625 0.6078125 0.372265625 0.5973958330078125 0.36171875 0.5833333330078125 0.36171875 0.5729166669921875 0.36953125 0.5692708330078124 0.377734375 0.5692708330078124 0.425 0.571875 0.4328125 0.578125 0.4359375 0.6052083330078125 0.434375
1 0.5640625 0.435546875 0.5677083330078125 0.42890625 0.5677083330078125 0.389453125 0.565625 0.372265625 0.5552083330078125 0.362109375 0.5421875 0.362109375 0.5322916669921876 0.36953125 0.5291666669921875 0.37578125 0.5286458330078125 0.416015625 0.5307291669921875 0.4328125 0.5364583330078125 0.43515625 0.5640625 0.435546875
1 0.5260416669921875 0.4359375 0.528125 0.4328125 0.5276041669921875 0.3875 0.5244791669921876 0.37265625 0.5135416669921875 0.3625 0.5015625 0.3625 0.4880208330078125 0.375390625 0.490625 0.4328125 0.4942708330078125 0.436328125 0.5197916669921875 0.437109375 0.5260416669921875 0.4359375
1 0.4848958330078125 0.43515625 0.4859375 0.425 0.4833333330078125 0.4 0.4848958330078125 0.386328125 0.4817708330078125 0.37265625 0.4703125 0.363671875 0.4598958330078125 0.364453125 0.4473958330078125 0.3765625 0.4494791669921875 0.434765625 0.4520833330078125 0.43671875 0.4807291669921875 0.437890625 0.4848958330078125 0.43515625
1 0.4447916669921875 0.437109375 0.446875 0.4359375 0.446875 0.430078125 0.4432291669921875 0.4078125 0.4442708330078125 0.384765625 0.4427083330078125 0.376171875 0.4333333330078125 0.366015625 0.4291666669921875 0.364453125 0.4166666669921875 0.365234375 0.4067708330078125 0.376171875 0.4072916669921875 0.398046875 0.4119791669921875 0.43515625 0.4177083330078125 0.4375 0.4447916669921875 0.437109375
1 0.3760416669921875 0.4375 0.4046875 0.4375 0.4067708330078125 0.435546875 0.4072916669921875 0.4234375 0.403125 0.375 0.3953125 0.369921875 0.3921875 0.365234375 0.3885416669921875 0.364453125 0.3802083330078125 0.36484375 0.375 0.371875 0.3697916669921875 0.372265625 0.3661458330078125 0.375 0.3651041669921875 0.38359375 0.3692708330078125 0.42890625 0.3713541669921875 0.434765625 0.3760416669921875 0.4375
1 0.3447916669921875 0.43828125 0.365625 0.437109375 0.3671875 0.4359375 0.3661458330078125 0.41015625 0.3604166669921875 0.376171875 0.3484375 0.36640625 0.3427083330078125 0.365234375 0.3348958330078125 0.366015625 0.3260416669921875 0.376171875 0.3255208330078125 0.39140625 0.3322916669921875 0.4359375 0.3348958330078125 0.437890625 0.3447916669921875 0.43828125
1 0.3046875 0.43984375 0.325 0.4390625 0.3276041669921875 0.421484375 0.3234375 0.384765625 0.3197916669921875 0.376171875 0.3135416669921875 0.37109375 0.3098958330078125 0.365234375 0.2963541669921875 0.36484375 0.2854166669921875 0.378125 0.2854166669921875 0.387109375 0.2911458330078125 0.4125 0.2916666669921875 0.4375 0.3046875 0.43984375
1 0.2869791669921875 0.4390625 0.2864583330078125 0.40078125 0.2828125 0.383203125 0.2791666669921875 0.376953125 0.2661458330078125 0.366015625 0.2578125 0.366015625 0.2520833330078125 0.368359375 0.2458333330078125 0.38046875 0.2489583330078125 0.422265625 0.2520833330078125 0.43828125 0.2567708330078125 0.440234375 0.2869791669921875 0.4390625
1 0.2234375 0.441796875 0.2479166669921875 0.439453125 0.2458333330078125 0.400390625 0.2421875 0.380859375 0.2395833330078125 0.3765625 0.2322916669921875 0.373046875 0.228125 0.367578125 0.2234375 0.36640625 0.2125 0.367578125 0.203125 0.3796875 0.203125 0.390625 0.2130208330078125 0.4390625 0.2161458330078125 0.441015625 0.2234375 0.441796875
1 0.209375 0.43984375 0.209375 0.434765625 0.2010416669921875 0.38046875 0.1989583330078125 0.37890625 0.1875 0.377734375 0.1682291669921875 0.380078125 0.1770833330078125 0.439453125 0.18125 0.441796875 0.2072916669921875 0.441796875 0.209375 0.43984375
1 0.1723958330078125 0.442578125 0.1744791669921875 0.440234375 0.1729166669921875 0.416796875 0.1666666669921875 0.398046875 0.165625 0.380859375 0.1614583330078125 0.37890625 0.1401041669921875 0.379296875 0.1364583330078125 0.380859375 0.1375 0.4078125 0.1421875 0.439453125 0.1473958330078125 0.4421875 0.1723958330078125 0.442578125
1 0.1416666669921875 0.43984375 0.140625 0.42890625 0.1333333330078125 0.382421875 0.1192708330078125 0.380078125 0.1161458330078125 0.381640625 0.1046875 0.381640625 0.0994791669921875 0.384765625 0.1041666669921875 0.41484375 0.1114583330078125 0.442578125 0.1401041669921875 0.44296875 0.1416666669921875 0.43984375
1 0.0770833330078125 0.44296875 0.1088541669921875 0.44296875 0.0973958330078125 0.38359375 0.0953125 0.38203125 0.0708333330078125 0.381640625 0.0682291669921875 0.38359375 0.0682291669921875 0.39921875 0.075 0.44140625 0.0770833330078125 0.44296875
1 0.0484375 0.443359375 0.0739583330078125 0.442578125 0.0713541669921875 0.4140625 0.0666666669921875 0.404296875 0.0671875 0.383203125 0.0640625 0.380859375 0.0510416669921875 0.380078125 0.0348958330078125 0.383203125 0.034375 0.390625 0.0401041669921875 0.418359375 0.0416666669921875 0.439453125 0.0484375 0.443359375
1 0 0.394921875 0.0104166669921875 0.442578125 0.0192708330078125 0.44453125 0.0395833330078125 0.44296875 0.0411458330078125 0.440625 0.0401041669921875 0.424609375 0.0328125 0.383203125 0.0036458330078125 0.3828125 0 0.385546875 0 0.394921875
1 0 0.571484375 0.0302083330078125 0.57109375 0.034375 0.56875 0.0348958330078125 0.566015625 0.0192708330078125 0.4875 0.0130208330078125 0.471875 0.0020833330078125 0.46953125 0 0.46953125 0 0.571484375
1 0.0359375 0.56796875 0.0421875 0.571484375 0.0833333330078125 0.569921875 0.0854166669921875 0.56796875 0.0854166669921875 0.5625 0.0828125 0.545703125 0.0760416669921875 0.523828125 0.0666666669921875 0.4734375 0.0625 0.4703125 0.0546875 0.469140625 0.0255208330078125 0.46875 0.0208333330078125 0.4703125 0.0182291669921875 0.473828125 0.0270833330078125 0.519140625 0.0291666669921875 0.53984375 0.0359375 0.56796875
1 0.0833333330078125 0.541015625 0.0859375 0.56796875 0.090625 0.570703125 0.0984375 0.571484375 0.1302083330078125 0.5703125 0.1359375 0.5671875 0.1380208330078125 0.556640625 0.1213541669921875 0.4734375 0.1135416669921875 0.46953125 0.0953125 0.467578125 0.0708333330078125 0.46875 0.06875 0.4703125 0.0703125 0.48515625 0.078125 0.5265625 0.0833333330078125 0.541015625
1 0.1854166669921875 0.571484375 0.1885416669921875 0.567578125 0.1703125 0.469921875 0.1640625 0.467578125 0.1395833330078125 0.4703125 0.1286458330078125 0.471875 0.1260416669921875 0.475 0.1255208330078125 0.480078125 0.1411458330078125 0.568359375 0.146875 0.571875 0.1854166669921875 0.571484375
1 0.1947916669921875 0.571484375 0.2338541669921875 0.57109375 0.234375 0.55703125 0.2213541669921875 0.472265625 0.2182291669921875 0.46875 0.2140625 0.467578125 0.196875 0.46796875 0.1828125 0.4640625 0.1770833330078125 0.46640625 0.1744791669921875 0.4703125 0.1744791669921875 0.479296875 0.1890625 0.568359375 0.1947916669921875 0.571484375
1 0.2859375 0.5703125 0.2953125 0.56953125 0.296875 0.566015625 0.2869791669921875 0.476171875 0.2833333330078125 0.475 0.25 0.475 0.240625 0.473046875 0.2307291669921875 0.47734375 0.2260416669921875 0.48203125 0.2364583330078125 0.570703125 0.25625 0.57109375 0.2713541669921875 0.568359375 0.2859375 0.5703125
1 0.3307291669921875 0.568359375 0.3583333330078125 0.567578125 0.3520833330078125 0.475390625 0.3442708330078125 0.471484375 0.296875 0.474609375 0.290625 0.47734375 0.2901041669921875 0.487890625 0.2984375 0.56875 0.3109375 0.570703125 0.3307291669921875 0.568359375
1 0.4177083330078125 0.566796875 0.4203125 0.5640625 0.4197916669921875 0.5390625 0.4145833330078125 0.473828125 0.3796875 0.4734375 0.3734375 0.475 0.359375 0.474609375 0.3557291669921875 0.476171875 0.3557291669921875 0.505859375 0.3609375 0.567578125 0.3697916669921875 0.569140625 0.4177083330078125 0.566796875
1 0.4666666669921875 0.563671875 0.4708333330078125 0.565234375 0.4786458330078125 0.56484375 0.4817708330078125 0.558984375 0.4770833330078125 0.4828125 0.4739583330078125 0.469921875 0.4703125 0.46640625 0.4598958330078125 0.4671875 0.4578125 0.4703125 0.4515625 0.47265625 0.428125 0.469140625 0.4260416669921875 0.47265625 0.4213541669921875 0.473046875 0.4177083330078125 0.47578125 0.4229166669921875 0.565625 0.4322916669921875 0.567578125 0.4635416669921875 0.566015625 0.4666666669921875 0.563671875
1 0.4875 0.565625 0.4989583330078125 0.5640625 0.5083333330078125 0.565625 0.5265625 0.5640625 0.5296875 0.56171875 0.5296875 0.558984375 0.5276041669921875 0.540234375 0.5265625 0.478515625 0.5234375 0.46875 0.5151041669921875 0.466015625 0.4880208330078125 0.46640625 0.4791666669921875 0.4703125 0.4776041669921875 0.48671875 0.4796875 0.540234375 0.484375 0.56328125 0.4875 0.565625
1 0.5505208330078125 0.56484375 0.5880208330078125 0.56328125 0.5895833330078125 0.560546875 0.5885416669921875 0.550390625 0.5828125 0.537890625 0.5828125 0.536328125 0.5875 0.534375 0.5890625 0.530078125 0.5895833330078125 0.50078125 0.5885416669921875 0.478515625 0.5864583330078125 0.47265625 0.5765625 0.4703125 0.5651041669921875 0.471484375 0.5567708330078125 0.469921875 0.5322916669921876 0.471875 0.528125 0.475390625 0.5302083330078124 0.553515625 0.5328125 0.561328125 0.5354166669921875 0.562890625 0.5505208330078125 0.56484375
1 0.6197916669921875 0.562890625 0.6484375 0.5640625 0.6510416669921875 0.560546875 0.6510416669921875 0.472265625 0.6453125 0.46640625 0.6390625 0.466015625 0.6125 0.46875 0.6046875 0.472265625 0.5947916669921876 0.472265625 0.590625 0.47421875 0.5901041669921875 0.554296875 0.5916666669921875 0.56171875 0.5989583330078125 0.56484375 0.6197916669921875 0.562890625
1 0.703125 0.505859375 0.7026041669921875 0.47421875 0.6958333330078125 0.465234375 0.6588541669921875 0.465234375 0.6520833330078125 0.4671875 0.6526041669921875 0.56328125 0.6546875 0.565234375 0.6994791669921875 0.565625 0.703125 0.505859375
1 0.7614583330078125 0.56484375 0.7635416669921875 0.56171875 0.7666666669921876 0.480078125 0.7625 0.466796875 0.7583333330078125 0.465625 0.7098958330078124 0.466015625 0.7036458330078125 0.47109375 0.7020833330078124 0.5640625 0.7098958330078124 0.566015625 0.7307291669921875 0.566796875 0.7614583330078125 0.56484375
1 0 0.632421875 0.0151041669921875 0.69375 0.0182291669921875 0.696875 0.05625 0.69609375 0.059375 0.693359375 0.0619791669921875 0.672265625 0.0578125 0.65 0.0526041669921875 0.646484375 0.0489583330078125 0.63984375 0.053125 0.6375 0.0536458330078125 0.63359375 0.0447916669921875 0.62109375 0.0401041669921875 0.60546875 0.0307291669921875 0.60234375 0.0270833330078125 0.598046875 0.0119791669921875 0.598046875 0.00625 0.600390625 0.0052083330078125 0.602734375 0 0.60234375 0 0.632421875
1 0.0609375 0.655859375 0.0640625 0.676171875 0.0614583330078125 0.693359375 0.0635416669921875 0.695703125 0.0729166669921875 0.696875 0.1020833330078125 0.696875 0.10625 0.693359375 0.1072916669921875 0.670703125 0.1015625 0.66328125 0.0973958330078125 0.650390625 0.0885416669921875 0.60546875 0.08125 0.600390625 0.05 0.60078125 0.0432291669921875 0.602734375 0.0463541669921875 0.621484375 0.05 0.625 0.0567708330078125 0.640234375 0.0609375 0.655859375
1 0.10625 0.655859375 0.109375 0.66796875 0.1088541669921875 0.69375 0.1125 0.69609375 0.1494791669921875 0.6953125 0.1541666669921875 0.692578125 0.1541666669921875 0.672265625 0.1479166669921875 0.6296875 0.1432291669921875 0.6234375 0.1442708330078125 0.611328125 0.1416666669921875 0.6 0.1369791669921875 0.596875 0.125 0.596875 0.1208333330078125 0.6 0.1151041669921875 0.60078125 0.1015625 0.597265625 0.0911458330078125 0.601171875 0.090625 0.609375 0.096875 0.629296875 0.0984375 0.645703125 0.10625 0.655859375
1 0.1666666669921875 0.696484375 0.2 0.696484375 0.2041666669921875 0.692578125 0.2036458330078125 0.68515625 0.1942708330078125 0.634375 0.1911458330078125 0.598828125 0.1833333330078125 0.594921875 0.1729166669921875 0.598046875 0.1635416669921875 0.5953125 0.1552083330078125 0.59609375 0.1505208330078125 0.598828125 0.1463541669921875 0.60625 0.1463541669921875 0.615625 0.1588541669921875 0.69375 0.1614583330078125 0.69609375 0.1666666669921875 0.696484375
1 0.2083333330078125 0.69453125 0.2130208330078125 0.695703125 0.2348958330078125 0.696484375 0.2473958330078125 0.6953125 0.2494791669921875 0.693359375 0.2494791669921875 0.689453125 0.2411458330078125 0.632421875 0.2401041669921875 0.60625 0.2359375 0.595703125 0.2276041669921875 0.593359375 0.203125 0.59453125 0.1947916669921875 0.602734375 0.1947916669921875 0.6234375 0.2026041669921875 0.678515625 0.20625 0.691796875 0.2083333330078125 0.69453125
1 0.2583333330078125 0.696875 0.2739583330078125 0.696875 0.2848958330078125 0.69453125 0.2963541669921875 0.69609375 0.3052083330078125 0.6953125 0.3067708330078125 0.690625 0.3 0.603125 0.2828125 0.6046875 0.275 0.6078125 0.259375 0.606640625 0.2572916669921875 0.60390625 0.2536458330078125 0.60390625 0.2432291669921875 0.609375 0.2411458330078125 0.612109375 0.2411458330078125 0.61796875 0.2515625 0.694921875 0.2583333330078125 0.696875
1 0.3609375 0.694140625 0.3625 0.69296875 0.3619791669921875 0.66328125 0.3598958330078125 0.6109375 0.3578125 0.601953125 0.3520833330078125 0.599609375 0.3098958330078125 0.6015625 0.3020833330078125 0.61171875 0.3020833330078125 0.62890625 0.3088541669921875 0.694140625 0.3135416669921875 0.695703125 0.3609375 0.694140625
1 0.4208333330078125 0.69375 0.4229166669921875 0.692578125 0.4234375 0.68203125 0.41875 0.601171875 0.4145833330078125 0.5984375 0.36875 0.601171875 0.3630208330078125 0.604296875 0.3614583330078125 0.607421875 0.3619791669921875 0.6515625 0.3661458330078125 0.694921875 0.3979166669921875 0.695703125 0.4208333330078125 0.69375
1 0.4722223955078125 0.693359375 0.4901041669921875 0.690625 0.4942708330078125 0.692578125 0.51875 0.69453125 0.5255208330078125 0.693359375 0.5270833330078125 0.68984375 0.525 0.66640625 0.5260416669921875 0.625 0.5234375 0.5984375 0.5182291669921875 0.596875 0.509375 0.598828125 0.4864583330078125 0.597265625 0.478125 0.599609375 0.4713541669921875 0.59765625 0.45625 0.599609375 0.428125 0.598828125 0.4239583330078125 0.60234375 0.4213541669921875 0.610546875 0.4213541669921875 0.640625 0.4260416669921875 0.6921875 0.4317708330078125 0.693359375 0.4722223955078125 0.693359375
1 0.5359375 0.694921875 0.5588541669921875 0.69609375 0.58125 0.694140625 0.584375 0.692578125 0.5854166669921875 0.687109375 0.5854166669921875 0.618359375 0.5838541669921875 0.60859375 0.58125 0.605078125 0.5729166669921875 0.605078125 0.5645833330078125 0.60234375 0.55 0.60234375 0.5453125 0.60390625 0.54375 0.601953125 0.5380208330078124 0.603125 0.5322916669921876 0.601171875 0.5286458330078125 0.60234375 0.5270833330078125 0.609765625 0.5270833330078125 0.67421875 0.5291666669921875 0.692578125 0.5359375 0.694921875
1 0.6442708330078125 0.6890625 0.6447916669921875 0.683984375 0.6463541669921875 0.617578125 0.6463541669921875 0.6125 0.6411458330078125 0.60078125 0.6385416669921875 0.59765625 0.6317708330078124 0.596875 0.6088541669921875 0.59765625 0.6046875 0.59921875 0.5885416669921875 0.597265625 0.5869791669921876 0.598828125 0.5880208330078125 0.692578125 0.6 0.69375 0.6411458330078125 0.69140625 0.6442708330078125 0.6890625
1 0.6473958330078124 0.691796875 0.65625 0.69296875 0.690625 0.692578125 0.6921875 0.691015625 0.69375 0.651171875 0.69375 0.6109375 0.6921875 0.605859375 0.6869791669921875 0.59765625 0.6828125 0.5953125 0.6442708330078125 0.59765625 0.6427083330078125 0.600390625 0.6458333330078125 0.608203125 0.6453125 0.6890625 0.6473958330078124 0.691796875
1 0.6958333330078125 0.69375 0.7026041669921875 0.6953125 0.7494791669921875 0.693359375 0.7526041669921875 0.689453125 0.75625 0.630078125 0.7557291669921875 0.608984375 0.7411458330078124 0.59140625 0.734375 0.591015625 0.7328125 0.592578125 0.7197916669921876 0.594921875 0.6984375 0.59375 0.6921875 0.59609375 0.69375 0.60625 0.6927083330078125 0.68203125 0.6942708330078124 0.691796875 0.6958333330078125 0.69375
1 0.6895833330078125 0.805859375 0.7307291669921875 0.805859375 0.734375 0.800390625 0.7359375 0.78359375 0.734375 0.77421875 0.7375 0.7640625 0.7395833330078125 0.737890625 0.7390625 0.732421875 0.7328125 0.7203125 0.7244791669921875 0.718359375 0.71875 0.71953125 0.7104166669921875 0.71796875 0.6890625 0.71796875 0.6833333330078125 0.7203125 0.6848958330078125 0.76640625 0.6828125 0.77578125 0.6828125 0.803515625 0.6895833330078125 0.805859375
1 0.68125 0.80390625 0.68125 0.771875 0.684375 0.738671875 0.6796875 0.7203125 0.6776041669921875 0.717578125 0.6734375 0.71640625 0.640625 0.716796875 0.6375 0.719921875 0.6369791669921875 0.805078125 0.6510416669921875 0.806640625 0.6786458330078124 0.80625 0.68125 0.80390625
1 0.6375 0.746875 0.6364583330078125 0.723828125 0.6333333330078125 0.720703125 0.621875 0.71953125 0.584375 0.71953125 0.5822916669921875 0.721875 0.5833333330078125 0.80703125 0.63125 0.80703125 0.6348958330078125 0.80390625 0.6375 0.746875
1 0.5807291669921875 0.80234375 0.5802083330078125 0.730859375 0.5770833330078124 0.7203125 0.5744791669921875 0.71875 0.5296875 0.71796875 0.5265625 0.7203125 0.528125 0.804296875 0.5328125 0.80703125 0.5786458330078125 0.805859375 0.5807291669921875 0.80234375
1 0.5234375 0.80703125 0.5265625 0.8046875 0.5265625 0.80078125 0.525 0.737109375 0.521875 0.7203125 0.51875 0.717578125 0.5135416669921875 0.716796875 0.4869791669921875 0.7171875 0.4807291669921875 0.719140625 0.4807291669921875 0.790625 0.4838541669921875 0.806640625 0.4880208330078125 0.8078125 0.5234375 0.80703125
1 0.4802083330078125 0.80703125 0.4817708330078125 0.799609375 0.4786458330078125 0.7375 0.4755208330078125 0.7203125 0.4703125 0.71640625 0.45625 0.71953125 0.4390625 0.719921875 0.4286458330078125 0.721875 0.425 0.7265625 0.425 0.762890625 0.4296875 0.80703125 0.4317708330078125 0.808203125 0.4802083330078125 0.80703125
1 0.4260416669921875 0.798828125 0.421875 0.7203125 0.4119791669921875 0.719140625 0.3765625 0.71953125 0.3708333330078125 0.7234375 0.3677083330078125 0.73359375 0.3729166669921875 0.80703125 0.3760416669921875 0.808984375 0.4244791669921875 0.80703125 0.4260416669921875 0.798828125
1 0.3380208330078125 0.809765625 0.3708333330078125 0.80703125 0.3677083330078125 0.766015625 0.3677083330078125 0.721484375 0.359375 0.71875 0.3208333330078125 0.71953125 0.3161458330078125 0.72421875 0.3130208330078125 0.732421875 0.3114583330078125 0.7453125 0.31875 0.808203125 0.3208333330078125 0.809765625 0.3380208330078125 0.809765625
1 0.3166666669921875 0.8078125 0.3109375 0.7421875 0.3125 0.722265625 0.3036458330078125 0.71953125 0.2880208330078125 0.72265625 0.2791666669921875 0.720703125 0.2671875 0.721875 0.2625 0.723828125 0.2557291669921875 0.734375 0.2635416669921875 0.808203125 0.265625 0.809765625 0.271875 0.81015625 0.3166666669921875 0.8078125
1 0.2244791669921875 0.80859375 0.2375 0.81015625 0.2583333330078125 0.810546875 0.2619791669921875 0.80859375 0.2625 0.80625 0.2536458330078125 0.7421875 0.2567708330078125 0.723828125 0.2536458330078125 0.719921875 0.2484375 0.717578125 0.2229166669921875 0.718359375 0.2166666669921875 0.719921875 0.2114583330078125 0.727734375 0.2166666669921875 0.76796875 0.2208333330078125 0.782421875 0.2223958330078125 0.806640625 0.2244791669921875 0.80859375
1 0.2135416669921875 0.809765625 0.2197916669921875 0.80703125 0.2203125 0.8 0.2041666669921875 0.7203125 0.1692708330078125 0.719921875 0.1677083330078125 0.7203125 0.1661458330078125 0.728515625 0.165625 0.734765625 0.1770833330078125 0.803515625 0.18125 0.80703125 0.2135416669921875 0.809765625
1 0.1260416669921875 0.809765625 0.1619791669921875 0.811328125 0.1661458330078125 0.808984375 0.1734375 0.79921875 0.1703125 0.76953125 0.1635416669921875 0.737109375 0.1630208330078125 0.7234375 0.1583333330078125 0.7203125 0.1453125 0.71953125 0.1348958330078125 0.722265625 0.1135416669921875 0.722265625 0.1114583330078125 0.72421875 0.1119791669921875 0.733984375 0.11875 0.74921875 0.1270833330078125 0.793359375 0.1260416669921875 0.809765625
1 0.0833333330078125 0.81015625 0.1208333330078125 0.810546875 0.1244791669921875 0.80703125 0.1244791669921875 0.784765625 0.115625 0.76328125 0.1088541669921875 0.720703125 0.0734375 0.722265625 0.0645833330078125 0.7265625 0.0692708330078125 0.74140625 0.0708333330078125 0.755078125 0.0796875 0.771875 0.0833333330078125 0.81015625
1 0.0776041669921875 0.8109375 0.0791666669921875 0.808203125 0.0786458330078125 0.796875 0.071875 0.767578125 0.0682291669921875 0.759765625 0.0671875 0.74375 0.0619791669921875 0.72734375 0.0536458330078125 0.723828125 0.0208333330078125 0.725 0.0197916669921875 0.73125 0.0364583330078125 0.8078125 0.0427083330078125 0.81171875 0.0776041669921875 0.8109375
0 0 0.8109375 0.0333333330078125 0.8109375 0.0354166669921875 0.805859375 0.01875 0.730859375 0.0119791669921875 0.723046875 0.0041666669921875 0.7234375 0 0.72421875 0 0.8109375
0 0.7822265625 0.2060546875 0.78515625 0.2099609375 0.7841796875 0.2216796875 0.7861328125 0.2236328125 0.7841796875 0.2255859375 0.7783203125 0.2275390625 0.751953125 0.228515625 0.7451171875 0.2275390625 0.7451171875 0.20703125 0.7685546875 0.2041015625 0.779296875 0.2041015625 0.78125 0.2060546875
0 0.43359375 0.5712890625 0.474609375 0.572265625 0.4775390625 0.576171875 0.4775390625 0.5849609375 0.4755859375 0.5888671875 0.466796875 0.5908203125 0.4267578125 0.5888671875 0.42578125 0.57421875 0.4326171875 0.5712890625
0 0.6298828125 0.2119140625 0.6357421875 0.21484375 0.6357421875 0.2294921875 0.6337890625 0.2314453125 0.580078125 0.2314453125 0.5791015625 0.2294921875 0.580078125 0.212890625 0.583984375 0.208984375 0.6181640625 0.208984375 0.62890625 0.2119140625
0 0.501953125 0.4375 0.521484375 0.439453125 0.5419921875 0.4384765625 0.5439453125 0.4423828125 0.54296875 0.4580078125 0.5400390625 0.4599609375 0.4912109375 0.4599609375 0.48828125 0.439453125 0.5009765625 0.4384765625
0 0.6826171875 0.3203125 0.6923828125 0.318359375 0.7119140625 0.3203125 0.7177734375 0.3271484375 0.716796875 0.3349609375 0.7119140625 0.33984375 0.685546875 0.3408203125 0.681640625 0.3388671875 0.68359375 0.33203125 0.681640625 0.3291015625 0.6826171875 0.3212890625
0 0.708984375 0.4375 0.7255859375 0.4345703125 0.740234375 0.4345703125 0.7421875 0.4375 0.7421875 0.455078125 0.7412109375 0.45703125 0.734375 0.4580078125 0.7080078125 0.45703125 0.70703125 0.44140625 0.708984375 0.4384765625
0 0.3583984375 0.4423828125 0.375 0.4443359375 0.37890625 0.4521484375 0.37890625 0.4599609375 0.376953125 0.4619140625 0.3623046875 0.462890625 0.3466796875 0.4619140625 0.3427734375 0.458984375 0.3427734375 0.443359375 0.345703125 0.44140625 0.357421875 0.4423828125
0 0.04296875 0.4462890625 0.0556640625 0.4482421875 0.0576171875 0.455078125 0.0556640625 0.4658203125 0.0107421875 0.466796875 0.0107421875 0.455078125 0.0048828125 0.453125 0.0048828125 0.4501953125 0.01171875 0.447265625 0.0419921875 0.447265625
0 0.2958984375 0.443359375 0.3017578125 0.44921875 0.3076171875 0.44921875 0.3115234375 0.45703125 0.310546875 0.4619140625 0.302734375 0.4599609375 0.2978515625 0.4638671875 0.267578125 0.4638671875 0.2607421875 0.4599609375 0.2578125 0.4521484375 0.2578125 0.4462890625 0.2607421875 0.4443359375 0.294921875 0.443359375
0 0.1142578125 0.447265625 0.1162109375 0.44921875 0.125 0.447265625 0.130859375 0.44921875 0.142578125 0.4482421875 0.1494140625 0.451171875 0.1494140625 0.4638671875 0.1279296875 0.466796875 0.10546875 0.466796875 0.099609375 0.4638671875 0.0966796875 0.4501953125 0.11328125 0.447265625
0 0.41796875 0.439453125 0.4462890625 0.4404296875 0.451171875 0.4443359375 0.4560546875 0.4560546875 0.4541015625 0.4599609375 0.4482421875 0.4609375 0.4208984375 0.4599609375 0.4169921875 0.4501953125 0.41796875 0.4404296875
0 0.70703125 0.5732421875 0.708984375 0.578125 0.7080078125 0.5849609375 0.6845703125 0.5849609375 0.6904296875 0.5830078125 0.69140625 0.57421875 0.6943359375 0.572265625 0.7060546875 0.5732421875
0 0.41015625 0.2138671875 0.4287109375 0.2138671875 0.4345703125 0.2177734375 0.4501953125 0.2197265625 0.451171875 0.234375 0.44140625 0.2353515625 0.3955078125 0.234375 0.3935546875 0.2314453125 0.3935546875 0.216796875 0.4013671875 0.212890625 0.4091796875 0.2138671875
0 0.2685546875 0.21484375 0.275390625 0.216796875 0.2763671875 0.2373046875 0.228515625 0.2392578125 0.2177734375 0.2373046875 0.216796875 0.2197265625 0.248046875 0.2138671875 0.267578125 0.21484375
0 0 0.3388671875 0.01171875 0.3388671875 0.0166015625 0.341796875 0.0166015625 0.3525390625 0 0.3525390625 0 0.33984375
0 0.5166015625 0.568359375 0.5302734375 0.572265625 0.53515625 0.5791015625 0.533203125 0.5869140625 0.51953125 0.58984375 0.5048828125 0.58984375 0.4951171875 0.5869140625 0.4873046875 0.5888671875 0.4833984375 0.5859375 0.484375 0.5703125 0.4892578125 0.568359375 0.515625 0.568359375
0 0.189453125 0.576171875 0.1923828125 0.578125 0.1923828125 0.5927734375 0.15625 0.59375 0.1484375 0.59375 0.1416015625 0.5908203125 0.140625 0.576171875 0.142578125 0.57421875 0.1806640625 0.57421875 0.1884765625 0.576171875
0 0.1455078125 0.216796875 0.1962890625 0.216796875 0.20703125 0.2216796875 0.2080078125 0.236328125 0.20703125 0.23828125 0.1474609375 0.240234375 0.1455078125 0.2177734375
0 0.7998046875 0.208984375 0.8017578125 0.2109375 0.8017578125 0.224609375 0.7978515625 0.2275390625 0.78515625 0.2255859375 0.7841796875 0.212890625 0.7880859375 0.208984375 0.798828125 0.208984375
0 0.501953125 0.2099609375 0.5263671875 0.21484375 0.5302734375 0.22265625 0.5302734375 0.232421875 0.4990234375 0.234375 0.47265625 0.2333984375 0.4716796875 0.2177734375 0.474609375 0.212890625 0.5009765625 0.2109375
0 0.1943359375 0.330078125 0.2041015625 0.3330078125 0.208984375 0.3369140625 0.20703125 0.341796875 0.2080078125 0.3486328125 0.1904296875 0.3505859375 0.1572265625 0.3505859375 0.154296875 0.3486328125 0.154296875 0.333984375 0.1572265625 0.3310546875 0.193359375 0.330078125
0 0.255859375 0.572265625 0.287109375 0.57421875 0.2890625 0.580078125 0.2890625 0.5888671875 0.287109375 0.5908203125 0.2412109375 0.5908203125 0.2373046875 0.57421875 0.2548828125 0.572265625
0 0.705078125 0.8115234375 0.73828125 0.814453125 0.7392578125 0.8173828125 0.736328125 0.822265625 0.728515625 0.8251953125 0.705078125 0.82421875 0.6923828125 0.8154296875 0.6923828125 0.8125 0.7041015625 0.8115234375
0 0.66796875 0.5712890625 0.68359375 0.572265625 0.6923828125 0.5751953125 0.6904296875 0.5849609375 0.6708984375 0.5869140625 0.66796875 0.5849609375 0.6591796875 0.5849609375 0.6611328125 0.5810546875 0.6650390625 0.5830078125 0.6689453125 0.580078125 0.66796875 0.572265625
0 0.1181640625 0.462890625 0.1201171875 0.455078125 0.1279296875 0.4541015625 0.138671875 0.44921875 0.1474609375 0.44921875 0.150390625 0.4541015625 0.1494140625 0.4638671875 0.12890625 0.4658203125 0.119140625 0.4638671875
0 0.220703125 0.443359375 0.224609375 0.4443359375 0.2294921875 0.4521484375 0.2294921875 0.462890625 0.2236328125 0.46484375 0.2001953125 0.46484375 0.19140625 0.462890625 0.193359375 0.4462890625 0.2197265625 0.4443359375
0 0.396484375 0.328125 0.412109375 0.3291015625 0.4169921875 0.3330078125 0.416015625 0.3447265625 0.404296875 0.3466796875 0.380859375 0.3466796875 0.375 0.3447265625 0.3720703125 0.3408203125 0.373046875 0.3349609375 0.3798828125 0.328125 0.3837890625 0.328125 0.38671875 0.3251953125 0.3916015625 0.3251953125 0.3955078125 0.328125
0 0.2763671875 0.216796875 0.3037109375 0.212890625 0.3291015625 0.216796875 0.33203125 0.220703125 0.33203125 0.232421875 0.3291015625 0.2353515625 0.2783203125 0.2373046875 0.2763671875 0.2177734375
0 0.4150390625 0.5751953125 0.416015625 0.5859375 0.4111328125 0.5888671875 0.3876953125 0.5888671875 0.380859375 0.5859375 0.3798828125 0.5810546875 0.388671875 0.57421875 0.4140625 0.5751953125
0 0.71875 0.3369140625 0.7177734375 0.328125 0.7216796875 0.322265625 0.734375 0.322265625 0.736328125 0.32421875 0.736328125 0.3349609375 0.734375 0.3388671875 0.720703125 0.3388671875 0.7197265625 0.3369140625
0 0.5771484375 0.326171875 0.5791015625 0.328125 0.5791015625 0.3408203125 0.5595703125 0.3447265625 0.5263671875 0.3447265625 0.525390625 0.3310546875 0.5380859375 0.326171875 0.564453125 0.326171875 0.5673828125 0.32421875 0.57421875 0.32421875 0.576171875 0.326171875
0 0.3486328125 0.216796875 0.3505859375 0.21875 0.390625 0.216796875 0.3916015625 0.232421875 0.388671875 0.2353515625 0.3388671875 0.236328125 0.3349609375 0.234375 0.333984375 0.220703125 0.3359375 0.21875 0.34765625 0.2177734375
0 0.5927734375 0.5693359375 0.595703125 0.5703125 0.5966796875 0.57421875 0.5947265625 0.5859375 0.55859375 0.587890625 0.5439453125 0.587890625 0.54296875 0.57421875 0.544921875 0.572265625 0.5595703125 0.5712890625 0.568359375 0.568359375 0.591796875 0.5693359375
0 0.638671875 0.568359375 0.640625 0.5703125 0.6494140625 0.5703125 0.6552734375 0.57421875 0.6552734375 0.5849609375 0.65234375 0.5869140625 0.623046875 0.5869140625 0.615234375 0.5849609375 0.6123046875 0.5751953125 0.6142578125 0.572265625 0.623046875 0.5693359375 0.630859375 0.5703125 0.6376953125 0.568359375
0 0.2412109375 0.69921875 0.2470703125 0.701171875 0.2724609375 0.701171875 0.2763671875 0.703125 0.2783203125 0.7119140625 0.2724609375 0.71484375 0.2333984375 0.7138671875 0.2265625 0.7158203125 0.220703125 0.7138671875 0.220703125 0.7080078125 0.216796875 0.708984375 0.2158203125 0.7001953125 0.2197265625 0.69921875 0.234375 0.703125 0.240234375 0.7001953125
0 0.6259765625 0.4482421875 0.037109375 0.0244140625
0 0.27734375 0.8115234375 0.3076171875 0.8125 0.3095703125 0.8154296875 0.3095703125 0.826171875 0.3076171875 0.828125 0.263671875 0.8271484375 0.26171875 0.8232421875 0.2626953125 0.8134765625 0.265625 0.8115234375 0.2763671875 0.8115234375
0 0.751953125 0.5712890625 0.7607421875 0.57421875 0.759765625 0.5830078125 0.75390625 0.5849609375 0.74609375 0.5849609375 0.744140625 0.58203125 0.74609375 0.572265625 0.7509765625 0.5712890625
0 0.72705078125 0.578125 0.0341796875 0.01611328125