1 0 0.205869951171875 0.0076728876953125 0.2068542236328125 0.050264357421875 0.2038759375 0.053208697265625 0.201736326171875 0.0439272587890625 0.1648711259765625 0.0371039228515625 0.1262870595703125 0.029817625 0.1032051494140625 0.0255778623046875 0.1015678994140625 0.007456130859375 0.100514626953125 0 0.1011532099609375 0 0.205869951171875
1 0.053748759765625 0.202085306640625 0.062606875 0.203399609375 0.101093142578125 0.2007083876953125 0.1045506328125 0.1985328935546875 0.1042276865234375 0.193914541015625 0.091553490234375 0.11590491796875 0.088017080078125 0.109577548828125 0.0869387744140625 0.10153131640625 0.081051912109375 0.098462265625 0.0733008330078125 0.0982307841796875 0.035381541015625 0.1016558486328125 0.0333827646484375 0.10256910546875 0.0337326240234375 0.1075723193359375 0.053748759765625 0.202085306640625
1 0.15293040625 0.16034283984375 0.14697371484375 0.1120295576171875 0.142305173828125 0.0968862314453125 0.13647213671875 0.0945869052734375 0.1055485615234375 0.0948155693359375 0.096905744140625 0.09658016796875 0.0899638505859375 0.1005462939453125 0.10557693359375 0.198461126953125 0.15699960546875 0.1964122822265625 0.1589445576171875 0.1947292998046875 0.156330435546875 0.17209416796875 0.15293040625 0.16034283984375
1 0.1595653564453125 0.1962328671875 0.208368453125 0.1935937119140625 0.211825943359375 0.1914182177734375 0.2100497373046875 0.16601728125 0.1978330478515625 0.0945503232421875 0.1918923623046875 0.0907115458984375 0.186193884765625 0.090336533203125 0.155918021484375 0.092453626953125 0.1463834638671875 0.0962143056640625 0.1537683212890625 0.15757703515625 0.15832739453125 0.1785291845703125 0.1579182568359375 0.1948010654296875 0.1595653564453125 0.1962328671875
1 0.26424800390625 0.1889127431640625 0.2661660439453125 0.1868448984375 0.25276703515625 0.0910957080078125 0.246447759765625 0.0892171279296875 0.2263541640625 0.0894619755859375 0.207394517578125 0.0911745068359375 0.2009119501953125 0.094335025390625 0.2102435771484375 0.146666498046875 0.21336539453125 0.191310568359375 0.2186852822265625 0.19364577734375 0.2484479951171875 0.19156456640625 0.26424800390625 0.1889127431640625
1 0.31567067578125 0.1868638984375 0.319074341796875 0.1839186787109375 0.3092404736328125 0.0875334453125 0.3023542216796875 0.0849210224609375 0.2806673525390625 0.0845037939453125 0.27718294921875 0.0862944248046875 0.2633817177734375 0.088032990234375 0.2584386005859375 0.0910858583984375 0.25762759765625 0.0942365263671875 0.2627714677734375 0.1530487490234375 0.268785619140625 0.187435208984375 0.27456483203125 0.188964810546875 0.31567067578125 0.1868638984375
1 0.360636232421875 0.0850997373046875 0.3573689462890625 0.0826209970703125 0.3228802314453125 0.0834857041015625 0.3148043896484375 0.0859841455078125 0.3125077607421875 0.0900121865234375 0.3205330556640625 0.1826564423828125 0.3253128818359375 0.1846426708984375 0.349890267578125 0.182150564453125 0.3674719365234375 0.1828548564453125 0.369363064453125 0.1804021494140625 0.360636232421875 0.0850997373046875
1 0.4218927734375 0.1794361259765625 0.4138423837890625 0.079058734375 0.4091163828125 0.0778422294921875 0.3797860830078125 0.078732970703125 0.3645530498046875 0.082118634765625 0.3682902119140625 0.1503110947265625 0.3730358525390625 0.1813055556640625 0.374709865234375 0.183122220703125 0.3814346416015625 0.1834254677734375 0.4199747333984375 0.1815039716796875 0.4218927734375 0.1794361259765625
1 0.46672376953125 0.07574765234375 0.464536607421875 0.0739668701171875 0.4500876650390625 0.0738170048828125 0.432100494140625 0.0746880458984375 0.4199194501953125 0.07747355078125 0.4159218974609375 0.0793000654296875 0.41632376171875 0.0924212783203125 0.4233245751953125 0.1777890263671875 0.4280774892578125 0.1793903935546875 0.468076294921875 0.1762066591796875 0.4729924990234375 0.1727689287109375 0.46672376953125 0.07574765234375
1 0.5193629462890625 0.0689728056640625 0.50639962890625 0.0679455654296875 0.489006345703125 0.0699353125 0.4718283603515625 0.0750039599609375 0.4706925927734375 0.080884548828125 0.477259173828125 0.174791041015625 0.478879361328125 0.17583798046875 0.52409040625 0.1734500048828125 0.5278995732421875 0.168929451171875 0.522630232421875 0.071451546875 0.5193629462890625 0.0689728056640625
1 0.581312291015625 0.092099748046875 0.5780504580078125 0.0675761865234375 0.5665996796875 0.066056435546875 0.5368100537109375 0.06775278515625 0.5287072998046874 0.06986636328125 0.5269220029296875 0.081206794921875 0.526776533203125 0.1233721240234375 0.5278744794921875 0.1611963154296875 0.530140560546875 0.1714799580078125 0.5793760703125 0.16765033203125 0.5812671982421875 0.1651976240234375 0.581312291015625 0.092099748046875
1 0.6337699951171875 0.16384673828125 0.6362568271484375 0.1551644609375 0.63796866015625 0.113276345703125 0.6356040205078125 0.0647118828125 0.629770982421875 0.062412556640625 0.6150241875 0.0653774765625 0.5999006201171875 0.062954318359375 0.59171712890625 0.06391330859375 0.58215566015625 0.067289123046875 0.58394059765625 0.16655766015625 0.586127759765625 0.16833844140625 0.606680681640625 0.1672879853515625 0.6337699951171875 0.16384673828125
1 0.6870030576171875 0.1581905966796875 0.6911675380859374 0.1366284375 0.689900845703125 0.1258881650390625 0.6920236337890625 0.06037989453125 0.6897288232421875 0.0570596630859375 0.653619921875 0.056877431640625 0.6414657880859375 0.0600477978515625 0.637575884765625 0.063413763671875 0.6383650712890625 0.148442380859375 0.6387400244140625 0.161178732421875 0.64084644921875 0.16180492578125 0.684058716796875 0.1603302080078125 0.6870030576171875 0.1581905966796875
1 0.7456891103515625 0.0535332822265625 0.7357508701171875 0.05152101953125 0.706933720703125 0.0523758779296875 0.6957789765625 0.0550896171875 0.6925098720703124 0.0599591494140625 0.6904892783203125 0.14905169140625 0.692134560546875 0.157831767578125 0.7385064658203125 0.15729633984375 0.740370681640625 0.15445876953125 0.74340303125 0.124080650390625 0.7456891103515625 0.0535332822265625
1 0.6878424326171875 0.2586854873046875 0.6931084951171875 0.2602509716796875 0.726949498046875 0.2574978330078125 0.732972740234375 0.2551429248046875 0.7367622685546875 0.2208444130859375 0.736279666015625 0.206568611328125 0.7380900576171875 0.2029613154296875 0.739125447265625 0.166148181640625 0.7372092255859375 0.1608677529296875 0.7319162509765625 0.15891740625 0.6999394619140625 0.1588329736328125 0.6918636201171875 0.1613314140625 0.6884868662109375 0.16466149609375 0.6899419443359375 0.1780958076171875 0.687628953125 0.2482583125 0.6878424326171875 0.2586854873046875
1 0.68868580078125 0.2338748623046875 0.6869205029296875 0.164384283203125 0.6516764287109374 0.161821109375 0.6410079228515625 0.1641141015625 0.6366586923828125 0.1682856748046875 0.6389855107421875 0.26055491796875 0.6448185498046874 0.262854244140625 0.6827916669921875 0.260198904296875 0.6866546591796875 0.2564480771484375 0.6868754111328125 0.2374821572265625 0.68868580078125 0.2338748623046875
1 0.58483051953125 0.171909853515625 0.588291287109375 0.26564678125 0.6089249453125 0.2657509140625 0.63447480859375 0.2624173154296875 0.6367983486328125 0.25877413671875 0.6350115927734375 0.166853873046875 0.63236510546875 0.1658787001953125 0.59085376171875 0.1695549453125 0.58483051953125 0.171909853515625
1 0.5471821669921875 0.171835271484375 0.5369460751953125 0.1729377939453125 0.5304096826171875 0.1753285859375 0.5358961396484375 0.2685371181640625 0.540162814453125 0.27055923046875 0.579162232421875 0.267832125 0.5857255361328125 0.2658261962890625 0.58380421875 0.1719816201171875 0.5749191923828125 0.1702824541015625 0.5471821669921875 0.171835271484375
1 0.52463046875 0.173798984375 0.5040506357421874 0.1744645771484375 0.4775013837890625 0.1782548046875 0.483095490234375 0.2730027880859375 0.485309564453125 0.2751684326171875 0.53087228515625 0.2704353984375 0.5326826767578124 0.2668281025390625 0.531884400390625 0.218540853515625 0.5288971435546875 0.1758210966796875 0.52463046875 0.173798984375
1 0.44455212109375 0.17901186328125 0.4296976767578125 0.18043733203125 0.4253484462890625 0.1846089052734375 0.431780466796875 0.276591083984375 0.43342756640625 0.2780228857421875 0.477072248046875 0.275357697265625 0.480935240234375 0.271606869140625 0.475556431640625 0.179937787109375 0.47174908203125 0.17711006640625 0.44455212109375 0.17901186328125
1 0.4298086025390625 0.2778892041015625 0.4305119560546875 0.2731990869140625 0.4244028828125 0.1858352587890625 0.4200823828125 0.183043421875 0.4097655537109375 0.18299135546875 0.3783826533203125 0.1840256279296875 0.3739257744140625 0.18665775 0.377530193359375 0.245577623046875 0.38200489453125 0.2800717314453125 0.388270345703125 0.2811805869140625 0.4273505 0.2796080693359375 0.4298086025390625 0.2778892041015625
1 0.335929021484375 0.2848406484375 0.3778996923828125 0.280358794921875 0.3792507578125 0.277557107421875 0.375204833984375 0.2565690751953125 0.3740243330078125 0.2249385693359375 0.3672548212890625 0.187124228515625 0.3372498974609375 0.1857416767578125 0.3291740546875 0.1882401171875 0.322908603515625 0.18713126171875 0.318937962890625 0.1893426396484375 0.3176407216796875 0.192914052734375 0.3204414111328125 0.2255914970703125 0.328988947265625 0.2814585 0.335929021484375 0.2848406484375
1 0.3052207451171875 0.2881482138671875 0.3231002666015625 0.28573772265625 0.327395671875 0.280796423828125 0.32486410546875 0.2519676064453125 0.3144003466796875 0.190820173828125 0.311186884765625 0.1891111591796875 0.2890137763671875 0.1891146748046875 0.26748837890625 0.19100662109375 0.2630045869140625 0.1932538818359375 0.2714408388671875 0.262277982421875 0.2772953349609375 0.2870069931640625 0.2846139990234375 0.2884289443359375 0.3052207451171875 0.2881482138671875
1 0.216245001953125 0.232490875 0.2216401728515625 0.2580254931640625 0.220450580078125 0.2631363564453125 0.2227148427734375 0.2807682744140625 0.22589957421875 0.2894407001953125 0.22859988671875 0.291185599609375 0.238430478515625 0.2916584111328125 0.273757107421875 0.2880278984375 0.2747044892578125 0.279453271484375 0.269605353515625 0.2581521416015625 0.262032111328125 0.1940953740234375 0.259871861328125 0.192699455078125 0.2342950869140625 0.1956481904296875 0.2249776455078125 0.19513949609375 0.2127966015625 0.197925 0.216245001953125 0.232490875
1 0.2237124130859375 0.2876599189453125 0.2091507255859375 0.1974064560546875 0.1986724228515625 0.195045212890625 0.1673971708984375 0.1976189365234375 0.1593482412109375 0.200502240234375 0.16363273828125 0.2396505830078125 0.1746652880859375 0.2941835849609375 0.180444501953125 0.295713185546875 0.19332708203125 0.2955858369140625 0.21990324609375 0.29218047265625 0.2237124130859375 0.2876599189453125
1 0.1092657255859375 0.2438390400390625 0.122350876953125 0.2982285087890625 0.12556433984375 0.2999375244140625 0.145171697265625 0.3001134228515625 0.1583521298828125 0.2968712900390625 0.1706677353515625 0.2960100986328125 0.172343564453125 0.2904784892578125 0.15691705078125 0.20260596875 0.150463212890625 0.19880307421875 0.1360411826171875 0.1990380712890625 0.109384283203125 0.2012888486328125 0.1058460556640625 0.20230975390625 0.1029824521484375 0.205603953125 0.1089176845703125 0.2314875517578125 0.1092657255859375 0.2438390400390625
1 0.065317736328125 0.2716638349609375 0.069901904296875 0.3003491201171875 0.073628517578125 0.3020222529296875 0.0907239482421875 0.303147291015625 0.1081441435546875 0.301542408203125 0.121324576171875 0.2983002744140625 0.1014699130859375 0.20609646484375 0.0982026259765625 0.203617724609375 0.0919640869140625 0.2028937314453125 0.0596356220703125 0.2051543583984375 0.0510735419921875 0.2080735439453125 0.0589231787109375 0.2465858447265625 0.0591635703125 0.2573978828125 0.065317736328125 0.2716638349609375
1 0 0.214901693359375 0.0108699873046875 0.274697703125 0.0176969599609375 0.2985852216796875 0.021665783203125 0.3037221181640625 0.0264456083984375 0.3057083486328125 0.067011388671875 0.3032584560546875 0.069254193359375 0.2984606904296875 0.0644259970703125 0.2736599140625 0.0594596044921875 0.2616313720703125 0.054391017578125 0.2260185576171875 0.0474007529296875 0.20717013671875 0.0462937158203125 0.2060873154296875 0.032897986328125 0.2062505458984375 0.0051878740234375 0.2081882265625 0 0.2098774970703125 0 0.214901693359375
1 0.0490114921875 0.3555674140625 0.0492518837890625 0.3663794521484375 0.0578605166015625 0.3936230859375 0.0635517216796875 0.423391193359375 0.0690294462890625 0.4427321259765625 0.075535291015625 0.45465301953125 0.086446005859375 0.4558237900390625 0.1326026142578125 0.4522094619140625 0.1353585693359375 0.4473758115234375 0.1314759375 0.421348681640625 0.1136953330078125 0.3514310234375 0.107808470703125 0.34836197265625 0.096546078125 0.349536259765625 0.0903093564453125 0.3414639931640625 0.07278151171875 0.34152942578125 0.06311239453125 0.3433657900390625 0.0490114921875 0.3555674140625
1 0.1303601689453125 0.346398259765625 0.12166352734375 0.3473931328125 0.118206037109375 0.3495686259765625 0.120820158203125 0.3722037578125 0.128375578125 0.3991342958984375 0.1349836162109375 0.4346394609375 0.14121851953125 0.4500600009765625 0.14853718359375 0.4514819521484375 0.163472365234375 0.451211072265625 0.1992583203125 0.446774951171875 0.2025543369140625 0.44229028125 0.2024754189453125 0.433787419921875 0.1856421962890625 0.3552951337890625 0.1807027158203125 0.3436514541015625 0.165254384765625 0.3439582177734375 0.162607896484375 0.342983044921875 0.1590176630859375 0.3358859521484375 0.1344133642578125 0.337993197265625 0.1303601689453125 0.346398259765625
1 0.186941255859375 0.344375447265625 0.192036755859375 0.3803731240234375 0.204364728515625 0.438682986328125 0.2073879873046875 0.445046236328125 0.21211398828125 0.446262740234375 0.23115437109375 0.4457047958984375 0.26391525 0.4422536982421875 0.266184966796875 0.4378407939453125 0.263220986328125 0.4102024482421875 0.2526783095703125 0.3405521533203125 0.2501951123046875 0.3345378818359375 0.2304531943359375 0.3324376708984375 0.225565720703125 0.3289119912109375 0.20401341015625 0.330419076171875 0.19888008984375 0.3381261787109375 0.189804859375 0.341081248046875 0.186941255859375 0.344375447265625
1 0.269316232421875 0.3351345263671875 0.2570813642578125 0.3371503056640625 0.255351708984375 0.341912189453125 0.2576123359375 0.374240654296875 0.266780671875 0.4316112255859375 0.26999231640625 0.4406685146484375 0.274258990234375 0.442690626953125 0.308747705078125 0.441825919921875 0.3255740146484375 0.4391023310546875 0.3304094814453125 0.43451001171875 0.3303305634765625 0.426007150390625 0.3210869453125 0.345437169921875 0.3173890634765625 0.336800626953125 0.3131223876953125 0.334778513671875 0.3023193203125 0.3351471923828125 0.297595138671875 0.326582416015625 0.27652906640625 0.32766875390625 0.2735039892578125 0.3286537763671875 0.269316232421875 0.3351345263671875
1 0.3258704072265625 0.3327268515625 0.3220343271484375 0.3368625419921875 0.32370106640625 0.3680723017578125 0.3320314873046875 0.428208677734375 0.3345685078125 0.434992673828125 0.3367825830078125 0.437158318359375 0.388178341796875 0.4347246103515625 0.39304072265625 0.430517154296875 0.394149578125 0.4242517021484375 0.3849365087890625 0.3293700361328125 0.3817230458984375 0.327661021484375 0.3705144775390625 0.3296050341796875 0.3657884765625 0.3283885302734375 0.3628459541015625 0.3231798671875 0.346317498046875 0.322788671875 0.339160306640625 0.3236758955078125 0.3336214853515625 0.33295833203125 0.3258704072265625 0.3327268515625
1 0.39336402734375 0.3245265361328125 0.3884190927734375 0.3349276787109375 0.390408779296875 0.3707557900390625 0.39830678515625 0.4320826376953125 0.4225324951171875 0.43193558984375 0.4537808349609375 0.4289770029296875 0.4575900029296875 0.4244564501953125 0.4581318828125 0.41745715625 0.4530742041015625 0.33775469921875 0.4487555224609375 0.3276145888671875 0.4439218720703125 0.3248586337890625 0.4377640703125 0.3252892294921875 0.4312833203125 0.32110147265625 0.4295016591796875 0.317745357421875 0.41183925390625 0.3158864765625 0.4057891005859375 0.3178565234375 0.4029793212890625 0.321920447265625 0.39336402734375 0.3245265361328125
1 0.455738513671875 0.3758561044921875 0.4617221171875 0.4245542490234375 0.4676089794921875 0.42762330078125 0.516898314453125 0.4245633994140625 0.52024815625 0.420848455078125 0.521385740234375 0.407619591796875 0.5184057568359375 0.335506740234375 0.5144387529296875 0.3230215703125 0.5101451650390625 0.32061459375 0.5029879736328124 0.321501818359375 0.4988307646484375 0.3136708837890625 0.4761983310546875 0.3144800078125 0.473036875 0.3208889912109375 0.457857666015625 0.3250443818359375 0.4538313818359375 0.3338343076171875 0.455738513671875 0.3758561044921875
1 0.5230546572265625 0.3208721083984375 0.5202699716796875 0.332669169921875 0.521715958984375 0.3828448486328125 0.523895849609375 0.4140187255859375 0.5295655966796875 0.4213571494140625 0.5378567373046875 0.4219376103515625 0.5829601328125 0.4180101845703125 0.5847705234375 0.414402888671875 0.5865325439453125 0.387981044921875 0.587465740234375 0.3275836396484375 0.58411953515625 0.316602037109375 0.57474826953125 0.3153236162109375 0.5680791337890625 0.3084418212890625 0.5470399755859375 0.3099130224609375 0.5447702587890625 0.3143259267578125 0.5402595546875 0.31618832421875 0.537586154296875 0.3148282880859375 0.5303751396484375 0.3149457861328125 0.5230546572265625 0.3208721083984375
1 0.6163421689453125 0.305453685546875 0.612694474609375 0.3122834140625 0.6008112822265625 0.311954134765625 0.5969213779296875 0.315320099609375 0.5917611455078124 0.32264233984375 0.5905697353515625 0.3351014775390625 0.5895343447265625 0.37191461328125 0.591881162109375 0.38335284375 0.591714234375 0.4030884892578125 0.595439029296875 0.4121098955078125 0.600353416015625 0.4160204384765625 0.6071589306640625 0.4174782734375 0.652802388671875 0.4138998271484375 0.656719205078125 0.410918724609375 0.6577473232421875 0.4034986845703125 0.6562941357421875 0.360594306640625 0.658522681640625 0.3260955546875 0.657094515625 0.313046107421875 0.6470486279296875 0.3094943935546875 0.640838818359375 0.3018069892578125 0.6197727470703125 0.3028933291015625 0.6163421689453125 0.305453685546875
1 0.6611997177734374 0.3127590439453125 0.6578640625 0.3682967666015625 0.659530802734375 0.3995065263671875 0.6624715068359375 0.412063462890625 0.6656580556640626 0.4133876162109375 0.6855901787109375 0.4108335927734375 0.7000660341796875 0.4113683193359375 0.71689234375 0.408644732421875 0.7208109775390625 0.3983153564453125 0.724799798828125 0.3226212412109375 0.72158997265625 0.306215677734375 0.716270083984375 0.30388046875 0.710114099609375 0.2969627900390625 0.696124482421875 0.2960073173828125 0.685915302734375 0.297494701171875 0.6818082822265625 0.3051300390625 0.668087787109375 0.3080231923828125 0.6611997177734374 0.3127590439453125
1 0.659819205078125 0.5437420791015625 0.6645182939453125 0.5445737216796875 0.673107287109375 0.5420393974609375 0.706435140625 0.539322142578125 0.7109189306640625 0.5370748828125 0.7155554638671875 0.4632691982421875 0.71496339453125 0.4548022197265625 0.7059456240234375 0.443830466796875 0.680801263671875 0.4455887314453125 0.6734000439453125 0.45036046484375 0.658059361328125 0.4522066796875 0.65408690234375 0.461766330078125 0.6547506171875 0.5081292666015625 0.6567690341796875 0.5369939658203124 0.659819205078125 0.5437420791015625
1 0.5986684951171874 0.458293416015625 0.594778591796875 0.461659380859375 0.593508263671875 0.4656156572265625 0.5963536865234375 0.5358041953125 0.599699892578125 0.5467857978515624 0.603480328125 0.54922865625 0.63648341796875 0.5492413232421876 0.651230212890625 0.5462764033203125 0.6536344912109375 0.5437878134765625 0.6547469814453125 0.5228258134765625 0.6511712919921875 0.4569425302734375 0.647904005859375 0.4544637900390625 0.638965154296875 0.4519948984375 0.63456391796875 0.44804847265625 0.6149565595703125 0.44787257421875 0.61101283203125 0.4504688134765625 0.6077975517578125 0.4561080732421875 0.6025853125 0.4553123134765625 0.5986684951171874 0.458293416015625
1 0.536577318359375 0.46263525390625 0.5337406259765625 0.46631431640625 0.5339773818359375 0.4918229013671875 0.536964638671875 0.534542658203125 0.542307802734375 0.55195927734375 0.546034416015625 0.55363241015625 0.55583809375 0.5537203603515625 0.592164111328125 0.54963321875 0.5947334990234375 0.534757255859375 0.5931798623046876 0.4830421259765625 0.59137492578125 0.4646046005859375 0.588784080078125 0.45705087890625 0.585489880859375 0.454187275390625 0.57819812890625 0.4531501865234375 0.5738507177734375 0.449973486328125 0.5604818984375 0.450521580078125 0.5538916826171875 0.452142646484375 0.550082515625 0.4566632001953125 0.536577318359375 0.46263525390625
1 0.47166181640625 0.52982720703125 0.47703007421875 0.5549769638671875 0.4812429248046875 0.556229349609375 0.495664955078125 0.5559943525390625 0.5259139072265625 0.55349239453125 0.5301824013671875 0.548166234375 0.53021840234375 0.5118097275390625 0.5263645009765625 0.4788191865234375 0.52153448828125 0.4613666845703125 0.51721398828125 0.4585748466796875 0.5051424111328126 0.4555515283203125 0.4913142666015625 0.45690523046875 0.4833729853515625 0.461327984375 0.4712188525390625 0.4644983515625 0.46784028125 0.47517670703125 0.47166181640625 0.52982720703125
1 0.4079900888671875 0.482069052734375 0.412540072265625 0.5397625703125 0.4180716220703125 0.559873228515625 0.4228514482421875 0.5618594580078125 0.442431892578125 0.561650494140625 0.467495517578125 0.558737640625 0.4698728837890625 0.5558641865234375 0.4704955009765625 0.55001948046875 0.4701761904296875 0.5307045810546875 0.46554365234375 0.4792047490234375 0.4610904091796875 0.46714032421875 0.4573099716796875 0.4646974658203125 0.45015278125 0.4655846904296875 0.44307814453125 0.460278228515625 0.425684861328125 0.462267974609375 0.4090989443359375 0.4758036005859375 0.4079900888671875 0.482069052734375
1 0.34695394140625 0.4793757138671875 0.3457374384765625 0.48410171484375 0.35107151171875 0.5382597021484375 0.3587884052734375 0.567499416015625 0.380961513671875 0.5674958994140625 0.4080508271484375 0.56405465234375 0.4113737568359375 0.55995484375 0.411781076171875 0.551031236328125 0.4076886005859375 0.499880384765625 0.40520722265625 0.48651783984375 0.39967385546875 0.473755455078125 0.3949209423828125 0.4721540888671875 0.388763138671875 0.4725846845703125 0.3766108251953125 0.46840677734375 0.3631881826171875 0.468185146484375 0.360190017578125 0.4695550322265625 0.359513576171875 0.4746300126953125 0.34695394140625 0.4793757138671875
1 0.300530029296875 0.471793142578125 0.2952890595703125 0.477960794921875 0.2911300341796875 0.4774781328125 0.2857006787109375 0.4809517470703125 0.2839172001953125 0.4849439052734375 0.290143013671875 0.537105814453125 0.2977504404296875 0.5721543505859376 0.3020171142578125 0.5741764638671875 0.3118207939453125 0.574264412109375 0.32667523828125 0.572838943359375 0.3353130361328125 0.5695277177734375 0.3495247890625 0.5677604462890625 0.3518752431640625 0.564502130859375 0.35158284375 0.5455720927734375 0.3435484580078125 0.48966920703125 0.3403099013671875 0.4802270546875 0.3370426142578125 0.477748314453125 0.32445788671875 0.4747608779296875 0.318463375 0.4701523759765625 0.307687220703125 0.47090591796875 0.300530029296875 0.471793142578125
1 0.222793044921875 0.5104890732421875 0.234606048828125 0.5761830927734375 0.241546125 0.579565240234375 0.284164505859375 0.576971818359375 0.2895131240234375 0.5723436162109375 0.2913253330078125 0.5613880458984375 0.2801098505859375 0.4821161845703125 0.2736291015625 0.4779284287109375 0.268497599609375 0.4782872587890625 0.2579654716796875 0.4751562900390625 0.2380064384765625 0.477325451171875 0.2351966591796875 0.4813893759765625 0.23119910546875 0.4832158896484375 0.2285526171875 0.482240716796875 0.2216376357421875 0.486591705078125 0.222793044921875 0.5104890732421875
1 0.155197228515625 0.4951051162109375 0.17281090625 0.584758419921875 0.176537517578125 0.586431552734375 0.2261785302734375 0.5810265927734375 0.2286097197265625 0.5789228642578125 0.22971857421875 0.572657412109375 0.22769833984375 0.5511409853515625 0.2200138134765625 0.5002413134765625 0.21485903515625 0.485518732421875 0.20386758203125 0.483193373046875 0.1987629921875 0.4839370654296875 0.1897164912109375 0.4799287236328125 0.1784002744140625 0.480333287109375 0.168758068359375 0.482554513671875 0.1654351396484375 0.4866543212890625 0.1589256591796875 0.4894299755859375 0.155197228515625 0.4951051162109375
1 0.096699919921875 0.4918475009765625 0.0915666005859375 0.499554603515625 0.0910785439453125 0.507323623046875 0.0972828994140625 0.53705584765625 0.112205353515625 0.5882228837890625 0.118146041015625 0.59206166015625 0.164195 0.5869078798828125 0.168409669921875 0.580811994140625 0.16816927734375 0.5699999560546875 0.1553568837890625 0.50476256640625 0.150121369140625 0.4888853974609375 0.1469617314453125 0.487946107421875 0.13572625 0.4895052578125 0.12997394921875 0.48836051953125 0.1287592626953125 0.4857382470703125 0.1240870859375 0.48529146875 0.1051543525390625 0.48738886328125 0.096699919921875 0.4918475009765625
1 0.15085091796875 0.7057980810546876 0.1540374677734375 0.707122234375 0.166785486328125 0.7050705712890625 0.1986815390625 0.704000416015625 0.2043010966796875 0.6958725673828124 0.2051964716796875 0.6791799404296875 0.1943523076171875 0.627340978515625 0.1885749111328125 0.618463103515625 0.166941865234375 0.618815599609375 0.167049513671875 0.62035505078125 0.162106396484375 0.6234079189453124 0.15459934765625 0.619291927734375 0.145172439453125 0.624592056640625 0.13739444921875 0.623975712890625 0.1330183076171875 0.6277624228515625 0.15085091796875 0.7057980810546876
1 0.19613578515625 0.6233488193359376 0.19869608203125 0.6452142265625 0.211754322265625 0.69921883203125 0.214454634765625 0.7009637314453125 0.2222326240234375 0.70158007421875 0.2630693447265625 0.6956305361328124 0.2652314130859375 0.6896781806640625 0.2648295478515625 0.6765569677734375 0.2536355234375 0.619714791015625 0.2496397880859375 0.61419303125 0.2453462021484375 0.611786056640625 0.2355425224609375 0.611698107421875 0.2307357841796875 0.6093270146484375 0.2133155888671875 0.6109318984375 0.2075883828125 0.617520296875 0.200485015625 0.61917724609375 0.19613578515625 0.6233488193359376
1 0.2584924501953125 0.6375521552734374 0.26219033203125 0.64618869921875 0.2626998466796875 0.6608493642578125 0.2712528369140625 0.694671546875 0.2857286923828125 0.6952062734375 0.3149244306640625 0.6923912197265625 0.3199482841796875 0.690492939453125 0.322894443359375 0.6810050556640626 0.3228693486328125 0.67327191796875 0.3138893984375 0.6185953857421875 0.30948998046875 0.6073006865234375 0.297039814453125 0.6062375634765625 0.2616055361328125 0.6083286259765625 0.2577156318359375 0.61169458984375 0.2566067763671875 0.6179600419921875 0.2584924501953125 0.6375521552734374
1 0.3332901904296875 0.689559982421875 0.3471990703125 0.689360869140625 0.3762602490234375 0.6846215 0.37920640625 0.6751336162109375 0.378266296875 0.6543151494140625 0.372928587890625 0.6148537080078125 0.3663150947265625 0.6013933642578125 0.349138927734375 0.59911373828125 0.3332043583984375 0.5998412470703125 0.3191052744140625 0.6046945966796875 0.315943818359375 0.611103580078125 0.321468095703125 0.6606073330078125 0.3285103642578125 0.68757375390625 0.3332901904296875 0.689559982421875
1 0.3821525654296875 0.66564573046875 0.3816914208984375 0.67379961328125 0.3849030654296875 0.68285690234375 0.3886565908203125 0.6849148984375 0.428088421875 0.6809973212890625 0.4335177763671875 0.6775237080078125 0.4355721953125 0.67003190234375 0.4324772900390625 0.6257726953125 0.426380583984375 0.5975799208984375 0.4247334853515625 0.596148119140625 0.3902178583984375 0.5966279638671875 0.377118162109375 0.6010246845703126 0.3752539462890625 0.6038622548828125 0.3750601064453125 0.6232130380859375 0.3821525654296875 0.66564573046875
1 0.4433483681640625 0.67799651953125 0.4752175068359375 0.6765415009765625 0.4895049765625 0.6743821904296875 0.492504958984375 0.66566403125 0.4905152734375 0.6298359189453125 0.487632029296875 0.6033521611328125 0.4831249619140625 0.5905180107421875 0.4809647119140625 0.589122091796875 0.46975614453125 0.59106610546875 0.4629237177734375 0.5892234072265625 0.4490955732421875 0.5905771103515625 0.4356172890625 0.59693402734375 0.4327249541015625 0.6071916376953125 0.43616971875 0.6564540595703126 0.4433483681640625 0.67799651953125
1 0.4998218056640625 0.6744342578125 0.543845076171875 0.6698088720703125 0.546681767578125 0.6661298095703125 0.5476058740234375 0.6424737724609375 0.544455326171875 0.6047931123046875 0.540246111328125 0.5888441787109375 0.539112162109375 0.587376494140625 0.526310318359375 0.5886584296875 0.5147788037109375 0.585984091796875 0.493766556640625 0.5878401552734375 0.48944423828125 0.592396591796875 0.4944499111328125 0.663981048828125 0.4975808193359375 0.67188375 0.4998218056640625 0.6744342578125
1 0.6039392958984375 0.6590320166015625 0.6046731982421875 0.64003021484375 0.601443732421875 0.593846693359375 0.5979898779296875 0.5813256396484375 0.5942363525390625 0.57926764453125 0.5808137099609375 0.579046013671875 0.55591155859375 0.5842680419921875 0.549077314453125 0.589773619140625 0.5458871279296875 0.6031460126953125 0.548874384765625 0.64586576953125 0.5546212314453125 0.669055330078125 0.60023777734375 0.6650920205078125 0.6039392958984375 0.6590320166015625
1 0.6071833076171875 0.64642934765625 0.611446345703125 0.6631480078125 0.61411974609375 0.6645080439453125 0.6367252685546875 0.663314056640625 0.65919623046875 0.6601957548828125 0.66208674609375 0.6572864189453125 0.6626555390625 0.6506719873046874 0.6586205234375 0.5855943125 0.6566504775390625 0.579544158203125 0.6534370146484375 0.577835142578125 0.6343428076171875 0.577623361328125 0.610737896484375 0.5792739775390625 0.60679416796875 0.5818702177734375 0.604632099609375 0.587822572265625 0.6039000166015625 0.5994761015625 0.6071833076171875 0.64642934765625
1 0.65977956640625 0.5947951337890625 0.6605832978515624 0.6210375615234375 0.663145412109375 0.6355546943359375 0.6623845986328125 0.654171634765625 0.6653002080078125 0.65899543359375 0.6970616982421876 0.6560009658203125 0.7074323515625 0.6568227568359375 0.7098904541015625 0.6551038916015625 0.713161376953125 0.6428860849609375 0.7146004501953125 0.611845890625 0.7120437900390625 0.5752839365234375 0.705966724609375 0.5768691201171875 0.6900052421875 0.577211765625 0.681066390625 0.574742875 0.674908587890625 0.575173470703125 0.6668327451171875 0.5776719111328125 0.661943453125 0.5814945048828125 0.65977956640625 0.5947951337890625
1 0.1430296533203125 0.770931337890625 0.168959564453125 0.86889823828125 0.172199939453125 0.8709921171875 0.203502103515625 0.8688032568359375 0.220328412109375 0.86607966796875 0.2252177041015625 0.86225707421875 0.224950400390625 0.851060173828125 0.2020222900390625 0.73702683984375 0.1977556142578125 0.7350047275390625 0.190732984375 0.7378162646484375 0.18390055859375 0.7359735673828125 0.1747445908203125 0.737774048828125 0.1525714814453125 0.7377775654296875 0.149221640625 0.7414925107421875 0.1437348251953125 0.7588929462890625 0.1430296533203125 0.770931337890625
1 0.222657765625 0.7297826982421876 0.2155274873046875 0.7310547861328125 0.211258994140625 0.7363809462890625 0.208555044921875 0.749332595703125 0.2102236025390625 0.7731940810546875 0.2299706181640625 0.86385844140625 0.234318029296875 0.867035140625 0.2481999970703125 0.8664511640625 0.2518996982421875 0.8677394345703126 0.2672672919921875 0.86627808203125 0.2854984912109375 0.8615225322265625 0.28741653125 0.8594546865234375 0.28755291015625 0.8540307265625 0.2672227890625 0.7550275478515625 0.267868810546875 0.7273947236328125 0.2641421982421875 0.7257215908203125 0.2452094638671875 0.727818986328125 0.23580946875 0.7335039765625 0.2296516650390625 0.733934572265625 0.222657765625 0.7297826982421876
1 0.276403978515625 0.7240906748046875 0.2716223359375 0.72945271875 0.2688896572265625 0.7493677783203125 0.26921078515625 0.7613344052734375 0.289253833984375 0.8562322529296875 0.3037566015625 0.85715184375 0.3416220703125 0.8529570546875 0.344431849609375 0.8488931298828125 0.34400125390625 0.8427353271484375 0.328307435546875 0.743665904296875 0.3293661015625 0.7219341806640625 0.3255587529296875 0.7191064599609375 0.323208298828125 0.7223647763671875 0.31435018359375 0.72105047265625 0.3015752529296875 0.722717271484375 0.299170974609375 0.72520586328125 0.2920137841796875 0.7260930869140625 0.2913660732421875 0.7242046572265625 0.276403978515625 0.7240906748046875
1 0.3518850751953125 0.8522393955078125 0.4010398486328125 0.8472551806640625 0.40328265234375 0.8424574130859375 0.39748198046875 0.8184981279296875 0.3962458369140625 0.793446171875 0.3896145224609375 0.7428595966796875 0.3887569677734375 0.715847443359375 0.376819951171875 0.7147484384765626 0.3361716162109375 0.7233920146484375 0.3328217744140625 0.7271069599609375 0.32990252734375 0.7369797080078125 0.3442991064453125 0.83962054296875 0.3469437763671875 0.8479439892578124 0.3518850751953125 0.8522393955078125
1 0.3908615751953125 0.7238219111328125 0.4003168544921875 0.8221673408203125 0.404822103515625 0.8423497646484375 0.407036177734375 0.8445154091796875 0.41384169140625 0.8459732431640625 0.4245371103515625 0.84406511328125 0.44460379296875 0.8434354033203125 0.4557854501953125 0.8411065283203125 0.4592429404296875 0.838931033203125 0.447067708984375 0.709062748046875 0.443827333984375 0.706968869140625 0.432078703125 0.70856390234375 0.4218138798828125 0.7166298359375 0.4055832763671875 0.71312385546875 0.3943208837890625 0.7142981435546875 0.39234901953125 0.7155962626953125 0.3908615751953125 0.7238219111328125
1 0.483366814453125 0.704590744140625 0.474210845703125 0.706391224609375 0.4657564150390625 0.7108498623046875 0.4533062470703125 0.709786740234375 0.4514940390625 0.7207423095703125 0.4534855439453125 0.7492221474609375 0.4560225634765625 0.7560061435546875 0.4579620615234375 0.776367982421875 0.4553944931640625 0.7838956708984375 0.4608453046875 0.8028517412109375 0.4577914990234375 0.81080017578125 0.4622141923828125 0.83717628515625 0.469154267578125 0.8405584326171875 0.4973237060546875 0.8378151455078126 0.5048863984375 0.8353525869140624 0.514176927734375 0.835476419921875 0.5174998564453125 0.831376611328125 0.511206033203125 0.7266221982421875 0.507025548828125 0.703709853515625 0.5059185107421875 0.7026270302734375 0.483366814453125 0.704590744140625
1 0.5141289150390626 0.7020529033203124 0.5112653115234375 0.7053471025390625 0.5156447314453125 0.7974728134765625 0.5205787578125 0.8311613134765625 0.522819744140625 0.8337118212890625 0.5290313720703125 0.834050951171875 0.5715959287109375 0.830687802734375 0.5745402685546875 0.82854819140625 0.5757298603515625 0.823437328125 0.5727426044921875 0.7807175703125 0.5739071015625 0.7678735703125 0.570516162109375 0.7193808740234375 0.565605412109375 0.7007737841796875 0.562851275390625 0.69825916015625 0.5448641044921875 0.699130201171875 0.531170521484375 0.702408216796875 0.5264176083984375 0.7008068505859375 0.5141289150390626 0.7020529033203124
1 0.571031130859375 0.7119967177734375 0.5772980419921875 0.816366267578125 0.579295 0.8228012841796875 0.5829677890625 0.8237046923828125 0.605033248046875 0.822161724609375 0.6454106435546875 0.8170177939453125 0.6472766767578125 0.8068319501953125 0.6464587607421876 0.7287667431640625 0.641494185546875 0.709389927734375 0.6330164775390625 0.6987671552734375 0.6266972021484375 0.69688857421875 0.6141106552734374 0.701249412109375 0.5983375595703125 0.70428609765625 0.5804849501953125 0.7070814521484375 0.5747595615234375 0.706321576171875 0.57178830859375 0.70807632421875 0.571031130859375 0.7119967177734375
1 0.6872471103515625 0.700002658203125 0.6820617841796875 0.6995917626953125 0.669448326171875 0.70356773828125 0.661643423828125 0.7025665322265625 0.6587798203125 0.7058607314453125 0.6479229287109375 0.7054596845703125 0.6449516767578125 0.70721443359375 0.6466526005859375 0.7094159609375 0.6486190107421875 0.730162662109375 0.6482760654296875 0.806375322265625 0.6499213466796875 0.815155396484375 0.6526216591796875 0.8169002958984375 0.661372125 0.8166751484375 0.7019109931640625 0.81384039453125 0.7182241513671875 0.811152689453125 0.7210357490234375 0.7997404912109375 0.7230796181640625 0.725729359375 0.721353599609375 0.7157946953125 0.7127144189453125 0.70286274609375 0.7073676181640625 0.700142673828125 0.6994030615234375 0.689484017578125 0.6986997080078124 0.6941741357421874 0.6872471103515625 0.700002658203125
1 0.18909789453125 0.9061644853515625 0.2145990283203125 0.99062530859375 0.236043689453125 0.9875787744140625 0.25559722265625 0.986984947265625 0.2667788779296875 0.9846560712890625 0.2658369501953125 0.9711858779296875 0.2505915498046875 0.915400490234375 0.2448734326171875 0.8852475185546875 0.2432532451171875 0.884200580078125 0.233584126953125 0.8860369443359375 0.211114984375 0.8818069716796875 0.2060642177734375 0.883320388671875 0.1977730771484375 0.882739927734375 0.1933700234375 0.8861417763671875 0.1902354794921875 0.8929356220703125 0.18909789453125 0.9061644853515625
1 0.26977704296875 0.983286185546875 0.281120171875 0.9832664853515625 0.2912486162109375 0.9806245126953125 0.3153666767578125 0.978938013671875 0.3229562822265625 0.9768603193359375 0.3159445595703125 0.9355822138671875 0.3078490771484375 0.908302697265625 0.3045065078125 0.882624546875 0.3015101611328125 0.876646158203125 0.265264880859375 0.88188788671875 0.255461201171875 0.8817999384765625 0.249978021484375 0.884503826171875 0.2488422548828125 0.8903844150390625 0.2491364716796875 0.9019661787109375 0.26977704296875 0.983286185546875
1 0.3436706767578125 0.9781190390625 0.3537183828125 0.974322478515625 0.3750823076171875 0.97012135546875 0.37708290234375 0.9618598251953125 0.3612527041015625 0.8682143623046875 0.36011875390625 0.866746677734375 0.3241175009765625 0.868103896484375 0.3115309560546875 0.8724647353515625 0.3082080263671875 0.87656454296875 0.3097420224609375 0.89850171484375 0.32452264453125 0.977137533203125 0.326169744140625 0.978569333984375 0.3436706767578125 0.9781190390625
1 0.3987410419921875 0.9692404638671875 0.430556357421875 0.967015720703125 0.43293372265625 0.964142267578125 0.4325569521484375 0.9587541904296875 0.4176723173828125 0.8638823740234375 0.4128924912109375 0.86189614453125 0.3738930732421875 0.86462325 0.3668166201171875 0.8666650625 0.3636013388671875 0.8723043203125 0.365108423828125 0.8938566298828124 0.379133685546875 0.96906456640625 0.3881263603515625 0.9723031826171875 0.3987410419921875 0.9692404638671875
1 0.4377404599609375 0.966513359375 0.4818175556640625 0.9626577001953125 0.4846273349609375 0.958593775390625 0.4826376484375 0.9227656640625 0.47398428125 0.858010935546875 0.4708246435546875 0.8570716455078125 0.43595733984375 0.859896548828125 0.42574816015625 0.86138393359375 0.4213989296875 0.8655555068359375 0.42217756640625 0.8840647978515624 0.4272574873046875 0.9050911357421875 0.4350939716796875 0.9655381865234375 0.4377404599609375 0.966513359375
1 0.5371032197265625 0.9568580263671875 0.538563751953125 0.948247515625 0.5346345673828125 0.8920575654296875 0.52956598046875 0.856444751953125 0.527378818359375 0.854663970703125 0.51652192578125 0.854262923828125 0.492376953125 0.8555645615234375 0.4785757216796875 0.8573031259765626 0.4767653310546875 0.8609104228515625 0.4779745625 0.885577515625 0.487813884765625 0.9599179287109375 0.49102734765625 0.961626943359375 0.5371032197265625 0.9568580263671875
1 0.58485164453125 0.8506450791015625 0.5724014765625 0.84958195703125 0.5467170537109375 0.8509912412109375 0.535589220703125 0.85408984375 0.5326987060546875 0.8569991796875 0.5405607109375 0.954682533203125 0.5894983681640625 0.9539676904296875 0.5923081474609375 0.9499037666015625 0.5929864072265625 0.9374805107421875 0.5894627236328125 0.8797152275390625 0.58485164453125 0.8506450791015625
1 0.595602345703125 0.952767369140625 0.5972494453125 0.9541991708984375 0.6013546474609375 0.953912107421875 0.61353569140625 0.951126603515625 0.6442977939453125 0.9485887626953124 0.6475668974609375 0.9437192294921875 0.647866568359375 0.933256171875 0.6460616318359375 0.9148186474609376 0.6463973046875 0.86799908203125 0.64532081640625 0.8526045751953125 0.642837619140625 0.8465903046875 0.638003970703125 0.843834349609375 0.618098759765625 0.846773236328125 0.6015972158203124 0.84676690234375 0.5884436953125 0.8503938984375 0.595602345703125 0.952767369140625
1 0.6506457998046875 0.9435039326171875 0.65645192578125 0.945418396484375 0.6829473525390625 0.9408584423828125 0.69280485546875 0.9417161171875 0.6980996494140626 0.9363181904296874 0.69964091796875 0.928862267578125 0.70387194921875 0.85663191796875 0.7015520439453125 0.8455785478515625 0.695315322265625 0.8375062822265625 0.6502657509765625 0.8422034326171876 0.644809484375 0.8452921845703125 0.6492823671875 0.8871345673828125 0.647466521484375 0.9127866845703125 0.6506457998046875 0.9435039326171875
0 0.13671875 0.302734375 0.1533203125 0.3037109375 0.15625 0.3232421875 0.1552734375 0.330078125 0.13671875 0.3330078125 0.1240234375 0.33203125 0.0947265625 0.3349609375 0.08203125 0.3330078125 0.052734375 0.3369140625 0.0498046875 0.3359375 0.0478515625 0.3095703125 0.052734375 0.306640625 0.06640625 0.3056640625 0.087890625 0.306640625 0.0947265625 0.3046875 0.1357421875 0.3037109375
0 0.5634765625 0.5576171875 0.5791015625 0.55859375 0.5810546875 0.576171875 0.578125 0.578125 0.5517578125 0.58203125 0.5107421875 0.5830078125 0.509765625 0.5849609375 0.49609375 0.5859375 0.4921875 0.5830078125 0.4921875 0.564453125 0.5361328125 0.560546875 0.5439453125 0.5576171875 0.5625 0.5576171875
0 0.501953125 0.8427734375 0.5078125 0.83984375 0.515625 0.8408203125 0.5205078125 0.837890625 0.5322265625 0.837890625 0.546875 0.833984375 0.5595703125 0.8349609375 0.5625 0.8330078125 0.576171875 0.83203125 0.5810546875 0.84375 0.5712890625 0.8486328125 0.5068359375 0.8525390625 0.5029296875 0.8505859375 0.5029296875 0.84375
0 0.3369140625 0.2880859375 0.3564453125 0.291015625 0.3583984375 0.3017578125 0.3583984375 0.314453125 0.3564453125 0.31640625 0.33203125 0.3193359375 0.279296875 0.3193359375 0.26953125 0.322265625 0.259765625 0.322265625 0.25390625 0.3193359375 0.251953125 0.294921875 0.3359375 0.2880859375
0 0.443359375 0.5673828125 0.4443359375 0.583984375 0.4384765625 0.58984375 0.376953125 0.595703125 0.3564453125 0.5947265625 0.353515625 0.578125 0.357421875 0.572265625 0.439453125 0.5654296875 0.4423828125 0.5673828125
0 0.7021484375 0.658203125 0.7080078125 0.658203125 0.708984375 0.6640625 0.708984375 0.6787109375 0.7060546875 0.6826171875 0.6953125 0.685546875 0.6787109375 0.685546875 0.6533203125 0.689453125 0.642578125 0.6884765625 0.6396484375 0.6904296875 0.623046875 0.6884765625 0.62109375 0.6806640625 0.6220703125 0.671875 0.638671875 0.669921875 0.6455078125 0.6669921875 0.65234375 0.66796875 0.65625 0.6640625 0.6630859375 0.662109375 0.6767578125 0.6650390625 0.6865234375 0.6611328125 0.689453125 0.6640625 0.7001953125 0.6640625 0.703125 0.662109375 0.703125 0.6591796875
0 0.509765625 0.2763671875 0.515625 0.296875 0.515625 0.3017578125 0.5126953125 0.3046875 0.482421875 0.30859375 0.458984375 0.30859375 0.42578125 0.3134765625 0.416015625 0.3134765625 0.412109375 0.310546875 0.41015625 0.2861328125 0.5087890625 0.2763671875
0 0.625 0.822265625 0.640625 0.822265625 0.642578125 0.826171875 0.640625 0.83984375 0.595703125 0.845703125 0.583984375 0.845703125 0.580078125 0.84375 0.5771484375 0.8349609375 0.580078125 0.8271484375 0.6240234375 0.822265625
0 0.333984375 0.6923828125 0.3603515625 0.6923828125 0.36328125 0.6953125 0.365234375 0.7080078125 0.3603515625 0.7138671875 0.2900390625 0.720703125 0.279296875 0.720703125 0.2763671875 0.7109375 0.27734375 0.7001953125 0.2900390625 0.697265625 0.3173828125 0.6962890625 0.3193359375 0.6943359375 0.3330078125 0.6923828125
0 0.7041015625 0.814453125 0.705078125 0.82421875 0.7021484375 0.8330078125 0.658203125 0.8408203125 0.64453125 0.83984375 0.64453125 0.8212890625 0.703125 0.814453125
0 0.3857421875 0.4384765625 0.41015625 0.4375 0.4140625 0.458984375 0.412109375 0.4619140625 0.4072265625 0.4638671875 0.3232421875 0.4697265625 0.318359375 0.46875 0.31640625 0.4658203125 0.314453125 0.4453125 0.3232421875 0.4423828125 0.33203125 0.4423828125 0.33984375 0.4384765625 0.359375 0.4404296875 0.3779296875 0.4404296875 0.384765625 0.4384765625
0 0.6572265625 0.5498046875 0.6669921875 0.55078125 0.7099609375 0.546875 0.7099609375 0.568359375 0.6357421875 0.5751953125 0.623046875 0.57421875 0.623046875 0.5546875 0.65625 0.5498046875
0 0.3359375 0.57421875 0.341796875 0.5771484375 0.3447265625 0.583984375 0.3447265625 0.5927734375 0.341796875 0.5947265625 0.26953125 0.6064453125 0.255859375 0.6064453125 0.25390625 0.6044921875 0.25 0.595703125 0.25 0.5869140625 0.2529296875 0.583984375 0.2724609375 0.580078125 0.28515625 0.580078125 0.2998046875 0.576171875 0.3349609375 0.57421875
0 0.2041015625 0.5869140625 0.208984375 0.6015625 0.208984375 0.6083984375 0.2060546875 0.6103515625 0.162109375 0.6142578125 0.16015625 0.6162109375 0.1494140625 0.6162109375 0.146484375 0.6181640625 0.1357421875 0.6171875 0.1328125 0.619140625 0.1162109375 0.619140625 0.1123046875 0.615234375 0.1103515625 0.59765625 0.11328125 0.595703125 0.203125 0.5869140625
0 0.7216796875 0.2607421875 0.7255859375 0.263671875 0.7255859375 0.2783203125 0.72265625 0.2890625 0.6259765625 0.298828125 0.623046875 0.2978515625 0.62109375 0.29296875 0.6220703125 0.2705078125 0.673828125 0.265625 0.6806640625 0.2626953125 0.6943359375 0.263671875 0.720703125 0.2607421875
0 0.6142578125 0.26953125 0.619140625 0.271484375 0.6181640625 0.27734375 0.6201171875 0.279296875 0.619140625 0.294921875 0.6171875 0.2978515625 0.59765625 0.30078125 0.5283203125 0.3046875 0.5185546875 0.302734375 0.517578125 0.2822265625 0.521484375 0.27734375 0.5654296875 0.2724609375 0.6103515625 0.271484375 0.61328125 0.26953125
0 0.2978515625 0.859375 0.2998046875 0.8720703125 0.294921875 0.876953125 0.2548828125 0.8798828125 0.234375 0.8837890625 0.22265625 0.8828125 0.2197265625 0.8798828125 0.21875 0.873046875 0.220703125 0.8701171875 0.28125 0.8642578125 0.296875 0.859375
0 0.7138671875 0.412109375 0.716796875 0.416015625 0.716796875 0.43359375 0.7138671875 0.4375 0.7001953125 0.4404296875 0.673828125 0.4404296875 0.626953125 0.4462890625 0.6220703125 0.44140625 0.6220703125 0.4228515625 0.625 0.419921875 0.6435546875 0.4189453125 0.658203125 0.4150390625 0.6708984375 0.416015625 0.6728515625 0.4140625 0.6982421875 0.4150390625 0.7001953125 0.4130859375 0.712890625 0.4130859375