1 0.08476595703125 0.0256931123046875 0.0792995146484375 0.0072671904296875 0.0083226728515625 0.008506095703125 0.0074152197265625 0.0154674375 0.007109623046875 0.027434470703125 0.0191990888671875 0.0715974892578125 0.021240318359375 0.100115591796875 0.035236349609375 0.1650818388671875 0.0368062578125 0.166597880859375 0.071780353515625 0.16598740625 0.1031137763671875 0.1631253125 0.1046365517578125 0.1619411484375 0.1023394609375 0.11876478515625 0.092475625 0.0842094482421875 0.08476595703125 0.0256931123046875
1 0 0.1668544765625 0.0249700498046875 0.1664186220703125 0.0306074248046875 0.16516263671875 0.0314610126953125 0.1551153466796875 0.0160660068359375 0.0689511494140625 0.00934871875 0.0378136396484375 0.0056070478515625 0.029775865234375 0.003693748046875 0.0085868935546875 0 0.0086513681640625 0 0.1668544765625
1 0.1791463369140625 0.156781962890625 0.1778012275390625 0.138669962890625 0.167270806640625 0.0659259990234375 0.1628666806640625 0.04941083984375 0.1619820302734375 0.0282039130859375 0.15696258203125 0.005911576171875 0.0906146630859375 0.00706968359375 0.083521845703125 0.01336726953125 0.083115251953125 0.0195481455078125 0.086335865234375 0.0272091552734375 0.0928081533203125 0.073785390625 0.0990447822265625 0.1068605966796875 0.101710671875 0.1122161201171875 0.1071947099609375 0.1611247724609375 0.1108421162109375 0.1637621357421875 0.1201268984375 0.165143513671875 0.14580948046875 0.1627659169921875 0.1761748515625 0.1633934716796875 0.1791463369140625 0.156781962890625
1 0.2393959697265625 0.0125757822265625 0.2356542978515625 0.0045380078125 0.169306380859375 0.0056961142578125 0.16376326953125 0.0123525107421875 0.1659660966796875 0.0501284619140625 0.172115193359375 0.0781889990234375 0.1817785595703125 0.1602087685546875 0.182834142578125 0.1617337880859375 0.19004142578125 0.161993845703125 0.231194154296875 0.1616613828125 0.252241078125 0.15897883984375 0.254644373046875 0.1492903603515625 0.2439792890625 0.068831521484375 0.243528166015625 0.0429866923828125 0.2393959697265625 0.0125757822265625
1 0.308308779296875 0.0109870439453125 0.3026916044921875 0.0134002587890625 0.2980559462890625 0.0130953134765625 0.2959380478515625 0.0096595302734375 0.285117025390625 0.008690828125 0.2491412119140625 0.0108622333984375 0.2455746025390625 0.012853794921875 0.2436385 0.019833091796875 0.2463489189453125 0.057214322265625 0.25789865234375 0.1588800869140625 0.2656606591796875 0.16144562890625 0.279527232421875 0.16004600390625 0.2867614482421875 0.1618490361328125 0.32530215234375 0.1592469990234375 0.3319277783203125 0.15565859765625 0.330256873046875 0.148356400390625 0.3322266416015625 0.1433058212890625 0.3294126220703125 0.129463935546875 0.3281105146484375 0.0843408994140625 0.322835205078125 0.0473903017578125 0.324236783203125 0.03926275 0.3196373955078125 0.0115610244140625 0.308308779296875 0.0109870439453125
1 0.4262875087890625 0.138191232421875 0.4209594091796875 0.00979244140625 0.4172110048828125 0.0013689228515625 0.35549201171875 0.002446232421875 0.3458208349609375 0.0084029619140625 0.3324753193359375 0.010179353515625 0.3279069931640625 0.0137318447265625 0.3269322080078125 0.01683575 0.33365515234375 0.13672124609375 0.3370912275390625 0.1567260537109375 0.342809400390625 0.1600989931640625 0.35619531640625 0.1606370634765625 0.4127306611328125 0.1573350673828125 0.4250407939453125 0.1551908876953125 0.4265501025390625 0.153235236328125 0.4262875087890625 0.138191232421875
1 0.5217670986328125 0.0080328369140625 0.517618833984375 0.0061759384765625 0.505789359375 0.0063824228515625 0.4928908369140625 0.004292400390625 0.4553518486328125 0.0053335078125 0.4470418505859375 0.0008482236328125 0.426468853515625 0.0012073271484375 0.42460681640625 0.0124298046875 0.4267853134765625 0.01933728125 0.427806154296875 0.10729582421875 0.4306647021484375 0.153163416015625 0.4327556669921875 0.155056224609375 0.4399831494140625 0.156473513671875 0.45182608984375 0.157038515625 0.5217406162109375 0.1538888466796875 0.5237373173828125 0.150381244140625 0.52401598046875 0.1368712353515625 0.5239160595703125 0.0427228388671875 0.5217670986328125 0.0080328369140625
1 0.55103703515625 0 0.5504615654296875 0.001358193359375 0.54228623046875 0.0045877841796875 0.5309778154296875 0.00517103515625 0.527938998046875 0.0079251064453125 0.526770478515625 0.058879185546875 0.5278653837890624 0.15108091015625 0.5299832822265625 0.154516693359375 0.582457892578125 0.1543724677734375 0.6204842734375 0.1517794091796875 0.622480974609375 0.1482718056640625 0.6241208173828126 0.12431978515625 0.6254876826171875 0 0.55103703515625 0
1 0.630530412109375 0 0.6256192626953125 0.092267146484375 0.6261511845703125 0.1227408994140625 0.6288574716796875 0.13041088671875 0.626000451171875 0.143580037109375 0.626669638671875 0.1524431650390625 0.7146124716796876 0.150522255859375 0.7171571630859375 0.1489343935546875 0.7214898271484375 0.1318808720703125 0.7200975859375 0.1110686669921875 0.7227862783203125 0.0882559228515625 0.7222812890625 0.05932514453125 0.7250601162109375 0.0122015693359375 0.72846512890625 0.000952158203125 0.7274132890625 0 0.630530412109375 0
1 0.72891941796875 0 0.7269221533203125 0.0009790908203125 0.722534546875 0.103308904296875 0.721244830078125 0.1473195986328125 0.7243846455078125 0.1503516826171875 0.7326475107421875 0.152136759765625 0.7557517333984375 0.149418306640625 0.759893265625 0.1508894609375 0.787673546875 0.1507904150390625 0.7913007529296875 0.152270546875 0.8046530029296876 0.1508798994140625 0.810764302734375 0.147300474609375 0.82255594140625 0 0.72891941796875 0
1 0.8326146171875 0 0.8294344140625 0.00845040234375 0.8267255224609374 0.030105916015625 0.828937685546875 0.0389421103515625 0.8286455556640625 0.051680630859375 0.8252338095703124 0.0625442978515625 0.822168060546875 0.06375539453125 0.8201848251953126 0.0680344853515625 0.821435669921875 0.080746072265625 0.8158630234375 0.115184994140625 0.814851970703125 0.1456856796875 0.81799178515625 0.148717763671875 0.8783458076171875 0.1480501416015625 0.8843801025390625 0.149874119140625 0.9090475009765625 0.14828596484375 0.9307294951171875 0.005138845703125 0.930639796875 0 0.8326146171875 0
1 0.9347890439453125 0 0.9274363447265624 0.0522713984375 0.923570873046875 0.066615736328125 0.9219512294921876 0.0917249873046875 0.91711097265625 0.10917323046875 0.9125333115234375 0.1416654775390625 0.9136292919921875 0.1455049599609375 0.9177977578125 0.1485190888671875 0.926060623046875 0.150304166015625 0.9435005390625 0.14729872265625 0.98211530859375 0.1489398671875 0.9933833251953125 0.146042154296875 0.9908341494140624 0 0.9347890439453125 0
1 0.916316908203125 0.2110544580078125 0.895757376953125 0.212185048828125 0.893212685546875 0.2137729111328125 0.8861980615234375 0.254024919921875 0.8846390166015625 0.282605865234375 0.877909791015625 0.3097336103515625 0.872844736328125 0.343777810546875 0.872525673828125 0.3549733564453125 0.874102314453125 0.3568751416015625 0.926089533203125 0.358282869140625 0.932221033203125 0.35586067578125 0.9523066396484375 0.357053525390625 0.957930546875 0.355026052734375 0.9598599169921875 0.3476610126953125 0.9587302685546875 0.3418928125 0.966007486328125 0.316684806640625 0.9810653828125 0.2361628330078125 0.9812834482421875 0.2191811328125 0.979125150390625 0.21343088671875 0.9631608779296875 0.2125519609375 0.9589318134765625 0.2060661376953125 0.9563399892578125 0.204953794921875 0.916316908203125 0.2110544580078125
1 0.8016426455078125 0.2142136875 0.796063265625 0.2482668662109375 0.7864044794921875 0.3433573251953125 0.7861056162109376 0.3557101005859375 0.7897462900390625 0.3579617197265625 0.79744096484375 0.3566698251953125 0.8098184296875 0.35838308203125 0.818528287109375 0.3563017451171875 0.829843435546875 0.35610423828125 0.8396694755859375 0.3590196142578125 0.848940791015625 0.359629505859375 0.8638225478515625 0.3574404375 0.8704414404296875 0.3534662919921875 0.89069492578125 0.216903748046875 0.88857702734375 0.2134679658203125 0.8539489267578125 0.2044258701171875 0.84119180078125 0.2104364658203125 0.8144536357421875 0.21128904296875 0.8016426455078125 0.2142136875
1 0.7218751455078125 0.212905005859375 0.7105869296875 0.2146454873046875 0.7070203212890624 0.2166370498046875 0.69943903515625 0.3128488291015625 0.701244603515625 0.3278659013671875 0.7044046171875 0.332055216796875 0.704572947265625 0.3416988095703125 0.6995172294921875 0.3468032529296875 0.698643443359375 0.3556933134765625 0.7002133505859375 0.3572093564453125 0.71055371484375 0.3601157548828125 0.7357354375 0.3585186220703125 0.759942375 0.36002539453125 0.7738089501953125 0.3586257685546875 0.78093543359375 0.35425690234375 0.7866831435546875 0.3298473173828125 0.7881142568359375 0.2939372421875 0.79762904296875 0.2200716640625 0.795971603515625 0.2135409541015625 0.7218751455078125 0.212905005859375
1 0.686935166015625 0.3628431845703125 0.69305993359375 0.360035248046875 0.69504316796875 0.3557561572265625 0.6976308623046875 0.3271572568359375 0.704963021484375 0.2166729599609375 0.6812569423828125 0.21438572265625 0.6557321640625 0.2159888427734375 0.638567970703125 0.215130861328125 0.61750084765625 0.2166561728515625 0.613927505859375 0.2182619912109375 0.6092099736328125 0.3016903623046875 0.6102805498046875 0.3630236123046875 0.6370523798828125 0.36409975390625 0.686935166015625 0.3628431845703125
1 0.6003400458984375 0.35355059375 0.6044007802734375 0.3503928232421875 0.6041718525390625 0.337277537109375 0.6061685537109375 0.33376993359375 0.6073479365234375 0.3129128408203125 0.605555833984375 0.298667255859375 0.6092529765625 0.2746793251953125 0.60829426171875 0.2492292177734375 0.610663890625 0.2376120185546875 0.610841556640625 0.2183158564453125 0.60722108203125 0.21722146875 0.5249290908203125 0.2186578798828125 0.521382681640625 0.2218066728515625 0.520095568359375 0.2364918662109375 0.5221906640625 0.26809591796875 0.520829484375 0.278537931640625 0.52232012109375 0.334461791015625 0.5262233876953125 0.3517574150390625 0.5334306708984375 0.35201747265625 0.536977080078125 0.3488686796875 0.543670037109375 0.3491377158203125 0.5451524130859375 0.3456390888671875 0.5492266142578125 0.343252806640625 0.5879423818359375 0.3506801064453125 0.5890181640625 0.3533623564453125 0.5947296044921875 0.356349552734375 0.5947632705078125 0.3582782724609375 0.6029857353515625 0.35774888671875 0.6003400458984375 0.35355059375
1 0.48782362890625 0.2150610849609375 0.483241837890625 0.2178420888671875 0.433345583984375 0.218327169921875 0.4277418759765625 0.221511873046875 0.4267670908203125 0.2246157783203125 0.4312172734375 0.332193384765625 0.435120541015625 0.3494890087890625 0.4353225361328125 0.3610613203125 0.443646 0.3663180908203125 0.4575529736328125 0.367232927734375 0.4878981455078125 0.36670325 0.5135739931640625 0.36393991015625 0.518128853515625 0.3596159306640625 0.516215552734375 0.3384269599609375 0.517644064453125 0.3318423828125 0.516720091796875 0.2199587529296875 0.512558359375 0.2173303671875 0.508309095703125 0.2096873134765625 0.4923582890625 0.209579875 0.488784947265625 0.2111856923828125 0.48782362890625 0.2150610849609375
1 0.40955870703125 0.2114110078125 0.41014036328125 0.2152594677734375 0.4035282041015625 0.219619357421875 0.391191138671875 0.2202205615234375 0.38910690625 0.2187134970703125 0.381899623046875 0.2184534404296875 0.337173552734375 0.220391720703125 0.3341818671875 0.225845998046875 0.3371818125 0.27981420703125 0.346899044921875 0.36491992578125 0.3510607763671875 0.367548310546875 0.3660098662109375 0.3692166796875 0.395840712890625 0.36869598046875 0.42973902734375 0.3654032548828125 0.43176939453125 0.363824369140625 0.4315202666015625 0.3495518515625 0.4264469521484375 0.3241735654296875 0.4287290498046875 0.307541697265625 0.426984080078125 0.295996318359375 0.4276828037109375 0.2770769228515625 0.423752603515625 0.2582383232421875 0.42470305859375 0.2242659443359375 0.4167592548828125 0.2112853212890625 0.40955870703125 0.2114110078125
1 0.277492109375 0.367674873046875 0.3366462119140625 0.3670281953125 0.340206087890625 0.3646508896484375 0.3411606728515625 0.36038975390625 0.326110134765625 0.205536244140625 0.315742837890625 0.2010868720703125 0.305936998046875 0.1993287265625 0.286412849609375 0.20082710546875 0.2688921357421875 0.199203625 0.26324802734375 0.2000738662109375 0.259694884765625 0.2028369150390625 0.264107271484375 0.278774560546875 0.2748800859375 0.365405298828125 0.277492109375 0.367674873046875
1 0.2533587861328125 0.2230122958984375 0.2425242958984375 0.2212721064453125 0.2372463828125 0.2136470087890625 0.2171607783203125 0.2124541591796875 0.208437453125 0.2137640087890625 0.2064946171875 0.2203575615234375 0.1978116923828125 0.2239818740234375 0.190624609375 0.224879046875 0.1840326484375 0.2303961689453125 0.184200978515625 0.2400397607421875 0.19093846484375 0.272334501953125 0.191823115234375 0.293541427734375 0.1999797763671875 0.348191349609375 0.2037147138671875 0.3558433798828125 0.2038695771484375 0.3647154853515625 0.20699592578125 0.36697608203125 0.218284142578125 0.3652356005859375 0.2424978134765625 0.3671281171875 0.2512144052734375 0.3654325234375 0.258455353515625 0.367621298828125 0.267185412109375 0.366697193359375 0.2707385537109375 0.36393414453125 0.27058369140625 0.3550620390625 0.25651880078125 0.227201611328125 0.2533587861328125 0.2230122958984375
1 0.131991564453125 0.2259024912109375 0.117082875 0.2265485849609375 0.1114791650390625 0.2297332880859375 0.114730841796875 0.2686485146484375 0.1328792685546875 0.36518290234375 0.1380831171875 0.3685648212890625 0.17972323828125 0.36668040625 0.197250685546875 0.368689630859375 0.2002625703125 0.364392583984375 0.18687773046875 0.2754922724609375 0.181934951171875 0.2281176162109375 0.174119078125 0.2224661240234375 0.171560919921875 0.2232825 0.1658427470703125 0.2199095595703125 0.1631970576171875 0.2157112666015625 0.1518751748046875 0.2155230302734375 0.13902378515625 0.2161332119140625 0.1344419921875 0.218914216796875 0.131991564453125 0.2259024912109375
1 0.107474900390625 0.2066515078125 0.09096263671875 0.2038528408203125 0.066288505859375 0.205055251953125 0.057003724609375 0.203673873046875 0.038041033203125 0.20786348046875 0.03898628125 0.2325421005859375 0.053557236328125 0.300971064453125 0.0560117939453125 0.323694033203125 0.0665448173828125 0.367112498046875 0.068635783203125 0.369005306640625 0.1020534375 0.3676502763671875 0.11339551953125 0.368995744140625 0.12881853515625 0.3683406728515625 0.1308421689453125 0.366376044921875 0.129016400390625 0.3502017412109375 0.11429058203125 0.2729006728515625 0.1095093974609375 0.2347838662109375 0.1118655595703125 0.2223951796875 0.1180037939453125 0.22035873046875 0.11895837890625 0.2160975947265625 0.107474900390625 0.2066515078125
1 0 0.369535453125 0.0063957314453125 0.369705849609375 0.00950861328125 0.371194958984375 0.013603013671875 0.3699659072265625 0.016194837890625 0.37107825 0.0588905419921875 0.3707188544921875 0.0634521337890625 0.366780619140625 0.0628368115234375 0.36100344140625 0.0374500400390625 0.23295477734375 0.034804349609375 0.228756484375 0.0208906435546875 0.227455904296875 0.010980865234375 0.229558185546875 0 0.23001860546875 0 0.369535453125
1 1 0.52511121875 0.9977598935546875 0.39677556640625 0.989016369140625 0.3969281845703125 0.9849421689453125 0.399314466796875 0.9834799921875 0.4039703251953125 0.978370408203125 0.405988818359375 0.9681175751953125 0.4080970888671875 0.957810876953125 0.4071194091796875 0.9527012939453126 0.4091379033203125 0.950059734375 0.434650853515625 0.9432631748046875 0.457921162109375 0.932470611328125 0.517532177734375 0.931744955078125 0.534908599609375 0.9338291875 0.5364156640625 0.96108167578125 0.535554109375 0.981180748046875 0.5375184462890625 1 0.536043974609375 1 0.52511121875
1 0.9073195009765626 0.40298454296875 0.868873060546875 0.4109869921875 0.8618113046875 0.4485387958984375 0.8578018330078125 0.4841080146484375 0.849277900390625 0.52631567578125 0.8494394970703125 0.5355735244140625 0.863386869140625 0.5388028232421875 0.8875130087890625 0.5356806708984375 0.894226166015625 0.5371069375 0.926615171875 0.53576986328125 0.929627056640625 0.5314728173828125 0.940311888671875 0.46568990234375 0.9485167587890625 0.4346777861328125 0.9491683505859375 0.41305818359375 0.937765669921875 0.408241021484375 0.9314523740234375 0.400248134765625 0.9273041083984375 0.398391236328125 0.9123954189453125 0.399037330078125 0.9073195009765626 0.40298454296875
1 0.798329744140625 0.4075879951171875 0.7875962529296875 0.4116339619140625 0.7850044287109375 0.4105216181640625 0.7814176201171875 0.4113559482421875 0.7779048759765625 0.416433458984375 0.77436259765625 0.4492934951171875 0.77417819921875 0.4682039150390625 0.76609865625 0.53587066015625 0.7717966298828125 0.5380863701171875 0.8212122236328125 0.539538984375 0.84380885546875 0.5372152529296875 0.8468409404296875 0.5340754375 0.8557579990234375 0.484915412109375 0.8649941220703125 0.4245598427734375 0.864765193359375 0.411444556640625 0.85084475390625 0.409758232421875 0.8486460576171875 0.4016935244140625 0.8434556767578125 0.3990830947265625 0.82956890234375 0.3993254892578125 0.824533384765625 0.4055871640625 0.803493193359375 0.408655451171875 0.798329744140625 0.4075879951171875
1 0.693948712890625 0.41095341796875 0.6894207861328125 0.41682037109375 0.6873474169921875 0.4454102939453125 0.684320990234375 0.5372980947265625 0.689497904296875 0.5391370380859375 0.698248162109375 0.5393701630859375 0.76097560546875 0.53711766796875 0.76350683203125 0.5347583173828125 0.7689178818359375 0.491061546875 0.7717101748046875 0.4447094599609375 0.7759418408203125 0.4218697822265625 0.7747650625 0.4134013759765625 0.760121568359375 0.3997659736328125 0.7544505283203125 0.399093240234375 0.7457204697265625 0.400017345703125 0.733538267578125 0.4094906572265625 0.7190631044921875 0.4054988486328125 0.702631638671875 0.40732910546875 0.693948712890625 0.41095341796875
1 0.6331775712890625 0.40738384765625 0.6224575458984375 0.41220130078125 0.6178084208984375 0.4111248681640625 0.606073212890625 0.416731763671875 0.60457063671875 0.4190731591796875 0.605475486328125 0.44143731640625 0.60198446875 0.5067088017578125 0.6017394716796876 0.52214752734375 0.603497908203125 0.5344643935546874 0.6061503310546875 0.5390484296875 0.623650845703125 0.5395146806640625 0.6298564111328125 0.5413356669921875 0.6503957431640625 0.5390478466796875 0.6725521142578125 0.5409762724609375 0.6807409150390625 0.538518169921875 0.6835508046875 0.5226488115234375 0.68944771875 0.4183633466796875 0.6836891474609375 0.4126759443359375 0.6790400234375 0.4115995107421875 0.6758328759765625 0.404709990234375 0.6696003779296875 0.40134602734375 0.6496359697265625 0.4070965654296875 0.6331775712890625 0.40738384765625
1 0.5796204443359375 0.404460078125 0.52111533203125 0.41281265234375 0.5192667607421875 0.4248066171875 0.5203145341796875 0.5143081357421875 0.5227623583984375 0.5366453603515625 0.5279729384765625 0.540413021484375 0.532615330078125 0.5411037109375 0.5959176982421875 0.542313931640625 0.59947083984375 0.5395508828125 0.60093975 0.5352807685546875 0.6027961298828125 0.4353103046875 0.6025200703125 0.4194948125 0.60037523828125 0.4145160556640625 0.597255623046875 0.4126412021484375 0.5950838603515625 0.4061194697265625 0.59350721875 0.40421768359375 0.586800794921875 0.4031771611328125 0.58221226953125 0.4055724208984375 0.5796204443359375 0.404460078125
1 0.4906152958984375 0.4044702236328125 0.4886724619140625 0.41106377734375 0.483170400390625 0.4127032607421875 0.45371183203125 0.4124457392578125 0.4388435400390625 0.415406294921875 0.4363055810546875 0.4173799013671875 0.43485687109375 0.42280724609375 0.4392531875 0.527298904296875 0.441492283203125 0.5376780732421875 0.44616833984375 0.5402974814453125 0.461103962890625 0.5411943623046875 0.4729065048828125 0.539444904296875 0.5114943408203125 0.5395430732421875 0.51610306640625 0.5383050439453125 0.5186342919921875 0.535945693359375 0.51849962890625 0.5282308193359375 0.514704091796875 0.5171070947265625 0.5177455126953125 0.4850275234375 0.51605961328125 0.4179170966796875 0.5108018994140625 0.411449228515625 0.5101529111328125 0.40374333203125 0.492652396484375 0.40327708203125 0.4906152958984375 0.4044702236328125
1 0.3575734658203125 0.4164390087890625 0.353052271484375 0.4226917060546875 0.354774439453125 0.4624053525390625 0.36334182421875 0.5405856396484375 0.370068447265625 0.5427833935546875 0.435868375 0.5397055458984376 0.438853326171875 0.5338655244140625 0.4342684814453125 0.41857304296875 0.4304527451171875 0.406292087890625 0.4268188037109375 0.4044262119140625 0.4217428857421875 0.408373423828125 0.41764175390625 0.409216732421875 0.412938763671875 0.4050543505859375 0.40938562109375 0.4078173994140625 0.4094596865234375 0.412060580078125 0.40539221875 0.4148326064453125 0.37349060546875 0.4146177294921875 0.3575734658203125 0.4164390087890625
1 0.2897446982421875 0.4801324853515625 0.293050240234375 0.5221336611328125 0.2969871728515625 0.5413580029296875 0.3006480458984375 0.544766853515625 0.353136123046875 0.5453941162109375 0.3587263662109375 0.54143792578125 0.3600336796875 0.527909962890625 0.35659423828125 0.507712283203125 0.3507189111328125 0.4069121240234375 0.3439518896484375 0.402399908203125 0.308944126953125 0.4010816650390625 0.284797787109375 0.4030465859375 0.2822665615234375 0.405405935546875 0.282758083984375 0.4335652265625 0.2897446982421875 0.4801324853515625
1 0.260197720703125 0.4084921767578125 0.2396179892578125 0.408465537109375 0.2360513818359375 0.41045709765625 0.2288575654296875 0.4109685283203125 0.2237816474609375 0.414915740234375 0.2152670517578125 0.4281836455078125 0.215590244140625 0.44669934375 0.2199122265625 0.4585084296875 0.224964083984375 0.5121321337890625 0.23265615625 0.54016573828125 0.237873470703125 0.544319142578125 0.252597423828125 0.5429045517578125 0.2594818515625 0.5443278291015625 0.2661344091796875 0.5422824013671875 0.2934272978515625 0.54373530859375 0.293806958984375 0.53601145703125 0.2887551904296875 0.51186755078125 0.2871865400390625 0.480948859375 0.277291640625 0.4151393037109375 0.272081060546875 0.411371642578125 0.2679664609375 0.411443462890625 0.260197720703125 0.4084921767578125
1 0.149345927734375 0.424318107421875 0.1483913427734375 0.4285792431640625 0.1531927255859375 0.46785328125 0.1684059365234375 0.543602396484375 0.1709977607421875 0.5447147412109375 0.188471341796875 0.543638015625 0.228108029296875 0.5448754609375 0.22783196875 0.52905996875 0.2122888330078125 0.4344094111328125 0.212688693359375 0.4278427900390625 0.21917965625 0.416539513671875 0.21911232421875 0.4126820771484375 0.216507033203125 0.41079824609375 0.1969559521484375 0.410753650390625 0.1922866279296875 0.408519986328125 0.17019085546875 0.4100632529296875 0.155410095703125 0.4180384765625 0.149345927734375 0.424318107421875
1 0.12221723828125 0.4027975498046875 0.0929074501953125 0.403695015625 0.0836697998046875 0.4050138427734375 0.0801166572265625 0.4077768916015625 0.0832538701171875 0.4401344755859375 0.0977426806640625 0.503857365234375 0.0985276787109375 0.51935528515625 0.104292984375 0.5254284306640625 0.1060716201171875 0.53890252734375 0.1134202998046875 0.547263203125 0.162267703125 0.5456388466796875 0.1663284375 0.542481076171875 0.1656861826171875 0.5351609228515625 0.1604108720703125 0.4982103251953125 0.1532802568359375 0.47286794921875 0.1475714208984375 0.4405552529296875 0.1460714482421875 0.4135711484375 0.1434122919921875 0.408601369140625 0.13923709375 0.4052014951171875 0.12221723828125 0.4027975498046875
1 0 0.464997029296875 0.0013793359375 0.4654869970703125 0.004051958984375 0.4712282646484375 0.0108904423828125 0.5093091611328125 0.0223511181640625 0.5469235166015625 0.0439864326171875 0.54847517578125 0.0516811064453125 0.54718328125 0.0995200595703125 0.5467341103515625 0.102037818359375 0.5436032734375 0.1007196416015625 0.5270342490234375 0.0861554208984375 0.458991029296875 0.080920509765625 0.4243548935546875 0.0766241142578125 0.414011634765625 0.0719480576171875 0.4113922265625 0.061715423828125 0.4146577265625 0.05052147265625 0.42179862109375 0.0387256650390625 0.4239338232421875 0.033575681640625 0.42363785546875 0.0242437685546875 0.4195562705078125 0.0227277265625 0.4211261787109375 0.0155473759765625 0.4224090966796875 0.0068038525390625 0.42256171484375 0 0.4255730263671875 0 0.464997029296875
1 0.0553191767578125 0.578760400390625 0.013110865234375 0.5775678427734375 0.0049018662109375 0.5788687158203125 0.0013150576171875 0.5797030458984375 0.0020085751953125 0.6194346474609375 0.011683880859375 0.6431891611328125 0.018502166015625 0.680112826171875 0.0238429208984375 0.6913380712890626 0.023434083984375 0.6973904951171875 0.02656043359375 0.699651091796875 0.0492378623046875 0.7019562841796875 0.06564912890625 0.6989687958984375 0.079021578125 0.69873537890625 0.083610103515625 0.696340119140625 0.08348890625 0.689396732421875 0.064033166015625 0.6063903056640625 0.0553191767578125 0.578760400390625
1 0.061991935546875 0.577872205078125 0.0594539765625 0.579845810546875 0.075040115234375 0.6474853310546875 0.0763313583984375 0.6625113818359375 0.0790713134765625 0.6721100859375 0.0838281669921875 0.6793584189453125 0.08769776953125 0.6947253232421875 0.1211221572265625 0.693756037109375 0.1262990732421875 0.69559498046875 0.142243146484375 0.69531667578125 0.1442263818359375 0.6910375849609375 0.1395798603515625 0.6606356513671875 0.136893771484375 0.654122896484375 0.1372734326171875 0.646399044921875 0.1222083525390625 0.5791362900390625 0.1185811455078125 0.577656158203125 0.103652255859375 0.577145021484375 0.061991935546875 0.577872205078125
1 0.1509664716796875 0.694006826171875 0.1998273408203125 0.6931539560546875 0.2023585673828125 0.69079460546875 0.2022912353515625 0.6869371689453125 0.1890343271484375 0.6053659873046875 0.1870806279296875 0.581862552734375 0.182364171875 0.57692868359375 0.1741147734375 0.57591509375 0.143756134765625 0.5756732822265626 0.1309182109375 0.577054953125 0.127865927734375 0.579037537109375 0.126938275390625 0.5848416484375 0.14681147265625 0.69176418359375 0.1509664716796875 0.694006826171875
1 0.229154275390625 0.575340236328125 0.2209250771484375 0.575483876953125 0.2070854345703125 0.5784264775390625 0.2003857451171875 0.57777169921875 0.1937668515625 0.5817458447265625 0.19031470703125 0.590295048828125 0.19062443359375 0.608039259765625 0.2016489794921875 0.679617015625 0.2054781826171875 0.692669458984375 0.2122048056640625 0.6948672119140625 0.235850287109375 0.6936827568359375 0.2446544091796875 0.6970018310546875 0.25231541796875 0.69378121875 0.2595159677734375 0.6936555322265625 0.26250765234375 0.68820125390625 0.2517213720703125 0.600799029296875 0.2515193759765625 0.5892267177734375 0.2550051865234375 0.5826062314453125 0.25443699609375 0.579529259765625 0.2476901728515625 0.5761742744140625 0.2405030908203125 0.5770714482421875 0.229154275390625 0.575340236328125
1 0.25457166015625 0.5872441337890625 0.25325761328125 0.6003863525390625 0.265146609375 0.6920138037109375 0.2677451669921875 0.6935118916015625 0.321248427734375 0.6933497099609375 0.324767904296875 0.6886579423828125 0.324653439453125 0.6821002998046874 0.3196407236328125 0.6601937060546875 0.3173436328125 0.61701734375 0.3125893818359375 0.5804435126953125 0.30381219140625 0.578667412109375 0.297552759765625 0.5737604755859375 0.2764721708984375 0.574514298828125 0.2677690458984375 0.576981380859375 0.263119921875 0.575904947265625 0.25903898828125 0.577905486328125 0.25457166015625 0.5872441337890625
1 0.381942451171875 0.574602615234375 0.3804870078125 0.5796442158203124 0.3820905810546875 0.5830889765625 0.3822563076171875 0.6220580693359375 0.388567 0.659376455078125 0.3884027998046875 0.67944410546875 0.3911764208984375 0.690971529296875 0.393253919921875 0.692092849609375 0.4451805400390625 0.6900288837890625 0.448205890625 0.68650332421875 0.4480940302734375 0.6506201826171875 0.44162434375 0.574718447265625 0.438998853515625 0.571677384765625 0.43538511328125 0.5709687412109375 0.413255673828125 0.5705832890625 0.38600991796875 0.5718305888671875 0.381942451171875 0.574602615234375
1 0.32531957421875 0.5728899423828125 0.317618166015625 0.5737960927734375 0.31562146484375 0.577303697265625 0.3153966669921875 0.593899654296875 0.3198883251953125 0.6154294814453125 0.3196231279296875 0.6297109755859375 0.3273664619140625 0.690156029296875 0.330492810546875 0.692416626953125 0.3351284677734375 0.692721572265625 0.3798680048828125 0.6915547802734375 0.3834144140625 0.6884059873046875 0.3838277421875 0.682610853515625 0.3831274912109375 0.6424935078125 0.378155173828125 0.622901376953125 0.379489419921875 0.610916388671875 0.3748294326171875 0.57974296875 0.3716424853515625 0.5740106787109375 0.3566866630859375 0.57195656640625 0.32531957421875 0.5728899423828125
1 0.4616120048828125 0.6881986259765625 0.489926810546875 0.6892478349609376 0.5068860673828125 0.6881800869140625 0.5089029677734375 0.68582971484375 0.5109696044921875 0.6568540478515625 0.5038509296875 0.5732464169921875 0.50175323046875 0.570967865234375 0.4960754560546875 0.5699093876953125 0.461608951171875 0.570125140625 0.447228052734375 0.571533744140625 0.4452044189453125 0.573498373046875 0.4512043095703125 0.681434791015625 0.4554199072265625 0.6871491259765625 0.4616120048828125 0.6881986259765625
1 0.51344023046875 0.651023005859375 0.5149873359375 0.68070731640625 0.517179298828125 0.688386279296875 0.524961505859375 0.692109052734375 0.5429359462890625 0.69025186328125 0.5861392412109375 0.6894977470703125 0.588690666015625 0.688295626953125 0.5896654501953125 0.6851917236328126 0.5907692421875 0.6010547060546875 0.5893500673828125 0.5786995263671875 0.585154669921875 0.5741424228515625 0.5804988125 0.57268024609375 0.5449901923828125 0.5721424677734375 0.51618126171875 0.5722594677734375 0.5126752509765625 0.57772272265625 0.51344023046875 0.651023005859375
1 0.62728218359375 0.5707060556640625 0.6067361181640625 0.5726081337890625 0.595481568359375 0.5762773330078125 0.5930042080078125 0.5817226328125 0.5919123564453125 0.6075943935546875 0.5926167373046874 0.6774229833984375 0.594828900390625 0.6862591787109374 0.6154490302734374 0.68860028125 0.660709625 0.6878102548828126 0.664804025390625 0.686581203125 0.6668141923828125 0.6838450869140625 0.667333724609375 0.6251851103515625 0.67037514453125 0.5931055390625 0.6696453583984375 0.5807707177734375 0.6659238857421875 0.573890173828125 0.65198998046875 0.57143236328125 0.6483964384765625 0.5718809501953125 0.6474081875 0.5742133671875 0.641243021484375 0.574706841796875 0.63809647265625 0.571289013671875 0.62728218359375 0.5707060556640625
1 0.716811443359375 0.6891461611328125 0.7378852998046875 0.6880065927734375 0.740890451171875 0.683323802734375 0.742779421875 0.6736442998046875 0.7491139931640625 0.59443217578125 0.7483438076171876 0.579782892578125 0.7420170458984375 0.571018517578125 0.738910896484375 0.56991515234375 0.69725730859375 0.571028080078125 0.684439583984375 0.5735669814453125 0.6751413359375 0.5714141162109375 0.6710604013671875 0.573414654296875 0.66851050390625 0.6336535166015625 0.6699405419921876 0.68610568359375 0.716811443359375 0.6891461611328125
1 0.7605327431640625 0.5706953251953125 0.7528313359375 0.5716014755859375 0.7497790517578125 0.573584060546875 0.751238625 0.598253703125 0.7434890087890625 0.6848218896484375 0.747670939453125 0.688607505859375 0.796531810546875 0.68775463671875 0.8140592578125 0.6897638623046874 0.8185467841796875 0.6815824453125 0.8222573935546875 0.6583660029296875 0.8296273486328125 0.5795216669921875 0.8192600517578125 0.5750722939453125 0.8187053271484375 0.5727668095703125 0.8151319853515625 0.574372626953125 0.8120123701171875 0.5724977734375 0.7909317802734375 0.5732515986328125 0.775542431640625 0.5758353876953125 0.769871390625 0.5751626533203125 0.7605327431640625 0.5706953251953125
1 0.88770566796875 0.5761927392578124 0.874238955078125 0.5710257431640625 0.8717211962890625 0.5741565810546875 0.8670586064453125 0.5723086611328125 0.8373152900390625 0.5778440283203125 0.8332343564453125 0.5798445673828125 0.83179911328125 0.5860433994140625 0.8234139736328125 0.6656771767578125 0.819162107421875 0.687359623046875 0.8212530732421875 0.689252431640625 0.83157323828125 0.6910015986328125 0.8531412197265625 0.688695822265625 0.879425658203125 0.691323916015625 0.893826755859375 0.6910725439453125 0.8968453740234374 0.687161240234375 0.902952544921875 0.6538705732421874 0.9055604384765625 0.626428904296875 0.9130759208984375 0.5853964306640626 0.9119799384765624 0.5815569482421875 0.9093746474609375 0.5796731171875 0.89596180078125 0.577592072265625 0.89282871875 0.5749457314453125 0.88770566796875 0.5761927392578124
1 0.9808388828125 0.576882259765625 0.9750399111328125 0.5688803955078126 0.94366608984375 0.56942802734375 0.9247101318359375 0.57400337890625 0.916420333984375 0.570675326171875 0.9112770849609375 0.5707651015625 0.907697009765625 0.57198517578125 0.9072163505859375 0.5739228720703125 0.91394970703125 0.576506369140625 0.9146390947265625 0.586526728515625 0.9036217333984375 0.6627337001953125 0.8983344833984375 0.6840483583984375 0.89893633984375 0.689054048828125 0.9010273056640625 0.690946857421875 0.907733728515625 0.6919873798828124 0.94163204296875 0.688694654296875 0.9606889990234375 0.689905458984375 0.97351345703125 0.68775230078125 0.9756945576171875 0.66533427734375 0.9801147529296875 0.653295423828125 0.9872303740234375 0.6188295703125 0.9903323935546875 0.5902216923828125 0.987599171875 0.581008732421875 0.9808388828125 0.576882259765625
1 1 0.5684802001953125 0.9843112275390625 0.5694902861328125 0.984371826171875 0.5729619794921875 0.9948131875 0.581654533203125 0.984975208984375 0.6370044130859375 0.9767838046875 0.668788015625 0.9750698984375 0.6884968544921874 0.9766398056640625 0.6900128974609375 0.9997911611328125 0.689994650390625 1 0.6899648349609375 1 0.5684802001953125
1 1 0.719685986328125 0.99360992578125 0.71904213671875 0.984379009765625 0.7207467080078125 0.954527962890625 0.72011017578125 0.951482412109375 0.72247850390625 0.946675822265625 0.74185546484375 0.9420846943359374 0.7735762255859375 0.9427471474609375 0.782053609375 0.951010013671875 0.7838386865234375 0.9890565927734375 0.7824028583984375 0.9910802275390626 0.78043823046875 1 0.7437123779296875 1 0.719685986328125
1 0.8918424443359375 0.7837138759765625 0.89546965234375 0.7851940078125 0.9278923232421875 0.78578565234375 0.9371299736328125 0.78446682421875 0.9396544658203125 0.78172173046875 0.9499125048828125 0.7209624619140625 0.9432060810546875 0.719921939453125 0.9046317109375 0.7205952578125 0.9015255615234375 0.719491892578125 0.895888185546875 0.720747876953125 0.8923956416015625 0.7269826181640625 0.890194341796875 0.74824341015625 0.8872295908203125 0.7552406630859375 0.88589534375 0.767225650390625 0.8918424443359375 0.7837138759765625
1 0.8875015205078125 0.7413449111328125 0.8876724541015625 0.7216630048828125 0.845965 0.719689982421875 0.8387913837890625 0.7213586435546875 0.8322978193359375 0.7619874189453125 0.8319518232421875 0.7716399892578125 0.834637912109375 0.778152744140625 0.8388198427734375 0.7819383603515625 0.8779018056640625 0.780870322265625 0.8813876171875 0.7742498349609375 0.8875015205078125 0.7413449111328125
1 0.8298069921875 0.7666612314453125 0.8362197587890625 0.72140353125 0.81769059375 0.7209552373046875 0.799716154296875 0.72281242578125 0.789890115234375 0.71989705078125 0.7837384150390625 0.7211620126953125 0.777271783203125 0.7633337626953125 0.7770200517578125 0.77838674609375 0.780173333984375 0.7821903173828125 0.7910212890625 0.784701994140625 0.8234237607421875 0.78413640625 0.8298069921875 0.7666612314453125
1 0.7796170830078125 0.72084808984375 0.773431716796875 0.720184333984375 0.7446160537109375 0.71991558984375 0.7426058857421876 0.7226517060546875 0.741258173828125 0.7338652060546875 0.739995388671875 0.7794188740234375 0.7456933623046875 0.781634583984375 0.7703742265625 0.780817916015625 0.7743945615234376 0.77534568359375 0.7811869892578125 0.7223641318359375 0.7796170830078125 0.72084808984375
1 0.7354001298828124 0.7814283916015625 0.73741703125 0.77907801953125 0.737547564453125 0.7570816494140625 0.7399239267578125 0.7458501943359375 0.74108984375 0.72422161328125 0.7394660703125 0.71961962109375 0.706048416015625 0.72097465234375 0.7040113154296875 0.72216779296875 0.70200527734375 0.75461515234375 0.7019218759765625 0.7793117275390625 0.7035254501953125 0.78275648828125 0.72463297265625 0.7835456396484375 0.7354001298828124 0.7814283916015625
1 0.697881341796875 0.7836267294921875 0.699911708984375 0.78204784375 0.7018369482421875 0.7449715595703125 0.7009522978515625 0.7237646337890625 0.6973048916015625 0.7211272705078124 0.680859958984375 0.7221860400390625 0.672096236328125 0.721181427734375 0.6654167451171875 0.721683880859375 0.6634065771484375 0.72441999609375 0.662130326171875 0.769202177734375 0.664423287109375 0.782667296875 0.66547213671875 0.783806572265625 0.697881341796875 0.7836267294921875
1 0.660794552734375 0.7221504228515625 0.6587170537109375 0.7210291005859375 0.6283718818359375 0.7215587783203125 0.62536673046875 0.726241568359375 0.62364608984375 0.7455646640625 0.624319408203125 0.7841390341796876 0.630518240234375 0.7855742783203125 0.6588061123046876 0.78508051171875 0.6608364794921875 0.783501626953125 0.662680919921875 0.7417964189453125 0.660794552734375 0.7221504228515625
1 0.584348666015625 0.734288904296875 0.5856844384765625 0.78134066015625 0.58728801171875 0.784785419921875 0.620184609375 0.7830536240234375 0.6216789248046874 0.7212897431640625 0.61445817578125 0.7202581982421875 0.58875539453125 0.721478564453125 0.58623090234375 0.724223658203125 0.584348666015625 0.734288904296875
1 0.5599397314453125 0.7212098212890625 0.5476161328125 0.7225825146484375 0.54560596484375 0.7253186298828125 0.5460881513671875 0.7824176767578125 0.5481858505859375 0.784696228515625 0.579593337890625 0.7860773154296875 0.5836338720703125 0.781762314453125 0.5831314873046874 0.7235060361328125 0.5789697548828125 0.7208776513671875 0.5599397314453125 0.7212098212890625
1 0.538865875 0.722349388671875 0.5192945947265625 0.7211475615234375 0.504906962890625 0.722170421875 0.5064985966796876 0.7838804375 0.5096316787109375 0.78652677734375 0.53895493359375 0.7864007998046875 0.5430426005859375 0.7847860048828125 0.5440241181640625 0.78206784375 0.5435284658203124 0.7241973095703125 0.538865875 0.722349388671875
1 0.4915427744140625 0.7818263251953125 0.499805638671875 0.78361140234375 0.5023166650390625 0.7800948212890625 0.499763712890625 0.722260197265625 0.498187072265625 0.7203584111328125 0.48379270703125 0.72099552734375 0.4714219755859375 0.7196680146484375 0.4647357509765625 0.71978472265625 0.462204525390625 0.7221440732421875 0.4642027529296875 0.7776732119140625 0.47096304296875 0.7817996845703125 0.48539107421875 0.783091287109375 0.4915427744140625 0.7818263251953125
1 0.4566318798828125 0.756582994140625 0.4539955263671875 0.7234449453125 0.4503615849609375 0.7215790703125 0.4364882783203125 0.722592951171875 0.422574572265625 0.72129237109375 0.4184667060546875 0.721749935546875 0.4179793134765625 0.723301888671875 0.4205255322265625 0.780750767578125 0.423137556640625 0.7830203427734375 0.4539835869140625 0.7817102001953125 0.455960087890625 0.7770453662109374 0.4566318798828125 0.756582994140625
1 0.410778763671875 0.72342757421875 0.400525931640625 0.72553584375 0.3773880419921875 0.726325578125 0.38101004296875 0.7864567099609375 0.3851650419921875 0.7886993505859375 0.4134461796875 0.7878198408203125 0.4164782646484375 0.7846800263671875 0.4169185244140625 0.7804278681640625 0.413891646484375 0.72491668359375 0.410778763671875 0.72342757421875
1 0.3748029501953125 0.7255989794921875 0.3737541005859375 0.7244597041015625 0.3516313955078125 0.7244599951171875 0.339808654296875 0.7250522236328125 0.337778287109375 0.7266311083984375 0.3389322646484375 0.763267783203125 0.3423952724609375 0.7848155654296874 0.3465570048828125 0.787443951171875 0.3774165009765625 0.786905296875 0.378858478515625 0.7810922080078125 0.3748029501953125 0.7255989794921875
1 0.2976744091796875 0.7281028466796875 0.2998368349609375 0.7635643349609375 0.3038343681640625 0.78626037109375 0.3121376328125 0.7903599111328125 0.3368117626953125 0.7891574990234375 0.340845564453125 0.7844567548828125 0.3351999296875 0.7262902529296875 0.3002056337890625 0.7257434970703125 0.2976744091796875 0.7281028466796875
1 0.2518590888671875 0.726587388671875 0.2240855419921875 0.727072177734375 0.220011341796875 0.7294584609375 0.2192250859375 0.743363189453125 0.2267462255859375 0.7910787001953125 0.2288237236328125 0.792200021484375 0.260204279296875 0.7920381328125 0.262126916015625 0.7842873486328125 0.2555468955078125 0.7315392138671875 0.2518590888671875 0.726587388671875
1 0.3012829423828125 0.787462490234375 0.3011819443359375 0.781676333984375 0.297278677734375 0.7643807099609375 0.294568259765625 0.7269994814453125 0.2929983515625 0.725483439453125 0.2868129853515625 0.724819681640625 0.27760226953125 0.727681484375 0.262125388671875 0.72525060546875 0.25753686328125 0.7276458662109375 0.263263296875 0.7904412919921875 0.2699831865234375 0.792253302734375 0.2982575927734375 0.790988048828125 0.3012829423828125 0.787462490234375
1 0.1952833447265625 0.727574921875 0.18448925390625 0.7281491943359375 0.181436970703125 0.7301317783203125 0.1806574482421875 0.7444222509765624 0.1891937705078125 0.7913483203125 0.1928209775390625 0.7928284521484374 0.22520325 0.7911056328125 0.21742625 0.7287318603515625 0.2107130927734375 0.7273055947265625 0.1952833447265625 0.727574921875
1 0.1429366640625 0.73504827734375 0.144490501953125 0.76511833203125 0.1522027734375 0.79430916796875 0.1866356123046875 0.7921646953125 0.187028740234375 0.7852123310546875 0.17738296875 0.7336752919921875 0.169093171875 0.730347240234375 0.1479991162109375 0.7303295771484375 0.1429366640625 0.73504827734375
1 0.1480814404296875 0.793995244140625 0.1490427587890625 0.7901198525390625 0.143421453125 0.76282182421875 0.140832232421875 0.732383982421875 0.1202323017578125 0.7312001103515625 0.1058783349609375 0.7341516884765625 0.1033740419921875 0.7380540126953125 0.108027296875 0.768841689453125 0.1141090615234375 0.7930447890625 0.1177497353515625 0.7952964091796875 0.1238947021484375 0.793645703125 0.1480814404296875 0.793995244140625
1 0.1084716865234375 0.7943007744140625 0.1104145224609375 0.787707220703125 0.101444673828125 0.7454190537109375 0.102278060546875 0.73421453125 0.0991449794921875 0.7315681904296875 0.091416638671875 0.7309313662109375 0.07242028125 0.733192255859375 0.0677778896484375 0.73250156640625 0.0626817734375 0.735291548828125 0.0623021123046875 0.7430153994140625 0.073490857421875 0.794525505859375 0.076102880859375 0.796795080078125 0.1084716865234375 0.7943007744140625
1 0.04522991796875 0.7965622470703125 0.04834280078125 0.7980513564453126 0.0688955986328125 0.7965350224609375 0.0724554736328125 0.794157716796875 0.0724218076171875 0.7922289990234375 0.0606244736328125 0.735327458984375 0.0368981943359375 0.7318829892578125 0.029711111328125 0.7327801630859375 0.0251293193359375 0.73556116796875 0.0253178486328125 0.7463619912109375 0.0364594609375 0.795171890625 0.0406144599609375 0.7974145322265624 0.04522991796875 0.7965622470703125
1 0.00509910546875 0.796491009765625 0.0323515947265625 0.7956294560546875 0.0348962861328125 0.7940415927734376 0.023579611328125 0.7352023564453125 0.0060252314453125 0.7316501572265625 0.003967931640625 0.7316860673828125 0.00509910546875 0.796491009765625
1 0.0058868876953125 0.841623025390625 0.0199393876953125 0.8803497216796875 0.0276744619140625 0.8813722890625 0.0559421337890625 0.8797212919921875 0.058473359375 0.8773619423828125 0.056735123046875 0.8662023076171875 0.0486229912109375 0.843578091796875 0.04524078125 0.826659234375 0.0426422236328125 0.8251611474609375 0.02822092578125 0.8242552880859375 0.0122903193359375 0.825305080078125 0.00563102734375 0.826964763671875 0.0058868876953125 0.841623025390625
1 0.095504755859375 0.876715556640625 0.09694 0.870516724609375 0.0930838642578125 0.8559213056640625 0.0909188330078125 0.8497853173828125 0.084091212890625 0.841801408203125 0.0839767490234375 0.8352437646484375 0.0870020986328125 0.8317182060546875 0.08692130078125 0.82708928125 0.076587669921875 0.824568626953125 0.0539573720703125 0.824963640625 0.047825873046875 0.8273858330078125 0.062073634765625 0.8772990986328125 0.06363680859375 0.8784293974609375 0.095504755859375 0.876715556640625
1 0.134079126953125 0.87604223828125 0.1299603974609375 0.84640281640625 0.1239459638671875 0.82605715234375 0.1167050166015625 0.8238683759765625 0.1033258349609375 0.8237160498046875 0.0899668515625 0.824720953125 0.088491208984375 0.82860532421875 0.08718389453125 0.8421332861328125 0.0935645234375 0.8539836103515624 0.0975620556640625 0.876679646484375 0.1042886796875 0.8788773994140625 0.134079126953125 0.87604223828125
1 0.1286018212890625 0.8275193291015625 0.128255826171875 0.8371718994140624 0.1322668251953125 0.8606394228515625 0.1381937265625 0.87597041796875 0.1660076728515625 0.8778000908203125 0.1711374560546875 0.876938828125 0.1599150439453125 0.8235000029296875 0.132141498046875 0.8239847919921875 0.1286018212890625 0.8275193291015625
1 0.20713346875 0.8759246533203126 0.2085956455078125 0.8712687958984375 0.2016898291015625 0.829330462890625 0.199565197265625 0.8255089365234375 0.194381548828125 0.82328425 0.1697276181640625 0.8256438916015625 0.1616398154296875 0.8338881513671875 0.1668141279296875 0.8650525927734375 0.1716248486328125 0.875386875 0.1814508876953125 0.8783022509765624 0.193293828125 0.87886725390625 0.20713346875 0.8759246533203126
1 0.2375055732421875 0.8769379521484375 0.244685923828125 0.87565503515625 0.246716291015625 0.8740761494140625 0.2471363505859375 0.868666759765625 0.2447760576171875 0.851344203125 0.244839259765625 0.8254903974609376 0.236562927734375 0.82293383203125 0.2262696962890625 0.8227276396484375 0.20316547265625 0.82544609375 0.2089955068359375 0.86470217578125 0.2127641103515625 0.87428292578125 0.2164047841796875 0.8765345439453125 0.2375055732421875 0.8769379521484375
1 0.2432895517578125 0.8251315859375 0.2453509814453125 0.8548069189453125 0.2498022392578125 0.8740222841796875 0.2575507802734375 0.875816337890625 0.28376115234375 0.8742012509765625 0.2822073154296875 0.8441311962890625 0.278270380859375 0.8249068544921875 0.2741153818359375 0.822664212890625 0.2432895517578125 0.8251315859375
1 0.3203548916015625 0.8484815244140625 0.3163236943359375 0.8238567705078125 0.3070321787109375 0.8220896484375 0.2849162060546875 0.8224756845703125 0.2823715146484375 0.824063546875 0.2862587119140625 0.8699131826171875 0.289378328125 0.8717880361328125 0.3027844423828125 0.873483337890625 0.3192159072265625 0.871653080078125 0.321239541015625 0.869688451171875 0.3203548916015625 0.8484815244140625
1 0.3525460322265625 0.8652833818359374 0.3543609365234375 0.851360697265625 0.3523264404296875 0.82322833984375 0.34713605859375 0.82061791015625 0.320945884765625 0.823390228515625 0.319423109375 0.824574392578125 0.319611638671875 0.8353752158203125 0.3237303681640625 0.865014638671875 0.3268903828125 0.8692039541015625 0.3479979052734375 0.8699931044921875 0.3525460322265625 0.8652833818359374
1 0.3932988994140625 0.8715175400390625 0.3930363056640625 0.85647353515625 0.38884351171875 0.822590931640625 0.38573062890625 0.821101822265625 0.3759584541015625 0.821272396484375 0.3569418974609375 0.8223760546875 0.3544039384765625 0.82434966015625 0.356206904296875 0.868692232421875 0.3583315361328125 0.872513759765625 0.37276630078125 0.87419110546875 0.3907609404296875 0.873491146484375 0.3932988994140625 0.8715175400390625
1 0.4189453125 0.83349609375 0.0048828125 0.0048828125
1 0.39860221875 0.82164887109375 0.39501541015625 0.822483201171875 0.393512833984375 0.8248245966796875 0.3958503251953125 0.870315421875 0.39792782421875 0.8714367421875 0.4293151123046875 0.87166059765625 0.4313118134765625 0.868152994140625 0.429475181640625 0.821881703125 0.4217266416015625 0.8200876494140625 0.39860221875 0.82164887109375
1 0.4670276357421875 0.8216120849609375 0.4582302470703125 0.8186787529296875 0.4340906396484375 0.82102941796875 0.4315863466796875 0.8249317431640625 0.4311797529296875 0.8311126201171875 0.431711673828125 0.861586373046875 0.4339305703125 0.8708083125 0.4380721025390625 0.872279466796875 0.4684038076171875 0.8709783017578125 0.4697986533203125 0.8624650068359375 0.4670276357421875 0.8216120849609375
1 0.5084672890625 0.8671921005859375 0.5079959658203125 0.840190041015625 0.5050742158203125 0.8201762568359375 0.500939416015625 0.819090845703125 0.479858826171875 0.819844669921875 0.472671744140625 0.82074184375 0.471162435546875 0.8226974951171875 0.4718155537109375 0.860114634765625 0.4750832998046875 0.870475849609375 0.4797458896484375 0.87232376953125 0.50645712109375 0.8699282177734375 0.5084672890625 0.8671921005859375
1 0.5420921455078125 0.8187583837890625 0.5287129638671875 0.818606056640625 0.5092022822265625 0.8208759228515625 0.5087863515625 0.8559965556640625 0.5110793125 0.86946167578125 0.526014935546875 0.870358556640625 0.543982642578125 0.868115623046875 0.545945677734375 0.86267930078125 0.544690703125 0.820256470703125 0.5420921455078125 0.8187583837890625
1 0.5846303828125 0.8388523828125 0.5817018994140625 0.8184528544921875 0.5801387255859375 0.8173225556640625 0.5508356689453126 0.8186057646484375 0.54728252734375 0.8213688134765625 0.547259724609375 0.84953708203125 0.5496738828125 0.8699455888671875 0.553314556640625 0.87219720703125 0.582062888671875 0.8686085146484375 0.58509497265625 0.86546869921875 0.5846303828125 0.8388523828125
1 0.621023654296875 0.860597087890625 0.6187871611328125 0.8208924189453125 0.6151262880859375 0.8174835673828125 0.588367923828125 0.8171789150390625 0.5842802578125 0.8187937099609375 0.58554869921875 0.86198802734375 0.587693529296875 0.8669667861328125 0.6051805771484375 0.866661548828125 0.616949453125 0.8629833701171875 0.6190202197265625 0.8637189482421875 0.621023654296875 0.860597087890625
1 0.6550431650390625 0.8642477490234375 0.6575407255859375 0.8599596796875 0.6583497822265625 0.8178866826171876 0.6433939599609375 0.8158325703125 0.6253993203125 0.816532529296875 0.6218327109375 0.81852408984375 0.6213924521484375 0.8227762490234375 0.621450447265625 0.85557344140625 0.6236222109375 0.8620951748046874 0.6257131767578125 0.863987982421875 0.6324196005859375 0.8650285048828125 0.6550431650390625 0.8642477490234375
1 0.6979528037109375 0.8171954091796875 0.68814023046875 0.815051521484375 0.6619231240234374 0.8162808642578125 0.65991295703125 0.81901698046875 0.6591334345703125 0.833307453125 0.6584818427734375 0.854927056640625 0.6606805390625 0.8629917646484375 0.6756498291015625 0.86581736328125 0.6951807099609375 0.864704728515625 0.6966900185546875 0.8627490771484375 0.6979528037109375 0.8171954091796875
1 0.72915308984375 0.86565518359375 0.733220556640625 0.8628831572265625 0.7351566591796875 0.8559038603515625 0.7353571279296875 0.8084394287109375 0.732250978515625 0.8073360634765625 0.728771900390625 0.81434229296875 0.7185258017578126 0.816836306640625 0.7004974951171875 0.8156075458984375 0.698067267578125 0.823753052734375 0.69826666015625 0.86465086328125 0.701907333984375 0.866902482421875 0.7240300400390625 0.8669021904296875 0.72915308984375 0.86565518359375
1 0.74927909375 0.8691624951171875 0.7693377666015625 0.8688123701171875 0.773899359375 0.864874134765625 0.7753413369140625 0.8590610458984375 0.779276744140625 0.819248646484375 0.768428787109375 0.8167369697265625 0.7550698056640625 0.817741873046875 0.74731453125 0.8155620751953125 0.7426923408203125 0.8160286171875 0.737831884765625 0.8323196279296875 0.7365582373046875 0.84777630859375 0.7358393134765625 0.8655384755859376 0.737930279296875 0.867431283203125 0.74927909375 0.8691624951171875
1 0.794499291015625 0.8660580068359375 0.809935771484375 0.8661744228515625 0.812419865234375 0.8611148671875 0.818365439453125 0.8185663505859375 0.8162812080078125 0.8170592861328125 0.78336441015625 0.8176338505859375 0.7782548271484375 0.8196523447265625 0.779885333984375 0.824640080078125 0.776648650390625 0.8455330830078125 0.776437318359375 0.8629005283203125 0.7790897421875 0.867484564453125 0.7888753818359375 0.8680854775390625 0.794499291015625 0.8660580068359375
1 0.827456486328125 0.8677979033203125 0.84493680078125 0.867106921875 0.846459576171875 0.8659227587890626 0.8526812119140625 0.839189734375 0.852519615234375 0.829931884765625 0.8498537255859375 0.824576361328125 0.8512889697265625 0.818377529296875 0.8316974892578125 0.816018470703125 0.8265542392578125 0.81610824609375 0.8199151474609375 0.818925162109375 0.8138416435546875 0.8541445478515625 0.813502380859375 0.864182861328125 0.8171430546875 0.86643448046875 0.827456486328125 0.8677979033203125
1 0.8508015771484375 0.8199294814453125 0.8499008583984375 0.82727656640625 0.845867056640625 0.8319773125 0.8490068720703124 0.835009396484375 0.846008453125 0.8400779296875 0.8492223330078125 0.8473531953125 0.84841587890625 0.8601006923828125 0.8500396513671875 0.8647026845703125 0.8510885009765625 0.8658419599609375 0.86288430859375 0.8637067578125 0.882963181640625 0.86451386328125 0.885507873046875 0.8629260009765625 0.8864557255859375 0.85827912109375 0.887806041015625 0.8177401220703125 0.8569330771484375 0.8175072880859375 0.851803294921875 0.8183685517578125 0.8508015771484375 0.8199294814453125
1 0.90918701953125 0.863670263671875 0.921016494140625 0.863463779296875 0.924583103515625 0.861472216796875 0.931130533203125 0.8239293916015625 0.9289520361328125 0.817021916015625 0.8960352392578125 0.81759648046875 0.89198123828125 0.821139994140625 0.8895644775390625 0.8300569873046875 0.8879313681640625 0.8543947509765625 0.8875651728515624 0.8628900908203125 0.889656138671875 0.8647828984375 0.900477162109375 0.8657516015625 0.90918701953125 0.863670263671875
1 0.9611877060546875 0.865849478515625 0.964206322265625 0.86193817578125 0.9664412880859375 0.8426061015625 0.970807619140625 0.8274812998046875 0.9706460224609375 0.8182234501953125 0.95876268359375 0.815343984375 0.9371812353515625 0.8168782744140625 0.934176083984375 0.8215610634765625 0.92795444921875 0.8482940888671875 0.9266875341796875 0.8641365126953126 0.928791966796875 0.8668008095703125 0.956071388671875 0.867482228515625 0.9611877060546875 0.865849478515625
1 1 0.8162395400390625 0.977826373046875 0.816940533203125 0.973224380859375 0.8185643056640625 0.965587701171875 0.8526533935546875 0.9652282392578125 0.8615344765625 0.96888911328125 0.864943326171875 0.997217384765625 0.8667640224609375 1 0.865311466796875 1 0.8162395400390625
1 0.9704564169921875 0.895784869140625 0.9000006328125 0.8974005400390626 0.887683767578125 0.8991589765625 0.879948693359375 0.8981364091796875 0.8696958603515625 0.9002446796875 0.8681865517578125 0.902200330078125 0.8713936982421875 0.9090898515625 0.8725974111328125 0.919101232421875 0.869468458984375 0.9461661357421876 0.8702925107421875 0.963901369140625 0.8718691513671875 0.9658031552734375 0.9125546865234375 0.9681798759765625 0.9295072109375 0.966726384765625 0.94084929296875 0.9680718525390625 0.948543966796875 0.9667799580078125 0.96810178125 0.9672102978515625 0.9727037734375 0.9655865244140625 0.980908642578125 0.9345744091796875 0.981546767578125 0.9121833193359375 0.978319421875 0.90413656640625 0.9704564169921875 0.895784869140625
1 0.86616291796875 0.904164958984375 0.8593487626953125 0.896952537109375 0.7580132822265625 0.8979496328125 0.756497240234375 0.8995195400390625 0.75720009375 0.9103113857421875 0.76049028125 0.9219582841796875 0.757594748046875 0.9623957646484375 0.75972611328125 0.9666030341796875 0.7978198251953125 0.9678674130859375 0.8080995908203125 0.9673021171875 0.81987519921875 0.96400968359375 0.82812459765625 0.9650232744140625 0.83376197265625 0.9637672890625 0.83583947265625 0.9648886103515625 0.8399204052734375 0.9628880712890625 0.8471680869140625 0.9654625908203125 0.8625574365234375 0.9628788017578125 0.870466046875 0.9148939619140625 0.86616291796875 0.904164958984375
1 0.715899234375 0.902157486328125 0.7076700361328125 0.9023011279296875 0.6968288125 0.9001751953125 0.6865557802734376 0.9011262333984374 0.6860145224609375 0.899592236328125 0.6685746064453125 0.9025976806640625 0.6505328349609375 0.9005974326171875 0.6469864248046875 0.9037462255859375 0.649050744140625 0.93358704296875 0.6474080126953125 0.9573735791015625 0.6485443935546875 0.9635275234375 0.6522389326171875 0.968865091796875 0.7155749658203125 0.97200403125 0.7248058828125 0.9702994599609375 0.7360469658203125 0.9658587724609375 0.753026421875 0.965948255859375 0.755930576171875 0.955479310546875 0.757882748046875 0.9199460009765625 0.75244323828125 0.9030630537109375 0.7492966904296875 0.8996452265625 0.7333256845703126 0.898380556640625 0.72309305078125 0.9016460576171875 0.7204944931640626 0.900147970703125 0.715899234375 0.902157486328125
1 0.64137077734375 0.9651961845703125 0.6428935517578125 0.9640120205078125 0.6451917197265625 0.918826140625 0.643365951171875 0.902651837890625 0.6412749853515625 0.900759029296875 0.6294253125 0.8998082822265625 0.5780062841796875 0.90147752734375 0.5461922021484374 0.9062773173828125 0.5395531103515625 0.909094232421875 0.5394065068359375 0.95964461328125 0.5415244052734375 0.963080396484375 0.5539355361328125 0.9667223720703125 0.64137077734375 0.9651961845703125
1 0.529200806640625 0.96445308984375 0.534804515625 0.96126838671875 0.5355260419921875 0.914180720703125 0.5337945390625 0.903406830078125 0.5296260732421875 0.900392701171875 0.480798869140625 0.9031742890625 0.4360323994140625 0.9027981064453126 0.4247643828125 0.9056958193359375 0.423897330078125 0.9149716240234375 0.4255656318359375 0.9515993212890625 0.43044368359375 0.9657910400390625 0.46854412890625 0.9674411611328125 0.529200806640625 0.96445308984375
1 0.3173688642578125 0.9426837880859374 0.3233294306640625 0.9599435009765624 0.3501349267578125 0.962948361328125 0.42053011328125 0.95786099609375 0.422526814453125 0.954353392578125 0.4189830078125 0.9281766865234375 0.421799630859375 0.9126930712890625 0.420629583984375 0.9046104091796875 0.4159804599609375 0.9035339765625 0.3372954765625 0.9052932890625 0.33321454296875 0.907293828125 0.327002244140625 0.9050870966796875 0.3198016943359375 0.905212783203125 0.315707294921875 0.906441833984375 0.3142114521484375 0.90916897265625 0.3173688642578125 0.9426837880859374
1 0.21014427734375 0.959989849609375 0.2122891083984375 0.964968607421875 0.21699209765625 0.969130990234375 0.24837938671875 0.969354845703125 0.2905136318359375 0.9663042216796875 0.3187005068359375 0.9600242998046875 0.3124571455078125 0.9265633505859375 0.312641544921875 0.9076529306640625 0.31107163671875 0.906136888671875 0.25859029296875 0.9058953701171875 0.208213380859375 0.9083181474609375 0.206162814453125 0.9087398017578125 0.2042065126953125 0.9145618681640625 0.202872265625 0.92654685546875 0.21014427734375 0.959989849609375
1 0.107913283203125 0.90968303125 0.10073293359375 0.91096594921875 0.096231939453125 0.918375876953125 0.0953312197265625 0.9257229619140624 0.0974423857421875 0.928773001953125 0.0992412216796875 0.943404330078125 0.1052489208984375 0.96336425 0.1089367265625 0.9683160751953125 0.1135858505859375 0.9693925078125 0.1531686728515625 0.96754400390625 0.190640328125 0.9626454599609375 0.2039589111328125 0.9593260927734375 0.20536722265625 0.9515842861328125 0.2004757041015625 0.9366210791015624 0.1996449189453125 0.9185001025390624 0.2015473564453125 0.9095920869140625 0.199463123046875 0.9080850224609375 0.1685564951171875 0.905923470703125 0.107913283203125 0.90968303125
1 0.0369027744140625 0.90899321875 0.012215177734375 0.9094241416015625 0.0070786611328125 0.9098996611328125 0.008088638671875 0.9677612177734375 0.100105671875 0.9634540263671875 0.099396083984375 0.9522764365234375 0.09417876953125 0.94812303125 0.09145228125 0.9392958134765625 0.093428783203125 0.934630978515625 0.090574365234375 0.9184746298828125 0.0940534423828125 0.911468400390625 0.080119537109375 0.9090105888671876 0.0662462294921875 0.9100244716796875 0.0574690390625 0.90824837109375 0.0405232490234375 0.9100876064453125 0.0369027744140625 0.90899321875
0 0.9248046875 0.154296875 0.9501953125 0.1552734375 0.951171875 0.1708984375 0.9482421875 0.18359375 0.9453125 0.1865234375 0.8916015625 0.185546875 0.8896484375 0.1875 0.8857421875 0.18359375 0.8857421875 0.1689453125 0.8876953125 0.16015625 0.8916015625 0.154296875 0.923828125 0.154296875
0 0.685546875 0.154296875 0.689453125 0.1630859375 0.6884765625 0.1826171875 0.685546875 0.1845703125 0.666015625 0.185546875 0.6279296875 0.185546875 0.625 0.177734375 0.625 0.1591796875 0.626953125 0.15625 0.6845703125 0.154296875
0 0.041015625 0.8037109375 0.0478515625 0.806640625 0.048828125 0.822265625 0.046875 0.82421875 0.005859375 0.822265625 0.005859375 0.8056640625 0.0400390625 0.8037109375
0 0.7705078125 0.875 0.7783203125 0.8759765625 0.779296875 0.8779296875 0.7802734375 0.890625 0.7783203125 0.89453125 0.7734375 0.896484375 0.7373046875 0.8955078125 0.73046875 0.89453125 0.7294921875 0.890625 0.73046875 0.87890625 0.7353515625 0.875 0.76953125 0.875
0 0.9052734375 0.97265625 0.94140625 0.974609375 0.943359375 0.9775390625 0.94140625 0.9921875 0.896484375 0.9921875 0.8955078125 0.9794921875 0.8974609375 0.9736328125 0.904296875 0.97265625
0 0.1142578125 0.8212890625 0.111328125 0.8056640625 0.115234375 0.8017578125 0.1552734375 0.8017578125 0.1591796875 0.814453125 0.1572265625 0.822265625 0.123046875 0.8232421875 0.115234375 0.8212890625
0 0.3740234375 0.8818359375 0.3818359375 0.8837890625 0.3837890625 0.892578125 0.3837890625 0.8994140625 0.3740234375 0.9033203125 0.3388671875 0.90234375 0.3359375 0.8935546875 0.337890625 0.8837890625 0.373046875 0.8818359375
0 0.66015625 0.7958984375 0.6630859375 0.7978515625 0.6630859375 0.80859375 0.6611328125 0.8154296875 0.6572265625 0.81640625 0.6181640625 0.8154296875 0.615234375 0.8125 0.615234375 0.7978515625 0.6171875 0.7958984375 0.6591796875 0.7958984375
0 0.275390625 0.1630859375 0.3251953125 0.1630859375 0.328125 0.166015625 0.3291015625 0.1806640625 0.3271484375 0.1923828125 0.3232421875 0.1953125 0.2685546875 0.1943359375 0.2646484375 0.1845703125 0.265625 0.166015625 0.2744140625 0.1630859375
0 0.02734375 0.888671875 0.05859375 0.88671875 0.0634765625 0.904296875 0.056640625 0.9072265625 0.021484375 0.90625 0.0146484375 0.89453125 0.0185546875 0.8896484375 0.0263671875 0.888671875
0 0.0068359375 0.552734375 0.021484375 0.5556640625 0.0234375 0.5751953125 0.017578125 0.578125 0.001953125 0.578125 0.0009765625 0.5546875 0.005859375 0.5537109375
0 0.9658203125 0.873046875 0.9736328125 0.8759765625 0.9736328125 0.890625 0.96875 0.8935546875 0.9521484375 0.89453125 0.9267578125 0.8935546875 0.9248046875 0.888671875 0.92578125 0.876953125 0.927734375 0.875 0.96484375 0.873046875
0 0.4775390625 0.880859375 0.48046875 0.884765625 0.48046875 0.8994140625 0.4482421875 0.90234375 0.4365234375 0.9013671875 0.43359375 0.8916015625 0.435546875 0.8828125 0.4462890625 0.8828125 0.455078125 0.8798828125 0.4765625 0.880859375
0 0.4677734375 0.9765625 0.4833984375 0.9775390625 0.486328125 0.9794921875 0.486328125 0.9970703125 0.44921875 0.998046875 0.4453125 0.998046875 0.44140625 0.9921875 0.44140625 0.9794921875 0.466796875 0.9765625
0 0.6708984375 0.8779296875 0.673828125 0.89453125 0.6591796875 0.8974609375 0.6279296875 0.896484375 0.625 0.888671875 0.6279296875 0.87890625 0.669921875 0.87890625
0 0.771484375 0.7939453125 0.81640625 0.79296875 0.8193359375 0.8076171875 0.8193359375 0.81640625 0.8173828125 0.8173828125 0.7734375 0.8173828125 0.7705078125 0.8076171875 0.771484375 0.794921875
0 0.0966796875 0.705078125 0.1064453125 0.70703125 0.107421875 0.708984375 0.107421875 0.7275390625 0.080078125 0.7294921875 0.0634765625 0.7255859375 0.060546875 0.7216796875 0.0595703125 0.70703125 0.0615234375 0.705078125 0.095703125 0.705078125
0 0.26171875 0.884765625 0.279296875 0.884765625 0.2822265625 0.8935546875 0.2822265625 0.90234375 0.279296875 0.9052734375 0.240234375 0.9052734375 0.2373046875 0.9033203125 0.234375 0.892578125 0.2373046875 0.8857421875 0.2607421875 0.884765625
0 0.3515625 0.978515625 0.3779296875 0.98046875 0.3798828125 0.9892578125 0.3779296875 0.9990234375 0.3359375 0.998046875 0.333984375 0.994140625 0.333984375 0.9814453125 0.337890625 0.978515625 0.3505859375 0.978515625
0 0.2353515625 0.1650390625 0.240234375 0.171875 0.2392578125 0.193359375 0.2373046875 0.1953125 0.21875 0.1962890625 0.181640625 0.1962890625 0.177734375 0.1875 0.177734375 0.1728515625 0.1826171875 0.166015625 0.234375 0.1650390625
0 0.0966796875 0.802734375 0.099609375 0.8046875 0.1015625 0.8154296875 0.1015625 0.822265625 0.0986328125 0.82421875 0.05859375 0.8232421875 0.0537109375 0.814453125 0.0537109375 0.8046875 0.05859375 0.8017578125 0.095703125 0.802734375
0 0.0146484375 0.9990234375 0.013671875 0.984375 0.017578125 0.9814453125 0.0576171875 0.982421875 0.0595703125 0.9990234375 0.015625 0.9990234375
0 0.982421875 0.7919921875 0.986328125 0.7939453125 0.9990234375 0.79296875 0.9990234375 0.81640625 0.990234375 0.8173828125 0.978515625 0.814453125 0.9755859375 0.7958984375 0.978515625 0.7919921875 0.9814453125 0.7919921875
0 0.8564453125 0.875 0.865234375 0.876953125 0.8642578125 0.892578125 0.8623046875 0.89453125 0.8408203125 0.89453125 0.8388671875 0.896484375 0.8212890625 0.8955078125 0.8173828125 0.8857421875 0.8193359375 0.8779296875 0.8251953125 0.8759765625 0.85546875 0.875
0 0.6884765625 0.9755859375 0.7216796875 0.9755859375 0.7216796875 0.9912109375 0.708984375 0.994140625 0.677734375 0.9931640625 0.6787109375 0.9775390625 0.6875 0.9755859375
0 0.4248046875 0.796875 0.4345703125 0.7998046875 0.4345703125 0.818359375 0.4111328125 0.8203125 0.390625 0.8203125 0.38671875 0.814453125 0.38671875 0.80078125 0.390625 0.7978515625 0.423828125 0.796875
0 0.4765625 0.16015625 0.48046875 0.169921875 0.4794921875 0.1875 0.4326171875 0.19140625 0.4208984375 0.19140625 0.41796875 0.1884765625 0.416015625 0.1787109375 0.4169921875 0.1630859375 0.44140625 0.16015625 0.4755859375 0.16015625
0 0.1103515625 0.888671875 0.1142578125 0.8955078125 0.1142578125 0.9052734375 0.1123046875 0.90625 0.07421875 0.90625 0.0703125 0.9033203125 0.0673828125 0.896484375 0.0673828125 0.890625 0.0703125 0.8876953125 0.109375 0.888671875
0 0.728515625 0.7939453125 0.732421875 0.796875 0.732421875 0.7998046875 0.7294921875 0.8134765625 0.7265625 0.81640625 0.6875 0.814453125 0.6845703125 0.8125 0.68359375 0.8017578125 0.6865234375 0.7958984375 0.7275390625 0.7939453125
0 0.255859375 0.80078125 0.2578125 0.8017578125 0.2578125 0.822265625 0.25390625 0.82421875 0.240234375 0.822265625 0.2138671875 0.8232421875 0.2109375 0.8203125 0.2099609375 0.8056640625 0.212890625 0.80078125 0.2548828125 0.80078125
0 0.240234375 0.9794921875 0.251953125 0.98046875 0.25390625 0.982421875 0.2529296875 0.9990234375 0.2109375 0.9990234375 0.208984375 0.9970703125 0.2099609375 0.9814453125 0.2392578125 0.9794921875