1 0.03308821484375 0.2527071171875 0.0345200166015625 0.254354216796875 0.065741443359375 0.2576976650390625 0.078704759765625 0.25667042578125 0.085160416015625 0.2602158056640625 0.0949102705078125 0.26089758203125 0.097066884765625 0.244805115234375 0.0944705849609375 0.230314015625 0.09710980078125 0.1999457470703125 0.099808294921875 0.1908525751953125 0.09878017578125 0.1834325361328125 0.08921870703125 0.180056720703125 0.05135323828125 0.175861931640625 0.0440883994140625 0.1765141572265625 0.0370228525390625 0.21856198828125 0.03308821484375 0.2527071171875
1 0.032628888671875 0.2519015078125 0.042226001953125 0.181024861328125 0.0419819736328125 0.1771403505859375 0.0395776953125 0.174651759765625 0.029989314453125 0.17166080859375 0.0217519990234375 0.17147154296875 0.0160466083984375 0.2530624306640625 0.0201248974609375 0.25373435546875 0.030414814453125 0.2540671533203125 0.032628888671875 0.2519015078125
1 0.265853671875 0.2055575556640625 0.2588579541015625 0.2023611552734375 0.2163472216796875 0.19822828125 0.213431611328125 0.2030520810546875 0.2110866123046875 0.2218385869140625 0.207128697265625 0.2710651259765625 0.208345201171875 0.275791126953125 0.2409446064453125 0.281551400390625 0.256906087890625 0.281894046875 0.2596333125 0.2797642861328125 0.265853671875 0.2055575556640625
1 0.265629642578125 0.282504056640625 0.273380720703125 0.282272576171875 0.281375826171875 0.28592560546875 0.3111385390625 0.2880068173828125 0.3128932880859375 0.285035564453125 0.318465935546875 0.2127172646484375 0.3094176171875 0.2093773330078125 0.2847594931640625 0.2080398125 0.270498935546875 0.2054956396484375 0.2678255361328125 0.2068556748046875 0.2638890791015625 0.2336525302734375 0.260063908203125 0.273606482421875 0.2611458505859375 0.2802567978515625 0.265629642578125 0.282504056640625
1 0.31486515234375 0.28633368359375 0.3212669833984375 0.2906487890625 0.325426009765625 0.2901661279296875 0.335014390625 0.293157080078125 0.363750802734375 0.295166525390625 0.365911052734375 0.2937706064453125 0.3686310048828125 0.2622477509765625 0.3644432490234375 0.2557670009765625 0.3677912724609375 0.2521336728515625 0.3700573525390625 0.2418500283203125 0.371051287109375 0.2202618359375 0.3651626064453125 0.2159826142578125 0.325676951171875 0.2128347626953125 0.320870212890625 0.21520585546875 0.3191441953125 0.2251405185546875 0.31486515234375 0.28633368359375
1 0.404560611328125 0.3015009267578125 0.4085025224609375 0.296748892578125 0.4077686201171875 0.27774708984375 0.412648822265625 0.244828314453125 0.413262349609375 0.21393165234375 0.4035914140625 0.204747013671875 0.3792580546875 0.2061394150390625 0.376530830078125 0.208269177734375 0.3735901259765625 0.22082611328125 0.370660330078125 0.2774726923828125 0.3679367421875 0.2942990009765625 0.3693416318359375 0.2963309638671875 0.404560611328125 0.3015009267578125
1 0.454612220703125 0.219917072265625 0.4439149833984375 0.21066066796875 0.4217418759765625 0.21065715234375 0.4163143388671875 0.2145318115234375 0.4143191982421875 0.2283151025390625 0.4097728505859375 0.30070516796875 0.41782178125 0.3035884716796875 0.4459643076171875 0.3067166220703125 0.44828603125 0.30301152734375 0.4511692744140625 0.27652776953125 0.454612220703125 0.219917072265625
1 0.4643300673828125 0.309547859375 0.4941466044921875 0.310859345703125 0.4974946279296875 0.3072260166015625 0.4999472763671875 0.2869000615234375 0.502419564453125 0.2367961474609375 0.4722244375 0.23352446484375 0.46260914453125 0.230918375 0.4569932216796875 0.2374870732421875 0.453541185546875 0.257356400390625 0.453410259765625 0.27397726171875 0.449500716796875 0.3003892548828125 0.4516896962890625 0.3059567470703125 0.4643300673828125 0.309547859375
1 0.5363056611328125 0.31264716015625 0.5428220537109375 0.23420694140625 0.5345560078125 0.2270542646484375 0.5268856669921875 0.226131158203125 0.5097902353515625 0.2272561962890625 0.5059559736328125 0.2304687802734375 0.50509296484375 0.235436111328125 0.49881878125 0.3104125673828125 0.5007368212890625 0.312480412109375 0.5242879072265625 0.31490075390625 0.53187751171875 0.3169784482421875 0.5363056611328125 0.31264716015625
1 0.54316681640625 0.3177678740234375 0.5514848701171875 0.31680255078125 0.5661240166015625 0.3213069208984375 0.5733619443359375 0.321039556640625 0.5783265185546875 0.3016627412109375 0.5827132099609375 0.238930125 0.575500376953125 0.2314643525390625 0.571449 0.2304075634765625 0.5491682412109375 0.231943498046875 0.5458471298828125 0.2351919638671875 0.543285015625 0.2497090966796875 0.53830080078125 0.2988638701171875 0.5391423525390625 0.31632622265625 0.54316681640625 0.3177678740234375
1 0.63311321875 0.255603751953125 0.629169490234375 0.2530075126953125 0.5882789443359375 0.24782769921875 0.584067912109375 0.2564283603515625 0.5807791669921875 0.28133678515625 0.57716929296875 0.3182118349609375 0.5796543076171875 0.3195458388671875 0.5869191474609375 0.318893611328125 0.6070683857421875 0.3257170087890625 0.62297604296875 0.3268293798828125 0.63311321875 0.255603751953125
1 0.67331858984375 0.3295761845703125 0.6755039345703125 0.3204471298828125 0.680728541015625 0.2604803173828125 0.6690875595703125 0.257345833984375 0.637272244140625 0.2551210908203125 0.6338165712890625 0.2602938701171875 0.630068501953125 0.2843966865234375 0.62664883203125 0.3259259716796875 0.6311057099609375 0.3285580947265625 0.6422873662109375 0.330886970703125 0.669997478515625 0.3328246513671875 0.67331858984375 0.3295761845703125
1 0.7247554482421875 0.2798022509765625 0.727102265625 0.26836401953125 0.7231585361328124 0.265767779296875 0.6853468935546875 0.2608032646484375 0.6831059072265625 0.263353771484375 0.6768299052734374 0.330981953125 0.67977424609375 0.333121564453125 0.70062501953125 0.3372868037109375 0.718179775390625 0.3369673740234375 0.7260275947265625 0.2911067998046875 0.7247554482421875 0.2798022509765625
1 0.734934080078125 0.2669779501953125 0.7312343798828125 0.268266220703125 0.728345681640625 0.272705158203125 0.72182565234375 0.336448830078125 0.7338990478515625 0.3407737841796875 0.7646880615234375 0.34292676171875 0.76800735546875 0.3323300224609375 0.775203826171875 0.273661330078125 0.757998927734375 0.2689775458984375 0.734934080078125 0.2669779501953125
1 0.779822177734375 0.27398427734375 0.778201990234375 0.275031216796875 0.7712979189453125 0.31476987109375 0.7693064140625 0.343249708984375 0.8013926689453125 0.348974099609375 0.8075773828125 0.34901983203125 0.813977396484375 0.3459866640625 0.8201726611328125 0.2795130703125 0.7957567470703125 0.274711787109375 0.779822177734375 0.27398427734375
1 0.817840388671875 0.3497374912109375 0.825510728515625 0.3506605986328125 0.831993296875 0.3538211162109375 0.8562190068359375 0.3539681640625 0.8590538798828125 0.3502989521484375 0.860480228515625 0.32990123046875 0.868112748046875 0.28711955859375 0.8616032685546875 0.2843439033203125 0.8382136552734375 0.2796143857421875 0.8253041630859375 0.279871900390625 0.8220368759765625 0.282350640625 0.8152171767578125 0.3356312548828125 0.8154361103515625 0.3472489013671875 0.817840388671875 0.3497374912109375
1 0.8858471591796875 0.357973689453125 0.901349314453125 0.3575107275390625 0.905183576171875 0.3542981435546875 0.9065866484375 0.34898183203125 0.911622869140625 0.2917090595703125 0.908192291015625 0.289148703125 0.8744858486328125 0.284471251953125 0.8707861484375 0.2857595224609375 0.8682760390625 0.2921586552734375 0.8674112841796875 0.3118995078125 0.8604318564453125 0.35271577734375 0.869993326171875 0.356091591796875 0.8858471591796875 0.357973689453125
1 0.898179126953125 0.42496934375 0.886753443359375 0.418755958984375 0.8609882822265625 0.41850126171875 0.8582072333984375 0.421400748046875 0.8552145224609375 0.44207568359375 0.8503110439453125 0.4900758681640625 0.8558480478515625 0.4920100322265625 0.8696761923828125 0.493363734375 0.8919569501953125 0.49182780078125 0.8952224189453125 0.4820007861328125 0.898179126953125 0.42496934375
1 0.843297146484375 0.4133967314453125 0.8138861103515626 0.413660578125 0.809517240234375 0.439266962890625 0.8053152978515625 0.4846089921875 0.8082327255859375 0.4871334658203125 0.8179018427734375 0.488969830078125 0.8471514072265625 0.491015158203125 0.8488523310546875 0.4888136318359375 0.856343017578125 0.418563177734375 0.843297146484375 0.4133967314453125
1 0.7687827138671876 0.4097331533203125 0.7665417265625 0.41228366015625 0.759908595703125 0.4555219609375 0.758564802734375 0.4821133681640625 0.7871128291015625 0.4868168525390625 0.8032357841796876 0.4848503232421875 0.81145673828125 0.4189051240234375 0.810320970703125 0.4130245341796875 0.7966542998046875 0.40936165625 0.7687827138671876 0.4097331533203125
1 0.7561605244140625 0.47962477734375 0.765029189453125 0.4117911474609375 0.762138673828125 0.4088818115234375 0.7431252021484375 0.4079390048828125 0.7237600546875 0.404651138671875 0.7200872666015625 0.4055545458984375 0.7181172197265625 0.4116047001953125 0.7098693544921875 0.47793476171875 0.71184121875 0.4792328818359375 0.73744490625 0.4817967548828125 0.7539195380859375 0.4821752841796875 0.7561605244140625 0.47962477734375
1 0.7108920185546875 0.46330998046875 0.715607111328125 0.4180038330078125 0.7190609658203125 0.4054827802734375 0.716575951171875 0.40414877734375 0.67765726953125 0.4002670849609375 0.6728774453125 0.4022533134765625 0.6719875244140625 0.4076055078125 0.6633879814453125 0.4715905107421875 0.6673317099609375 0.47418675 0.6765145888671875 0.475602369140625 0.707303603515625 0.4777553466796875 0.7108920185546875 0.46330998046875
1 0.663143953125 0.467706001953125 0.6708517568359375 0.4017249189453125 0.668501302734375 0.398466603515625 0.6659624638671875 0.3979023251953125 0.626557544921875 0.39359988671875 0.6228040205078125 0.3956578818359375 0.6213202119140625 0.4021287822265625 0.6153402451171875 0.465523474609375 0.6176906982421875 0.468781791015625 0.6222552255859375 0.4698744619140625 0.6596882802734375 0.47287878125 0.663143953125 0.467706001953125
1 0.58390351953125 0.465258927734375 0.6121536943359375 0.466847626953125 0.614852189453125 0.4577544541015625 0.62077833203125 0.39512948828125 0.6101636494140625 0.39206676953125 0.5753232578125 0.3888570029296875 0.570658353515625 0.418696876953125 0.5678576650390625 0.4513743203125 0.5691567236328124 0.4622940078125 0.5731273642578125 0.464505384765625 0.5778802783203125 0.4629040185546875 0.58390351953125 0.465258927734375
1 0.5730248115234375 0.3774806875 0.5591679365234375 0.36916357421875 0.552496984375 0.368697095703125 0.5383997177734375 0.37119201953125 0.5355648447265625 0.374861232421875 0.5336020703125 0.41030448046875 0.5276184677734375 0.459002625 0.533074734375 0.4620913759765625 0.5633236865234375 0.464593333984375 0.566104734375 0.4616938466796875 0.5730248115234375 0.3774806875
1 0.5345116328125 0.375174328125 0.521761794921875 0.365774392578125 0.50995933984375 0.364949083984375 0.4968883740234375 0.3675157744140625 0.4930810244140625 0.3703434951171875 0.487133423828125 0.455398146484375 0.4967218046875 0.4583890986328125 0.522352404296875 0.460568109375 0.525592779296875 0.45847423046875 0.5279665087890625 0.44665113671875 0.5345116328125 0.375174328125
1 0.46739841796875 0.3762824833984375 0.444360482421875 0.373898025390625 0.440529857421875 0.39180715625 0.4353321630859375 0.4513891044921875 0.44192237890625 0.4530101708984375 0.4840276103515625 0.4555677109375 0.4858361826171875 0.4518267333984375 0.4893562294921875 0.3793649013671875 0.479335435546875 0.375183478515625 0.46739841796875 0.3762824833984375
1 0.4287452236328125 0.3538556162109375 0.4205348203125 0.3532814892578125 0.4080039169921875 0.35549919921875 0.4031433544921875 0.358640017578125 0.4016613642578125 0.3724591904296875 0.396521130859375 0.4459679609375 0.400464859375 0.4485642001953125 0.4322263486328125 0.451558669921875 0.433954185546875 0.4489722802734375 0.4416296220703125 0.3613312392578125 0.4287452236328125 0.3538556162109375
1 0.3982271494140625 0.3552022861328125 0.3928516201171875 0.3509589462890625 0.3749451865234375 0.3489333173828125 0.363846083984375 0.3527981279296875 0.3585371044921875 0.3992229794921875 0.356009173828125 0.44274834375 0.393280755859375 0.4480618388671875 0.39848572265625 0.417872986328125 0.3977769140625 0.3911380458984375 0.401847931640625 0.3624168779296875 0.3982271494140625 0.3552022861328125
1 0.331324138671875 0.4417956884765625 0.351390822265625 0.4424253974609375 0.35408931640625 0.4333322255859375 0.354028220703125 0.4047088564453125 0.35583315625 0.386271330078125 0.358964064453125 0.37836862890625 0.3587720419921875 0.3663661201171875 0.3507769365234375 0.362713091796875 0.31909618359375 0.3585640341796875 0.310291892578125 0.3591086123046875 0.3063016123046875 0.3866751923828125 0.302289873046875 0.4366714580078125 0.3037485869140625 0.4379336943359375 0.331324138671875 0.4417956884765625
1 0.3024189794921875 0.4127023232421875 0.3071860791015625 0.3592781767578125 0.2991371494140625 0.3563948740234375 0.257652716796875 0.3523337666015625 0.2553579052734375 0.355653998046875 0.2550906015625 0.3668508984375 0.251394537109375 0.3828357158203125 0.246950384765625 0.431641509765625 0.25402683984375 0.4336833212890625 0.297077634765625 0.4374672158203125 0.2992917080078125 0.435301572265625 0.3024189794921875 0.4127023232421875
1 0.2080047919921875 0.4281446796875 0.241738146484375 0.4324372685546875 0.2450592578125 0.4291888017578125 0.2481865283203125 0.406589552734375 0.2532802109375 0.3632436025390625 0.2525481259765625 0.3515900732421875 0.2506031748046875 0.3499070908203125 0.2243786884765625 0.3488467861328125 0.2199487216796875 0.34582980078125 0.205067365234375 0.3447891953125 0.20174625390625 0.34803766015625 0.1949785595703125 0.393200275390625 0.1940940927734375 0.420597291015625 0.2080047919921875 0.4281446796875
1 0.1444279873046875 0.4229254677734375 0.15984940625 0.42361709375 0.168707521484375 0.4223027900390625 0.18971976953125 0.4241588544921875 0.1878286416015625 0.421706146484375 0.19125740234375 0.4169182294921875 0.192821947265625 0.4092927421875 0.1989401103515625 0.358670283203125 0.1988826494140625 0.3447434609375 0.156992716796875 0.3391070205078125 0.147162125 0.33957983203125 0.1455419375 0.340626771484375 0.141147974609375 0.3739662919921875 0.1368652958984375 0.4204629091796875 0.1444279873046875 0.4229254677734375
1 0.1354942314453125 0.3368302109375 0.090850162109375 0.3337083935546875 0.0886360869140625 0.335874037109375 0.0870715419921875 0.343499525390625 0.0833522021484375 0.3745657529296875 0.0810664814453125 0.414627353515625 0.0921943125 0.417725955078125 0.1342726318359375 0.420668357421875 0.1395045107421875 0.390094640625 0.14351625 0.340098376953125 0.1354942314453125 0.3368302109375
1 0.0857455712890625 0.332964701171875 0.0817480185546875 0.3311381865234375 0.0346996708984375 0.3255277783203125 0.031351646484375 0.329161107421875 0.0284109423828125 0.34171804296875 0.021648703125 0.408925478515625 0.0241068056640625 0.4106443447265625 0.0511961181640625 0.414085591796875 0.07590806640625 0.41465338671875 0.081789474609375 0.389539513671875 0.0857455712890625 0.332964701171875
1 0.0169227021484375 0.4101419833984375 0.021135552734375 0.408889595703125 0.0218909130859375 0.4054617158203125 0.026839669921875 0.3494397470703125 0.02900301171875 0.333251064453125 0.0321339189453125 0.32534836328125 0.0292972275390625 0.3216693017578125 0.0195742861328125 0.320602662109375 0.0157400244140625 0.32381524609375 0.01106784765625 0.3242620244140625 0.0051471591796875 0.4089318134765625 0.0169227021484375 0.4101419833984375
1 0 0.56198322265625 0.0114238779296875 0.5625215693359376 0.0147988134765625 0.5585033779296875 0.0155218076171875 0.5334155380859374 0.019486994140625 0.51358209375 0.018727998046875 0.502313427734375 0.022504798828125 0.485174021484375 0.0199641416015625 0.4772614697265625 0.012482185546875 0.4736443251953125 0.01034884765625 0.474655380859375 0.0042717822265625 0.4730701982421875 0.0024613916015625 0.4694629013671875 0.0009219404296875 0.4693552529296875 0 0.482539615234375 0 0.56198322265625
1 0.0561755966796875 0.564103935546875 0.0688967041015625 0.5665404609375 0.0711376904296875 0.5639899541015625 0.07464355078125 0.5433509013671876 0.0797874208984375 0.484538677734375 0.0753036298828125 0.4822914189453125 0.064581298828125 0.480768150390625 0.03433234765625 0.478266193359375 0.0280938076171875 0.4789901865234375 0.024799609375 0.4818537890625 0.022022197265625 0.4994498232421875 0.017364564453125 0.5586827919921875 0.0237933076171875 0.56261303515625 0.0561755966796875 0.564103935546875
1 0.108037595703125 0.4861273779296875 0.091697525390625 0.48382453515625 0.0843788603515625 0.4852464873046875 0.08030420703125 0.4992711083984375 0.0768270771484375 0.526873572265625 0.074108943359375 0.5657447021484375 0.080699158203125 0.5673657685546875 0.127989716796875 0.5695124130859375 0.1368278330078125 0.4873670986328125 0.1178950986328125 0.4852697041015625 0.108037595703125 0.4861273779296875
1 0.1749085986328125 0.4884829873046875 0.1619183701171875 0.4898950888671875 0.1584070546875 0.4884893203125 0.13985291015625 0.48835212109375 0.134755591796875 0.5170015244140626 0.1305554677734375 0.569691828125 0.1545927919921875 0.5725329150390625 0.1824374658203125 0.57254628125 0.1851916025390625 0.5700316572265625 0.193652947265625 0.4932744208984375 0.1749085986328125 0.4884829873046875
1 0.2446432060546875 0.494132794921875 0.19567863671875 0.493802814453125 0.1919843896484375 0.51713590625 0.187054 0.565520955078125 0.1885952685546875 0.572976876953125 0.20234267578125 0.5754851669921875 0.23826319140625 0.577996974609375 0.2400986767578125 0.5738711337890625 0.2475068095703125 0.4974269931640625 0.2446432060546875 0.494132794921875
1 0.2915769912109375 0.5824985283203125 0.2932240908203125 0.5810667265625 0.2998805 0.5227470146484375 0.3011184619140625 0.50504333203125 0.29925424609375 0.50220576171875 0.2930695322265625 0.50216002734375 0.284993689453125 0.499661587890625 0.27505544921875 0.5016738505859375 0.2613618662109375 0.4983958330078125 0.25053188671875 0.498412017578125 0.2441140517578125 0.5385714169921875 0.241369005859375 0.57782741015625 0.244853408203125 0.5796180419921875 0.2915769912109375 0.5824985283203125
1 0.29845415234375 0.543144736328125 0.2957898427734375 0.581246140625 0.3007867841796875 0.5835292841796875 0.3181531552734375 0.585903892578125 0.3320889482421875 0.58571814453125 0.33916540234375 0.5877599560546874 0.34497152734375 0.5858454931640625 0.3482620908203125 0.5682853427734375 0.34931166796875 0.553275697265625 0.3475551005859375 0.54889867578125 0.353353955078125 0.5175911171875 0.353811462890625 0.5110484521484375 0.351028595703125 0.5065996650390625 0.3455454169921875 0.50389577734375 0.32347995703125 0.5023528095703125 0.3042781005859375 0.5041040419921875 0.29845415234375 0.543144736328125
1 0.36074790234375 0.4929697568359375 0.3563197529296875 0.497301044921875 0.354566822265625 0.5076205712890625 0.34810425390625 0.5852910654296875 0.3807305703125 0.5906664755859375 0.3886700341796875 0.58774095703125 0.3946983720703125 0.5015317177734375 0.38194853515625 0.4921317822265625 0.3655008154296875 0.4913683896484375 0.36074790234375 0.4929697568359375
1 0.3977452646484375 0.590696025390625 0.4254553779296875 0.592633705078125 0.4271293896484375 0.5908170419921875 0.428851771484375 0.566185830078125 0.4315502666015625 0.557092658203125 0.43526415234375 0.5039816083984375 0.432508197265625 0.499147958984375 0.4270250185546875 0.4964440703125 0.4060396826171875 0.4942031435546875 0.3970200947265625 0.4978266220703125 0.395590111328125 0.503527796875 0.3891831845703125 0.58777683984375 0.390614986328125 0.589423939453125 0.3977452646484375 0.590696025390625
1 0.430418134765625 0.5659086162109375 0.4281826025390625 0.5905039443359374 0.43209941796875 0.593485046875 0.4772297265625 0.5970276103515625 0.4789575634765625 0.594441220703125 0.4828634716796875 0.5533326806640625 0.4831253212890625 0.5200909580078125 0.4763718134765625 0.5134307939453125 0.444341201171875 0.5142849521484375 0.4375625986328125 0.515357923828125 0.43486410546875 0.5244510966796875 0.4339347744140625 0.552489677734375 0.43265912109375 0.563358109375 0.430418134765625 0.5659086162109375
1 0.4810101640625 0.594584751953125 0.4844138291015625 0.5975299716796875 0.488978357421875 0.5986226435546875 0.5120162939453125 0.6010071025390625 0.522062181640625 0.597455388671875 0.5284152841796875 0.513976072265625 0.52509235546875 0.509876263671875 0.5160709482421875 0.50615146875 0.50229662890625 0.504028041015625 0.4906036396484375 0.509011556640625 0.4853393955078125 0.517925314453125 0.48534666796875 0.5473184091796875 0.4809508857421875 0.57330965625 0.4810101640625 0.594584751953125
1 0.5589533564453125 0.5934604130859376 0.56614619140625 0.5200951748046875 0.5599865712890625 0.5123163046875 0.5534501787109375 0.509925513671875 0.53800184765625 0.50961875 0.5317363955078125 0.51072760546875 0.5284691083984375 0.513206345703125 0.522602244140625 0.5971064091796875 0.5322175380859375 0.5997124990234375 0.5537967607421875 0.600834720703125 0.5574964599609376 0.5995464501953125 0.5589533564453125 0.5934604130859376
1 0.613682595703125 0.5334746025390625 0.6051474267578125 0.5301705537109375 0.5693614716796875 0.5257344326171876 0.5670666611328125 0.5290546650390625 0.565232994140625 0.540528779296875 0.5616213017578126 0.570055556640625 0.56054844921875 0.600146611328125 0.5700560947265625 0.6042921513671875 0.60400474609375 0.6055058388671875 0.606487943359375 0.5994915673828125 0.613682595703125 0.5334746025390625
1 0.65272710546875 0.6092995830078125 0.6549950048828125 0.606364212890625 0.65623478515625 0.5960088037109375 0.6614324794921875 0.5364268544921875 0.65238416015625 0.5330869228515625 0.63496396484375 0.5314820400390625 0.622108296875 0.530969828125 0.6152758701171875 0.5328125263671875 0.609238443359375 0.582280396484375 0.607272033203125 0.60302709765625 0.6085692744140625 0.606598509765625 0.6480011044921875 0.6105160869140625 0.65272710546875 0.6092995830078125
1 0.6688049677734375 0.534235177734375 0.66345816796875 0.5369552490234375 0.661839798828125 0.5453504619140624 0.6562922451171875 0.609935625 0.67768308203125 0.6137518857421875 0.6998831025390625 0.6133705400390626 0.7021779130859375 0.6100503076171875 0.7091016259765625 0.5405336953125 0.7041585087890625 0.5374808271484375 0.6688049677734375 0.534235177734375
1 0.71973448828125 0.6170791513671875 0.74082747265625 0.617780626953125 0.7433124873046875 0.6191146298828125 0.747957751953125 0.61905271484375 0.75276448828125 0.6166816220703125 0.7587964619140625 0.5451689306640625 0.7564190966796875 0.5422954775390625 0.716906529296875 0.5395324892578125 0.712693677734375 0.540784876953125 0.7095627705078125 0.5486875771484375 0.705009150390625 0.591684548828125 0.7031773017578125 0.610506935546875 0.7045283671875 0.613308623046875 0.71973448828125 0.6170791513671875
1 0.763811583984375 0.6209348115234375 0.7982464736328125 0.6225692451171875 0.7999473984375 0.620367716796875 0.806438697265625 0.5496606337890625 0.8050607197265625 0.5472438095703125 0.794338388671875 0.545720541015625 0.76403561328125 0.5439883095703125 0.759742025390625 0.5463952841796875 0.7583389541015625 0.551711595703125 0.7532236650390625 0.6101150947265624 0.75019873828125 0.61650220703125 0.7541424658203125 0.619098447265625 0.763811583984375 0.6209348115234375
1 0.8510020302734375 0.5539370390625 0.832851568359375 0.5480269013671875 0.8172686767578125 0.549644451171875 0.810624634765625 0.548793109375 0.80738426171875 0.5508869873046875 0.80151376171875 0.6200905029296875 0.8054305771484375 0.6230716064453125 0.8408379423828125 0.6255475302734375 0.8445914677734375 0.6234895341796876 0.846478958984375 0.6112456953125 0.8510020302734375 0.5539370390625
1 0.8819706982421875 0.627263578125 0.8846440986328125 0.6259035419921875 0.886587232421875 0.620238251953125 0.8910008369140625 0.5571207734375 0.8753353896484375 0.5525446376953125 0.8633714599609374 0.5540285048828125 0.85572803125 0.55272053515625 0.8524876572265625 0.5548144140625 0.849735337890625 0.5646773115234375 0.8465542421875 0.58804628515625 0.8451315302734375 0.6231405546875 0.86754866796875 0.6270285810546875 0.8819706982421875 0.627263578125
1 0.84037533984375 0.72065434375 0.838493302734375 0.7549430048828125 0.86261136328125 0.75662950390625 0.8654193251953125 0.753345154296875 0.8699729443359375 0.7103481826171875 0.8605998603515626 0.7042783291015625 0.8493105556640625 0.703488904296875 0.8431545703125 0.7104065830078125 0.84037533984375 0.72065434375
1 0.8152560732421875 0.71116294140625 0.8118364033203125 0.7526922275390625 0.81526698046875 0.755252583984375 0.834820513671875 0.7558464111328125 0.8370615009765625 0.7532959052734375 0.8406426435546875 0.709457443359375 0.8319441845703125 0.7011142958984375 0.821654267578125 0.7007815 0.8152560732421875 0.71116294140625
1 0.813878095703125 0.7087461171875 0.8052334599609375 0.6996332451171875 0.796536818359375 0.6986383720703125 0.78770743359375 0.7069160859375 0.7837960712890625 0.7259798046875 0.7829923408203125 0.752222232421875 0.7885293447265626 0.754156396484375 0.8091091787109375 0.75482198828125 0.811457814453125 0.75073203125 0.8142028603515625 0.7114760380859375 0.813878095703125 0.7087461171875
1 0.7835753193359375 0.707013884765625 0.776416310546875 0.69877838671875 0.76879979296875 0.6970855546875 0.758484783203125 0.70448589453125 0.755488435546875 0.7104642822265625 0.7538235146484376 0.74902231640625 0.7608192314453125 0.7522187158203125 0.7761868271484375 0.7536800673828125 0.7804804140625 0.751273091796875 0.779909802734375 0.73731038671875 0.7835753193359375 0.707013884765625
1 0.754164283203125 0.707277732421875 0.7483832509765626 0.7014590595703125 0.73409578125 0.6992997490234375 0.7270480576171875 0.70422134765625 0.72518566015625 0.7087320498046875 0.7224944384765625 0.7472183173828125 0.7294901552734375 0.7504147177734375 0.7484498017578125 0.75212725 0.7512308505859375 0.749227763671875 0.7522015087890624 0.7427209814453125 0.754164283203125 0.707277732421875
1 0.7246437802734375 0.701732755859375 0.72070005078125 0.6991365166015625 0.7017134921875 0.69780884765625 0.6969067548828125 0.700179939453125 0.6954229462890625 0.706650837890625 0.69167851171875 0.745450203125 0.6976479287109375 0.7485748369140625 0.7182008505859375 0.74962529296875 0.7204149248046875 0.7474596484375 0.721635794921875 0.715251849609375 0.7246437802734375 0.701732755859375
1 0.689693921875 0.6927141669921875 0.68307679296875 0.6914779638671875 0.6700058271484375 0.6940446533203125 0.6677379287109375 0.6969800224609375 0.66447427734375 0.7141553115234375 0.6628882744140625 0.744210482421875 0.6648332265625 0.74589346484375 0.6709641162109375 0.7467089228515625 0.68951826171875 0.7468461220703125 0.6953403916015625 0.7004571533203126 0.689693921875 0.6927141669921875
1 0.6553935927734375 0.6891554208984375 0.6400816396484375 0.6942726171875 0.6371122060546875 0.699866142578125 0.6341249501953125 0.7425858994140625 0.6370692890625 0.7447255107421875 0.659161662109375 0.745883615234375 0.6614026484375 0.7433331083984375 0.6638229296875 0.7013471943359375 0.6625526015625 0.69739091796875 0.6553935927734375 0.6891554208984375
1 0.6237273837890625 0.7437925537109376 0.630559810546875 0.74194985546875 0.63505960546875 0.6997226103515625 0.6338431005859375 0.6949966103515625 0.6304125224609375 0.6924362529296875 0.618717716796875 0.690071494140625 0.6104534873046875 0.6902670927734375 0.6051641484375 0.706913986328125 0.602738412109375 0.726855080078125 0.6014178955078125 0.7383650771484375 0.6027420478515625 0.741551626953125 0.62072921875 0.74242266796875 0.6237273837890625 0.7437925537109376
1 0.591007603515625 0.688133814453125 0.578772734375 0.68611803515625 0.573567767578125 0.7163068896484375 0.57162826953125 0.7366687275390625 0.5729524228515624 0.73985527734375 0.5991499970703125 0.7413004462890626 0.60524306640625 0.698411125 0.6032693837890625 0.6897647314453125 0.59378865234375 0.685234328125 0.591007603515625 0.688133814453125
1 0 0.7090493291015625 0.018185015625 0.709183796875 0.021344654296875 0.7082445068359375 0.02255933984375 0.705622234375 0.0270016748046875 0.6494681669921875 0.02276009375 0.6437571435546875 0.0218665361328125 0.6344127900390625 0.0144384052734375 0.6300259189453125 0.0050940517578125 0.6309194765625 0.0008004638671875 0.633326451171875 0 0.63613861328125 0 0.7090493291015625
1 0.0258786337890625 0.6950254951171875 0.02750245703125 0.7086751025390625 0.04900094140625 0.7109519130859375 0.057507380859375 0.70729255078125 0.0582878349609375 0.696131533203125 0.0543404697265625 0.67883874609375 0.0619820810546875 0.67279844140625 0.06267998046875 0.65544373828125 0.0595723486328125 0.648265029296875 0.0600567685546875 0.6413375009765625 0.0577063154296875 0.6380791845703125 0.0459307724609375 0.6368690146484375 0.0425827490234375 0.64050234375 0.03896378515625 0.640636025390625 0.0288120654296875 0.653075462890625 0.0258786337890625 0.6950254951171875
1 0.107458611328125 0.6566412431640625 0.103475603515625 0.7136009189453125 0.116223623046875 0.715652580078125 0.1316719541015625 0.71595934375 0.13647869140625 0.7135882509765625 0.1389887998046875 0.7071891181640625 0.1386316689453125 0.6827992373046875 0.1427583291015625 0.6606566181640625 0.142001150390625 0.656736224609375 0.137246419921875 0.6509893173828125 0.13881096484375 0.6433638310546875 0.1368929248046875 0.6412959853515625 0.1297357333984375 0.6404087607421876 0.1177987177734375 0.6415077666015625 0.1145314306640625 0.6439865068359375 0.11185984765625 0.6526948173828125 0.107458611328125 0.6566412431640625
1 0.1732909462890625 0.718096138671875 0.1775307099609375 0.716458888671875 0.17947384375 0.7107935966796874 0.1840507392578125 0.6527152158203126 0.1796745966796875 0.648928505859375 0.1676819384765625 0.643448962890625 0.1571228994140625 0.64696479296875 0.14953511328125 0.65223537109375 0.1455393779296875 0.657757130859375 0.1409839404296875 0.693405828125 0.14271723046875 0.7128642587890625 0.147147197265625 0.715881244140625 0.1732909462890625 0.718096138671875
1 0.1811765859375 0.71594034375 0.1836346884765625 0.7176592099609375 0.199002283203125 0.719120560546875 0.2161515380859375 0.7172257978515625 0.218338701171875 0.715445015625 0.2213044990234375 0.6951549423828125 0.22305379296875 0.670138869140625 0.221754734375 0.6592191826171875 0.2130562744140625 0.65087603515625 0.20484587109375 0.650301908203125 0.2024685048828125 0.647428455078125 0.199335779296875 0.6479828818359376 0.18912841796875 0.653843771484375 0.1861320712890625 0.6598221591796875 0.1841638427734375 0.6732205869140625 0.1811765859375 0.71594034375
1 0.2380824375 0.7206930771484376 0.2540439189453125 0.721035724609375 0.2572573818359375 0.7193267080078125 0.25860662890625 0.7147801220703125 0.26288930859375 0.6682835048828125 0.26183427734375 0.6612483271484375 0.25175783984375 0.65048835546875 0.2435743486328125 0.649529365234375 0.2336361083984375 0.6515416279296875 0.2298287587890625 0.6543693486328125 0.2254562529296875 0.665279185546875 0.22190383984375 0.7160810595703125 0.2268738681640625 0.718749064453125 0.2380824375 0.7206930771484376
1 0.2663057001953125 0.722666640625 0.28945128515625 0.7235116484375 0.2953112353515625 0.7208274599609376 0.2974965791015625 0.7116984033203125 0.30172543359375 0.66597151171875 0.3006973154296875 0.65855147265625 0.2988331005859375 0.65571390234375 0.295241048828125 0.655462720703125 0.29032484375 0.652024990234375 0.2717437861328125 0.652272654296875 0.2658587421875 0.6626899794921876 0.2628660322265625 0.6833649150390625 0.2618757333984375 0.7196496552734375 0.2663057001953125 0.722666640625
1 0.3322311396484375 0.7237958955078125 0.3349027216796875 0.7150875859375 0.33959090234375 0.6701663017578126 0.33896828515625 0.664321595703125 0.333861876953125 0.6562296298828125 0.3127958056640625 0.655143291015625 0.3085022177734375 0.657550265625 0.3051541943359375 0.6611835947265625 0.300866060546875 0.6856353916015625 0.2979038984375 0.72062201171875 0.30849166796875 0.724069591796875 0.322346724609375 0.725038431640625 0.3322311396484375 0.7237958955078125
1 0.3412416376953125 0.683431046875 0.3428636435546875 0.6897323818359375 0.3408666845703125 0.6961673984375 0.3381125478515625 0.6986820224609375 0.3364959970703125 0.7144255087890625 0.3379296162109375 0.7234208818359374 0.3459785478515625 0.7263041865234375 0.3681516552734375 0.726307703125 0.371526591796875 0.7222895107421875 0.3739541455078125 0.70969669140625 0.376024568359375 0.6727139921875 0.374942625 0.6660636767578125 0.3647316279296875 0.65722801953125 0.3653793388671875 0.6553395888671875 0.36170655078125 0.6562429951171875 0.3577359091796875 0.654031619140625 0.3512013359375 0.6589891005859375 0.3443958212890625 0.660446935546875 0.3427218095703125 0.662263599609375 0.3412416376953125 0.683431046875
1 0.411564677734375 0.6659173291015625 0.4037579580078125 0.6595702607421875 0.3944674287109375 0.65969409375 0.3834759765625 0.6620194521484375 0.3789132666015625 0.6682750546875 0.3746054931640625 0.72250480859375 0.3920256884765625 0.72410969140625 0.4023963427734375 0.723287900390625 0.407337640625 0.7189924951171875 0.411812341796875 0.6844983857421875 0.411564677734375 0.6659173291015625
1 0.44028872265625 0.727097828125 0.4428257431640625 0.720313830078125 0.4442233603515625 0.6929526982421875 0.4471909775390625 0.6800108994140625 0.445188564453125 0.6644010947265625 0.424176318359375 0.6625450302734375 0.415102904296875 0.6669382353515625 0.4152949267578125 0.6789407431640625 0.4106820283203125 0.7006626181640625 0.4102550693359375 0.72151696875 0.4162513984375 0.724256740234375 0.44028872265625 0.727097828125
1 0.47491381640625 0.7333864951171875 0.47836948828125 0.7282137158203125 0.482139017578125 0.6816812158203125 0.471468693359375 0.6720399482421875 0.45450782421875 0.671240673828125 0.451294361328125 0.6729496884765624 0.4484343935546875 0.684352037109375 0.4454435009765625 0.71237524609375 0.44749973828125 0.727215326171875 0.450309517578125 0.73127925 0.459978634765625 0.7331156142578125 0.47491381640625 0.7333864951171875
1 0.513172060546875 0.6877187021484376 0.5129549443359375 0.683449330078125 0.5096051025390625 0.679734384765625 0.5001781943359375 0.6744342578125 0.488187353515625 0.67630298828125 0.4842185302734375 0.681439884765625 0.4819811806640625 0.698686939453125 0.479288140625 0.7298249326171875 0.4841774326171875 0.733647525390625 0.5062698056640625 0.7348056298828125 0.5090239423828125 0.732291005859375 0.513172060546875 0.6877187021484376
1 0.53805820703125 0.737415236328125 0.5440167158203125 0.696450228515625 0.5445011357421875 0.6895227001953125 0.542339068359375 0.6835703447265625 0.5338577236328125 0.6794965712890625 0.5242980732421875 0.683469029296875 0.5197066328125 0.682761220703125 0.51587237109375 0.6859738037109375 0.5134986416015626 0.6977968984375 0.510563392578125 0.7323986552734375 0.51191445703125 0.7352003427734375 0.518990912109375 0.7372421552734375 0.53805820703125 0.737415236328125
1 0.546878501953125 0.6923961533203125 0.5444509482421875 0.70498897265625 0.5420539423828125 0.7318934775390625 0.5432166220703125 0.737389203125 0.5472410859375 0.73883085546875 0.5678478330078125 0.7391115849609375 0.5706288818359375 0.736212099609375 0.571518802734375 0.730859904296875 0.57132678125 0.7188573955078125 0.57399836328125 0.7101490859375 0.5750748525390625 0.6947545791015625 0.568888318359375 0.6873605732421875 0.56516170703125 0.689033705078125 0.5617580400390625 0.6860884853515625 0.558031427734375 0.6877616181640624 0.5550870869140625 0.6856220068359375 0.5498210234375 0.6871874912109375 0.546878501953125 0.6923961533203125
1 0 0.8339909033203124 0.015569435546875 0.835079625 0.0198091982421875 0.833442375 0.0262001201171875 0.7936678369140625 0.0260350107421875 0.7812804658203125 0.0196331806640625 0.776965361328125 0.004671087890625 0.7770793427734375 0 0.7795635673828125 0 0.8339909033203124
1 0.0581481787109375 0.786619994140625 0.0503145458984375 0.7806577890625 0.0431842666015625 0.7793857021484375 0.031652751953125 0.782060041015625 0.027468630859375 0.79027583984375 0.0244275498046875 0.8337653212890626 0.0320171552734375 0.8358430166015625 0.0515706884765625 0.83643684375 0.0531639638671875 0.835774767578125 0.055105279296875 0.8227612021484375 0.0581481787109375 0.786619994140625
1 0.0880741826171875 0.793740302734375 0.0868289482421875 0.7820508916015625 0.0796179326171875 0.781933392578125 0.074647904296875 0.77926538671875 0.063710275390625 0.7808210205078125 0.05898609375 0.789385798828125 0.056910216796875 0.804323677734375 0.0526508134765625 0.8357388837890625 0.05613521484375 0.837529515625 0.0813334013671875 0.8385180556640625 0.0830343251953125 0.8363165283203124 0.0880741826171875 0.793740302734375
1 0.08872189453125 0.791851873046875 0.0840068017578125 0.83715801953125 0.0874642919921875 0.839333513671875 0.1111230263671875 0.840214404296875 0.114065548828125 0.8350057421875 0.1181042001953125 0.7846246142578125 0.116159248046875 0.7829416318359375 0.0917720654296875 0.785103759765625 0.08872189453125 0.791851873046875
1 0.1221035712890625 0.79379940234375 0.119575640625 0.837324767578125 0.12919093359375 0.839930857421875 0.14458544140625 0.841007345703125 0.1477989033203125 0.839298330078125 0.15199902734375 0.78660802734375 0.1300412177734375 0.783525609375 0.1268277548828125 0.785234625 0.1221035712890625 0.79379940234375
1 0.181248591796875 0.7886533564453125 0.1787904892578125 0.7869344912109375 0.1608571435546875 0.785293724609375 0.1545109541015625 0.7875571669921875 0.1527023818359375 0.79129814453125 0.14985150390625 0.8394418623046875 0.150797068359375 0.840668216796875 0.1640851494140625 0.8423708984375 0.1728894404296875 0.8418263212890625 0.1761567275390625 0.839347580078125 0.181248591796875 0.7886533564453125
1 0.17982042578125 0.8017028037109375 0.17707537890625 0.840958796875 0.17853409375 0.842221033203125 0.2058117919921875 0.8429682431640625 0.20764727734375 0.83884240234375 0.211092041015625 0.7895799794921875 0.18535379296875 0.788940419921875 0.18135805859375 0.7944621796875 0.17982042578125 0.8017028037109375
1 0.212366005859375 0.808232802734375 0.214068748046875 0.8133795498046875 0.21083019140625 0.822821701171875 0.213265017578125 0.8396219765625 0.223366548828125 0.8426488125 0.235762890625 0.842355416015625 0.238436291015625 0.8409953798828125 0.238407560546875 0.83403196875 0.2416461171875 0.82458981640625 0.2416712109375 0.8168566796875 0.239293845703125 0.8139832265625 0.24099476953125 0.81178169921875 0.239751353515625 0.807440560546875 0.2415581083984375 0.7963513095703125 0.222813759765625 0.7915598759765625 0.2158736845703125 0.7949420244140625 0.212366005859375 0.808232802734375
1 0.2687263408203125 0.7912896953125 0.2633257158203125 0.7947794921875 0.2582211259765625 0.7940357998046875 0.2555477265625 0.7953958359375 0.2476871806640625 0.7898184931640625 0.2437452705078125 0.7945705283203125 0.2405892685546875 0.810206365234375 0.2383286416015625 0.842534830078125 0.2473769609375 0.8458747626953125 0.2633653544921875 0.8458325458984375 0.2657947265625 0.840588 0.2687263408203125 0.7912896953125
1 0.2970590703125 0.7990720810546875 0.2957618291015625 0.79550066796875 0.28971167578125 0.7935306220703126 0.282419923828125 0.7945677109375 0.27593735546875 0.791407193359375 0.2715361201171875 0.795353619140625 0.2678938798828125 0.8105687109375 0.2659849306640625 0.8452422353515625 0.2906430537109375 0.84657975390625 0.2935586630859375 0.841755955078125 0.2949868291015625 0.8287065068359375 0.2970590703125 0.7990720810546875
1 0.32779244140625 0.7946465107421875 0.3123979345703125 0.793570021484375 0.306968580078125 0.7900964072265625 0.30359364453125 0.794114599609375 0.302082923828125 0.800970361328125 0.2968546806640625 0.846240625 0.299799021484375 0.848380236328125 0.32037885546875 0.8490458291015625 0.323565404296875 0.84772167578125 0.329629744140625 0.7978689423828125 0.32779244140625 0.7946465107421875
1 0.356205908203125 0.8012743076171875 0.351802853515625 0.7978724599609375 0.3471037646484375 0.7987041015625 0.335030369140625 0.794379146484375 0.3313575810546875 0.795282552734375 0.3253165166015625 0.8300538759765625 0.324591705078125 0.84779344140625 0.33069568359375 0.848993763671875 0.3482504404296875 0.8486743330078125 0.3506798125 0.843429787109375 0.356205908203125 0.8012743076171875
1 0.3748804287109375 0.8513099716796875 0.3770675908203125 0.8495291904296876 0.379168560546875 0.82685817578125 0.3814095478515625 0.82430766796875 0.3829435439453125 0.80237049609375 0.379593703125 0.7986555517578126 0.3753808525390625 0.7999079384765625 0.3591753427734375 0.7956807822265625 0.357987568359375 0.797918193359375 0.3520003291015625 0.8319197900390625 0.35135625390625 0.848504767578125 0.3538143564453125 0.8502236337890625 0.3748804287109375 0.8513099716796875
1 0.39182675390625 0.7933230576171875 0.388100140625 0.794996189453125 0.380709830078125 0.83431409765625 0.379174015625 0.8489029970703125 0.380525080078125 0.8517046845703125 0.387655359375 0.852976771484375 0.4077758671875 0.8528367568359375 0.4140034990234375 0.80802312109375 0.4055203369140625 0.7966010732421875 0.39182675390625 0.7933230576171875
1 0.4349601025390625 0.80330063671875 0.42718211328125 0.80391698046875 0.4191062705078125 0.8014185390625 0.4144340947265625 0.801865318359375 0.413705646484375 0.8049083369140625 0.4099361171875 0.851440837890625 0.412853544921875 0.853965310546875 0.4349728291015625 0.8547385537109375 0.436700666015625 0.8521521640625 0.4419019970703125 0.80726676171875 0.4349601025390625 0.80330063671875
1 0.4613998876953125 0.801282041015625 0.4514078232421875 0.8040640283203125 0.44946287109375 0.8023810458984375 0.4453307568359375 0.802478845703125 0.4416597861328125 0.8107305263671875 0.43721381640625 0.852188046875 0.441643783203125 0.8552050322265625 0.4622236171875 0.8558706240234375 0.46389762890625 0.8540539609375 0.4631546357421875 0.7983107890625 0.4613998876953125 0.801282041015625
1 0.4759833916015625 0.7992078623046875 0.4712304775390625 0.800809228515625 0.4675093203125 0.8245271826171875 0.464410779296875 0.85408984375 0.4694077197265625 0.8563729853515625 0.490419966796875 0.8582290498046875 0.492634041015625 0.85606340625 0.4972145732421875 0.812681572265625 0.49089166015625 0.79986360546875 0.4759833916015625 0.7992078623046875
1 0.519764453125 0.80729701171875 0.500264744140625 0.805933458984375 0.49759134375 0.8072934951171875 0.4927416904296875 0.854523955078125 0.4956322060546875 0.8574332919921875 0.504895822265625 0.857694322265625 0.51478023828125 0.85645178515625 0.517507462890625 0.8543220234375 0.52354670703125 0.812202427734375 0.519764453125 0.80729701171875
1 0.5469435927734375 0.8463250400390625 0.5504189052734375 0.811374302734375 0.546258060546875 0.8045086904296875 0.528891689453125 0.80213408203125 0.52508433984375 0.804961802734375 0.5190469130859375 0.8544296728515625 0.52552948046875 0.857590189453125 0.5409508994140625 0.8582818154296875 0.5447044248046875 0.8562238203125 0.544568044921875 0.8507998603515625 0.5469435927734375 0.8463250400390625
1 0.54833757421875 0.8042673603515625 0.5514721181640625 0.8110612060546875 0.546163138671875 0.8574860576171875 0.6056885654296875 0.86164848046875 0.6191112080078125 0.861426849609375 0.6228647333984375 0.8593688544921875 0.6279045908203125 0.8167926298828125 0.6155315244140624 0.8020046171875 0.60904895703125 0.7988440986328125 0.6027547744140626 0.79298954296875 0.5920324443359375 0.7914662763671875 0.5696440380859376 0.7945416611328125 0.55586971875 0.792418232421875 0.5495773544921875 0.7939119501953125 0.54825501953125 0.798073673828125 0.54833757421875 0.8042673603515625
1 0.682470896484375 0.862376689453125 0.6955418623046875 0.85981 0.6994746826171875 0.8183165966796875 0.6953407509765624 0.8110661220703125 0.68685940625 0.80699234765625 0.6642000595703125 0.8065680859375 0.653856318359375 0.8070050146484375 0.6510483564453124 0.8102893642578125 0.645296056640625 0.8114341015625 0.6324672998046875 0.81053702734375 0.629253837890625 0.81224604296875 0.626537521484375 0.8584654462890625 0.62848247265625 0.8601484296875 0.682470896484375 0.862376689453125
1 0.733179306640625 0.8156457744140625 0.730288791015625 0.8127364384765625 0.7266698271484375 0.812870119140625 0.719647197265625 0.8100585830078125 0.7050636923828125 0.8121327607421875 0.702551765625 0.8111836201171875 0.7013909052734375 0.81303616796875 0.6980519716796875 0.8534108662109375 0.6990800888671875 0.8608309052734375 0.74113149609375 0.8641581708984375 0.759900939453125 0.8612164677734375 0.765005529296875 0.8619601611328125 0.76978535546875 0.8599739306640625 0.7731046474609375 0.84937719140625 0.7753401796875 0.8247818623046875 0.7751499765625 0.8201276279296875 0.771746310546875 0.8171824091796875 0.7681273466796875 0.81731608984375 0.7641836181640626 0.8147198505859375 0.7615102177734375 0.81607988671875 0.7574857529296875 0.8146382353515625 0.7496001142578125 0.816794029296875 0.733179306640625 0.8156457744140625
1 0.7880558330078125 0.80517356640625 0.779439927734375 0.80302410546875 0.7741200400390625 0.805359314453125 0.77331085546875 0.8095569208984374 0.776987279296875 0.8233500615234375 0.7747535654296875 0.8552936630859375 0.7765908681640625 0.8585160966796875 0.7855315390625 0.8633954794921875 0.8168067900390625 0.865969203125 0.8272850927734375 0.8636079599609375 0.8349823466796875 0.864146205078125 0.851618451171875 0.8622155576171875 0.8579573681640625 0.83055901953125 0.8579286376953125 0.8235956083984375 0.8550919462890625 0.819916546875 0.8321867529296875 0.8082595009765625 0.8203304736328125 0.80820391796875 0.8081494287109375 0.8054184140625 0.7880558330078125 0.80517356640625
0 0.4560546875 0.7548828125 0.4853515625 0.7578125 0.484375 0.7666015625 0.4814453125 0.7705078125 0.4697265625 0.7724609375 0.4462890625 0.7685546875 0.4443359375 0.7666015625 0.4443359375 0.7587890625 0.4501953125 0.7548828125 0.455078125 0.7548828125
0 0.33984375 0.8740234375 0.3544921875 0.8759765625 0.3671875 0.875 0.3720703125 0.876953125 0.3720703125 0.890625 0.369140625 0.892578125 0.3310546875 0.890625 0.328125 0.8876953125 0.328125 0.87890625 0.33203125 0.875 0.3388671875 0.8740234375
0 0.685546875 0.767578125 0.6904296875 0.7724609375 0.689453125 0.779296875 0.685546875 0.78125 0.6689453125 0.78125 0.6630859375 0.7783203125 0.65234375 0.7783203125 0.6484375 0.775390625 0.6484375 0.767578125 0.650390625 0.765625 0.6845703125 0.767578125
0 0.62890625 0.6259765625 0.642578125 0.625 0.6474609375 0.626953125 0.6494140625 0.634765625 0.6455078125 0.6396484375 0.6337890625 0.6396484375 0.630859375 0.6376953125 0.62890625 0.6357421875 0.6298828125 0.626953125
0 0.060546875 0.5859375 0.064453125 0.583984375 0.083984375 0.5849609375 0.109375 0.587890625 0.1103515625 0.58984375 0.1083984375 0.6025390625 0.09765625 0.6044921875 0.0625 0.599609375 0.05859375 0.591796875 0.05859375 0.587890625 0.060546875 0.5869140625
0 0.5869140625 0.62109375 0.599609375 0.623046875 0.599609375 0.6337890625 0.59765625 0.63671875 0.5927734375 0.6376953125 0.5791015625 0.6337890625 0.5791015625 0.6220703125 0.5859375 0.62109375
0 0.5224609375 0.6162109375 0.5283203125 0.6181640625 0.525390625 0.62890625 0.5107421875 0.6279296875 0.5048828125 0.6240234375 0.50390625 0.619140625 0.5078125 0.615234375 0.521484375 0.6162109375
0 0.576171875 0.62109375 0.578125 0.6220703125 0.5791015625 0.62890625 0.5732421875 0.634765625 0.55859375 0.634765625 0.556640625 0.6328125 0.5556640625 0.623046875 0.5576171875 0.6201171875 0.5751953125 0.62109375
0 0.30078125 0.748046875 0.330078125 0.7470703125 0.341796875 0.748046875 0.34375 0.7509765625 0.3408203125 0.7578125 0.333984375 0.7607421875 0.3125 0.759765625 0.302734375 0.76171875 0.298828125 0.7529296875 0.30078125 0.7490234375
0 0.3623046875 0.6064453125 0.376953125 0.60546875 0.38671875 0.6083984375 0.38671875 0.6142578125 0.380859375 0.6201171875 0.3671875 0.62109375 0.361328125 0.615234375 0.3623046875 0.607421875
0 0.4794921875 0.8798828125 0.4873046875 0.8818359375 0.4853515625 0.8935546875 0.4794921875 0.896484375 0.4423828125 0.89453125 0.4404296875 0.892578125 0.44140625 0.8818359375 0.439453125 0.880859375 0.4482421875 0.8779296875 0.478515625 0.8798828125
0 0.064453125 0.7333984375 0.0791015625 0.736328125 0.0927734375 0.7353515625 0.1005859375 0.73828125 0.0986328125 0.7470703125 0.09375 0.7509765625 0.0537109375 0.748046875 0.0517578125 0.7451171875 0.052734375 0.736328125 0.0634765625 0.7333984375
0 0.525390625 0.7587890625 0.5478515625 0.759765625 0.5546875 0.7626953125 0.5546875 0.7685546875 0.552734375 0.7705078125 0.54296875 0.771484375 0.5361328125 0.775390625 0.525390625 0.775390625 0.5146484375 0.771484375 0.513671875 0.7607421875 0.5244140625 0.7587890625
0 0.791015625 0.7685546875 0.83984375 0.7734375 0.841796875 0.77734375 0.8408203125 0.7900390625 0.8388671875 0.7919921875 0.8046875 0.7900390625 0.7900390625 0.787109375 0.78125 0.7880859375 0.7783203125 0.78515625 0.779296875 0.7724609375 0.783203125 0.7685546875 0.7900390625 0.7685546875
0 0.447265625 0.6123046875 0.4599609375 0.611328125 0.46875 0.615234375 0.4658203125 0.6259765625 0.4501953125 0.626953125 0.4453125 0.623046875 0.447265625 0.61328125
0 0.060546875 0.861328125 0.087890625 0.86328125 0.0947265625 0.8662109375 0.0927734375 0.876953125 0.0908203125 0.8779296875 0.0615234375 0.87890625 0.0478515625 0.8759765625 0.0458984375 0.869140625 0.0478515625 0.86328125 0.0595703125 0.861328125
0 0.689453125 0.8857421875 0.712890625 0.88671875 0.7236328125 0.890625 0.71484375 0.8994140625 0.69140625 0.90234375 0.6767578125 0.9013671875 0.671875 0.896484375 0.6748046875 0.88671875 0.6884765625 0.8857421875
0 0.20703125 0.8837890625 0.2060546875 0.875 0.208984375 0.869140625 0.2421875 0.8701171875 0.25 0.8720703125 0.2509765625 0.8759765625 0.2490234375 0.876953125 0.2490234375 0.8857421875 0.244140625 0.8876953125 0.2080078125 0.8837890625
0 0.21875 0.740234375 0.232421875 0.7412109375 0.236328125 0.744140625 0.2333984375 0.75 0.2333984375 0.7568359375 0.2197265625 0.7578125 0.1904296875 0.7568359375 0.1826171875 0.751953125 0.18359375 0.7431640625 0.1875 0.7412109375 0.2080078125 0.7421875 0.2177734375 0.740234375
0 0.5771484375 0.8798828125 0.6259765625 0.8828125 0.6279296875 0.8837890625 0.6279296875 0.888671875 0.6259765625 0.8896484375 0.623046875 0.900390625 0.5634765625 0.8984375 0.560546875 0.896484375 0.5625 0.8828125 0.576171875 0.8798828125
0 0.1552734375 0.8671875 0.19921875 0.8681640625 0.203125 0.87109375 0.201171875 0.8837890625 0.171875 0.8837890625 0.1552734375 0.880859375 0.1533203125 0.8779296875 0.1552734375 0.8681640625
0 0.390625 0.6064453125 0.40234375 0.607421875 0.404296875 0.609375 0.40625 0.615234375 0.404296875 0.62109375 0.4013671875 0.623046875 0.390625 0.6220703125 0.384765625 0.6181640625 0.3857421875 0.6083984375 0.3896484375 0.6064453125
0 0.4326171875 0.609375 0.4462890625 0.61328125 0.4453125 0.6201171875 0.4375 0.6259765625 0.431640625 0.6220703125 0.427734375 0.6220703125 0.4248046875 0.6181640625 0.42578125 0.611328125 0.431640625 0.609375
0 0.2099609375 0.58984375 0.265625 0.59375 0.267578125 0.595703125 0.265625 0.61328125 0.2646484375 0.615234375 0.255859375 0.6162109375 0.2373046875 0.6162109375 0.19140625 0.6103515625 0.19140625 0.5947265625 0.193359375 0.5908203125 0.208984375 0.58984375
0 0.52734375 0.6181640625 0.544921875 0.6181640625 0.5537109375 0.6220703125 0.5517578125 0.6328125 0.5322265625 0.6328125 0.5263671875 0.6259765625 0.52734375 0.619140625
0 0 0.7314453125 0.0087890625 0.7314453125 0.01171875 0.7373046875 0.0087890625 0.744140625 0 0.7451171875 0 0.732421875
0 0.7734375 0.8876953125 0.814453125 0.890625 0.8173828125 0.89453125 0.81640625 0.8984375 0.8095703125 0.9033203125 0.7998046875 0.9052734375 0.7734375 0.904296875 0.767578125 0.9013671875 0.7607421875 0.9013671875 0.7578125 0.8994140625 0.755859375 0.892578125 0.759765625 0.8896484375 0.7724609375 0.888671875
0 0.82421875 0.638671875 0.857421875 0.642578125 0.859375 0.6435546875 0.859375 0.6474609375 0.8564453125 0.65234375 0.8466796875 0.65234375 0.8427734375 0.6552734375 0.826171875 0.6513671875 0.8203125 0.646484375 0.8232421875 0.6396484375
0 0.6982421875 0.625 0.712890625 0.6279296875 0.740234375 0.6279296875 0.7470703125 0.6298828125 0.748046875 0.6416015625 0.7451171875 0.6494140625 0.697265625 0.64453125 0.685546875 0.6455078125 0.6826171875 0.6416015625 0.68359375 0.6259765625 0.697265625 0.625
0 0.603515625 0.7626953125 0.6171875 0.7666015625 0.6162109375 0.7734375 0.6083984375 0.77734375 0.5830078125 0.7763671875 0.5771484375 0.7705078125 0.576171875 0.7646484375 0.5810546875 0.76171875 0.6025390625 0.7626953125
0 0.6142578125 0.623046875 0.62890625 0.6259765625 0.62890625 0.630859375 0.6240234375 0.63671875 0.6142578125 0.6357421875 0.6083984375 0.6328125 0.607421875 0.6279296875 0.609375 0.6240234375 0.61328125 0.623046875
0 0.7216796875 0.7685546875 0.75390625 0.7724609375 0.75390625 0.779296875 0.7490234375 0.783203125 0.7158203125 0.78125 0.71484375 0.771484375 0.720703125 0.7685546875
0 0.75390625 0.63671875 0.7900390625 0.6376953125 0.794921875 0.638671875 0.798828125 0.6455078125 0.798828125 0.6494140625 0.791015625 0.6533203125 0.7587890625 0.6513671875 0.75390625 0.650390625 0.7509765625 0.646484375 0.75390625 0.6376953125