1 0.0207709736328125 0.279549259765625 0.0166900400390625 0.281549798828125 0.006598802734375 0.29291591796875 0.010402599609375 0.36346212890625 0.0130213564453125 0.366117447265625 0.03976625390625 0.36565061328125 0.0438471875 0.36365007421875 0.040910443359375 0.2838280595703125 0.0259074892578125 0.279073740234375 0.0207709736328125 0.279549259765625
1 0 0.367664484375 0.0058342744140625 0.36701462109375 0.009908474609375 0.364628337890625 0.008525568359375 0.3148763759765625 0.0055095537109375 0.2894621796875 0 0.2841416650390625 0 0.367664484375
1 0.0747403505859375 0.3650401376953125 0.076256392578125 0.36347023046875 0.0760543974609375 0.3518979189453125 0.0727555888671875 0.310282486328125 0.07614040234375 0.2978758447265625 0.0802011357421875 0.2947180751953125 0.0811489873046875 0.2900711953125 0.07122868359375 0.2817554072265625 0.0567737197265625 0.2789208291015625 0.0532003779296875 0.2805266474609375 0.042080490234375 0.2919107216796875 0.045390162109375 0.3636231416015625 0.0551960029296875 0.3653812861328125 0.0747403505859375 0.3650401376953125
1 0.0736495751953125 0.3025496572265625 0.0762294599609375 0.3619272548828125 0.08296281640625 0.3645107529296875 0.1106555654296875 0.3593970400390625 0.105497322265625 0.2996785849609375 0.098757232421875 0.29670934375 0.0869210263671875 0.296530083984375 0.0766749267578125 0.2990240986328125 0.0736495751953125 0.3025496572265625
1 0 0.46255050390625 0.0059745947265625 0.46347748046875 0.0280569013671875 0.4611627265625 0.03102838671875 0.4545512177734375 0.0275073828125 0.4002062431640625 0.0218026767578125 0.3976047900390625 0.0022583291015625 0.3979459384765625 0 0.3984103134765625 0 0.46255050390625
1 0.1676902412109375 0.2962778359375 0.1584189267578125 0.2956679453125 0.1440447607421875 0.2974622919921875 0.14047815234375 0.2994538544921875 0.140037892578125 0.3037060126953125 0.142604310546875 0.362312123046875 0.1452096015625 0.3641959541015625 0.17399833203125 0.3629217216796875 0.176536291015625 0.3609481162109375 0.1708233232421875 0.298924177734375 0.1676902412109375 0.2962778359375
1 0.1214900546875 0.361137228515625 0.1241222783203125 0.3645640341796875 0.14108153515625 0.363496287109375 0.143619494140625 0.3615226806640625 0.137960392578125 0.30258469140625 0.134807111328125 0.298781119140625 0.1311933701171875 0.2980724755859375 0.1152290966796875 0.297193548828125 0.1075478896484375 0.2992569306640625 0.110527634765625 0.3520679091796875 0.11263880078125 0.35511794921875 0.1111631572265625 0.359002318359375 0.1214900546875 0.361137228515625
1 0.193576345703125 0.36450929296875 0.2094867529296875 0.36230226953125 0.2120314453125 0.3607144072265625 0.2119573798828125 0.3564712265625 0.20729999609375 0.295972306640625 0.2036660546875 0.294106431640625 0.1974874228515625 0.2938284189453125 0.174890791015625 0.2961521494140625 0.172860423828125 0.29773103515625 0.175332578125 0.350936734375 0.1775784072265625 0.3617016474609375 0.1806980224609375 0.3635765009765625 0.193576345703125 0.36450929296875
1 0.2396688017578125 0.2934780009765625 0.2129441044921875 0.29510206640625 0.210466744140625 0.3005473662109375 0.2115171201171875 0.360723384765625 0.219279126953125 0.3632889267578125 0.2408807744140625 0.362911869140625 0.245482765625 0.361288095703125 0.246423884765625 0.3562554716796875 0.24485918359375 0.296088431640625 0.2396688017578125 0.2934780009765625
1 0.279339154296875 0.2966441650390625 0.2690189892578125 0.2948949970703125 0.2505100244140625 0.2956039345703125 0.2474577412109375 0.2975865185546875 0.2471454111328125 0.309167806640625 0.24803419140625 0.3600859775390625 0.2558163974609375 0.36380875 0.279468611328125 0.3630100380859375 0.2834822138671875 0.3571520615234375 0.28361948046875 0.335541435546875 0.279339154296875 0.2966441650390625
1 0.3153351669921875 0.295629990234375 0.311173435546875 0.29300160546875 0.2957436865234375 0.2932709326171875 0.2854773876953125 0.29460771484375 0.281910779296875 0.29659927734375 0.2844906640625 0.355976875 0.2917989443359375 0.3620230888671875 0.3057059169921875 0.36293792578125 0.3144090419921875 0.36047084375 0.3174209267578125 0.3561737978515625 0.3153351669921875 0.295629990234375
1 0.3185371083984375 0.3611705107421875 0.324742673828125 0.3629914990234375 0.342730580078125 0.3619057958984375 0.3436986318359375 0.3584161484375 0.341574 0.3545946201171875 0.3486466181640625 0.3471398037109375 0.3505961875 0.3409319951171875 0.3481820283203125 0.32052348828125 0.3487797548828125 0.2958179365234375 0.3420329326171875 0.292462951171875 0.3296891328125 0.2926784130859375 0.3189219755859375 0.2947956611328125 0.3169454736328125 0.2994604951171875 0.316953734375 0.358882982421875 0.3185371083984375 0.3611705107421875
1 0.381839474609375 0.3623807314453125 0.384390900390625 0.3611786123046875 0.3848580927734375 0.3584694287109375 0.38231600390625 0.33073179296875 0.384645234375 0.316800130859375 0.383178927734375 0.2917447451171875 0.374388271484375 0.289197158203125 0.3518051064453125 0.292292376953125 0.3495297412109375 0.30930998828125 0.351618103515625 0.3405282958984375 0.3483342890625 0.3587210927734375 0.3530507451171875 0.3636549638671875 0.381839474609375 0.3623807314453125
1 0.3888230361328125 0.2908745048828125 0.3862648779296875 0.29169087890625 0.3848161669921875 0.2971182236328125 0.385933875 0.3611516796875 0.392146173828125 0.363358412109375 0.4194188623046875 0.3636540869140625 0.4224576796875 0.360900015625 0.4207313818359375 0.2914751259765625 0.4109188095703125 0.2893312373046875 0.3888230361328125 0.2908745048828125
1 0.45833096875 0.293905712890625 0.4546835615234375 0.2912683486328125 0.43973447265625 0.28959998046875 0.4258611650390625 0.2906138623046875 0.422842546875 0.2945251650390625 0.4245015126953125 0.3600926171875 0.4286632451171875 0.36272100390625 0.4574519755859375 0.361446771484375 0.4594823427734375 0.35986788671875 0.4606710625 0.310071037109375 0.45833096875 0.293905712890625
1 0.4767658681640625 0.2889535947265625 0.4649767939453125 0.291474541015625 0.4614775166015625 0.2973235400390625 0.46103205078125 0.360226697265625 0.464151666015625 0.36210155078125 0.477544314453125 0.363025365234375 0.49552548828125 0.3615539189453125 0.4975491220703125 0.3595892900390625 0.4983877158203125 0.289733767578125 0.4767658681640625 0.2889535947265625
1 0.5305197841796875 0.3621006748046875 0.5335720673828125 0.3601180908203125 0.5333229404296875 0.3458455732421875 0.5360924306640625 0.32766175390625 0.5349653857421875 0.2925680537109375 0.5323533623046875 0.290298478515625 0.504559615234375 0.289626037109375 0.500498880859375 0.2927838076171875 0.498721771484375 0.338346453125 0.498577771484375 0.3595713349609375 0.5001476796875 0.361087376953125 0.5063532451171875 0.3629083642578125 0.5305197841796875 0.3621006748046875
1 0.537199275390625 0.36159822265625 0.5413206083984375 0.3619121455078125 0.5520810322265625 0.359409154296875 0.556094634765625 0.353551177734375 0.5682835703125 0.344463611328125 0.57119445703125 0.3343804091796875 0.5714757236328125 0.29154490234375 0.561642951171875 0.2882437822265625 0.5462132021484375 0.288513109375 0.5395404453125 0.2894013056640625 0.536054634765625 0.2960217919921875 0.5366224638671875 0.3285527158203125 0.5340594599609375 0.3585661376953125 0.537199275390625 0.36159822265625
1 0.6089945126953125 0.289346564453125 0.603303271484375 0.2875165986328125 0.5842799814453125 0.2882345126953125 0.575563390625 0.2899301064453125 0.5735532236328125 0.29266622265625 0.5714301181640625 0.3478814384765625 0.5683980341796875 0.35102125390625 0.5772021572265625 0.3543403291015625 0.605036302734375 0.357327232421875 0.6075473291015625 0.35381065234375 0.6089945126953125 0.289346564453125
1 0.6133059013671875 0.3594980546875 0.64210809765625 0.358995310546875 0.6456679736328125 0.35661800390625 0.646588892578125 0.3504281494140625 0.6470814912109375 0.2902251982421875 0.637241984375 0.2865383359375 0.6228476201171875 0.287175451171875 0.613129310546875 0.290431974609375 0.6103396220703124 0.3074585634765625 0.6111415478515625 0.3239262431640625 0.60884117578125 0.3395112021484375 0.6101728193359375 0.356851712890625 0.6133059013671875 0.3594980546875
1 0.686022056640625 0.281056541015625 0.685934525390625 0.2760418720703125 0.681766060546875 0.273027744140625 0.663731021484375 0.271413240234375 0.6550144296875 0.273108833984375 0.6494174541015625 0.2766792802734375 0.646454228515625 0.342713275390625 0.646182298828125 0.3566090263671875 0.6482732646484375 0.3585018349609375 0.6801816103515625 0.3591024560546875 0.68323389453125 0.3571198720703125 0.686022056640625 0.281056541015625
1 0.7211794755859375 0.349897888671875 0.7234869794921875 0.27577225390625 0.720333697265625 0.271968681640625 0.7100067998046875 0.2698337705078125 0.702298658203125 0.2703541787109375 0.6879918251953125 0.2760059619140625 0.68554552734375 0.31270548046875 0.684168279296875 0.3517015048828125 0.685818984375 0.35784647265625 0.70230431640625 0.3591021650390625 0.718749248046875 0.35804339453125 0.7211794755859375 0.349897888671875
1 0.72754098046875 0.272228740234375 0.72501648828125 0.274973833984375 0.721979197265625 0.3367646474609375 0.7228571142578125 0.3575858310546875 0.7521871025390625 0.357845595703125 0.75936071875 0.3561769345703125 0.7614729599609374 0.270864732421875 0.7496165546875 0.2695282412109375 0.7367651640625 0.2701384248046875 0.72754098046875 0.272228740234375
1 0.8033824091796875 0.2844100654296875 0.80320061328125 0.2739949853515625 0.798998482421875 0.2690521376953125 0.7788926767578125 0.2667020576171875 0.7666162099609375 0.2707749560546875 0.763597591796875 0.2746862587890625 0.7605670341796875 0.3368628173828125 0.76037590234375 0.3553874931640625 0.76195254296875 0.3572892783203125 0.794361748046875 0.3571094345703125 0.79793508984375 0.3555036171875 0.8033824091796875 0.2844100654296875
1 0.8298367021484375 0.3557184951171875 0.8360288017578125 0.3567679951171875 0.83906088671875 0.3536281796875 0.8426974296875 0.3261685556640625 0.8458155185546875 0.269006666015625 0.8411933271484375 0.2694732080078125 0.833938912109375 0.2665129443359375 0.8267316298828125 0.26625288671875 0.8128717890625 0.268038255859375 0.8077756728515625 0.27082823828125 0.8016254990234375 0.3311299423828125 0.8015286318359375 0.3550550302734375 0.8072198720703125 0.3568849951171875 0.8298367021484375 0.3557184951171875
1 0.869427333984375 0.2658934912109375 0.8550397021484375 0.2669163515625 0.850444443359375 0.2689258671875 0.8484612080078126 0.273204958984375 0.8430703583984375 0.3180589599609375 0.84167291015625 0.35589775390625 0.8771545986328125 0.35489255859375 0.8791512998046875 0.3513849541015625 0.882293716796875 0.3250915380859375 0.88440335546875 0.2691048359375 0.869427333984375 0.2658934912109375
1 0.922646724609375 0.3378923173828125 0.9250821591796875 0.2710958134765625 0.9141870712890625 0.2658839306640625 0.9033593134765625 0.264529484375 0.8961722314453126 0.2654266572265625 0.8905685224609375 0.2686113603515625 0.886554919921875 0.2744693369140625 0.8791714990234375 0.3525421845703125 0.881275931640625 0.35520648046875 0.8838542880859375 0.3555473369140625 0.9178064677734376 0.355340560546875 0.922646724609375 0.3378923173828125
1 0.96429878515625 0.2777426474609375 0.9595082646484375 0.2685655966796875 0.9507378076171875 0.267175240234375 0.94554742578125 0.264564810546875 0.9311934599609375 0.267516388671875 0.92766725 0.271822412109375 0.9244818291015625 0.325126865234375 0.92499355078125 0.35444338671875 0.958438138671875 0.35463133203125 0.9604079072265626 0.3495807529296875 0.96292826953125 0.317124416015625 0.96429878515625 0.2777426474609375
1 0.9625056064453125 0.3518593056640625 0.96408898046875 0.3541468349609375 0.9888102431640625 0.3556446298828125 0.997012509765625 0.353958013671875 0.9955244765625 0.268708654296875 0.975946462890625 0.2671210830078125 0.9657272958984375 0.2711580712890625 0.9652575 0.3031927548828125 0.967930123046875 0.3089340224609375 0.968713775390625 0.3243547939453125 0.962323810546875 0.3414442255859375 0.9625056064453125 0.3518593056640625
1 0.0485273740234375 0.3959807255859375 0.0366979013671875 0.3961872099609375 0.03055293359375 0.3978379150390625 0.0326858251953125 0.461081927734375 0.0347633251953125 0.4622032490234375 0.07025174609375 0.4615837958984375 0.07156579296875 0.448441578125 0.0686264462890625 0.3979450615234375 0.0665422138671875 0.3964379970703125 0.0485273740234375 0.3959807255859375
1 0.1045753271484375 0.394230681640625 0.082940013671875 0.392679021484375 0.0711846044921875 0.3971286865234375 0.0733174970703125 0.46037269921875 0.0769514375 0.4622385751953125 0.109874966796875 0.4620497548828125 0.111905333984375 0.460470869140625 0.1115350087890625 0.4392549658203125 0.1082160009765625 0.3964823017578125 0.1045753271484375 0.394230681640625
1 0.12461380078125 0.3927233251953125 0.114861826171875 0.3940511298828125 0.110286767578125 0.3972178779296875 0.1124061923828125 0.459690404296875 0.1155392734375 0.462336744140625 0.148970396484375 0.4617532021484375 0.1515083544921875 0.459779595703125 0.149876322265625 0.3957551181640625 0.1457213232421875 0.3935124755859375 0.12461380078125 0.3927233251953125
1 0.1580651220703125 0.393297013671875 0.1524142802734375 0.3937815107421875 0.150904970703125 0.3957371630859375 0.152550470703125 0.4605331279296875 0.154634703125 0.4620401923828125 0.195273107421875 0.4617167080078125 0.1936006748046875 0.3953777666015625 0.190460859375 0.39234568359375 0.1784803154296875 0.393712388671875 0.1580651220703125 0.393297013671875
1 0.23944032421875 0.4277617001953125 0.2379605517578125 0.401934826171875 0.2347399375 0.394273818359375 0.221801015625 0.3898693330078125 0.21822094140625 0.39108940625 0.2079075087890625 0.3897259833984375 0.1956445087890625 0.3945703701171875 0.197283275390625 0.458980591796875 0.201972798828125 0.462371486328125 0.2369536279296875 0.462146755859375 0.2399789794921875 0.4586211962890625 0.23944032421875 0.4277617001953125
1 0.2826192900390625 0.396139109375 0.2805215908203125 0.393860556640625 0.2743294921875 0.392811056640625 0.24910063671875 0.3917079833984375 0.2388478046875 0.3938162529296875 0.24104802734375 0.4609177041015625 0.2431389931640625 0.46281051171875 0.28221422265625 0.461356728515625 0.2862008916015625 0.45395577734375 0.2829264130859375 0.4432088193359375 0.2826192900390625 0.396139109375
1 0.2839752626953125 0.444348095703125 0.2888398486328125 0.457768326171875 0.29145860546875 0.46042364453125 0.2992071455078125 0.4622177001953125 0.324409068359375 0.461777798828125 0.3295119189453125 0.459373560546875 0.3304867021484375 0.45626965625 0.325635583984375 0.443620912109375 0.32396728125 0.40699321484375 0.327906818359375 0.3968920576171875 0.3268445029296875 0.3949812939453125 0.3159830791015625 0.39169812890625 0.2872078154296875 0.3937438486328125 0.284189197265625 0.3976551513671875 0.2833221435546875 0.406930955078125 0.2839752626953125 0.444348095703125
1 0.3638287666015625 0.3916347021484375 0.3293824609375 0.3930076875 0.325335193359375 0.3969369453125 0.3261364423828125 0.4428404462890625 0.3310616259765625 0.45973237109375 0.3341947080078125 0.462378712890625 0.365054205078125 0.46184005859375 0.367057638671875 0.4587181982421875 0.3653919404296875 0.3927650009765625 0.3638287666015625 0.3916347021484375
1 0.40991754296875 0.43829115234375 0.4086491015625 0.395096833984375 0.4055294853515625 0.39322198046875 0.3865129287109375 0.394325638671875 0.3792787138671875 0.3925226064453125 0.3710495146484375 0.3926662470703125 0.3675973701171875 0.4012154521484375 0.3686410126953125 0.4610057275390625 0.392333626953125 0.4625214775390625 0.406714525390625 0.461112875 0.4087112265625 0.4576052705078125 0.40991754296875 0.43829115234375
1 0.4098124150390625 0.40279375390625 0.410321533203125 0.4614357744140625 0.42320658984375 0.4627543095703125 0.4489228369140625 0.462305431640625 0.4514069306640625 0.4572458759765625 0.4513448056640625 0.394737439453125 0.4158227177734375 0.3934281728515625 0.411227458984375 0.3954376904296875 0.4098124150390625 0.40279375390625
1 0.4524811865234375 0.4008913828125 0.4519818544921875 0.4607085908203125 0.45510146875 0.4625834443359375 0.49367583984375 0.4619101259765625 0.4950624248046875 0.393974345703125 0.4924638671875 0.3924762587890625 0.4580175625 0.3938492431640625 0.453923162109375 0.395078294921875 0.4524811865234375 0.4008913828125
1 0.5393011044921875 0.393588017578125 0.5212660654296875 0.3919735146484375 0.49916355859375 0.393131037109375 0.4966525322265625 0.396647619140625 0.4959740078125 0.4167242470703125 0.497276115234375 0.461847283203125 0.50089658984375 0.4629416708984375 0.53019964453125 0.4616584619140625 0.5374203935546875 0.4626900068359375 0.539437294921875 0.4603396337890625 0.5393011044921875 0.393588017578125
1 0.5794049833984375 0.392116279296875 0.57067492578125 0.393040384765625 0.558290728515625 0.390941384765625 0.5413516708984375 0.3931663642578125 0.5403836201171875 0.39665601171875 0.5410072021484374 0.46185567578125 0.5472060341796875 0.463290919921875 0.580630421875 0.462321634765625 0.58264058984375 0.459585517578125 0.5830523896484375 0.394753642578125 0.5794049833984375 0.392116279296875
1 0.6251933701171875 0.39208876171875 0.618500412109375 0.3918197275390625 0.5994905888671875 0.39330912890625 0.5871265908203125 0.392367359375 0.584595365234375 0.394726708984375 0.5842239638671874 0.4618730478515625 0.587857904296875 0.4637389228515625 0.6248623681640625 0.4615495634765625 0.6280923173828125 0.4402708154296875 0.6283129853515625 0.393963615234375 0.6251933701171875 0.39208876171875
1 0.6293955009765625 0.3970316103515625 0.628462642578125 0.461486720703125 0.6711718125 0.4618988125 0.6732021796875 0.460319927734375 0.6736222392578125 0.4549105380859375 0.674568564453125 0.3912269150390625 0.6591118837890625 0.3899532685546875 0.6318661279296875 0.39120056640625 0.6293955009765625 0.3970316103515625
1 0.7210411328125 0.4598707568359375 0.7208619404296875 0.4201301767578125 0.7229555087890625 0.3926974853515625 0.7208645439453125 0.3908046767578125 0.709556126953125 0.391387927734375 0.7002578798828125 0.3892350625 0.6802126728515625 0.3903566748046875 0.676666263671875 0.3935054677734375 0.6762192705078125 0.3973718818359375 0.674224095703125 0.459916228515625 0.679928802734375 0.4625176806640625 0.7195385576171875 0.4622121513671875 0.7210411328125 0.4598707568359375
1 0.7370525380859375 0.463449888671875 0.7678918349609375 0.4617540029296875 0.7693809443359375 0.45864112109375 0.7713155205078125 0.392625080078125 0.7697456123046875 0.3911090380859375 0.7568672900390625 0.3901762470703125 0.732193158203125 0.391378658203125 0.7290870087890625 0.3902752919921875 0.724505216796875 0.393056296875 0.7217465908203125 0.441337103515625 0.722604306640625 0.4610010546875 0.72520959765625 0.462884884765625 0.7370525380859375 0.463449888671875
1 0.8244391201171875 0.400186751953125 0.8232354072265625 0.3901753701171875 0.8005647099609375 0.388255921875 0.7835919873046875 0.388552181640625 0.77848913671875 0.390956419921875 0.77361521484375 0.406475943359375 0.771155451171875 0.442403974609375 0.7720064345703125 0.4616821826171875 0.7776842080078125 0.46274066015625 0.8172872294921875 0.46204938671875 0.821905291015625 0.4318716015625 0.8244391201171875 0.400186751953125
1 0.8798448173828125 0.3911165556640625 0.8622971708984375 0.387950099609375 0.8299283642578125 0.39044440625 0.8263886884765625 0.3939789423828125 0.8241335234375 0.41215378515625 0.8203664462890625 0.46160977734375 0.8343003515625 0.4640675888671875 0.873382314453125 0.462999548828125 0.875866408203125 0.4579399931640625 0.8789145615234375 0.426246166015625 0.8798448173828125 0.3911165556640625
1 0.9276703037109375 0.3898958974609375 0.90911420703125 0.38790462890625 0.8880470830078125 0.3894299404296875 0.8829307666015624 0.3910626904296875 0.8771939208984375 0.4455692626953125 0.8769489228515625 0.46100798828125 0.879560947265625 0.4632775625 0.9057645859375 0.4612767314453125 0.92481480859375 0.4621017919921875 0.9288201513671875 0.3968213291015625 0.9276703037109375 0.3898958974609375
1 0.9757651171875 0.40410498828125 0.976010115234375 0.3886662626953125 0.944088302734375 0.3872941533203125 0.93075625390625 0.3898420322265625 0.9272947724609375 0.4273309931640625 0.927894025390625 0.46166218359375 0.9315212333984375 0.4631423154296875 0.94902848046875 0.46399430859375 0.9731748203125 0.4620293876953125 0.9737818828125 0.4083840791015625 0.9757651171875 0.40410498828125
1 0 0.5043634306640625 0.0009177998046875 0.5569441669921875 0.03328660546875 0.5544498603515625 0.03335241015625 0.4992705556640625 0.03168823828125 0.4923541015625 0.005430734375 0.491268982421875 0 0.4917346083984375 0 0.5043634306640625
1 0.0734106845703125 0.554135353515625 0.072602703125 0.507846109375 0.0697954169921875 0.494389966796875 0.063576384765625 0.4917974912109375 0.0465834619140625 0.4909365205078125 0.0357893720703125 0.4915107939453125 0.0337859375 0.494632654296875 0.0336258681640625 0.544411546875 0.0358649638671875 0.554790716796875 0.042591587890625 0.5569884716796875 0.069336484375 0.5565216376953125 0.0734106845703125 0.554135353515625
1 0.11102373828125 0.557337427734375 0.1171687041015625 0.55568672265625 0.119172138671875 0.5525648623046875 0.1159919248046875 0.5472183154296875 0.1153496689453125 0.5398981630859375 0.1155434052734375 0.4920479873046875 0.1124237890625 0.490173134765625 0.0800145849609375 0.490352978515625 0.0733889580078125 0.493941380859375 0.073527751953125 0.5313674970703125 0.0760025087890625 0.555247697265625 0.088393439453125 0.55773244140625 0.11102373828125 0.557337427734375
1 0.155106025390625 0.489042251953125 0.1201386630859375 0.4900384716796875 0.116612453125 0.4943444951171875 0.1176426298828125 0.5533632822265625 0.1207757119140625 0.556009623046875 0.1259391611328125 0.557077078125 0.1578273076171875 0.55652046875 0.1600892060546875 0.5387313701171875 0.1582121748046875 0.4901456181640625 0.155106025390625 0.489042251953125
1 0.1648782001953125 0.4888716787109375 0.1607770673828125 0.489714986328125 0.15928795703125 0.4928278681640625 0.1609065244140625 0.556080859375 0.1753412880859375 0.5577582060546875 0.2000288857421875 0.5573272822265625 0.200236087890625 0.51024859375 0.19838338671875 0.49253131640625 0.1926719462890625 0.4895441201171875 0.1648782001953125 0.4888716787109375
1 0.2827192109375 0.4902875078125 0.262620138671875 0.488323169921875 0.244138107421875 0.49057508203125 0.2415934150390625 0.4921629443359375 0.243746505859375 0.5565641884765625 0.2448020888671875 0.5580892080078125 0.283403392578125 0.5589588642578125 0.286448943359375 0.556590537109375 0.2853312353515625 0.4925570810546875 0.2827192109375 0.4902875078125
1 0.210335583984375 0.558304962890625 0.24170940625 0.557757330078125 0.243198515625 0.5546444482421875 0.2410723564453125 0.491786177734375 0.2374182177734375 0.4887630712890625 0.231774109375 0.4896333125 0.2137323369140625 0.487633064453125 0.207052845703125 0.488135517578125 0.20041375390625 0.490952431640625 0.1988977119140625 0.4925223388671875 0.2015381953125 0.5553716318359375 0.2036291611328125 0.557264439453125 0.210335583984375 0.558304962890625
1 0.292992244140625 0.4893364677734375 0.28788266015625 0.491354962890625 0.2855710263671875 0.535769353515625 0.2853866279296875 0.5546797734375 0.288025583984375 0.558492322265625 0.3255915048828125 0.55899419140625 0.3291581142578125 0.5570026298828125 0.3290555888671875 0.4921797314453125 0.3264435654296875 0.48991015625 0.292992244140625 0.4893364677734375
1 0.36553226171875 0.4892278603515625 0.3424280380859375 0.491946314453125 0.33107922265625 0.4902151025390625 0.3290892548828125 0.49410844921875 0.328797125 0.5068469697265625 0.3291581142578125 0.5570026298828125 0.3348560869140625 0.559218337890625 0.366750966796875 0.55904747265625 0.3703310419921875 0.5578273984375 0.3696939921875 0.49185624609375 0.36553226171875 0.4892278603515625
1 0.4140351962890625 0.55629281640625 0.4149830478515625 0.5516459375 0.4139461376953125 0.49224140625 0.411347580078125 0.4907433193359375 0.3763667509765625 0.49096805078125 0.372840541015625 0.49527407421875 0.3720408193359375 0.50840731640625 0.37213248046875 0.5431332265625 0.3744523740234375 0.558141322265625 0.395065771484375 0.5600966806640625 0.41099637890625 0.559046888671875 0.4140351962890625 0.55629281640625
1 0.457198091796875 0.55322423828125 0.4566620400390625 0.4930392421875 0.4540567509765625 0.491155412109375 0.4483924423828125 0.4908684208984375 0.418047271484375 0.49139809765625 0.4160303701171875 0.4937484697265625 0.4156372431640625 0.5007008349609375 0.4161126953125 0.5574141376953125 0.421803935546875 0.5592441025390625 0.4542198740234375 0.55945000390625 0.4567645654296875 0.557862140625 0.457198091796875 0.55322423828125
1 0.475144072265625 0.4907873310546875 0.459727791015625 0.4918281455078125 0.4579465517578125 0.5076795478515626 0.45779321484375 0.557844185546875 0.4609195634765625 0.5601047822265625 0.4989863427734375 0.559826185546875 0.5004889189453126 0.557484791015625 0.49989226953125 0.4938281005859375 0.4978080361328125 0.4923210361328125 0.475144072265625 0.4907873310546875
1 0.543746080078125 0.559816623046875 0.5449321962890625 0.5393452744140625 0.5446520048828125 0.4938185390625 0.5405104736328125 0.492347384765625 0.5302374404296875 0.493298423828125 0.5158026767578126 0.4916210771484375 0.5044942607421875 0.4922043271484375 0.5014487099609375 0.4945726552734375 0.5010421162109375 0.5007535322265625 0.5008955126953125 0.5513039130859375 0.502600083984375 0.5605348291015625 0.54170898046875 0.561009765625 0.543746080078125 0.559816623046875
1 0.560483142578125 0.546019333984375 0.588263421875 0.5459202890625 0.5899126005859375 0.4930285126953125 0.583199443359375 0.49160224609375 0.5492539970703125 0.492194765625 0.546702572265625 0.493396884765625 0.54523105859375 0.526992498046875 0.5452419228515625 0.557089484375 0.54684549609375 0.56053424609375 0.55351825390625 0.5596460498046875 0.5553668251953126 0.5476520849609375 0.560483142578125 0.546019333984375
1 0.63422534375 0.4968853662109375 0.630050146484375 0.4934854921875 0.595042384765625 0.4921672490234375 0.5909412509765625 0.4930105576171875 0.5905009912109375 0.4972627158203125 0.590821580078125 0.5451039130859375 0.60014002734375 0.5484140107421875 0.6065341220703125 0.561035822265625 0.6312149873046875 0.560219154296875 0.6336519482421875 0.5524593916015625 0.63422534375 0.4968853662109375
1 0.678904283203125 0.49224687890625 0.660395318359375 0.4929558154296875 0.657803494140625 0.49184347265625 0.636743103515625 0.4937545283203125 0.6350359287109375 0.513849111328125 0.6348085283203125 0.5597705673828125 0.6420494765625 0.56195934375 0.6554353916015625 0.5624974140625 0.679080873046875 0.561312958984375 0.680988515625 0.493753943359375 0.678904283203125 0.49224687890625
1 0.7248692587890625 0.56128544140625 0.7282877373046875 0.550807517578125 0.7296043876953126 0.5083397998046875 0.7293956591796875 0.4963817451171875 0.7272777607421875 0.4929459619140625 0.7195426875 0.49192339453125 0.685103115234375 0.493682123046875 0.6830660146484375 0.4948752646484375 0.6811273095703125 0.5311800615234376 0.68103044140625 0.5551051484375 0.6832224052734375 0.56278411328125 0.7197462099609375 0.5625324482421875 0.7248692587890625 0.56128544140625
1 0.775644505859375 0.49325930078125 0.7627729150390625 0.4927122529296875 0.7334563935546875 0.493223974609375 0.731473158203125 0.49750306640625 0.729907380859375 0.5256982666015625 0.72949818359375 0.5612046435546875 0.7310815576171875 0.5634921728515625 0.7763421533203125 0.5627021455078125 0.7753497724609375 0.5353233212890625 0.7782430625 0.4947573876953125 0.775644505859375 0.49325930078125
1 0.7871631767578126 0.5636708486328125 0.79749007421875 0.5658057587890625 0.82165661328125 0.5649980693359375 0.8236937138671875 0.563804927734375 0.827518787109375 0.5471461279296875 0.832334712890625 0.4988294111328125 0.8307176728515625 0.4946131630859375 0.814719734375 0.491805517578125 0.7859108046875 0.4919225185546875 0.781836603515625 0.4943088017578125 0.7785232529296875 0.540284123046875 0.77839271875 0.5622804921875 0.7804836845703125 0.5641732998046874 0.7871631767578126 0.5636708486328125
1 0.8741244912109375 0.5644681005859375 0.874584951171875 0.5613731728515625 0.8795987431640625 0.4949175244140625 0.8641151298828125 0.4921009013671875 0.83841234765625 0.4933212685546875 0.8343246806640625 0.4949360634765625 0.829172095703125 0.5239655947265625 0.825683681640625 0.5599115810546875 0.82679986328125 0.56490829296875 0.8412413603515625 0.5669713837890625 0.871579798828125 0.566055962890625 0.8741244912109375 0.5644681005859375
1 0.9088950654296875 0.4932485712890625 0.880113068359375 0.494908546875 0.8762449931640625 0.5385783837890625 0.87567419921875 0.564826912109375 0.890630021484375 0.5668810234375 0.91943221875 0.566378279296875 0.9209549931640625 0.5651941162109375 0.9236706181640625 0.5439243466796875 0.9243450126953126 0.4941364755859375 0.9088950654296875 0.4932485712890625
1 0.9235022890625 0.53428075390625 0.9235333515625 0.5655349716796875 0.925617583984375 0.567042037109375 0.9678056962890625 0.5670773623046875 0.973279947265625 0.4975267861328125 0.971148583984375 0.493319515625 0.9577559345703125 0.4923957021484375 0.927430962890625 0.494082609375 0.9235022890625 0.53428075390625
1 0.05286875 0.5857486748046875 0.0497356669921875 0.583102333984375 0.03787926171875 0.58176584375 0.0167919384765625 0.5821339248046875 0.0147817705078125 0.584870041015625 0.017388587890625 0.6457906142578125 0.02360088671875 0.647997345703125 0.0523896171875 0.64672311328125 0.05439978515625 0.6439869970703125 0.054597650390625 0.6258480654296875 0.05286875 0.5857486748046875
1 0.0893723544921875 0.5843397802734375 0.0589867841796875 0.582554994140625 0.0544049912109375 0.585335998046875 0.05534763671875 0.6393401171875 0.0575059345703125 0.64509036328125 0.0663033232421875 0.6480236943359375 0.09407687109375 0.6475389052734375 0.0936081513671875 0.591211345703125 0.0914633203125 0.586232587890625 0.0893723544921875 0.5843397802734375
1 0.1279399921875 0.5832807177734375 0.100173177734375 0.5841512509765625 0.095625052734375 0.58886097265625 0.09768387890625 0.6478618056640625 0.11829054296875 0.649431421875 0.1393509326171875 0.6475203662109374 0.135634306640625 0.611442775390625 0.1362365224609375 0.586994513671875 0.1325823837890625 0.58397140625 0.1279399921875 0.5832807177734375
1 0.1594567373046875 0.6498704462890625 0.163544404296875 0.6482556513671875 0.18105165234375 0.64910764453125 0.1825340283203125 0.645609017578125 0.1772599599609375 0.6382041796875 0.1762166015625 0.607904888671875 0.18046846875 0.5862224423828125 0.1670421552734375 0.5833699091796875 0.1557202724609375 0.5831816728515625 0.1433899404296875 0.5841686220703125 0.137799697265625 0.5881248115234375 0.1366135810546875 0.6085961611328125 0.139851791015625 0.646739900390625 0.1594567373046875 0.6498704462890625
1 0.216999005859375 0.5863565224609375 0.219118431640625 0.6488290478515625 0.25774666796875 0.6512416796875 0.2607787529296875 0.6481018642578125 0.2566289599609375 0.5872082236328126 0.249868669921875 0.583081751953125 0.2287611474609375 0.5822926005859375 0.22156733203125 0.5828040302734375 0.216999005859375 0.5863565224609375
1 0.217494658203125 0.6442270556640625 0.217120203125 0.5932999091796874 0.215442564453125 0.585611966796875 0.208208349609375 0.583808935546875 0.1860789111328125 0.583423482421875 0.1815307841796875 0.5881332060546876 0.17719138671875 0.6048009833984375 0.1789472197265625 0.6464433486328125 0.1841376025390625 0.649053779296875 0.2042232080078125 0.65024662890625 0.21603921484375 0.64926865625 0.217494658203125 0.6442270556640625
1 0.301423888671875 0.648164123046875 0.3005504130859375 0.598122748046875 0.303005736328125 0.59141491015625 0.2983094794921875 0.587638271484375 0.290587873046875 0.5873871904296875 0.2817972158203125 0.584839603515625 0.2637823759765625 0.58438233203125 0.259681244140625 0.5852256396484375 0.2576643427734375 0.58757601171875 0.260805685546875 0.6496448388671875 0.2659893330078125 0.651869525390625 0.2994339208984375 0.6520574697265625 0.301423888671875 0.648164123046875
1 0.3420271005859375 0.5868751767578125 0.33683671875 0.5842647470703125 0.3271251435546875 0.587907013671875 0.3049957041015625 0.5875215625 0.3014627607421875 0.5914418427734375 0.3024996708984375 0.6508463740234375 0.31642684375 0.6529184423828125 0.34111444140625 0.6524875185546875 0.3431380751953125 0.650522888671875 0.3436819365234375 0.6227313876953126 0.3420271005859375 0.5868751767578125
1 0.366180173828125 0.585296 0.3574029833984375 0.583519900390625 0.347129951171875 0.5844709384765625 0.343610474609375 0.5891627060546875 0.34334527734375 0.603444201171875 0.34470125 0.6516531875 0.383837078125 0.65367109765625 0.3853261875 0.65055821484375 0.383694154296875 0.5865337373046875 0.381609921875 0.5850266728515625 0.366180173828125 0.585296
1 0.3883163447265625 0.5860671953125 0.38581878515625 0.590355263671875 0.3854660576171875 0.59962208984375 0.386395236328125 0.65285472265625 0.4162597490234375 0.6542627412109375 0.42754796484375 0.6525222607421876 0.429003408203125 0.6474806591796874 0.4270160439453125 0.6220485068359375 0.427959765625 0.5876903837890625 0.3883163447265625 0.5860671953125
1 0.4506102626953125 0.5884526015625 0.4330962822265625 0.5872148642578126 0.430111330078125 0.5930548857421875 0.4311347734375 0.6516879296875 0.4347821806640625 0.6543252919921875 0.4682335009765625 0.6548989814453124 0.4712386533203125 0.65021619140625 0.47068240234375 0.5888739638671875 0.468598169921875 0.5873668994140625 0.4506102626953125 0.5884526015625
1 0.5139126298828125 0.5896628232421876 0.50666494921875 0.587088302734375 0.4752843935546875 0.58725019140625 0.4727599013671875 0.58999528515625 0.4714929873046875 0.6058377099609376 0.4728354931640625 0.6532752080078125 0.4934623564453125 0.6560020546875 0.510942671875 0.65531107421875 0.5129730380859375 0.653732189453125 0.5139006904296874 0.647928078125 0.5139126298828125 0.5896628232421876
1 0.5566891318359375 0.5939323515625 0.5483724013671875 0.5890613251953125 0.516971646484375 0.588065982421875 0.5149749453125 0.5915735859375 0.514689548828125 0.604697849609375 0.5145294794921875 0.6544767431640625 0.518163419921875 0.656342619140625 0.537213642578125 0.6571676796875 0.5562234658203125 0.6556782783203124 0.5580813740234375 0.6147445576171875 0.5566891318359375 0.5939323515625
1 0.5891050693359375 0.5941382529296875 0.575678755859375 0.5912857197265625 0.5582119072265626 0.5927481884765625 0.5566891318359375 0.5939323515625 0.5588152900390625 0.65679062109375 0.5984385107421875 0.6572565791015625 0.6004621455078125 0.6552919501953125 0.600426951171875 0.5943264892578125 0.597320802734375 0.593223123046875 0.5891050693359375 0.5941382529296875
1 0.64063335546875 0.6576776494140625 0.6431780478515625 0.6560897861328125 0.6453415517578125 0.603189033203125 0.643583115234375 0.5908721669921875 0.6399559072265625 0.58939203515625 0.6162767607421875 0.5886477724609375 0.6090762109375 0.5887734580078124 0.6039733603515625 0.591177697265625 0.6015607294921875 0.6298059326171875 0.6015042607421875 0.656045482421875 0.6035952265625 0.657938291015625 0.63292521484375 0.658198056640625 0.64063335546875 0.6576776494140625
1 0.6805943115234375 0.5890685498046875 0.6621055458984375 0.5909347177734375 0.649220490234375 0.5896161826171875 0.6461816728515625 0.59237025390625 0.6455839462890625 0.617075806640625 0.6462909306640625 0.6575788955078125 0.6566110947265625 0.6593280634765625 0.687971451171875 0.658008943359375 0.690148419921875 0.6058796767578125 0.6888706435546875 0.591625115234375 0.6805943115234375 0.5890685498046875
1 0.6934793681640625 0.5903870859375 0.690968341796875 0.59390366796875 0.6898024248046875 0.6155322470703125 0.6905498076171875 0.658349798828125 0.6982983486328125 0.6601438544921875 0.731736203125 0.6599460556640625 0.7341260322265625 0.649486087890625 0.7341514375 0.5919923193359375 0.7222815654296875 0.589884341796875 0.6934793681640625 0.5903870859375
1 0.77860710546875 0.662986533203125 0.7805836064453126 0.6583216982421874 0.78023348046875 0.638263025390625 0.7774463955078125 0.625964115234375 0.7814667294921875 0.6204918828125 0.780988673828125 0.5931040791015625 0.7783901171875 0.5916059921875 0.7675690927734375 0.5906372900390625 0.7402964052734375 0.59034161328125 0.7372239208984375 0.591166966796875 0.7357280791015625 0.59389410546875 0.73532301171875 0.659111724609375 0.7420563681640625 0.66169522265625 0.77860710546875 0.662986533203125
1 0.8146367841796875 0.663901078125 0.8239215654296875 0.66528245703125 0.82698731640625 0.664071359375 0.8302778642578125 0.6462643056640625 0.831708978515625 0.61035423046875 0.83148005078125 0.5972389443359375 0.827812443359375 0.5934443505859375 0.80406596484375 0.5888426513671875 0.7876210322265625 0.5899014208984374 0.7845687490234375 0.5918840048828125 0.7822840478515625 0.6378413720703126 0.78211984765625 0.657909021484375 0.784792470703125 0.6636502890625 0.8146367841796875 0.663901078125
1 0.8325019658203126 0.59683524609375 0.8290446162109375 0.66403544921875 0.834228263671875 0.6662601357421875 0.872822833984375 0.666744048828125 0.87536079296875 0.6647704423828125 0.87832401953125 0.598736447265625 0.8684104482421875 0.590806404296875 0.8375576845703125 0.5917308017578125 0.8325019658203126 0.59683524609375
1 0.923696474609375 0.6338295634765625 0.923611546875 0.599489396484375 0.920965857421875 0.595291103515625 0.9105918271484374 0.590455986328125 0.8951822783203125 0.5918825439453125 0.8782701533203126 0.595650498046875 0.8763651142578125 0.6338840126953125 0.8774517587890625 0.6666632509765625 0.8795292587890625 0.6677845712890625 0.9181036298828125 0.6671112529296875 0.92063485546875 0.6647519033203125 0.923696474609375 0.6338295634765625
1 0.93767491015625 0.668313080078125 0.966463640625 0.6670388486328125 0.9692600634765625 0.65039800390625 0.968973140625 0.604485525390625 0.967302234375 0.5971833271484375 0.9620916533203125 0.593415666015625 0.93739058984375 0.5930751015625 0.926082173828125 0.5936583525390625 0.922562697265625 0.5983501201171875 0.9236830087890625 0.633058076171875 0.921162646484375 0.6655144130859375 0.9248033193359375 0.6677660322265625 0.93767491015625 0.668313080078125
1 0.0182328388671875 0.664683078125 0.0121215380859375 0.6682625029296875 0.0096643779296875 0.674865033203125 0.0102838310546875 0.710353455078125 0.01910815234375 0.7148297607421875 0.0335092509765625 0.714578388671875 0.0380304453125 0.7083256904296875 0.0353200263671875 0.6709444609375 0.0306035703125 0.666010591796875 0.0182328388671875 0.664683078125
1 0.064856140625 0.71248778125 0.06631831640625 0.707831923828125 0.0645961494140625 0.66811827734375 0.0532136689453125 0.66445834765625 0.0444701455078125 0.6646109658203125 0.0403959443359375 0.666997248046875 0.0374109921875 0.67283726953125 0.0378823154296875 0.6998393291015625 0.0401281435546875 0.7106042421875 0.0474094921875 0.7151074814453126 0.06079540625 0.7156455517578125 0.064856140625 0.71248778125
1 0.0933983466796875 0.667615533203125 0.0876936396484375 0.6650140810546875 0.0732790751953125 0.66449396484375 0.06818295703125 0.667283947265625 0.0662064560546875 0.67194878125 0.067928623046875 0.7116624287109375 0.0746889130859375 0.715788900390625 0.09012539453125 0.7159053173828125 0.0931776787109375 0.7139227333984375 0.0945657900390625 0.7050236953125 0.0933983466796875 0.667615533203125
1 0.1233552119140625 0.6886391259765625 0.1206710341796875 0.667911208984375 0.1103239375 0.6646190673828125 0.1015804130859375 0.6647716865234375 0.094527994140625 0.6733837333984375 0.09472738671875 0.7142815439453125 0.111239650390625 0.7170802119140625 0.120490765625 0.71653287109375 0.1230085244140625 0.713402033203125 0.123435318359375 0.708378388671875 0.1233552119140625 0.6886391259765625
1 0.153373896484375 0.7140295888671875 0.15528306640625 0.70550731640625 0.1560760546875 0.6919883310546875 0.1535945654296875 0.6677223876953124 0.13553259375 0.66456491015625 0.1257873515625 0.666278458984375 0.121760283203125 0.671364947265625 0.1224942001953125 0.71341101171875 0.12614833984375 0.7164341181640625 0.1359541806640625 0.7181922626953126 0.148798837890625 0.7171963359375 0.153373896484375 0.7140295888671875
1 0.1870256865234375 0.667138845703125 0.181347912109375 0.6660803681640625 0.15615272265625 0.6669060126953125 0.158510412109375 0.7135540693359375 0.1636940615234375 0.7157787548828125 0.188895984375 0.715338853515625 0.190892685546875 0.7118312509765625 0.187449876953125 0.69144069921875 0.1886023271484375 0.6690406318359375 0.1870256865234375 0.667138845703125
1 0.2201512119140625 0.6785223359375 0.21794578125 0.670071884765625 0.2091281923828125 0.665981322265625 0.19524815234375 0.6666094599609375 0.190253033203125 0.67518559765625 0.190109033203125 0.69641048046875 0.1929769169921875 0.7133383154296875 0.19558894140625 0.7156078896484375 0.21673012890625 0.7183257587890625 0.2206023349609375 0.7043671650390625 0.2201512119140625 0.6785223359375
1 0.2490652685546875 0.713902734375 0.2499727216796875 0.7069413916015626 0.24889954296875 0.6749336416015626 0.2467547109375 0.6699548837890625 0.2441494208984375 0.6680710537109374 0.2343637802734375 0.6674701396484375 0.2225545068359375 0.66883385546875 0.2205645390625 0.672727203125 0.220299341796875 0.687008697265625 0.221345587890625 0.71747347265625 0.2260014453125 0.7189356494140625 0.2450382001953125 0.71898922265625 0.2490652685546875 0.713902734375
1 0.2786832578125 0.671712736328125 0.27451479296875 0.668698607421875 0.2570008115234375 0.6674608701171875 0.251370169921875 0.6691025986328125 0.249921458984375 0.6745299423828125 0.2509542392578125 0.70422323046875 0.248618275390625 0.7177691494140624 0.2728386806640625 0.7200474091796875 0.277934798828125 0.7172574267578125 0.278923048828125 0.7149250087890625 0.2786832578125 0.671712736328125
1 0.3128845654296875 0.6857784775390625 0.3079863134765625 0.67042952734375 0.3028026640625 0.6682048408203125 0.293010291015625 0.66721818359375 0.2832650498046875 0.668931732421875 0.28028009765625 0.67477175390625 0.2795073095703125 0.68944796875 0.2800122978515625 0.718378748046875 0.2831386455078125 0.7206393447265625 0.3072984521484375 0.7194459111328125 0.31070346484375 0.7081965009765625 0.3128845654296875 0.6857784775390625
1 0.3406959072265625 0.716933650390625 0.343011671875 0.702230501953125 0.342194353515625 0.68488101171875 0.3400158564453125 0.6779735361328125 0.3342303515625 0.670743158203125 0.31365062109375 0.670716517578125 0.3116269873046875 0.672681146484375 0.3151236611328125 0.6961576474609374 0.3129358271484375 0.7181899267578125 0.31399141015625 0.7197149462890625 0.33716296484375 0.7208539306640624 0.3406959072265625 0.716933650390625
1 0.344390447265625 0.72227121875 0.3665131533203125 0.7222709267578125 0.3710612783203125 0.7175612041015625 0.369967900390625 0.68439622265625 0.367742271484375 0.674788541015625 0.361997166015625 0.669872625 0.356833716796875 0.668805169921875 0.34552530078125 0.6693884208984375 0.3404224501953125 0.671792658203125 0.33948133203125 0.6768252822265625 0.3429376064453125 0.6979873212890625 0.3402354482421875 0.7200285771484375 0.344390447265625 0.72227121875
1 0.3700595615234375 0.7191221337890625 0.3732128427734375 0.7229257060546875 0.3943136328125 0.7233291123046875 0.399917341796875 0.7201444091796875 0.4013929853515625 0.7162600400390625 0.4014090546875 0.68770602734375 0.3990958935546875 0.6730836767578126 0.3954552197265625 0.6708320576171874 0.383592080078125 0.6691098232421875 0.37384010546875 0.67043762890625 0.3702936962890625 0.6735864208984375 0.3695747724609375 0.6913485869140625 0.37238205859375 0.704804728515625 0.3700595615234375 0.7191221337890625
1 0.42571438671875 0.724324455078125 0.42928099609375 0.7223328935546875 0.4302019150390625 0.7161430400390625 0.429447798828125 0.672939744140625 0.4180787841796875 0.67005130078125 0.4103571767578125 0.6698002216796874 0.4006725341796875 0.674985462890625 0.40025920703125 0.6807805966796875 0.4035538857421875 0.6926847861328125 0.4014805166015625 0.7212747080078125 0.408207138671875 0.7234724619140624 0.42571438671875 0.724324455078125
1 0.431565697265625 0.67637552734375 0.4313248291015625 0.72152549609375 0.4360008857421875 0.724144904296875 0.4591522421875 0.7241266572265626 0.461488205078125 0.7105807392578125 0.460848552734375 0.6739350869140625 0.455664904296875 0.671710400390625 0.4350784404296875 0.671298015625 0.431565697265625 0.67637552734375
1 0.4906726669921875 0.6730286435546875 0.4834451845703125 0.6716113544921875 0.4680154365234375 0.671880681640625 0.4634471103515625 0.675433173828125 0.4620993974609375 0.686646673828125 0.462745783203125 0.7236780703125 0.4771872802734375 0.72574116015625 0.4869527216796875 0.7251848427734375 0.49202190625 0.72085188671875 0.4932846904296875 0.67529821875 0.4906726669921875 0.6730286435546875
1 0.495161720703125 0.7238839697265625 0.4982342041015625 0.7230586171875 0.5013538203125 0.724933470703125 0.5157818505859375 0.7262250732421875 0.5193013271484375 0.7215333056640625 0.522400744140625 0.722250927734375 0.523910052734375 0.7202952763671875 0.525203900390625 0.7059958271484374 0.522544744140625 0.7010260458984375 0.5226079453125 0.6751722392578124 0.5174377626953125 0.673719041015625 0.5087615712890625 0.6777290966796875 0.4973319580078125 0.6713689599609375 0.49431333984375 0.675280263671875 0.4939067470703125 0.6814611396484375 0.495161720703125 0.7238839697265625
1 0.5436750693359375 0.673646927734375 0.5257140947265625 0.6762756064453125 0.523946322265625 0.6928984951171875 0.526589408203125 0.7264222880859375 0.5507963466796875 0.727929060546875 0.5533410380859375 0.726341197265625 0.5547762822265625 0.720142365234375 0.554563423828125 0.6784730673828125 0.549346109375 0.6743196630859375 0.5436750693359375 0.673646927734375
1 0.5647758583984375 0.6740503349609375 0.5601671328125 0.6752883642578125 0.55766283984375 0.679190689453125 0.5559126630859375 0.7262963095703125 0.5600743955078125 0.7289246953125 0.585810841796875 0.729633046875 0.58828146875 0.72380200390625 0.58746675390625 0.6771270146484375 0.5776474482421875 0.6745973828125 0.5647758583984375 0.6740503349609375
1 0.6197832216796875 0.730583501953125 0.621252130859375 0.726313388671875 0.6205653466796875 0.6869675302734375 0.6189348408203125 0.681979794921875 0.6100633857421875 0.6748032841796875 0.6013131279296875 0.674570158203125 0.5941395126953125 0.6762388193359375 0.5900855107421875 0.6797823330078125 0.5892588564453125 0.691372599609375 0.58929665234375 0.7230125615234375 0.5914549501953125 0.728762806640625 0.60230290625 0.7312744833984375 0.6197832216796875 0.730583501953125
1 0.6523322958984376 0.6794675341796875 0.6430138486328125 0.6761574365234375 0.6347846494140625 0.676301078125 0.624552015625 0.6795665791015625 0.6220275234375 0.6823116728515625 0.6233565625 0.7289776845703125 0.6306042451171875 0.7315522041015625 0.6506561845703125 0.7308163359375 0.6536882685546875 0.7276765205078125 0.654084 0.69139865625 0.6523322958984376 0.6794675341796875
1 0.6872001884765625 0.73172190234375 0.68871623046875 0.7301519951171875 0.6879419150390625 0.6857914677734375 0.6857903505859375 0.680426966796875 0.67595084375 0.6767401025390625 0.6666929951171875 0.67690169921875 0.6585041953125 0.6793598037109375 0.655512509765625 0.684814080078125 0.6552607802734375 0.6998670625 0.6552447099609375 0.72842107421875 0.6568415498046875 0.731480091796875 0.6630403818359375 0.7329153359375 0.6872001884765625 0.73172190234375
1 0.7202837880859375 0.6817541875 0.70528756640625 0.67738561328125 0.691955515625 0.6799334921875 0.6894444912109375 0.6834500732421875 0.6890580966796875 0.6907881806640624 0.688961228515625 0.71471326953125 0.6912945888671875 0.7304928505859375 0.7026636025390625 0.73338129296875 0.7175924921875 0.733892431640625 0.7216060947265625 0.728034455078125 0.7202837880859375 0.6817541875
1 0.7545632900390625 0.7297743525390625 0.7558773369140624 0.7166321328125 0.753762041015625 0.6838708505859376 0.7475228095703125 0.68012114453125 0.727971728515625 0.680076548828125 0.7234236025390625 0.684786271484375 0.722583482421875 0.69560505078125 0.723223134765625 0.732250703125 0.7309784072265625 0.734430501953125 0.74692248046875 0.734152197265625 0.7525531220703126 0.73251046875 0.7545632900390625 0.7297743525390625
1 0.7898160498046874 0.7156538701171875 0.78874287109375 0.683646119140625 0.78612411328125 0.6809908017578125 0.7783688408203125 0.6788110029296875 0.761429783203125 0.6810359814453125 0.7573555830078125 0.6834222646484375 0.7563942646484375 0.68729765625 0.7566407890625 0.7308956728515625 0.75873848828125 0.7331742255859375 0.78344628515625 0.733900533203125 0.78696576171875 0.729208765625 0.7898160498046874 0.7156538701171875
1 0.811253498046875 0.735344462890625 0.8225551806640625 0.7343754677734375 0.82491134375 0.7219867822265625 0.8253878720703125 0.690337841796875 0.82481294921875 0.6868751259765625 0.8211520751953125 0.6834662763671875 0.8103243193359375 0.682111830078125 0.7990226357421875 0.68308082421875 0.7944273779296875 0.6850903408203125 0.791950017578125 0.690535640625 0.7903236416015625 0.7152591484375 0.7900786435546875 0.730697875 0.79269066796875 0.7329674482421875 0.811253498046875 0.735344462890625
1 0.855505642578125 0.7357296220703125 0.857515810546875 0.732993505859375 0.859447783203125 0.69630296484375 0.8577297451171875 0.6863005615234375 0.848925623046875 0.6829814873046876 0.838124798828125 0.6831700166015625 0.8314722412109375 0.685215443359375 0.8279594970703125 0.6902929541015626 0.82656465234375 0.6988062490234375 0.8254324013671875 0.722363546875 0.8282262216796875 0.735048203125 0.838025328125 0.7364206025390625 0.855505642578125 0.7357296220703125
1 0.87005334375 0.6849278681640625 0.861356953125 0.687780693359375 0.8586682607421875 0.7105934375 0.8585781259765625 0.7349042685546875 0.8838204482421875 0.736778830078125 0.886805400390625 0.7309388095703125 0.8859072841796874 0.70896039453125 0.8882163134765625 0.6938715029296875 0.8865319423828125 0.6857978173828125 0.87005334375 0.6849278681640625
1 0.8998909248046875 0.6847929130859375 0.8906802080078124 0.68765471484375 0.8875512568359375 0.7147196181640625 0.8878946484375 0.734392546875 0.893606087890625 0.7373797431640625 0.91778609375 0.737343541015625 0.92029038671875 0.733441216796875 0.921640703125 0.692902216796875 0.9179057646484375 0.6852501845703125 0.8998909248046875 0.6847929130859375
1 0.9507500224609375 0.7394691826171875 0.9538090400390625 0.737872341796875 0.954763625 0.7336112060546875 0.9533646494140625 0.7124132578125 0.9555726826171875 0.6915382099609375 0.9518983427734375 0.6873578720703125 0.932834654296875 0.6857613232421875 0.925139978515625 0.6870532177734375 0.9226356865234375 0.6909555419921874 0.92277448046875 0.72838166015625 0.924986642578125 0.73721785546875 0.9327621162109375 0.740554884765625 0.9507500224609375 0.7394691826171875
1 0.977975578125 0.73706465234375 0.98093359765625 0.72968165625 0.97967601953125 0.716584326171875 0.9838605546875 0.691044443359375 0.9822435146484375 0.6868281953125 0.968316341796875 0.684756126953125 0.9565138017578125 0.6865055859375 0.9544834345703125 0.688084470703125 0.9538049091796875 0.7081610986328125 0.953559912109375 0.7235998251953125 0.9558394072265625 0.73629345703125 0.967709279296875 0.7384014345703125 0.977975578125 0.73706465234375
1 1 0.6859296025390625 0.9909870390625 0.686675576171875 0.985403529296875 0.691017509765625 0.9827283037109374 0.7146017412109374 0.983105361328125 0.7362033896484375 0.9893243935546875 0.7387958642578125 1 0.73946644140625 1 0.6859296025390625
1 0.0047759130859375 0.7779753125 0.0114621376953125 0.777858603515625 0.0144942216796875 0.7747187890625 0.01238566015625 0.74234325 0.005632103515625 0.738602521484375 0.00408912890625 0.7386294541015626 0.0047759130859375 0.7779753125
1 0.033083984375 0.77863877734375 0.0356286767578125 0.7770509150390625 0.0350092236328125 0.7415624931640625 0.030860958984375 0.7397055947265625 0.015965734375 0.74112317578125 0.0135085732421875 0.74772570703125 0.0135127041015625 0.7774369501953124 0.033083984375 0.77863877734375
1 0.0535316552734375 0.7416250439453125 0.0509061650390625 0.738583982421875 0.0437056162109375 0.7387096689453125 0.0360446064453125 0.74193028125 0.0350832890625 0.745805673828125 0.0366505927734375 0.7766472158203125 0.052120740234375 0.778692349609375 0.055687349609375 0.7767007890625 0.0566621337890625 0.7735968837890626 0.05450159375 0.767718185546875 0.0535316552734375 0.7416250439453125
1 0.0591690302734375 0.7403690595703125 0.0556158876953125 0.7431321083984375 0.0546747685546875 0.748164732421875 0.0551797578125 0.777095509765625 0.060376873046875 0.78009168359375 0.07219961328125 0.77949945703125 0.074216513671875 0.7771490830078125 0.0736307275390625 0.743589380859375 0.0678990869140625 0.739444953125 0.0591690302734375 0.7403690595703125
1 0.073664392578125 0.7455180986328125 0.075793154296875 0.779050869140625 0.0886782109375 0.7803694052734375 0.10049421875 0.7793914326171875 0.1044674208984375 0.7712189951171875 0.10292031640625 0.7415346845703125 0.0926001513671875 0.7397855166015626 0.0746257109375 0.74164270703125 0.073664392578125 0.7455180986328125
1 0.1106325869140625 0.77072551953125 0.110720119140625 0.7757401884765625 0.124193564453125 0.781292927734375 0.137071888671875 0.78222571875 0.1395829140625 0.77870913671875 0.1389701943359375 0.7436064599609375 0.1348151962890625 0.741363818359375 0.1307005966796875 0.7414356396484375 0.1270397236328125 0.7380267880859375 0.122925123046875 0.738098609375 0.11834333203125 0.74087961328125 0.1195941767578125 0.7535912001953124 0.1157017724609375 0.7663925634765625 0.1106325869140625 0.77072551953125
1 0.159208060546875 0.7829969140625 0.1610229658203125 0.76907423046875 0.1600844501953125 0.7447813544921875 0.1548806025390625 0.7413994365234375 0.140993828125 0.7416418310546875 0.1394912529296875 0.7439832265625 0.139636779296875 0.7817950869140625 0.159208060546875 0.7829969140625
1 0.183729931640625 0.7435968974609375 0.18268108203125 0.7424576220703125 0.165173833984375 0.74160562890625 0.162629142578125 0.7431934912109375 0.1617149560546875 0.7497690888671875 0.1617594853515625 0.781794794921875 0.16539342578125 0.783660669921875 0.18081644140625 0.783005599609375 0.1838754580078125 0.781408759765625 0.1843426513671875 0.778699576171875 0.183729931640625 0.7435968974609375
1 0.183289671875 0.747849056640625 0.1849377744140625 0.7833195224609375 0.2004146552734375 0.78575040234375 0.2096523046875 0.7844315732421875 0.2054232412109375 0.777945751953125 0.205392177734375 0.746691533203125 0.203795337890625 0.7436325166015625 0.18579396484375 0.7439467314453125 0.183289671875 0.747849056640625
1 0.2181695029296875 0.7418381689453125 0.210474828125 0.7431300634765625 0.2053854453125 0.7463057890625 0.2060520302734375 0.7844944169921875 0.2179151689453125 0.7862166513671875 0.2256165771484375 0.7853105009765625 0.228621728515625 0.7806277109375 0.2280157421875 0.7459107763671875 0.2243616025390625 0.7428876689453126 0.2181695029296875 0.7418381689453125
1 0.2434320244140625 0.7448699619140625 0.23160255078125 0.7450764462890626 0.228590666015625 0.7493734921875 0.2286823271484375 0.7840994033203125 0.232316267578125 0.785965279296875 0.249810048828125 0.78604578515625 0.2523412744140625 0.7836864345703125 0.2496753857421875 0.7783309111328125 0.248608939453125 0.746708904296875 0.2434320244140625 0.7448699619140625
1 0.24967798828125 0.749005412109375 0.2502907080078125 0.7841080888671875 0.2539515810546875 0.787516939453125 0.2709310380859375 0.7876064228515625 0.273462263671875 0.7852470732421875 0.2702779189453125 0.7501892841796876 0.266623779296875 0.7471661767578125 0.25631034765625 0.74580275390625 0.24967798828125 0.749005412109375
1 0.28895934375 0.7888351826171875 0.2925192197265625 0.7864578779296875 0.29138544140625 0.7509784345703125 0.2846318857421875 0.7472377060546875 0.2753673037109375 0.74701355859375 0.2723082861328125 0.7486103984375 0.27297487109375 0.786799025390625 0.28895934375 0.7888351826171875
1 0.3067882568359375 0.7491661318359375 0.2979976015625 0.746618544921875 0.293395609375 0.748242318359375 0.293547869140625 0.7864399228515625 0.29718854296875 0.7886915419921875 0.3126384912109375 0.7895794453125 0.3146351923828125 0.786071841796875 0.3150443896484375 0.7505654658203125 0.312953423828125 0.7486726572265625 0.3067882568359375 0.7491661318359375
1 0.3352822548828125 0.789955919921875 0.3368117626953125 0.7891574990234375 0.335089595703125 0.7494438525390625 0.3293916220703125 0.7472281435546875 0.318584064453125 0.7470309287109375 0.31454353125 0.7513459306640625 0.315710974609375 0.7887540927734376 0.3352822548828125 0.789955919921875
1 0.3361721103515625 0.7525118466796875 0.3362974375 0.7891664765625 0.3388959951171875 0.7906645634765626 0.3553678603515625 0.79114876953125 0.3579058193359375 0.789175162109375 0.3587552763671875 0.7494166279296876 0.356644111328125 0.746366587890625 0.3391772626953125 0.7478290576171875 0.3361721103515625 0.7525118466796875
1 0.3623420849609375 0.7485822978515625 0.35928980078125 0.750564880859375 0.3584362138671875 0.7606121728515625 0.3579058193359375 0.789175162109375 0.3605178427734375 0.7914447373046875 0.378539416015625 0.7922877529296874 0.380084994140625 0.7629353203125 0.3788341484375 0.7502237333984375 0.3705578173828125 0.7476671689453125 0.3623420849609375 0.7485822978515625
1 0.4050512548828125 0.7489943896484375 0.398304431640625 0.745639404296875 0.3905895576171875 0.745774068359375 0.3824411572265625 0.7505466337890625 0.3810261123046875 0.757902697265625 0.380576515625 0.7910946123046875 0.385753431640625 0.7929335546875 0.4016975048828125 0.7926552490234375 0.40420853125 0.7891386689453125 0.4031061767578125 0.7554594912109375 0.4050512548828125 0.7489943896484375
1 0.4040495380859375 0.7505553203125 0.40373460546875 0.7914621083984374 0.4130328525390625 0.7936149736328125 0.4233193525390625 0.793435421875 0.425857310546875 0.79146181640625 0.4261520439453125 0.7493977958984375 0.4240745439453125 0.7482764755859375 0.4050512548828125 0.7489943896484375 0.4040495380859375 0.7505553203125
1 0.4475060908203125 0.7937849638671876 0.4499632509765625 0.7871824326171875 0.4472393662109375 0.7490297158203125 0.4328248017578125 0.7485096005859375 0.4287775341796875 0.7524388583984375 0.4270299599609375 0.7702189794921875 0.42843566796875 0.791802671875 0.4475060908203125 0.7937849638671876
1 0.4636977646484375 0.74874243359375 0.4605781494140625 0.7468675810546875 0.4559694248046875 0.7481056103515625 0.4519288896484375 0.752420611328125 0.4505407783203125 0.7613196494140625 0.4505987734375 0.7941168427734375 0.4716995625 0.7945202490234375 0.473202138671875 0.7921788544921875 0.47313741015625 0.7589959169921875 0.4709117802734375 0.7493882353515625 0.4636977646484375 0.74874243359375
1 0.49667516015625 0.7516395625 0.491978904296875 0.747862923828125 0.482707587890625 0.7472530322265625 0.47656935546875 0.7492894814453125 0.4741121943359375 0.7558920126953125 0.4727981474609375 0.7690342314453125 0.4742577216796875 0.7937038740234375 0.4923129599609375 0.7964756083984375 0.4953719775390625 0.794878767578125 0.49634002734375 0.791389119140625 0.49667516015625 0.7516395625
1 0.5188719306640625 0.755882451171875 0.5152312568359375 0.7536308310546875 0.50803744140625 0.75414226171875 0.5023260009765625 0.7511550654296875 0.4982585341796875 0.753927091796875 0.49737541015625 0.791756908203125 0.4995000419921875 0.7955784345703125 0.50312725 0.79705856640625 0.5180359404296875 0.79641247265625 0.51997204296875 0.78943317578125 0.5188719306640625 0.755882451171875
1 0.521483955078125 0.758152025390625 0.5211016904296875 0.795201376953125 0.5242145732421875 0.796690486328125 0.541214228515625 0.797937201171875 0.5427302705078125 0.7963672939453125 0.5425106787109375 0.7543122509765625 0.5259916826171875 0.7511278408203125 0.5234402568359375 0.752329958984375 0.521483955078125 0.758152025390625
1 0.5501514873046875 0.74993440625 0.5450823037109375 0.75426736328125 0.54370092578125 0.7635521455078125 0.5437521875 0.7959635947265625 0.547392861328125 0.7982152138671875 0.56437905078125 0.79869044140625 0.56638921875 0.7959543251953125 0.56723194140625 0.7558100458984375 0.5578663623046874 0.7497997431640625 0.5501514873046875 0.74993440625
1 0.5909784208984376 0.76041174609375 0.5831154169921875 0.752060048828125 0.571813734375 0.7530290419921875 0.570812017578125 0.75458997265625 0.5671552744140625 0.7808923642578125 0.567959125 0.7974703671875 0.57777169921875 0.7996142548828125 0.5885657890625 0.799039982421875 0.591083548828125 0.7959091455078126 0.591490142578125 0.7897282685546875 0.5909784208984376 0.76041174609375
1 0.6165936708984375 0.7541767119140625 0.6144623056640625 0.74996944140625 0.599533416015625 0.7494583037109375 0.5959870068359375 0.752607095703125 0.5930626533203125 0.761918810546875 0.5931610478515625 0.7970304658203125 0.6019651708984375 0.8003495400390624 0.6138013779296875 0.8005287998046875 0.6168469287109375 0.79816047265625 0.6170784599609375 0.7819502587890625 0.6165936708984375 0.7541767119140625
1 0.6206274716796875 0.749475966796875 0.61764925390625 0.7557017314453125 0.61678893359375 0.765363279296875 0.616853662109375 0.7985462158203125 0.637974650390625 0.800106853515625 0.639483958984375 0.7981512021484375 0.64036708203125 0.76032138671875 0.638669244140625 0.7514762138671875 0.62833561328125 0.7489555595703125 0.6206274716796875 0.749475966796875
1 0.6551343759765625 0.7515746748046875 0.6515341015625 0.751637517578125 0.64848855078125 0.754005845703125 0.644868076171875 0.75291145703125 0.640468080078125 0.7661075419921874 0.6410471337890625 0.7992815009765625 0.6477737568359375 0.8014792548828125 0.6621681220703125 0.800842138671875 0.66366396484375 0.798115 0.6623551240234375 0.7526062197265625 0.6551343759765625 0.7515746748046875
1 0.687150453125 0.7583471962890626 0.684477830078125 0.752605927734375 0.6762216982421875 0.7512065947265625 0.6680059658203125 0.75212172265625 0.6635588369140625 0.7626176015625 0.6647262802734375 0.800025763671875 0.6662961884765625 0.8015418056640625 0.684324494140625 0.8027705654296875 0.686862453125 0.800796958984375 0.6880957021484375 0.7830258154296875 0.687150453125 0.7583471962890626
1 0.6877792421875 0.764895861328125 0.6873767783203125 0.8007879814453125 0.69101071875 0.802653857421875 0.7080036416015625 0.803514828125 0.7105416005859375 0.8015412216796876 0.7102479423828125 0.7552429990234375 0.7004353701171875 0.7530991103515625 0.690162337890625 0.7540501494140625 0.6877792421875 0.764895861328125
1 0.7112403232421876 0.78262182421875 0.7110895908203125 0.803460962890625 0.7342476796875 0.803828458984375 0.73613251953125 0.764437712890625 0.7345087470703126 0.759835720703125 0.727267798828125 0.7576469453125 0.724622109375 0.75344865234375 0.7138482177734375 0.75518015625 0.7112403232421876 0.78262182421875
1 0.7457228974609375 0.75385205859375 0.736986107421875 0.7543904208984376 0.7355037314453124 0.7578890478515625 0.7352695966796875 0.8034247607421875 0.7435459287109375 0.8059813251953125 0.759496734375 0.806088763671875 0.7608268505859375 0.764392533203125 0.7591761455078125 0.75824756640625 0.75241585546875 0.75412109375 0.7457228974609375 0.75385205859375
1 0.7846919228515625 0.805263119140625 0.7856330419921875 0.8002304951171875 0.7850809208984375 0.7685995107421875 0.782361166015625 0.760158037109375 0.7802567353515625 0.7574937421875 0.775377380859375 0.7579647724609375 0.7668371533203125 0.755026953125 0.76274275390625 0.7562560048828125 0.7602451943359375 0.7605440732421875 0.761019509765625 0.804904599609375 0.7631037431640625 0.8064116650390625 0.7826548232421875 0.8064562607421875 0.7846919228515625 0.805263119140625
1 0.784405 0.7593506396484375 0.786123037109375 0.7693530439453125 0.7862416318359375 0.8056219296875 0.7981317041015625 0.8088871396484375 0.8089325283203125 0.8086986103515625 0.8107163701171874 0.763521708984375 0.808063947265625 0.758937671875 0.798237908203125 0.7560222958984375 0.784405 0.7593506396484375
1 0.82870427734375 0.762436005859375 0.813294728515625 0.7638625634765625 0.8119537490234375 0.7754618076171875 0.8127374013671875 0.790882578125 0.8104755029296875 0.808671677734375 0.82953919140625 0.8102682265625 0.834087318359375 0.8055585029296874 0.834483048828125 0.769280638671875 0.832344951171875 0.764687625 0.82870427734375 0.762436005859375
1 0.8592757734375 0.8043471142578125 0.8603676259765625 0.778475353515625 0.8586091884765625 0.7661584873046875 0.848241892578125 0.7617091142578125 0.84313230859375 0.7637276083984375 0.8390042421875 0.7630279423828125 0.8354443662109375 0.7654052470703125 0.8360301533203125 0.79896494921875 0.8336201259765625 0.8082676865234375 0.8393180986328125 0.8104833955078125 0.8573329384765624 0.81094066796875 0.8592757734375 0.8043471142578125
1 0.8679007041015625 0.767925609375 0.863833236328125 0.7706976357421875 0.861362609375 0.7765286796875 0.8593633056640625 0.809361783203125 0.860933212890625 0.8108778251953125 0.880477560546875 0.8105366767578125 0.8829549208984375 0.8050913779296875 0.884419701171875 0.77111001953125 0.876123169921875 0.767396224609375 0.8679007041015625 0.767925609375
1 0.90859297265625 0.77068807421875 0.905412759765625 0.76534152734375 0.8950589287109375 0.761663642578125 0.8878920458984375 0.763718046875 0.885455083984375 0.77147780859375 0.883536578125 0.8089398369140625 0.88563427734375 0.811218388671875 0.9036491162109375 0.8116756611328125 0.90722919140625 0.8104555859375 0.90817704296875 0.80580870703125 0.90859297265625 0.77068807421875
1 0.9098008154296875 0.8104106982421875 0.9298662216796875 0.81044631640625 0.931341865234375 0.806561947265625 0.9301272890625 0.7664535791015625 0.9228324755859375 0.761178853515625 0.912492111328125 0.758272455078125 0.90587321875 0.762246599609375 0.905412759765625 0.76534152734375 0.9096687548828125 0.7733703251953125 0.91039180859375 0.78531940234375 0.9082241748046875 0.8085089130859375 0.9098008154296875 0.8104106982421875
1 0.9591894775390625 0.8103203388671875 0.960157529296875 0.8068306904296875 0.960274595703125 0.784062833984375 0.9579412353515625 0.7682832529296875 0.9506531552734375 0.76339426953125 0.9460578955078125 0.765403787109375 0.940380123046875 0.7643453095703125 0.9331930390625 0.765242482421875 0.931804927734375 0.7741415205078125 0.9329454384765625 0.81000670703125 0.9371071708984375 0.81263509375 0.955622869140625 0.8123119013671874 0.9591894775390625 0.8103203388671875
1 0.9818063076171875 0.809153837890625 0.9831566240234375 0.7686148388671875 0.977952775390625 0.765232919921875 0.9686747275390625 0.7642372861328125 0.960980052734375 0.7655291806640625 0.9584488271484375 0.76788853125 0.960059134765625 0.77171903515625 0.9596903359375 0.809539873046875 0.965381576171875 0.8113698388671875 0.979268349609375 0.8111274443359375 0.9818063076171875 0.809153837890625
1 1 0.764835232421875 0.9959406826171875 0.7641472177734375 0.9918530166015626 0.765762013671875 0.9887401337890624 0.764272904296875 0.9841852734375 0.7685968828125 0.9812919833984375 0.8091628154296875 0.9834031484375 0.8122128544921875 0.9967890634765625 0.81275092578125 1 0.81087026171875 1 0.764835232421875
1 0.051549947265625 0.8049408779296875 0.038116900390625 0.8017026005859375 0.026801751953125 0.801900107421875 0.024182994140625 0.7992447900390625 0.0082793203125 0.8018375576171874 0.0052270361328125 0.803820140625 0.0060080849609375 0.8485664111328125 0.017803892578125 0.8464312080078125 0.029646833984375 0.8469962119140625 0.035344806640625 0.8492119208984374 0.0430596806640625 0.8490772568359375 0.0472012138671875 0.8505484111328125 0.0559312705078125 0.8496243046875 0.0588960234375 0.842627052734375 0.057429716796875 0.8175716669921875 0.074748435546875 0.8076228369140624 0.0762308115234375 0.8041242099609375 0.064360939453125 0.802016232421875 0.051549947265625 0.8049408779296875
1 0.0221448173828125 0.888800173828125 0.032918708984375 0.8870686689453126 0.0514546064453125 0.8879027080078125 0.05447995703125 0.8843771494140625 0.0528965830078125 0.8820896201171875 0.05432509375 0.8755050439453125 0.0528857197265625 0.8519926328125 0.021410900390625 0.846754109375 0.012714509765625 0.84960693359375 0.0060215517578125 0.8493378984375 0.00668813671875 0.887526525390625 0.0221448173828125 0.888800173828125
1 0.1196832353515625 0.817642611328125 0.129280345703125 0.807442701171875 0.1287256220703125 0.805137216796875 0.1183919912109375 0.8026165625 0.0792628955078125 0.8009843955078125 0.0680016123046875 0.8042678515625 0.057883443359375 0.8140909951171875 0.05735978125 0.8430397294921875 0.05954501171875 0.85033294921875 0.111044837890625 0.85329262890625 0.1192605712890625 0.8523775009765625 0.1196832353515625 0.817642611328125
1 0.06008626953125 0.851866947265625 0.0565061943359375 0.8530870205078125 0.055517943359375 0.8554194384765625 0.055508607421875 0.8843591943359375 0.0581408310546875 0.8877859990234375 0.06385900390625 0.891158939453125 0.119981021484375 0.893652078125 0.1198691611328125 0.8577689345703124 0.1182723203125 0.85470991796875 0.06008626953125 0.851866947265625
1 0.121825462890625 0.851946869140625 0.1275638349609375 0.8564770400390626 0.152812890625 0.8587373447265625 0.1682359052734375 0.8580822734375 0.1775341533203125 0.8602351396484375 0.1826504697265625 0.858602388671875 0.1844519091796875 0.8439082177734375 0.183153931640625 0.8284964248046875 0.189496763671875 0.808706787109375 0.18432658203125 0.807253587890625 0.16761775390625 0.8079311025390625 0.156519369140625 0.805809658203125 0.1374826123046875 0.8057560849609375 0.1323595625 0.807003091796875 0.121232943359375 0.8180014228515625 0.121825462890625 0.851946869140625
1 0.18690386328125 0.895956685546875 0.18648640625 0.872040576171875 0.18321866015625 0.861679361328125 0.179598185546875 0.86058497265625 0.164181904296875 0.8616257880859375 0.16004037109375 0.8601546337890625 0.133255076171875 0.8583070048828125 0.12451155078125 0.8584596240234375 0.120965142578125 0.8616084169921875 0.1224920478515625 0.89013549609375 0.1256655283203125 0.895096298828125 0.16379290625 0.8982893955078125 0.18690386328125 0.895956685546875
1 0.2049063125 0.807280228515625 0.1957023291015625 0.8105277744140625 0.187127134765625 0.8203239853515625 0.1860824150390625 0.848895953125 0.1883349775390625 0.8600466103515625 0.1945742080078125 0.8637963173828125 0.1991963994140625 0.863329775390625 0.20594322265625 0.8666847607421875 0.214138755859375 0.864612400390625 0.220337587890625 0.86604764453125 0.231131677734375 0.86547337109375 0.2471296181640625 0.8682810166015625 0.248947125 0.82503283203125 0.2575155869140625 0.814850876953125 0.256433072265625 0.8117828837890625 0.2301149677734375 0.8072260712890625 0.227055951171875 0.8088229111328125 0.2116396689453125 0.8098637255859376 0.2049063125 0.807280228515625
1 0.195596125 0.8633926181640625 0.1904730751953125 0.864639625 0.188977232421875 0.867366763671875 0.1899898134765625 0.8959028203125 0.2065222763671875 0.89985871875 0.23383536328125 0.902468857421875 0.24925837890625 0.9018137861328125 0.2492879140625 0.87403126171875 0.24710941796875 0.86712378515625 0.195596125 0.8633926181640625
1 0.3197814951171875 0.9040555517578125 0.3196898330078125 0.8693296396484375 0.317077810546875 0.86706006640625 0.2903059794921875 0.8659839248046876 0.2774680556640625 0.867365595703125 0.25581254296875 0.864656703125 0.2512240166015625 0.86705196484375 0.2511944814453125 0.8948344892578125 0.2554302783203125 0.9017060546875 0.265256318359375 0.9046214306640625 0.2771059912109375 0.905572177734375 0.3197814951171875 0.9040555517578125
1 0.2570214619140625 0.8160170869140625 0.2504968330078125 0.8253916435546875 0.250043107421875 0.8288723154296875 0.2500203046875 0.8570405830078125 0.252719859375 0.864324826171875 0.2743619072265625 0.8662622294921875 0.3077795615234375 0.8649072001953125 0.3175248037109375 0.8631936513671875 0.3173160751953125 0.851235595703125 0.3151981767578125 0.8477998125 0.3166738193359375 0.843915443359375 0.315103912109375 0.8423994013671875 0.3199037685546875 0.8226366962890626 0.3172378798828125 0.817281171875 0.312541623046875 0.813504533203125 0.308460689453125 0.815505072265625 0.3058486650390625 0.813235498046875 0.2667128369140625 0.811217587890625 0.2570214619140625 0.8160170869140625
1 0.3336356796875 0.8135221962890625 0.3265024619140625 0.8175053203125 0.322488859375 0.8233632958984375 0.3211815458984375 0.8368912578125 0.3215788037109375 0.85965013671875 0.3237169013671875 0.8642431513671875 0.3345177265625 0.8640546220703125 0.3479440400390625 0.8669071552734375 0.36028110546875 0.86630594921875 0.373693953125 0.868386994140625 0.38859591015625 0.867355158203125 0.3900917529296875 0.86462801953125 0.3889015068359375 0.855388125 0.39085780859375 0.84956605859375 0.391354537109375 0.8190743515625 0.3933714375 0.816723978515625 0.3891827734375 0.8125526181640625 0.3510553955078125 0.809359521484375 0.3438615791015625 0.809870951171875 0.3336356796875 0.8135221962890625
1 0.3939437578125 0.849512193359375 0.392088453125 0.8611204150390624 0.3931911689453125 0.865345640625 0.3963242509765625 0.8679919814453125 0.4060762255859375 0.8666641767578125 0.4488729267578125 0.8720909375 0.4560667431640625 0.8715795068359375 0.4590786279296875 0.8672824609375 0.461300126953125 0.847178900390625 0.4623717783203125 0.820149908203125 0.4602471474609375 0.816328380859375 0.455070232421875 0.8144894384765625 0.409775970703125 0.8133507470703125 0.39402042578125 0.824429875 0.392612115234375 0.8321716826171875 0.3939437578125 0.849512193359375
1 0.3872590615234375 0.9086656455078125 0.3897970205078125 0.9066920380859375 0.3907474736328125 0.8727196591796875 0.3875874599609375 0.86853034375 0.3268095849609375 0.8645750302734375 0.3232766416015625 0.8684953095703125 0.3229441123046875 0.8789193671875 0.3228337783203125 0.9020729677734375 0.3275367685546875 0.9062353505859375 0.364601830078125 0.90751768359375 0.376471703125 0.9096256611328125 0.3872590615234375 0.9086656455078125
1 0.4475226103515625 0.9126299365234375 0.456266134765625 0.9124773173828125 0.4588108271484375 0.910889455078125 0.459801681640625 0.8792315390625 0.458672033203125 0.873463337890625 0.4560532763671875 0.8708080205078125 0.398368083984375 0.867184583984375 0.39477454296875 0.8676331708984375 0.3922500498046875 0.8703782646484375 0.3936086259765625 0.8892617509765625 0.3918543193359375 0.9066561279296875 0.3975590263671875 0.9092575810546875 0.4475226103515625 0.9126299365234375
1 0.4626991015625 0.8683768486328125 0.4642824755859375 0.87066437890625 0.5245594921875 0.8754001572265625 0.52967580859375 0.873767408203125 0.5352417216796875 0.8389427421875 0.535994310546875 0.823109294921875 0.5328477626953125 0.8196914677734375 0.481936326171875 0.8209659912109375 0.4778553935546875 0.8229665302734375 0.47577116015625 0.8214594658203125 0.469152267578125 0.825433611328125 0.4655385263671875 0.824724966796875 0.462587240234375 0.8324937060546875 0.4641006796875 0.860249298828125 0.4626991015625 0.8683768486328125
1 0.46392041015625 0.9088709609375 0.4670804248046875 0.9130602763671875 0.4871794970703125 0.91502461328125 0.505681728515625 0.91392993359375 0.5139445947265625 0.915715009765625 0.5298684677734375 0.914279474609375 0.531313048828125 0.87914088671875 0.528660625 0.874556849609375 0.51993730078125 0.87586669921875 0.4807745390625 0.872305814453125 0.463294224609375 0.8729967958984375 0.4624945029296875 0.8861300380859375 0.4652748564453125 0.8980432041015625 0.46392041015625 0.9088709609375
1 0.5976878984375 0.8795257548828125 0.60485478125 0.877471349609375 0.6085788564453125 0.85502639453125 0.60806040234375 0.82532412890625 0.6049273193359375 0.8226777880859375 0.5848349814453125 0.8210991943359375 0.573553498046875 0.823225419921875 0.5601810498046875 0.8234588369140625 0.5513567275390625 0.81898253125 0.5416653515625 0.8237820302734375 0.5392755224609375 0.8342419970703125 0.5365531650390625 0.8551260234375 0.5373772158203125 0.872861255859375 0.5976878984375 0.8795257548828125
1 0.608367525390625 0.8723938388671875 0.612583123046875 0.8781081728515625 0.6193164794921875 0.8806916708984375 0.655305759765625 0.8792917529296875 0.6676966904296875 0.8817764970703125 0.677989921875 0.881982689453125 0.679512697265625 0.8807985263671875 0.682480052734375 0.8444757734375 0.679538103515625 0.8233047578125 0.6738535966796875 0.8218605361328125 0.61725765234375 0.821690837890625 0.6111396181640625 0.82488451953125 0.6092439150390625 0.8341782783203125 0.6101891640625 0.8588568984375 0.608367525390625 0.8723938388671875
1 0.68218379296875 0.82750305078125 0.6825515146484376 0.878044455078125 0.6887974794921875 0.882179904296875 0.72842743359375 0.8830316064453125 0.735668380859375 0.8852203818359375 0.75159898828125 0.8841705888671875 0.7531150302734375 0.8826006826171875 0.75506046875 0.84668162890625 0.753187568359375 0.8278071201171875 0.75058227734375 0.8259232900390625 0.733616287109375 0.82660529296875 0.7258408154296875 0.823268263671875 0.7119338408203125 0.8223534267578125 0.697546208984375 0.8233762861328126 0.68723951171875 0.822398607421875 0.6836594365234375 0.8236186806640625 0.68218379296875 0.82750305078125
1 0.768625576171875 0.886960279296875 0.7722729833984375 0.8895976416015625 0.785104173828125 0.887830228515625 0.8294034521484375 0.89091559375 0.8344011748046875 0.8530139560546875 0.83268313671875 0.843011552734375 0.825213259765625 0.827707490234375 0.82055740234375 0.8262453134765625 0.76034771875 0.8253669716796875 0.75626678515625 0.8273675107421875 0.7553458662109375 0.833557365234375 0.7546041396484375 0.8794877998046875 0.75935426171875 0.886350388671875 0.768625576171875 0.886960279296875
1 0.8962372353515625 0.829168791015625 0.8869591865234375 0.82817315625 0.8669072470703125 0.828909025390625 0.8442365498046875 0.8269895771484375 0.8293345927734375 0.8280214140625 0.827872416015625 0.832677271484375 0.833799318359375 0.8480082666015625 0.832929662109375 0.8866095703125 0.835087958984375 0.8923598154296875 0.842863431640625 0.8956968447265625 0.852087615234375 0.8936065302734375 0.85930836328125 0.8946380751953125 0.882432787109375 0.893076853515625 0.890208259765625 0.8964138828125 0.904074833984375 0.8950142568359375 0.90708671875 0.8907172109375 0.9089622216796875 0.8802662197265625 0.9100540732421875 0.8543944599609375 0.9089042265625 0.84746902734375 0.899363583984375 0.831429388671875 0.8962372353515625 0.829168791015625
1 0.909076685546875 0.8868238642578125 0.9111811181640626 0.8894881591796875 0.97194552734375 0.892671986328125 0.9842354599609375 0.88937057421875 0.9877238740234375 0.8534245888671875 0.9834746103515625 0.8457815361328125 0.970874951171875 0.831338736328125 0.9620842939453125 0.8287911494140625 0.925580689453125 0.8302000439453125 0.9070380595703125 0.82898026171875 0.902970591796875 0.8317522890625 0.9030917890625 0.83869567578125 0.9094387509765625 0.84861728125 0.909076685546875 0.8868238642578125
1 0.6811028046875 0.883471798828125 0.6784907802734375 0.8812022236328125 0.6141395634765625 0.878852728515625 0.6116150712890625 0.881597822265625 0.609907896484375 0.9016924052734375 0.609588833984375 0.9128879501953125 0.61277578125 0.918620240234375 0.6606955322265625 0.922799994140625 0.6781691142578125 0.92172326953125 0.6806868740234375 0.918592431640625 0.6811028046875 0.883471798828125
1 0.53946144921875 0.8743683212890625 0.535861173828125 0.8744311640625 0.5333501484375 0.8779477451171875 0.535155716796875 0.8929648173828125 0.5343694609375 0.9068695458984375 0.532379494140625 0.910762892578125 0.533956134765625 0.9126646787109375 0.5411970830078126 0.914853455078125 0.5725978369140625 0.9158487978515625 0.57830927734375 0.918835994140625 0.58552329296875 0.9194817958984375 0.5968249755859375 0.9185128017578125 0.600391583984375 0.916521240234375 0.6052453056640625 0.899844484375 0.6043741240234375 0.8794090458984375 0.58116890234375 0.8763413427734374 0.56831751171875 0.8769515263671875 0.5605689716796876 0.8751574716796875 0.53946144921875 0.8743683212890625
1 0.6837930234375 0.919695796875 0.691548296875 0.9218755966796875 0.7348323896484374 0.9257504033203126 0.752332904296875 0.926216654296875 0.754363271484375 0.9246377685546875 0.7542042783203124 0.886054419921875 0.75109812890625 0.8849510546875 0.737745880859375 0.8863417021484375 0.6908480458984375 0.88175825 0.685704796875 0.8818480263671875 0.6836744296875 0.8834269111328125 0.6850666708984375 0.9042391162109376 0.6826701083984374 0.9143133408203125 0.6837930234375 0.919695796875
1 0.758743068359375 0.910284453125 0.76001411328125 0.924153271484375 0.762619404296875 0.9260371025390625 0.780607310546875 0.9249513994140625 0.787367599609375 0.9290778720703124 0.80077371484375 0.930773173828125 0.819296146484375 0.930835724609375 0.82646976171875 0.929167064453125 0.8320626083984375 0.8958853740234375 0.8299177763671876 0.8909066162109375 0.7665884765625 0.8881534208984375 0.7630016689453125 0.8889877509765625 0.76047717578125 0.8917328447265624 0.758480474609375 0.89524044921875 0.758743068359375 0.910284453125
1 0.8326551279296875 0.9298308203125 0.8424609677734375 0.93158896484375 0.876934205078125 0.9317589541015625 0.8872476376953125 0.9331223779296876 0.9016285361328125 0.9317137744140624 0.9051371494140625 0.8969250205078125 0.9014964755859375 0.8946734013671875 0.8870819111328125 0.8941532861328125 0.8798409619140625 0.891964509765625 0.853122998046875 0.893974318359375 0.8376393837890626 0.8911576962890625 0.8335853837890626 0.8947012099609375 0.83080916015625 0.912499287109375 0.83003637109375 0.927175501953125 0.8326551279296875 0.9298308203125
1 0.977768828125 0.93154232421875 0.981778298828125 0.89597310546875 0.980201658203125 0.8940713203125 0.9750382099609375 0.893003865234375 0.9513657958984375 0.892645345703125 0.94256840625 0.8897120146484375 0.939516123046875 0.8916945986328125 0.9215080166015625 0.8916230693359375 0.9111676513671875 0.888716671875 0.9061725322265625 0.89729280859375 0.904404759765625 0.91391569921875 0.9046538876953125 0.928188216796875 0.910365326171875 0.931175412109375 0.977768828125 0.93154232421875
1 1 0.8340421845703125 0.98943778125 0.8337157490234375 0.97764870703125 0.8362366953125 0.985057984375 0.8480690654296875 0.988332462890625 0.8588160234375 0.9863062255859375 0.8901061513671875 0.9873685419921875 0.8920169150390626 1 0.8917964326171876 1 0.8340421845703125
1 1 0.8907587763671875 0.9878559345703125 0.890464962890625 0.984349923828125 0.8959282177734375 0.9824474873046875 0.9048362333984376 0.9818699599609375 0.930699017578125 0.987561201171875 0.932528982421875 1 0.9332928193359376 1 0.8907587763671875
1 0.9811466318359375 0.3881907431640625 0.97809434765625 0.390173326171875 0.9749089267578125 0.443477779296875 0.9752455859375 0.4627649638671875 0.99889780078125 0.4619662529296875 0.9976050302734375 0.3879034599609375 0.9811466318359375 0.3881907431640625
1 1 0.5251112109375 0.999436455078125 0.4928257490234375 0.976305298828125 0.4940012275390625 0.9742816650390625 0.4959658564453125 0.9725206259765625 0.512974490234375 0.9697283330078125 0.5593265771484375 0.9708781796875 0.566252009765625 0.9744986533203125 0.5673463984375 1 0.5661506162109375 1 0.5251112109375
1 1 0.592050982421875 0.9749632431640625 0.5939627138671875 0.9698603935546874 0.596366951171875 0.968892341796875 0.5998566005859375 0.9669577666015625 0.665872640625 0.96955632421875 0.6673707265625 0.98294223828125 0.6679087978515625 1 0.666599701171875 1 0.592050982421875
0 0.16015625 0.720703125 0.166015625 0.71875 0.18359375 0.7197265625 0.1875 0.7275390625 0.1845703125 0.732421875 0.166015625 0.7333984375 0.1611328125 0.7314453125 0.16015625 0.7216796875
0 0.7314453125 0.3603515625 0.75 0.3603515625 0.7509765625 0.3740234375 0.7236328125 0.376953125 0.720703125 0.373046875 0.720703125 0.3642578125 0.72265625 0.361328125 0.73046875 0.3603515625
0 0.2646484375 0.90625 0.28515625 0.9072265625 0.287109375 0.9091796875 0.287109375 0.9189453125 0.2802734375 0.9208984375 0.2626953125 0.919921875 0.259765625 0.912109375 0.263671875 0.90625
0 0.65625 0.734375 0.671875 0.734375 0.6748046875 0.7373046875 0.6748046875 0.74609375 0.6708984375 0.75 0.646484375 0.7470703125 0.646484375 0.7353515625 0.6552734375 0.734375
0 0.80615234375 0.74560546875 0.033203125 0.017578125
0 0.9794921875 0.744140625 0.9990234375 0.7421875 0.9990234375 0.7578125 0.98046875 0.7568359375 0.9794921875 0.7451171875
0 0.2666015625 0.72265625 0.2685546875 0.7255859375 0.2685546875 0.734375 0.263671875 0.7373046875 0.2421875 0.736328125 0.2412109375 0.724609375 0.2431640625 0.72265625 0.265625 0.72265625
0 0.0654296875 0.716796875 0.0849609375 0.71875 0.0859375 0.728515625 0.0830078125 0.73046875 0.0634765625 0.7294921875 0.060546875 0.7275390625 0.060546875 0.71875 0.064453125 0.7177734375
0 0.13671875 0.78515625 0.138671875 0.796875 0.1357421875 0.798828125 0.1162109375 0.7978515625 0.11328125 0.7939453125 0.115234375 0.78515625 0.1357421875 0.78515625
0 0.5654296875 0.546875 0.5751953125 0.548828125 0.6015625 0.548828125 0.603515625 0.5546875 0.6025390625 0.58203125 0.6015625 0.591796875 0.59765625 0.59375 0.5771484375 0.5908203125 0.556640625 0.591796875 0.5537109375 0.58984375 0.556640625 0.5595703125 0.5546875 0.5517578125 0.5576171875 0.5478515625 0.564453125 0.546875
0 0.451171875 0.3759765625 0.0517578125 0.02734375
0 0.875 0.359375 0.876953125 0.3603515625 0.8759765625 0.3740234375 0.84375 0.3740234375 0.8447265625 0.3603515625 0.8466796875 0.359375 0.8740234375 0.359375
0 0.181640625 0.3662109375 0.18359375 0.37109375 0.1787109375 0.37890625 0.1611328125 0.388671875 0.1552734375 0.3896484375 0.130859375 0.388671875 0.130859375 0.3828125 0.138671875 0.3681640625 0.1630859375 0.365234375 0.1806640625 0.3662109375
0 0.0400390625 0.9072265625 0.0400390625 0.89453125 0.0556640625 0.8935546875 0.064453125 0.8955078125 0.064453125 0.9072265625 0.056640625 0.9091796875 0.041015625 0.9072265625
0 0.0654296875 0.5595703125 0.068359375 0.568359375 0.0654296875 0.572265625 0.04296875 0.572265625 0.041015625 0.5634765625 0.0439453125 0.5595703125 0.064453125 0.5595703125
0 0.947265625 0.814453125 0.962890625 0.814453125 0.96484375 0.81640625 0.962890625 0.828125 0.951171875 0.8291015625 0.94140625 0.8291015625 0.9345703125 0.826171875 0.9345703125 0.81640625 0.9375 0.814453125 0.9462890625 0.814453125
0 0.486328125 0.798828125 0.509765625 0.798828125 0.5126953125 0.80078125 0.5126953125 0.8115234375 0.4873046875 0.8125 0.4853515625 0.8115234375 0.486328125 0.7998046875
0 0.4560546875 0.9150390625 0.4775390625 0.916015625 0.4833984375 0.9189453125 0.482421875 0.9306640625 0.4599609375 0.9296875 0.4560546875 0.9287109375 0.455078125 0.92578125 0.4560546875 0.916015625
0 0.6396484375 0.8046875 0.6640625 0.8046875 0.66796875 0.8095703125 0.66796875 0.81640625 0.6650390625 0.8193359375 0.6416015625 0.8173828125 0.638671875 0.8154296875 0.6396484375 0.8056640625
0 0.1796875 0.8994140625 0.18359375 0.90234375 0.18359375 0.9130859375 0.1689453125 0.9140625 0.1572265625 0.912109375 0.1572265625 0.900390625 0.1787109375 0.8994140625
0 0.3193359375 0.36328125 0.3232421875 0.365234375 0.3515625 0.365234375 0.3515625 0.3759765625 0.3447265625 0.3857421875 0.33203125 0.3896484375 0.3037109375 0.388671875 0.298828125 0.3857421875 0.298828125 0.380859375 0.3046875 0.3681640625 0.30859375 0.3642578125 0.318359375 0.36328125
0 0.3857421875 0.7255859375 0.392578125 0.7255859375 0.39453125 0.7275390625 0.3955078125 0.736328125 0.390625 0.740234375 0.37109375 0.7392578125 0.3681640625 0.7373046875 0.3701171875 0.7255859375 0.384765625 0.7255859375
0 0.140625 0.55859375 0.14453125 0.560546875 0.1435546875 0.572265625 0.1171875 0.5712890625 0.1171875 0.5595703125 0.1396484375 0.55859375
0 0.173828125 0.787109375 0.1982421875 0.7880859375 0.2001953125 0.7978515625 0.1982421875 0.80078125 0.1748046875 0.7998046875 0.1728515625 0.796875 0.173828125 0.7880859375
0 0.833984375 0.93994140625 0.0302734375 0.0166015625
0 0.6875 0.36865234375 0.0322265625 0.017578125
0 0.236328125 0.787109375 0.251953125 0.7880859375 0.2529296875 0.80078125 0.2509765625 0.802734375 0.2255859375 0.8017578125 0.2255859375 0.7880859375 0.2353515625 0.7880859375
0 0.30078125 0.560546875 0.3330078125 0.5625 0.3349609375 0.564453125 0.3349609375 0.5703125 0.3310546875 0.587890625 0.3291015625 0.5888671875 0.2861328125 0.5859375 0.2861328125 0.572265625 0.2900390625 0.5634765625 0.2998046875 0.560546875
0 0.220703125 0.3642578125 0.236328125 0.365234375 0.23828125 0.3671875 0.232421875 0.380859375 0.2236328125 0.38671875 0.203125 0.3896484375 0.1865234375 0.3876953125 0.1845703125 0.3857421875 0.1865234375 0.376953125 0.197265625 0.3662109375 0.2197265625 0.3642578125
0 0.3505859375 0.7919921875 0.3583984375 0.79296875 0.359375 0.8037109375 0.3564453125 0.806640625 0.3349609375 0.806640625 0.3330078125 0.8046875 0.3349609375 0.7919921875 0.349609375 0.7919921875
0 0.056640625 0.7841796875 0.0595703125 0.7822265625 0.0791015625 0.783203125 0.08203125 0.7861328125 0.0830078125 0.7939453125 0.0810546875 0.7958984375 0.0576171875 0.794921875 0.0576171875 0.78515625
0 0.9560546875 0.951171875 0.955078125 0.9404296875 0.95703125 0.9375 0.982421875 0.9384765625 0.9873046875 0.943359375 0.986328125 0.953125 0.95703125 0.951171875
0 0.974609375 0.5703125 0.9990234375 0.5693359375 0.9990234375 0.5849609375 0.9755859375 0.583984375 0.974609375 0.5712890625
0 0.798828125 0.8115234375 0.828125 0.8125 0.8271484375 0.8251953125 0.7998046875 0.8251953125 0.798828125 0.8125
0 0.494140625 0.7421875 0.494140625 0.73046875 0.501953125 0.728515625 0.521484375 0.73046875 0.521484375 0.7412109375 0.51953125 0.7431640625 0.4951171875 0.7421875
0 0.12109375 0.3623046875 0.123046875 0.3681640625 0.1162109375 0.384765625 0.1044921875 0.3896484375 0.0908203125 0.390625 0.07421875 0.388671875 0.07421875 0.380859375 0.0810546875 0.3681640625 0.0869140625 0.365234375 0.1142578125 0.361328125 0.1201171875 0.3623046875
0 0.7001953125 0.92578125 0.701171875 0.935546875 0.7001953125 0.939453125 0.697265625 0.9404296875 0.673828125 0.939453125 0.6708984375 0.9365234375 0.6708984375 0.927734375 0.6748046875 0.923828125 0.6953125 0.923828125 0.69921875 0.92578125
0 0.56640625 0.353515625 0.60546875 0.3583984375 0.60546875 0.369140625 0.6015625 0.375 0.59765625 0.37890625 0.583984375 0.3828125 0.56640625 0.380859375 0.5556640625 0.3759765625 0.5556640625 0.3583984375 0.5595703125 0.3544921875 0.5654296875 0.353515625
0 0.8251953125 0.5693359375 0.85546875 0.5693359375 0.857421875 0.57421875 0.857421875 0.58203125 0.85546875 0.583984375 0.826171875 0.583984375 0.8232421875 0.580078125 0.8251953125 0.5703125
0 0.9990234375 0.8154296875 0.9990234375 0.830078125 0.9794921875 0.8291015625 0.9765625 0.8271484375 0.9765625 0.8193359375 0.9794921875 0.8154296875 0.998046875 0.8154296875
0 0.8876953125 0.740234375 0.90234375 0.740234375 0.9033203125 0.751953125 0.900390625 0.7548828125 0.89453125 0.755859375 0.873046875 0.7548828125 0.8740234375 0.7412109375 0.88671875 0.740234375