1 0.018004115234375 0.349151234375 0.0365226337890625 0.3476080244140625 0.0406378603515625 0.3418209873046875 0.034979423828125 0.2770061728515625 0.032921810546875 0.275462962890625 0.0282921806640625 0.275462962890625 0.0036008232421875 0.2793209873046875 0.0025720166015625 0.2912808642578125 0.0056584365234375 0.3456790126953125 0.0077160498046875 0.3476080244140625 0.018004115234375 0.349151234375
1 0.039094650390625 0.3418209873046875 0.0437242802734375 0.346064814453125 0.0606995888671875 0.348765431640625 0.070987654296875 0.3452932099609375 0.0745884775390625 0.335262345703125 0.068930041015625 0.278935185546875 0.0637860078125 0.27507716015625 0.0555555556640625 0.2746913583984375 0.0385802470703125 0.275848765625 0.03600823046875 0.2800925927734375 0.0354938271484375 0.3105709873046875 0.0375514404296875 0.3190586416015625 0.03600823046875 0.3314043212890625 0.039094650390625 0.3418209873046875
1 0.0992798349609375 0.346064814453125 0.1013374482421875 0.3452932099609375 0.1003086416015625 0.338348765625 0.1033950615234375 0.3217592587890625 0.102880658203125 0.2966820986328125 0.1003086416015625 0.278935185546875 0.095164609375 0.2739197529296875 0.0715020576171875 0.27507716015625 0.07407407421875 0.3344907412109375 0.0725308642578125 0.3449074072265625 0.083847736328125 0.3476080244140625 0.0992798349609375 0.346064814453125
1 0.13786008203125 0.3464506171875 0.1399176953125 0.3452932099609375 0.1363168720703125 0.27237654296875 0.1275720166015625 0.270061728515625 0.105967078125 0.27237654296875 0.1018518515625 0.275848765625 0.1013374482421875 0.280864197265625 0.1033950615234375 0.3248456787109375 0.1003086416015625 0.3452932099609375 0.1116255146484375 0.348765431640625 0.13786008203125 0.3464506171875
1 0.1779835390625 0.3449074072265625 0.1784979423828125 0.341435185546875 0.1754115224609375 0.3221450615234375 0.1779835390625 0.3097993828125 0.1738683125 0.27237654296875 0.1712962958984375 0.2708333330078125 0.138888888671875 0.2719907412109375 0.1414609052734375 0.3445216044921875 0.1486625517578125 0.3476080244140625 0.174897119140625 0.3464506171875 0.1779835390625 0.3449074072265625
1 0.2160493828125 0.3464506171875 0.2186213994140625 0.344135802734375 0.2160493828125 0.3163580244140625 0.21810699609375 0.310185185546875 0.21399176953125 0.2746913583984375 0.2114197529296875 0.27237654296875 0.2026748974609375 0.26967592578125 0.182098765625 0.2708333330078125 0.176954732421875 0.2735339501953125 0.181069958984375 0.3456790126953125 0.1856995888671875 0.3476080244140625 0.19495884765625 0.3479938271484375 0.2160493828125 0.3464506171875
1 0.261831275390625 0.3418209873046875 0.25617283984375 0.272762345703125 0.255144033203125 0.2712191357421875 0.2484567900390625 0.26967592578125 0.223765431640625 0.2716049384765625 0.2206790126953125 0.2735339501953125 0.2186213994140625 0.2785493828125 0.2232510283203125 0.3449074072265625 0.2366255146484375 0.3479938271484375 0.259773662109375 0.346064814453125 0.261831275390625 0.3418209873046875
1 0.25617283984375 0.331790123046875 0.2515432099609375 0.335262345703125 0.2494855966796875 0.3425925927734375 0.2505144033203125 0.3452932099609375 0.2623456787109375 0.346836419921875 0.2793209873046875 0.3464506171875 0.28806584375 0.3391203701171875 0.2962962958984375 0.32137345703125 0.293209876953125 0.275848765625 0.2896090537109375 0.27044753125 0.2654320986328125 0.26967592578125 0.26080246875 0.2708333330078125 0.2577160498046875 0.275462962890625 0.259773662109375 0.300540123046875 0.258230453125 0.3202160498046875 0.255144033203125 0.3279320986328125 0.25617283984375 0.331790123046875
1 0.2993827158203125 0.3452932099609375 0.307098765625 0.346836419921875 0.3143004111328125 0.3445216044921875 0.3215020576171875 0.3356481484375 0.32818930078125 0.3344907412109375 0.3312757197265625 0.33217592578125 0.3328189296875 0.2793209873046875 0.3312757197265625 0.2712191357421875 0.32818930078125 0.2689043212890625 0.2952674892578125 0.2712191357421875 0.2937242802734375 0.27237654296875 0.2952674892578125 0.3287037041015625 0.297839505859375 0.3429783955078125 0.2993827158203125 0.3452932099609375
1 0.3713991767578125 0.3395061728515625 0.3744855966796875 0.304012345703125 0.37294238671875 0.27237654296875 0.3693415634765625 0.2685185185546875 0.3636831279296875 0.267361111328125 0.33487654296875 0.2708333330078125 0.335905349609375 0.3341049384765625 0.3410493828125 0.3398919755859375 0.3662551435546875 0.34375 0.3713991767578125 0.3395061728515625
1 0.4074074072265625 0.3445216044921875 0.4125514404296875 0.3398919755859375 0.4094650205078125 0.26967592578125 0.405864197265625 0.2677469140625 0.3837448564453125 0.2689043212890625 0.37705761328125 0.2719907412109375 0.375 0.28125 0.3744855966796875 0.338734568359375 0.3775720166015625 0.3418209873046875 0.384773662109375 0.34375 0.4074074072265625 0.3445216044921875
1 0.4495884775390625 0.3429783955078125 0.4516460908203125 0.3398919755859375 0.452160494140625 0.331790123046875 0.4516460908203125 0.255015431640625 0.44907407421875 0.252314814453125 0.4423868310546875 0.2507716044921875 0.418209876953125 0.25347222265625 0.41306584375 0.258487654296875 0.412037037109375 0.2677469140625 0.4125514404296875 0.3314043212890625 0.414094650390625 0.3395061728515625 0.418209876953125 0.3429783955078125 0.4495884775390625 0.3429783955078125
1 0.491769546875 0.338734568359375 0.488168724609375 0.2519290126953125 0.4768518515625 0.250385802734375 0.4578189296875 0.25347222265625 0.45576131640625 0.2569444443359375 0.456790123046875 0.2623456787109375 0.45318930078125 0.275462962890625 0.4552469140625 0.3398919755859375 0.45987654296875 0.3429783955078125 0.4855967080078125 0.3422067900390625 0.491769546875 0.338734568359375
1 0.501028806640625 0.3429783955078125 0.526234568359375 0.3422067900390625 0.5303497939453125 0.338734568359375 0.528806583984375 0.298611111328125 0.530864197265625 0.278935185546875 0.528806583984375 0.2708333330078125 0.528806583984375 0.252314814453125 0.5267489716796875 0.25 0.5174897119140625 0.2480709873046875 0.5041152265625 0.2492283955078125 0.492798353515625 0.2515432099609375 0.4912551435546875 0.2565586416015625 0.4912551435546875 0.3144290126953125 0.4933127568359375 0.338348765625 0.4963991767578125 0.3418209873046875 0.501028806640625 0.3429783955078125
1 0.534979423828125 0.3422067900390625 0.5673868310546875 0.3418209873046875 0.56995884765625 0.338348765625 0.5725308642578125 0.2515432099609375 0.566872427734375 0.246913580078125 0.5534979423828125 0.2457561728515625 0.5324074072265625 0.250385802734375 0.530864197265625 0.25617283984375 0.5324074072265625 0.2731481484375 0.529835390625 0.3140432099609375 0.53189300390625 0.3395061728515625 0.534979423828125 0.3422067900390625
1 0.6095679013671875 0.3422067900390625 0.61213991796875 0.338348765625 0.61419753125 0.31597222265625 0.6126543212890625 0.29205246875 0.6172839501953125 0.2519290126953125 0.6147119345703125 0.2480709873046875 0.596193416015625 0.2453703701171875 0.5812757197265624 0.2461419755859375 0.5776748974609375 0.2480709873046875 0.57407407421875 0.2654320986328125 0.5720164609375 0.3020833330078125 0.5715020576171875 0.3314043212890625 0.5735596708984375 0.3410493828125 0.579218107421875 0.3422067900390625 0.6095679013671875 0.3422067900390625
1 0.6543209873046875 0.338734568359375 0.655864197265625 0.2719907412109375 0.6543209873046875 0.2480709873046875 0.644032921875 0.244598765625 0.628086419921875 0.2457561728515625 0.6203703701171875 0.2480709873046875 0.61419753125 0.29012345703125 0.6136831279296875 0.3391203701171875 0.619855966796875 0.3422067900390625 0.651234568359375 0.3418209873046875 0.6543209873046875 0.338734568359375
1 0.67431640625 0.30419921875 0.0009765625 0.00048828125
1 0.6954732509765625 0.3398919755859375 0.6975308642578125 0.338348765625 0.6985596708984375 0.331790123046875 0.695987654296875 0.3113425927734375 0.7006172841796875 0.2527006171875 0.6995884775390625 0.246913580078125 0.6970164609375 0.2453703701171875 0.674897119140625 0.2422839501953125 0.664094650390625 0.244598765625 0.657921810546875 0.2480709873046875 0.6584362138671875 0.26967592578125 0.654835390625 0.3024691357421875 0.655864197265625 0.34027777734375 0.66100823046875 0.3418209873046875 0.68004115234375 0.3418209873046875 0.6954732509765625 0.3398919755859375
1 0.736111111328125 0.3398919755859375 0.7386831279296875 0.338348765625 0.73919753125 0.3333333330078125 0.7407407412109375 0.3144290126953125 0.7397119345703125 0.292438271484375 0.7433127568359374 0.2689043212890625 0.740226337890625 0.24652777734375 0.7345679013671875 0.244212962890625 0.721193416015625 0.2434413583984375 0.7093621396484375 0.244212962890625 0.70318930078125 0.2480709873046875 0.700102880859375 0.278163580078125 0.6995884775390625 0.3140432099609375 0.7026748974609375 0.338348765625 0.7124485595703125 0.34027777734375 0.736111111328125 0.3398919755859375
1 0.7433127568359374 0.337962962890625 0.7546296298828125 0.3395061728515625 0.7793209873046875 0.338734568359375 0.782921810546875 0.2635030859375 0.78189300390625 0.2515432099609375 0.7757201650390625 0.244598765625 0.7674897119140625 0.2422839501953125 0.758230453125 0.2422839501953125 0.7505144033203125 0.24382716015625 0.7443415634765626 0.2480709873046875 0.7422839501953125 0.29205246875 0.7422839501953125 0.2997685185546875 0.744855966796875 0.30632716015625 0.741769546875 0.3283179013671875 0.7433127568359374 0.337962962890625
1 0.820987654296875 0.338734568359375 0.8235596708984375 0.33757716015625 0.8245884775390625 0.3337191357421875 0.827160494140625 0.28472222265625 0.8266460908203125 0.2515432099609375 0.8204732509765625 0.244598765625 0.80915637890625 0.241512345703125 0.7896090537109375 0.244984568359375 0.78600823046875 0.2472993828125 0.7844650205078125 0.2511574072265625 0.782921810546875 0.33487654296875 0.784979423828125 0.338348765625 0.7896090537109375 0.3391203701171875 0.820987654296875 0.338734568359375
1 0.8713991767578125 0.33294753125 0.869855966796875 0.312114197265625 0.8724279833984375 0.2511574072265625 0.867798353515625 0.244598765625 0.855967078125 0.2422839501953125 0.8364197529296875 0.244212962890625 0.829218107421875 0.2480709873046875 0.8287037041015625 0.33487654296875 0.8323045263671875 0.338348765625 0.86882716015625 0.338348765625 0.8713991767578125 0.33294753125
1 0.9115226337890625 0.33757716015625 0.9156378603515625 0.335262345703125 0.916152263671875 0.3314043212890625 0.9171810703125 0.246913580078125 0.916152263671875 0.244598765625 0.91100823046875 0.2418981484375 0.886831275390625 0.2407407412109375 0.8765432099609375 0.246913580078125 0.8755144033203125 0.255015431640625 0.8734567900390625 0.32407407421875 0.875 0.3337191357421875 0.878086419921875 0.3371913583984375 0.9115226337890625 0.33757716015625
1 0.9603909462890625 0.33487654296875 0.95987654296875 0.3198302470703125 0.9645061728515625 0.2800925927734375 0.96193415625 0.2461419755859375 0.95576131640625 0.24112654296875 0.9495884775390625 0.238811728515625 0.933127572265625 0.2376543212890625 0.924897119140625 0.2403549384765625 0.918209876953125 0.2472993828125 0.9176954736328125 0.335262345703125 0.9212962958984375 0.3371913583984375 0.958847736328125 0.3360339501953125 0.9603909462890625 0.33487654296875
1 0.9624485595703125 0.3229166669921875 0.962962962890625 0.3314043212890625 0.967078189453125 0.3341049384765625 0.9768518515625 0.335262345703125 0.9994855966796875 0.33487654296875 0.9994855966796875 0.247685185546875 0.99382716015625 0.2480709873046875 0.98302469140625 0.2538580244140625 0.9753086416015625 0.255401234375 0.970164609375 0.2719907412109375 0.971193416015625 0.2839506171875 0.9665637861328125 0.2966820986328125 0.9675925927734375 0.300540123046875 0.9624485595703125 0.3229166669921875
1 0 0.41512345703125 0.0025720166015625 0.4197530859375 0.0041152265625 0.44907407421875 0.0066872431640625 0.451388888671875 0.0149176953125 0.4529320986328125 0.0462962958984375 0.452160494140625 0.0504115224609375 0.4479166669921875 0.04681069921875 0.4390432099609375 0.041152263671875 0.3823302470703125 0.03600823046875 0.3792438271484375 0.0036008232421875 0.380015431640625 0 0.38117283984375 0 0.41512345703125
1 0.0565843623046875 0.4529320986328125 0.0884773662109375 0.452160494140625 0.0910493828125 0.4498456787109375 0.0915637861328125 0.4456018515625 0.08899176953125 0.4390432099609375 0.08693415625 0.406635802734375 0.083847736328125 0.3989197529296875 0.0828189296875 0.3827160498046875 0.0766460908203125 0.3788580244140625 0.0488683125 0.3788580244140625 0.0416666669921875 0.38117283984375 0.041152263671875 0.397762345703125 0.0452674892578125 0.432484568359375 0.049897119140625 0.4498456787109375 0.0565843623046875 0.4529320986328125
1 0.087962962890625 0.4293981484375 0.092078189453125 0.4498456787109375 0.0977366259765625 0.4529320986328125 0.130144033203125 0.4533179013671875 0.1327160498046875 0.4498456787109375 0.1296296298828125 0.403163580078125 0.130144033203125 0.377314814453125 0.0910493828125 0.3777006171875 0.083847736328125 0.3792438271484375 0.0823045263671875 0.380015431640625 0.083847736328125 0.3966049384765625 0.0874485595703125 0.4070216044921875 0.087962962890625 0.4293981484375
1 0.1604938271484375 0.45177469140625 0.1723251025390625 0.4525462958984375 0.1754115224609375 0.4498456787109375 0.17592592578125 0.4444444443359375 0.1723251025390625 0.3823302470703125 0.162037037109375 0.3796296298828125 0.1399176953125 0.3796296298828125 0.1337448564453125 0.380015431640625 0.1316872431640625 0.3831018515625 0.13117283984375 0.411651234375 0.1342592587890625 0.4498456787109375 0.1404320986328125 0.4533179013671875 0.1604938271484375 0.45177469140625
1 0.21810699609375 0.4498456787109375 0.2186213994140625 0.440586419921875 0.217078189453125 0.3935185185546875 0.2145061728515625 0.3831018515625 0.20318930078125 0.3796296298828125 0.182098765625 0.380015431640625 0.174897119140625 0.3827160498046875 0.1774691357421875 0.44907407421875 0.1815843623046875 0.4529320986328125 0.2134773662109375 0.4529320986328125 0.21810699609375 0.4498456787109375
1 0.263888888671875 0.44830246875 0.2613168720703125 0.3831018515625 0.2587448564453125 0.380015431640625 0.2376543212890625 0.3792438271484375 0.231995884765625 0.38117283984375 0.223765431640625 0.38117283984375 0.217078189453125 0.3842592587890625 0.219135802734375 0.4502314814453125 0.2232510283203125 0.4533179013671875 0.261831275390625 0.4525462958984375 0.263888888671875 0.44830246875
1 0.30915637890625 0.423611111328125 0.3055555556640625 0.3819444443359375 0.3034979423828125 0.380401234375 0.2885802470703125 0.3815586416015625 0.28600823046875 0.3796296298828125 0.2813786005859375 0.3792438271484375 0.2649176953125 0.380015431640625 0.2633744853515625 0.3815586416015625 0.2654320986328125 0.4529320986328125 0.307098765625 0.4529320986328125 0.30915637890625 0.4467592587890625 0.30915637890625 0.423611111328125
1 0.3523662548828125 0.4533179013671875 0.3554526748046875 0.4498456787109375 0.355967078125 0.4444444443359375 0.352880658203125 0.3827160498046875 0.3492798349609375 0.380401234375 0.3143004111328125 0.3788580244140625 0.30915637890625 0.3819444443359375 0.310185185546875 0.4510030859375 0.3132716044921875 0.4533179013671875 0.31995884765625 0.454089505859375 0.3523662548828125 0.4533179013671875
1 0.4007201650390625 0.4502314814453125 0.4007201650390625 0.403935185546875 0.3976337451171875 0.380015431640625 0.388888888671875 0.3792438271484375 0.3554526748046875 0.38117283984375 0.356995884765625 0.4498456787109375 0.36213991796875 0.454089505859375 0.3986625517578125 0.452160494140625 0.4007201650390625 0.4502314814453125
1 0.44495884765625 0.4193672841796875 0.4423868310546875 0.412037037109375 0.4454732509765625 0.401234568359375 0.44495884765625 0.380015431640625 0.442901234375 0.37847222265625 0.403806583984375 0.3792438271484375 0.4007201650390625 0.3815586416015625 0.40277777734375 0.45177469140625 0.4063786005859375 0.4537037041015625 0.445987654296875 0.4529320986328125 0.44495884765625 0.4193672841796875
1 0.496913580078125 0.4510030859375 0.4963991767578125 0.3796296298828125 0.492798353515625 0.377314814453125 0.4506172841796875 0.377314814453125 0.448045267578125 0.37847222265625 0.4485596708984375 0.4529320986328125 0.4583333330078125 0.45447530859375 0.4953703701171875 0.4533179013671875 0.496913580078125 0.4510030859375
1 0.54681069921875 0.4533179013671875 0.547839505859375 0.380787037109375 0.54012345703125 0.3777006171875 0.5293209873046875 0.378086419921875 0.5236625517578125 0.380401234375 0.511831275390625 0.377314814453125 0.5046296298828125 0.3777006171875 0.5005144033203125 0.378086419921875 0.4984567900390625 0.380015431640625 0.498971193359375 0.4525462958984375 0.501028806640625 0.45447530859375 0.5149176953125 0.454861111328125 0.54681069921875 0.4533179013671875
1 0.595164609375 0.4556327158203125 0.5977366259765625 0.4529320986328125 0.600823044921875 0.37847222265625 0.5956790126953125 0.3761574072265625 0.560185185546875 0.3757716044921875 0.5514403291015625 0.380015431640625 0.549897119140625 0.3927469140625 0.5483539091796875 0.420910494140625 0.549897119140625 0.4525462958984375 0.556069958984375 0.45447530859375 0.595164609375 0.4556327158203125
1 0.6532921806640625 0.4564043212890625 0.6553497939453125 0.4297839501953125 0.654835390625 0.3788580244140625 0.6445473251953125 0.375 0.6136831279296875 0.3765432099609375 0.6044238681640625 0.3788580244140625 0.6023662548828125 0.3823302470703125 0.6003086416015625 0.4162808642578125 0.6003086416015625 0.454861111328125 0.60390946484375 0.4564043212890625 0.61882716015625 0.45717592578125 0.6532921806640625 0.4564043212890625
1 0.7083333330078125 0.412037037109375 0.7078189296875 0.3796296298828125 0.7062757197265624 0.377314814453125 0.7026748974609375 0.3761574072265625 0.6738683125 0.3757716044921875 0.6589506171875 0.377314814453125 0.65689300390625 0.3900462958984375 0.6563786005859376 0.45447530859375 0.6676954736328125 0.4564043212890625 0.7062757197265624 0.45447530859375 0.7083333330078125 0.412037037109375
1 0.757201646484375 0.4529320986328125 0.7587448564453125 0.44367283984375 0.7587448564453125 0.3765432099609375 0.753086419921875 0.375385802734375 0.736111111328125 0.378086419921875 0.712962962890625 0.3765432099609375 0.708847736328125 0.380015431640625 0.7078189296875 0.4529320986328125 0.71193415625 0.4552469140625 0.755144033203125 0.454861111328125 0.757201646484375 0.4529320986328125
1 0.812242798828125 0.4216820986328125 0.812242798828125 0.3765432099609375 0.7649176953125 0.3757716044921875 0.761831275390625 0.3769290126953125 0.76080246875 0.3796296298828125 0.759773662109375 0.4525462958984375 0.7649176953125 0.4552469140625 0.80915637890625 0.4533179013671875 0.812242798828125 0.4216820986328125
1 0.8626543212890625 0.45447530859375 0.8662551435546875 0.420138888671875 0.8662551435546875 0.3765432099609375 0.863168724609375 0.375385802734375 0.818930041015625 0.3757716044921875 0.8153292177734375 0.378086419921875 0.8137860078125 0.386959876953125 0.8112139921875 0.4444444443359375 0.812757201171875 0.4533179013671875 0.820987654296875 0.4552469140625 0.8626543212890625 0.45447530859375
1 0.9176954736328125 0.4498456787109375 0.9197530859375 0.429012345703125 0.9197530859375 0.392361111328125 0.9176954736328125 0.3765432099609375 0.9094650205078125 0.375 0.87294238671875 0.375 0.86882716015625 0.3765432099609375 0.8683127568359374 0.3792438271484375 0.865226337890625 0.4529320986328125 0.8683127568359374 0.454861111328125 0.9156378603515625 0.454089505859375 0.9176954736328125 0.4498456787109375
1 0.932098765625 0.4556327158203125 0.970164609375 0.45447530859375 0.9717078193359375 0.451388888671875 0.971193416015625 0.417438271484375 0.9732510283203125 0.414737654296875 0.97222222265625 0.3761574072265625 0.9696502060546875 0.3742283955078125 0.943930041015625 0.3757716044921875 0.9243827158203125 0.374614197265625 0.920781892578125 0.3765432099609375 0.9212962958984375 0.4166666669921875 0.91923868359375 0.4529320986328125 0.9212962958984375 0.454861111328125 0.932098765625 0.4556327158203125
1 0.9994855966796875 0.454861111328125 0.9994855966796875 0.3742283955078125 0.980967078125 0.3730709873046875 0.977880658203125 0.3742283955078125 0.9753086416015625 0.3761574072265625 0.97479423828125 0.391589505859375 0.975823044921875 0.4104938271484375 0.9732510283203125 0.4529320986328125 0.9763374482421875 0.454861111328125 0.9994855966796875 0.454861111328125
1 0.0154320986328125 0.55362654296875 0.0267489716796875 0.5532407412109375 0.049897119140625 0.5555555556640625 0.0529835390625 0.55092592578125 0.0555555556640625 0.5501543212890625 0.049897119140625 0.537037037109375 0.05092592578125 0.525848765625 0.0488683125 0.4907407412109375 0.04681069921875 0.4837962958984375 0.032921810546875 0.480709876953125 0.011831275390625 0.479938271484375 0.005144033203125 0.4822530859375 0.003086419921875 0.485339505859375 0.0025720166015625 0.494984568359375 0.007201646484375 0.51427469140625 0.009773662109375 0.5501543212890625 0.0154320986328125 0.55362654296875
1 0.096193416015625 0.55362654296875 0.09310699609375 0.4876543212890625 0.087962962890625 0.48302469140625 0.067901234375 0.47955246875 0.0483539091796875 0.4841820986328125 0.0524691357421875 0.550540123046875 0.057098765625 0.5551697529296875 0.092078189453125 0.5555555556640625 0.096193416015625 0.55362654296875
1 0.138888888671875 0.55362654296875 0.136831275390625 0.4849537041015625 0.1255144033203125 0.4822530859375 0.098765431640625 0.48302469140625 0.092078189453125 0.485339505859375 0.09722222265625 0.55362654296875 0.1054526748046875 0.5555555556640625 0.136831275390625 0.5551697529296875 0.138888888671875 0.55362654296875
1 0.16100823046875 0.55632716015625 0.1815843623046875 0.5551697529296875 0.1836419755859375 0.554012345703125 0.185185185546875 0.545138888671875 0.182098765625 0.4872685185546875 0.1795267490234375 0.48572530859375 0.16100823046875 0.4837962958984375 0.1404320986328125 0.4849537041015625 0.138888888671875 0.4872685185546875 0.1404320986328125 0.55362654296875 0.144032921875 0.5555555556640625 0.16100823046875 0.55632716015625
1 0.2268518515625 0.5551697529296875 0.2294238681640625 0.5462962958984375 0.2273662548828125 0.5011574072265625 0.22479423828125 0.4872685185546875 0.217078189453125 0.4849537041015625 0.200102880859375 0.486111111328125 0.189814814453125 0.4849537041015625 0.1836419755859375 0.4872685185546875 0.185185185546875 0.5532407412109375 0.1882716044921875 0.5555555556640625 0.202160494140625 0.55632716015625 0.2268518515625 0.5551697529296875
1 0 0.650848765625 0.028806583984375 0.650848765625 0.0303497939453125 0.641589505859375 0.0272633740234375 0.58487654296875 0.0205761318359375 0.581790123046875 0.008230453125 0.5806327158203125 0 0.5806327158203125 0 0.650848765625
1 0.0324074072265625 0.650848765625 0.034979423828125 0.651234568359375 0.0694444443359375 0.65277777734375 0.0725308642578125 0.650848765625 0.06995884765625 0.588348765625 0.0653292177734375 0.585262345703125 0.032921810546875 0.582561728515625 0.0272633740234375 0.5837191357421875 0.0257201650390625 0.58487654296875 0.0303497939453125 0.63117283984375 0.0293209873046875 0.64737654296875 0.0324074072265625 0.650848765625
1 0.1126543212890625 0.6547067900390625 0.115226337890625 0.6520061728515625 0.115226337890625 0.6381172841796875 0.111111111328125 0.5860339501953125 0.109053498046875 0.5844907412109375 0.100823044921875 0.5841049384765625 0.092078189453125 0.58757716015625 0.070987654296875 0.5871913583984375 0.0725308642578125 0.650848765625 0.0745884775390625 0.65277777734375 0.0910493828125 0.6547067900390625 0.1126543212890625 0.6547067900390625
1 0.157921810546875 0.6543209873046875 0.157921810546875 0.62847222265625 0.155864197265625 0.58487654296875 0.153806583984375 0.58294753125 0.1476337451171875 0.58217592578125 0.1291152265625 0.58217592578125 0.115226337890625 0.5844907412109375 0.113168724609375 0.587962962890625 0.1126543212890625 0.604938271484375 0.1162551435546875 0.653935185546875 0.1563786005859375 0.6550925927734375 0.157921810546875 0.6543209873046875
1 0.202160494140625 0.6550925927734375 0.204218107421875 0.6493055556640625 0.2016460908203125 0.6064814814453126 0.2026748974609375 0.58757716015625 0.200102880859375 0.585262345703125 0.1862139921875 0.58487654296875 0.1589506171875 0.5856481484375 0.1574074072265625 0.5868055556640625 0.1594650205078125 0.6535493828125 0.1615226337890625 0.6554783955078125 0.1743827158203125 0.6570216044921875 0.202160494140625 0.6550925927734375
1 0.2474279833984375 0.6547067900390625 0.24794238671875 0.64737654296875 0.2463991767578125 0.6006944443359375 0.24382716015625 0.588734568359375 0.21193415625 0.5864197529296875 0.2073045263671875 0.5864197529296875 0.2037037041015625 0.588348765625 0.2052469140625 0.6543209873046875 0.212962962890625 0.6577932099609375 0.244855966796875 0.6581790126953125 0.2474279833984375 0.6547067900390625
1 0 0.7199074072265625 0.0226337451171875 0.7214506171875 0.0267489716796875 0.719135802734375 0.028806583984375 0.70717592578125 0.0257201650390625 0.673611111328125 0.0195473251953125 0.6697530859375 0.0041152265625 0.668209876953125 0 0.6697530859375 0 0.7199074072265625
1 0.058127572265625 0.7175925927734375 0.0576131689453125 0.682484568359375 0.05504115234375 0.67322530859375 0.0534979423828125 0.6712962958984375 0.0437242802734375 0.6689814814453126 0.0324074072265625 0.6689814814453126 0.02777777734375 0.6712962958984375 0.0282921806640625 0.7202932099609375 0.0324074072265625 0.7226080244140625 0.0545267490234375 0.72222222265625 0.058127572265625 0.7175925927734375
1 0.087962962890625 0.7206790126953125 0.0895061728515625 0.7141203701171875 0.0895061728515625 0.690586419921875 0.085905349609375 0.675540123046875 0.0787037041015625 0.67052469140625 0.0632716044921875 0.6693672841796875 0.058127572265625 0.6716820986328125 0.0596707822265625 0.7206790126953125 0.0632716044921875 0.72222222265625 0.08487654296875 0.723765431640625 0.087962962890625 0.7206790126953125
1 0.11882716015625 0.72222222265625 0.119855966796875 0.7083333330078125 0.115226337890625 0.6751543212890625 0.106995884765625 0.6712962958984375 0.0977366259765625 0.670910494140625 0.0884773662109375 0.67592592578125 0.0915637861328125 0.701388888671875 0.0910493828125 0.7233796298828125 0.116769546875 0.724537037109375 0.11882716015625 0.72222222265625
1 0.11882716015625 0.6917438271484375 0.1193415634765625 0.723765431640625 0.1435185185546875 0.7256944443359375 0.1486625517578125 0.7226080244140625 0.1496913583984375 0.7168209873046875 0.1486625517578125 0.6913580244140625 0.1455761318359375 0.6801697529296875 0.136831275390625 0.673611111328125 0.1275720166015625 0.6716820986328125 0.115226337890625 0.6751543212890625 0.1136831279296875 0.679012345703125 0.11213991796875 0.67862654296875 0.1162551435546875 0.68132716015625 0.11882716015625 0.6917438271484375
1 0.179012345703125 0.72762345703125 0.1805555556640625 0.7052469140625 0.18004115234375 0.689814814453125 0.176954732421875 0.6793981484375 0.1784979423828125 0.6751543212890625 0.1656378603515625 0.672839505859375 0.1543209873046875 0.672839505859375 0.149176955078125 0.67592592578125 0.1476337451171875 0.6793981484375 0.15020576171875 0.723765431640625 0.164094650390625 0.7253086416015625 0.168209876953125 0.727237654296875 0.179012345703125 0.72762345703125
1 0.2073045263671875 0.72955246875 0.210905349609375 0.727237654296875 0.21399176953125 0.71257716015625 0.2134773662109375 0.692515431640625 0.20987654296875 0.679012345703125 0.2062757197265625 0.6751543212890625 0.200102880859375 0.6739969140625 0.1856995888671875 0.6739969140625 0.179012345703125 0.6774691357421875 0.1805555556640625 0.6886574072265625 0.18004115234375 0.727237654296875 0.18415637890625 0.7287808642578125 0.2073045263671875 0.72955246875
1 0 0.7908950615234375 0.0087448564453125 0.789737654296875 0.009773662109375 0.786265431640625 0.009773662109375 0.7511574072265625 0.0046296298828125 0.744212962890625 0 0.7453703701171875 0 0.7908950615234375
1 0.032921810546875 0.784336419921875 0.0293209873046875 0.7515432099609375 0.0267489716796875 0.7488425927734375 0.019032921875 0.7457561728515625 0.011831275390625 0.7461419755859375 0.009773662109375 0.7480709873046875 0.009773662109375 0.789737654296875 0.0313786005859375 0.7905092587890625 0.032921810546875 0.789737654296875 0.032921810546875 0.784336419921875
1 0.0524691357421875 0.787037037109375 0.049897119140625 0.7519290126953125 0.04681069921875 0.75 0.0324074072265625 0.75 0.0303497939453125 0.7519290126953125 0.032921810546875 0.7893518515625 0.0354938271484375 0.7912808642578125 0.05092592578125 0.79205246875 0.0524691357421875 0.787037037109375
1 0.073045267578125 0.7905092587890625 0.0725308642578125 0.7542438271484375 0.0637860078125 0.7484567900390625 0.0534979423828125 0.7492283955078125 0.049897119140625 0.752314814453125 0.0514403291015625 0.7905092587890625 0.057098765625 0.79282407421875 0.0715020576171875 0.793209876953125 0.073045267578125 0.7905092587890625
1 0.08899176953125 0.7507716044921875 0.0776748974609375 0.7507716044921875 0.0735596708984375 0.75347222265625 0.07407407421875 0.793209876953125 0.0977366259765625 0.793209876953125 0.0946502060546875 0.7538580244140625 0.08899176953125 0.7507716044921875
1 0.1149377568359375 0.771398919921875 0.1162551435546875 0.7577160498046875 0.109053498046875 0.7527006171875 0.0982510283203125 0.753086419921875 0.095164609375 0.755787037109375 0.0946502060546875 0.793209876953125 0.1126543212890625 0.795138888671875 0.1162551435546875 0.79012345703125 0.1149377568359375 0.771398919921875
1 0.1404320986328125 0.7966820986328125 0.1373456787109375 0.755787037109375 0.134773662109375 0.7538580244140625 0.1224279833984375 0.7546296298828125 0.119855966796875 0.75347222265625 0.1162551435546875 0.758487654296875 0.116769546875 0.79205246875 0.121913580078125 0.7966820986328125 0.13786008203125 0.797839505859375 0.1404320986328125 0.7966820986328125
1 0.16100823046875 0.7970679013671875 0.1589506171875 0.7569444443359375 0.154835390625 0.7542438271484375 0.1486625517578125 0.75347222265625 0.1399176953125 0.7542438271484375 0.1373456787109375 0.7565586416015625 0.138888888671875 0.7966820986328125 0.1424897119140625 0.798611111328125 0.157921810546875 0.7993827158203125 0.16100823046875 0.7970679013671875
1 0.1862139921875 0.7966820986328125 0.183127572265625 0.7596450615234375 0.174897119140625 0.7546296298828125 0.16306584375 0.7569444443359375 0.1604938271484375 0.76157407421875 0.16100823046875 0.7966820986328125 0.1666666669921875 0.8001543212890625 0.18415637890625 0.800540123046875 0.1862139921875 0.7966820986328125
1 0.2078189296875 0.7569444443359375 0.204218107421875 0.75347222265625 0.1934156376953125 0.755401234375 0.1887860078125 0.7542438271484375 0.1846707822265625 0.7596450615234375 0.1856995888671875 0.8001543212890625 0.2052469140625 0.801311728515625 0.2078189296875 0.797839505859375 0.2078189296875 0.7569444443359375
1 0 0.871913580078125 0.008230453125 0.8730709873046875 0.0185185185546875 0.8722993828125 0.0216049384765625 0.8707561728515625 0.02109053515625 0.83294753125 0.0231481484375 0.829089505859375 0.0334362138671875 0.82137345703125 0.0339506171875 0.81867283984375 0.030864197265625 0.8152006171875 0.026234568359375 0.8136574072265625 0.0236625517578125 0.814814814453125 0.011831275390625 0.8140432099609375 0 0.8167438271484375 0 0.871913580078125
1 0 0.90972222265625 0.022119341796875 0.911651234375 0.0246913583984375 0.90972222265625 0.0226337451171875 0.8796296298828125 0.0185185185546875 0.8742283955078125 0.0077160498046875 0.8730709873046875 0 0.8730709873046875 0 0.90972222265625
1 0.0437242802734375 0.8730709873046875 0.04681069921875 0.8742283955078125 0.054012345703125 0.872685185546875 0.0761316875 0.874614197265625 0.092078189453125 0.8742283955078125 0.09310699609375 0.8587962958984375 0.0905349794921875 0.837962962890625 0.09310699609375 0.8314043212890625 0.0992798349609375 0.824459876953125 0.09722222265625 0.817515431640625 0.08899176953125 0.815586419921875 0.0802469140625 0.81597222265625 0.075102880859375 0.8140432099609375 0.0534979423828125 0.8140432099609375 0.0504115224609375 0.81597222265625 0.037037037109375 0.817901234375 0.0246913583984375 0.8275462958984375 0.022119341796875 0.8314043212890625 0.0226337451171875 0.861111111328125 0.0267489716796875 0.8711419755859375 0.0324074072265625 0.8734567900390625 0.0437242802734375 0.8730709873046875
1 0.0632716044921875 0.9158950615234375 0.0936213994140625 0.9155092587890625 0.096193416015625 0.9143518515625 0.0956790126953125 0.8904320986328125 0.0915637861328125 0.8757716044921875 0.0745884775390625 0.8761574072265625 0.070987654296875 0.874614197265625 0.0576131689453125 0.8738425927734375 0.0488683125 0.875385802734375 0.0257201650390625 0.8730709873046875 0.0257201650390625 0.9043209873046875 0.0293209873046875 0.911265431640625 0.04423868359375 0.914737654296875 0.0632716044921875 0.9158950615234375
1 0.1157407412109375 0.875385802734375 0.12705761328125 0.878086419921875 0.16100823046875 0.880015431640625 0.1635802470703125 0.86612654296875 0.162037037109375 0.8564814814453126 0.166152263671875 0.84992283984375 0.16512345703125 0.8364197529296875 0.1656378603515625 0.832561728515625 0.170781892578125 0.8279320986328125 0.16923868359375 0.8229166669921875 0.1656378603515625 0.824459876953125 0.157921810546875 0.8202160498046875 0.1435185185546875 0.8198302470703125 0.1327160498046875 0.8171296298828125 0.12294238671875 0.8202160498046875 0.1172839501953125 0.8256172841796875 0.1054526748046875 0.8279320986328125 0.102880658203125 0.83217592578125 0.095164609375 0.83487654296875 0.095164609375 0.869598765625 0.098765431640625 0.874614197265625 0.1023662548828125 0.8757716044921875 0.1157407412109375 0.875385802734375
1 0.147119341796875 0.920910494140625 0.162037037109375 0.920910494140625 0.1666666669921875 0.9189814814453126 0.1676954736328125 0.90007716015625 0.1646090537109375 0.880015431640625 0.144032921875 0.8765432099609375 0.1003086416015625 0.8757716044921875 0.0982510283203125 0.877314814453125 0.09979423828125 0.914737654296875 0.1054526748046875 0.9162808642578125 0.138888888671875 0.91782407421875 0.147119341796875 0.920910494140625
1 0.2304526748046875 0.8827160498046875 0.2376543212890625 0.880015431640625 0.2345679013671875 0.8599537041015625 0.2350823046875 0.836612654296875 0.238168724609375 0.8314043212890625 0.2350823046875 0.827160494140625 0.2304526748046875 0.82947530859375 0.223765431640625 0.824459876953125 0.220164609375 0.8252314814453126 0.2165637861328125 0.82330246875 0.1815843623046875 0.824459876953125 0.18004115234375 0.826388888671875 0.1743827158203125 0.8279320986328125 0.1671810703125 0.8364197529296875 0.1671810703125 0.8734567900390625 0.1687242802734375 0.8761574072265625 0.1954732509765625 0.880015431640625 0.2304526748046875 0.8827160498046875
1 0.220164609375 0.92592592578125 0.231995884765625 0.92592592578125 0.2376543212890625 0.92322530859375 0.2386831279296875 0.911651234375 0.2355967080078125 0.886959876953125 0.2325102880859375 0.88387345703125 0.1754115224609375 0.87847222265625 0.1671810703125 0.8796296298828125 0.1676954736328125 0.91705246875 0.1697530859375 0.9193672841796875 0.182098765625 0.9224537041015625 0.220164609375 0.92592592578125
1 0.26080246875 0.8854166669921875 0.2803497939453125 0.886188271484375 0.28600823046875 0.8904320986328125 0.2988683125 0.8908179013671875 0.307098765625 0.8881172841796875 0.310185185546875 0.883487654296875 0.3106995888671875 0.8452932099609375 0.31584362109375 0.835262345703125 0.3132716044921875 0.8314043212890625 0.3096707822265625 0.82947530859375 0.2973251025390625 0.8275462958984375 0.2803497939453125 0.8287037041015625 0.272119341796875 0.8275462958984375 0.268004115234375 0.8310185185546874 0.2587448564453125 0.8310185185546874 0.246913580078125 0.8337191357421875 0.24382716015625 0.83294753125 0.23713991796875 0.83757716015625 0.2376543212890625 0.880015431640625 0.241769546875 0.8842592587890625 0.2546296298828125 0.8873456787109375 0.26080246875 0.8854166669921875
1 0.242798353515625 0.92592592578125 0.2515432099609375 0.9278549384765625 0.2664609052734375 0.9274691357421875 0.2952674892578125 0.9301697529296875 0.30504115234375 0.9301697529296875 0.30915637890625 0.92862654296875 0.3086419755859375 0.8927469140625 0.307098765625 0.888888888671875 0.2484567900390625 0.8842592587890625 0.2422839501953125 0.8842592587890625 0.238168724609375 0.8877314814453126 0.2376543212890625 0.8939043212890625 0.2412551435546875 0.905864197265625 0.2407407412109375 0.9197530859375 0.242798353515625 0.92592592578125
1 0.270061728515625 0.55632716015625 0.2731481484375 0.554012345703125 0.2736625517578125 0.550540123046875 0.2716049384765625 0.4876543212890625 0.269032921875 0.486111111328125 0.2587448564453125 0.4876543212890625 0.23302469140625 0.485339505859375 0.22890946484375 0.4864969140625 0.2283950615234375 0.517361111328125 0.230967078125 0.5543981484375 0.240226337890625 0.55632716015625 0.270061728515625 0.55632716015625
1 0.3194444443359375 0.5405092587890625 0.317901234375 0.4876543212890625 0.3153292177734375 0.4864969140625 0.2757201650390625 0.486111111328125 0.2736625517578125 0.488811728515625 0.2757201650390625 0.557098765625 0.317901234375 0.5578703701171875 0.3225308642578125 0.55362654296875 0.3194444443359375 0.5405092587890625
1 0.3245884775390625 0.55169753125 0.3276748974609375 0.5462962958984375 0.33487654296875 0.5443672841796875 0.3523662548828125 0.5443672841796875 0.3554526748046875 0.54282407421875 0.3595679013671875 0.5439814814453126 0.365226337890625 0.54205246875 0.3657407412109375 0.5073302470703125 0.36419753125 0.4876543212890625 0.36213991796875 0.486111111328125 0.3204732509765625 0.486111111328125 0.318930041015625 0.4872685185546875 0.318930041015625 0.494984568359375 0.3215020576171875 0.5466820986328125 0.3245884775390625 0.55169753125
1 0.378086419921875 0.5470679013671875 0.3827160498046875 0.5597993828125 0.4089506171875 0.5586419755859375 0.4115226337890625 0.557098765625 0.41306584375 0.5501543212890625 0.4115226337890625 0.4876543212890625 0.4084362138671875 0.486111111328125 0.3842592587890625 0.4872685185546875 0.3693415634765625 0.48572530859375 0.3662551435546875 0.4868827158203125 0.3657407412109375 0.54012345703125 0.3693415634765625 0.5439814814453126 0.375 0.5443672841796875 0.378086419921875 0.5470679013671875
1 0.4562757197265625 0.5597993828125 0.458847736328125 0.557098765625 0.45987654296875 0.539737654296875 0.4578189296875 0.4876543212890625 0.4146090537109375 0.4868827158203125 0.41306584375 0.4876543212890625 0.4135802470703125 0.557098765625 0.4202674892578125 0.5605709873046875 0.4562757197265625 0.5597993828125
1 0.4732510283203125 0.5613425927734375 0.5056584365234374 0.5609567900390625 0.5087448564453125 0.554012345703125 0.507201646484375 0.48842592578125 0.5056584365234374 0.4868827158203125 0.4907407412109375 0.4868827158203125 0.4804526748046875 0.48919753125 0.4706790126953125 0.486111111328125 0.460905349609375 0.4872685185546875 0.45987654296875 0.551311728515625 0.4614197529296875 0.559413580078125 0.462962962890625 0.5609567900390625 0.4732510283203125 0.5613425927734375
1 0.5565843623046876 0.5605709873046875 0.5576131689453125 0.55362654296875 0.5565843623046876 0.4961419755859375 0.558127572265625 0.48919753125 0.55504115234375 0.4868827158203125 0.513888888671875 0.4868827158203125 0.51080246875 0.488040123046875 0.509773662109375 0.49112654296875 0.5092592587890625 0.560185185546875 0.5154320986328125 0.562114197265625 0.5534979423828125 0.5625 0.5565843623046876 0.5605709873046875
1 0.5216049384765625 0.66512345703125 0.532921810546875 0.6662808642578125 0.560185185546875 0.6666666669921875 0.5643004111328125 0.6655092587890625 0.56584362109375 0.6574074072265625 0.5637860078125 0.6242283955078125 0.56584362109375 0.5952932099609375 0.560185185546875 0.591435185546875 0.5514403291015625 0.5925925927734375 0.522119341796875 0.591435185546875 0.51697530859375 0.5952932099609375 0.5195473251953125 0.6006944443359375 0.5195473251953125 0.6631944443359375 0.5216049384765625 0.66512345703125
1 0.51697530859375 0.6601080244140625 0.518004115234375 0.655864197265625 0.515946501953125 0.6153549384765625 0.5185185185546874 0.5949074072265625 0.5144032919921875 0.5918209873046875 0.5015432099609375 0.59027777734375 0.4804526748046875 0.5895061728515625 0.473765431640625 0.5929783955078125 0.473765431640625 0.661651234375 0.4876543212890625 0.6631944443359375 0.5133744853515625 0.66242283984375 0.51697530859375 0.6601080244140625
1 0.47222222265625 0.65972222265625 0.471193416015625 0.591435185546875 0.467078189453125 0.5895061728515625 0.4274691357421875 0.5910493828125 0.429012345703125 0.661265431640625 0.432098765625 0.66242283984375 0.4706790126953125 0.662037037109375 0.47222222265625 0.65972222265625
1 0.42181069921875 0.661651234375 0.4284979423828125 0.6601080244140625 0.424897119140625 0.590663580078125 0.4125514404296875 0.588348765625 0.3899176953125 0.588734568359375 0.3852880654296875 0.59027777734375 0.383230453125 0.5945216044921875 0.3837448564453125 0.6547067900390625 0.3852880654296875 0.6589506171875 0.3904320986328125 0.661651234375 0.42181069921875 0.661651234375
1 0.380144033203125 0.659336419921875 0.383230453125 0.6550925927734375 0.38117283984375 0.6193672841796874 0.382201646484375 0.60455246875 0.380144033203125 0.59027777734375 0.3724279833984375 0.5895061728515625 0.369855966796875 0.5922067900390625 0.342078189453125 0.590663580078125 0.3364197529296875 0.5952932099609375 0.3374485595703125 0.6238425927734375 0.3353909462890625 0.6577932099609375 0.346193416015625 0.6604938271484375 0.380144033203125 0.659336419921875
1 0.335905349609375 0.5952932099609375 0.331790123046875 0.591435185546875 0.3266460908203125 0.5918209873046875 0.320987654296875 0.5895061728515625 0.30915637890625 0.588348765625 0.29423868359375 0.587962962890625 0.2926954736328125 0.588348765625 0.2921810703125 0.5925925927734375 0.2926954736328125 0.6581790126953125 0.304012345703125 0.659336419921875 0.335905349609375 0.658564814453125 0.335905349609375 0.5952932099609375
1 0.29012345703125 0.588348765625 0.2844650205078125 0.5856481484375 0.2474279833984375 0.588348765625 0.24794238671875 0.65625 0.2505144033203125 0.658564814453125 0.2896090537109375 0.658564814453125 0.29012345703125 0.588348765625
1 0.22222222265625 0.729938271484375 0.2412551435546875 0.729938271484375 0.2433127568359375 0.727237654296875 0.2422839501953125 0.6782407412109375 0.2366255146484375 0.6751543212890625 0.2217078193359375 0.6747685185546874 0.2160493828125 0.6751543212890625 0.2114197529296875 0.6774691357421875 0.215020576171875 0.6952160498046875 0.2155349794921875 0.71527777734375 0.2134773662109375 0.727237654296875 0.22222222265625 0.729938271484375
1 0.274176955078125 0.729938271484375 0.27520576171875 0.724151234375 0.2731481484375 0.67862654296875 0.2654320986328125 0.675540123046875 0.24794238671875 0.675540123046875 0.2433127568359375 0.6797839501953125 0.24382716015625 0.7287808642578125 0.2515432099609375 0.7314814814453126 0.2705761318359375 0.7318672841796875 0.274176955078125 0.729938271484375
1 0.2926954736328125 0.733410494140625 0.3029835390625 0.7322530859375 0.3055555556640625 0.7287808642578125 0.306069958984375 0.692515431640625 0.3045267490234375 0.68132716015625 0.2988683125 0.6778549384765625 0.29012345703125 0.67669753125 0.2772633740234375 0.6778549384765625 0.2746913583984375 0.6809413583984375 0.2767489716796875 0.719135802734375 0.2746913583984375 0.730709876953125 0.2793209873046875 0.732638888671875 0.2926954736328125 0.733410494140625
1 0.312757201171875 0.7341820986328125 0.33487654296875 0.7349537041015625 0.337962962890625 0.730709876953125 0.337962962890625 0.682098765625 0.331790123046875 0.67862654296875 0.3137860078125 0.6774691357421875 0.307098765625 0.6801697529296875 0.3055555556640625 0.6855709873046875 0.3065843623046875 0.727237654296875 0.30504115234375 0.730709876953125 0.307098765625 0.73302469140625 0.312757201171875 0.7341820986328125
1 0.371913580078125 0.7341820986328125 0.37294238671875 0.7260802470703125 0.371913580078125 0.682098765625 0.3585390947265625 0.67862654296875 0.3467078193359375 0.67862654296875 0.3415637861328125 0.6809413583984375 0.3395061728515625 0.685185185546875 0.340020576171875 0.7337962958984375 0.3513374482421875 0.7368827158203125 0.3693415634765625 0.7364969140625 0.371913580078125 0.7341820986328125
1 0.405864197265625 0.73302469140625 0.40277777734375 0.6847993828125 0.3996913583984375 0.681712962890625 0.383230453125 0.67862654296875 0.37705761328125 0.6801697529296875 0.3724279833984375 0.685185185546875 0.37294238671875 0.7345679013671875 0.3816872431640625 0.738040123046875 0.40277777734375 0.7376543212890625 0.405864197265625 0.73302469140625
1 0.4393004111328125 0.7349537041015625 0.439814814453125 0.7291666669921875 0.4387860078125 0.685185185546875 0.4362139921875 0.682098765625 0.4233539091796875 0.6797839501953125 0.4084362138671875 0.681712962890625 0.404835390625 0.685185185546875 0.4074074072265625 0.73572530859375 0.4104938271484375 0.7376543212890625 0.4356995888671875 0.73919753125 0.4393004111328125 0.7349537041015625
1 0.475823044921875 0.7372685185546874 0.4763374482421875 0.7341820986328125 0.4742798349609375 0.6855709873046875 0.469135802734375 0.6828703701171875 0.4511316875 0.68132716015625 0.4413580244140625 0.687885802734375 0.4413580244140625 0.7368827158203125 0.45987654296875 0.7403549384765625 0.47222222265625 0.73919753125 0.475823044921875 0.7372685185546874
1 0.509773662109375 0.724151234375 0.507201646484375 0.6890432099609375 0.503086419921875 0.685185185546875 0.4933127568359375 0.682484568359375 0.479938271484375 0.6836419755859375 0.4753086416015625 0.687114197265625 0.4768518515625 0.738040123046875 0.488168724609375 0.741512345703125 0.508230453125 0.74112654296875 0.509773662109375 0.724151234375
1 0.5437242802734376 0.6890432099609375 0.54012345703125 0.6855709873046875 0.5226337451171875 0.68402777734375 0.5154320986328125 0.685185185546875 0.51080246875 0.6890432099609375 0.5113168720703125 0.74112654296875 0.543209876953125 0.741512345703125 0.545781892578125 0.7168209873046875 0.5437242802734376 0.6890432099609375
1 0.551954732421875 0.7162422841796875 0.5493827158203125 0.7202932099609375 0.5514403291015625 0.724151234375 0.54681069921875 0.7256944443359375 0.54681069921875 0.7364969140625 0.549897119140625 0.7395833330078125 0.557098765625 0.7418981484375 0.5725308642578125 0.7418981484375 0.5756172841796875 0.7407407412109375 0.57818930078125 0.7364969140625 0.5797325107421875 0.72762345703125 0.5787037041015625 0.690586419921875 0.5766460908203125 0.687885802734375 0.570987654296875 0.6859567900390625 0.557098765625 0.685185185546875 0.549897119140625 0.6867283955078125 0.54681069921875 0.6890432099609375 0.54681069921875 0.7052469140625 0.551954732421875 0.70987654296875 0.551954732421875 0.7162422841796875
1 0.6136831279296875 0.7426697529296875 0.615226337890625 0.73842592578125 0.616769546875 0.692515431640625 0.609053498046875 0.6886574072265625 0.590020576171875 0.687885802734375 0.5828189296875 0.6890432099609375 0.58076131640625 0.6940586416015625 0.5812757197265624 0.7426697529296875 0.5843621396484375 0.744984568359375 0.6100823046875 0.744984568359375 0.6136831279296875 0.7426697529296875
1 0.6496913583984375 0.692515431640625 0.6435185185546874 0.6902006171875 0.6306584365234374 0.6894290126953125 0.62294238671875 0.6894290126953125 0.617798353515625 0.6917438271484375 0.61882716015625 0.744598765625 0.647119341796875 0.746913580078125 0.651234568359375 0.7430555556640625 0.6496913583984375 0.692515431640625
1 0.6795267490234375 0.7472993828125 0.6826131689453125 0.744598765625 0.6805555556640625 0.7226080244140625 0.6826131689453125 0.707561728515625 0.6815843623046876 0.6948302470703125 0.6779835390625 0.6917438271484375 0.6615226337890625 0.690586419921875 0.653806583984375 0.6917438271484375 0.651234568359375 0.6948302470703125 0.651234568359375 0.7310956787109375 0.6532921806640625 0.744598765625 0.6646090537109375 0.746913580078125 0.6795267490234375 0.7472993828125
1 0.706790123046875 0.7492283955078125 0.7145061728515625 0.7480709873046875 0.717078189453125 0.7422839501953125 0.7165637861328125 0.6952160498046875 0.70987654296875 0.6921296298828125 0.6887860078125 0.693287037109375 0.6846707822265625 0.6952160498046875 0.683127572265625 0.7052469140625 0.6826131689453125 0.7318672841796875 0.6846707822265625 0.7453703701171875 0.693930041015625 0.7484567900390625 0.706790123046875 0.7492283955078125
1 0.7463991767578125 0.7515432099609375 0.751028806640625 0.7488425927734375 0.75205761328125 0.7453703701171875 0.7505144033203125 0.732638888671875 0.75205761328125 0.70447530859375 0.7505144033203125 0.699459876953125 0.74794238671875 0.6952160498046875 0.744855966796875 0.6944444443359375 0.7268518515625 0.69367283984375 0.72222222265625 0.6956018515625 0.719135802734375 0.7002314814453126 0.7196502060546875 0.747685185546875 0.7242798349609375 0.7511574072265625 0.7304526748046875 0.7527006171875 0.7463991767578125 0.7515432099609375
1 0.7793209873046875 0.750385802734375 0.7839506171875 0.74382716015625 0.7839506171875 0.695987654296875 0.76080246875 0.6940586416015625 0.7546296298828125 0.6948302470703125 0.7525720166015625 0.6967592587890625 0.7515432099609375 0.7318672841796875 0.7541152265625 0.7484567900390625 0.7577160498046875 0.750385802734375 0.7793209873046875 0.750385802734375
1 0.79423868359375 0.75 0.7962962958984375 0.752314814453125 0.8173868310546875 0.752314814453125 0.81995884765625 0.7484567900390625 0.820987654296875 0.7345679013671875 0.820987654296875 0.699459876953125 0.810185185546875 0.6952160498046875 0.79681069921875 0.6948302470703125 0.7885802470703125 0.695987654296875 0.78600823046875 0.699459876953125 0.7854938271484375 0.7280092587890625 0.78806584375 0.7480709873046875 0.7896090537109375 0.750385802734375 0.79423868359375 0.75
1 0.850823044921875 0.7538580244140625 0.8564814814453126 0.7492283955078125 0.8554526748046875 0.70177469140625 0.85390946484375 0.699459876953125 0.845164609375 0.695987654296875 0.82818930078125 0.695987654296875 0.8220164609375 0.69830246875 0.8204732509765625 0.701388888671875 0.8225308642578125 0.7515432099609375 0.8384773662109375 0.7542438271484375 0.850823044921875 0.7538580244140625
1 0.886831275390625 0.7515432099609375 0.88786008203125 0.7002314814453126 0.8837448564453125 0.6979166669921875 0.86213991796875 0.6979166669921875 0.8585390947265625 0.69907407421875 0.8585390947265625 0.749614197265625 0.8626543212890625 0.752314814453125 0.86882716015625 0.753086419921875 0.886831275390625 0.7515432099609375
1 0.920781892578125 0.75347222265625 0.924897119140625 0.7484567900390625 0.924897119140625 0.729938271484375 0.9274691357421875 0.7148919755859375 0.92592592578125 0.7025462958984375 0.92181069921875 0.69907407421875 0.9115226337890625 0.6979166669921875 0.8955761318359375 0.6979166669921875 0.8894032919921875 0.699459876953125 0.8883744853515625 0.741512345703125 0.8904320986328125 0.7515432099609375 0.9043209873046875 0.755015431640625 0.920781892578125 0.75347222265625
1 0.950102880859375 0.7573302470703125 0.95987654296875 0.755401234375 0.96193415625 0.7519290126953125 0.9593621396484375 0.7375258486328125 0.95987654296875 0.723765431640625 0.962962962890625 0.710262345703125 0.96193415625 0.7033179013671875 0.9552469140625 0.6998456787109375 0.945987654296875 0.69907407421875 0.9315843623046876 0.699459876953125 0.929012345703125 0.7029320986328125 0.9284979423828125 0.7515432099609375 0.931069958984375 0.755015431640625 0.9413580244140625 0.7569444443359375 0.950102880859375 0.7573302470703125
1 0.994855966796875 0.7542438271484375 0.9958847734375 0.7480709873046875 0.994855966796875 0.7083333330078125 0.984053498046875 0.7029320986328125 0.97222222265625 0.7029320986328125 0.967078189453125 0.70447530859375 0.9634773662109375 0.710262345703125 0.9614197529296875 0.7256944443359375 0.962962962890625 0.7546296298828125 0.9727366259765625 0.7573302470703125 0.9922839501953125 0.7565586416015625 0.994855966796875 0.7542438271484375
1 0.9994855966796875 0.789737654296875 0.991769546875 0.7881944443359375 0.984053498046875 0.789737654296875 0.979938271484375 0.8167438271484375 0.9794238681640625 0.83487654296875 0.9866255146484375 0.83757716015625 0.9994855966796875 0.8371913583984375 0.9994855966796875 0.789737654296875
1 0.9783950615234375 0.82677469140625 0.980967078125 0.79552469140625 0.97890946484375 0.789737654296875 0.9768518515625 0.787037037109375 0.9624485595703125 0.7854938271484375 0.9562757197265624 0.786651234375 0.9526748974609375 0.792438271484375 0.9511316875 0.8314043212890625 0.9552469140625 0.8341049384765625 0.979938271484375 0.83487654296875 0.9783950615234375 0.82677469140625
1 0.94907407421875 0.8333333330078125 0.9511316875 0.831790123046875 0.9516460908203125 0.8125 0.9516460908203125 0.79205246875 0.9495884775390625 0.787037037109375 0.9393004111328125 0.7824074072265625 0.926954732421875 0.7858796298828125 0.9238683125 0.789737654296875 0.9233539091796875 0.8024691357421875 0.922839505859375 0.8279320986328125 0.9243827158203125 0.831790123046875 0.9284979423828125 0.8333333330078125 0.94907407421875 0.8333333330078125
1 0.9187242802734376 0.83294753125 0.92181069921875 0.829089505859375 0.9223251025390625 0.7889660498046875 0.9146090537109375 0.780864197265625 0.897119341796875 0.7827932099609375 0.894032921875 0.786265431640625 0.895061728515625 0.8314043212890625 0.907921810546875 0.8333333330078125 0.9187242802734376 0.83294753125
1 0.871913580078125 0.83294753125 0.8935185185546874 0.832561728515625 0.8955761318359375 0.8314043212890625 0.89609053515625 0.8252314814453126 0.8945473251953125 0.786265431640625 0.886831275390625 0.781635802734375 0.8765432099609375 0.781635802734375 0.8703703701171875 0.78472222265625 0.86882716015625 0.7878086416015625 0.8703703701171875 0.7993827158203125 0.8683127568359374 0.809413580078125 0.86882716015625 0.8314043212890625 0.871913580078125 0.83294753125
1 0.845164609375 0.83294753125 0.8662551435546875 0.8333333330078125 0.86882716015625 0.831790123046875 0.8693415634765626 0.80362654296875 0.866769546875 0.7858796298828125 0.8600823046875 0.7831790126953125 0.859053498046875 0.780864197265625 0.8410493828125 0.7827932099609375 0.8395061728515625 0.786265431640625 0.8410493828125 0.792438271484375 0.8405349794921875 0.8310185185546874 0.845164609375 0.83294753125
1 0.231995884765625 0.8001543212890625 0.2314814814453125 0.7654320986328125 0.2345679013671875 0.7569444443359375 0.230967078125 0.753086419921875 0.2227366259765625 0.75347222265625 0.212962962890625 0.7577160498046875 0.2078189296875 0.764660494140625 0.2083333330078125 0.7997685185546874 0.2227366259765625 0.8020833330078125 0.2304526748046875 0.80169753125 0.231995884765625 0.8001543212890625
1 0.2546296298828125 0.80169753125 0.255144033203125 0.75887345703125 0.2515432099609375 0.7565586416015625 0.244855966796875 0.75617283984375 0.2366255146484375 0.758487654296875 0.2335390947265625 0.761188271484375 0.2314814814453125 0.7689043212890625 0.2314814814453125 0.7908950615234375 0.234053498046875 0.8001543212890625 0.2515432099609375 0.8024691357421875 0.2546296298828125 0.80169753125
1 0.2782921806640625 0.804012345703125 0.2803497939453125 0.8001543212890625 0.278806583984375 0.7712191357421875 0.28189300390625 0.761959876953125 0.272119341796875 0.755015431640625 0.2613168720703125 0.7581018515625 0.257201646484375 0.7623456787109375 0.2556584365234375 0.7739197529296875 0.25617283984375 0.7966820986328125 0.2587448564453125 0.8024691357421875 0.2654320986328125 0.8043981484375 0.2782921806640625 0.804012345703125
1 0.30092592578125 0.8051697529296875 0.3034979423828125 0.80362654296875 0.3024691357421875 0.76157407421875 0.29681069921875 0.7577160498046875 0.28600823046875 0.7577160498046875 0.2803497939453125 0.76157407421875 0.278806583984375 0.775848765625 0.279835390625 0.801311728515625 0.284979423828125 0.8055555556640625 0.30092592578125 0.8051697529296875
1 0.3266460908203125 0.804012345703125 0.327160494140625 0.7974537041015625 0.3245884775390625 0.7604166669921875 0.31995884765625 0.7592592587890625 0.30915637890625 0.7600308642578125 0.3045267490234375 0.76157407421875 0.3034979423828125 0.7635030859375 0.304012345703125 0.80362654296875 0.3065843623046875 0.8055555556640625 0.32407407421875 0.806712962890625 0.3266460908203125 0.804012345703125
1 0.3518518515625 0.807098765625 0.3518518515625 0.764660494140625 0.345164609375 0.758487654296875 0.3287037041015625 0.761959876953125 0.3266460908203125 0.7681327158203125 0.3266460908203125 0.80362654296875 0.331790123046875 0.807098765625 0.348765431640625 0.8086419755859375 0.3518518515625 0.807098765625
1 0.3755144033203125 0.8082561728515625 0.3765432099609375 0.80362654296875 0.376028806640625 0.7685185185546874 0.3744855966796875 0.76427469140625 0.3713991767578125 0.761959876953125 0.359053498046875 0.761188271484375 0.35390946484375 0.7635030859375 0.3523662548828125 0.7708333330078125 0.3523662548828125 0.807098765625 0.3554526748046875 0.8086419755859375 0.37294238671875 0.8097993828125 0.3755144033203125 0.8082561728515625
1 0.405864197265625 0.807098765625 0.4017489716796875 0.80362654296875 0.4007201650390625 0.7685185185546874 0.3904320986328125 0.76157407421875 0.380144033203125 0.763888888671875 0.3775720166015625 0.7681327158203125 0.37705761328125 0.807098765625 0.382201646484375 0.8105709873046875 0.4022633740234375 0.8105709873046875 0.405864197265625 0.807098765625
1 0.4254115224609375 0.8113425927734375 0.42592592578125 0.7681327158203125 0.4238683125 0.7627314814453126 0.4197530859375 0.761188271484375 0.41100823046875 0.761188271484375 0.405864197265625 0.7631172841796875 0.4022633740234375 0.7677469140625 0.4017489716796875 0.800540123046875 0.4032921806640625 0.8086419755859375 0.407921810546875 0.8109567900390625 0.4254115224609375 0.8113425927734375
1 0.452160494140625 0.8109567900390625 0.4506172841796875 0.7662037041015625 0.4495884775390625 0.7650462958984375 0.4465020576171875 0.7662037041015625 0.4423868310546875 0.76427469140625 0.4315843623046875 0.7635030859375 0.42592592578125 0.7689043212890625 0.4254115224609375 0.8105709873046875 0.4315843623046875 0.812885802734375 0.4495884775390625 0.8132716044921875 0.452160494140625 0.8109567900390625
1 0.475823044921875 0.812885802734375 0.4768518515625 0.807484568359375 0.473765431640625 0.7689043212890625 0.470164609375 0.7654320986328125 0.46193415625 0.763888888671875 0.4562757197265625 0.763888888671875 0.4516460908203125 0.767361111328125 0.4511316875 0.8105709873046875 0.456790123046875 0.8140432099609375 0.473765431640625 0.8140432099609375 0.475823044921875 0.812885802734375
1 0.4984567900390625 0.814814814453125 0.501028806640625 0.8125 0.5005144033203125 0.7685185185546874 0.498971193359375 0.764660494140625 0.4804526748046875 0.7627314814453126 0.47479423828125 0.769290123046875 0.4763374482421875 0.812114197265625 0.477880658203125 0.8140432099609375 0.4835390947265625 0.814814814453125 0.4984567900390625 0.814814814453125
1 0.5257201650390625 0.7654320986328125 0.5113168720703125 0.7631172841796875 0.5015432099609375 0.7689043212890625 0.5005144033203125 0.7716049384765625 0.5005144033203125 0.8140432099609375 0.522119341796875 0.8171296298828125 0.5246913583984375 0.8140432099609375 0.5257201650390625 0.7654320986328125
1 0.551954732421875 0.8152006171875 0.5504115224609375 0.804012345703125 0.55092592578125 0.766589505859375 0.547839505859375 0.763888888671875 0.5313786005859376 0.763888888671875 0.5272633740234375 0.7681327158203125 0.5246913583984375 0.77777777734375 0.5246913583984375 0.81597222265625 0.5303497939453125 0.818287037109375 0.5493827158203125 0.818287037109375 0.551954732421875 0.8152006171875
1 0.57407407421875 0.8202160498046875 0.5761316875 0.817901234375 0.5766460908203125 0.80362654296875 0.5745884775390625 0.770061728515625 0.567901234375 0.7654320986328125 0.55504115234375 0.7654320986328125 0.5504115224609375 0.77777777734375 0.549897119140625 0.80362654296875 0.5534979423828125 0.81597222265625 0.5596707822265625 0.8190586416015625 0.57407407421875 0.8202160498046875
1 0.59130859375 0.7802734375 0.00244140625 0.00048828125
1 0.59722222265625 0.8217592587890625 0.59979423828125 0.8202160498046875 0.6013374482421875 0.814814814453125 0.6033950615234375 0.7716049384765625 0.595164609375 0.7654320986328125 0.59310699609375 0.766589505859375 0.5884773662109375 0.7654320986328125 0.58693415625 0.76697530859375 0.5812757197265624 0.7658179013671875 0.577160494140625 0.7689043212890625 0.5766460908203125 0.784336419921875 0.5797325107421875 0.818287037109375 0.5828189296875 0.82137345703125 0.59722222265625 0.8217592587890625
1 0.62294238671875 0.824459876953125 0.6275720166015625 0.820987654296875 0.6286008232421875 0.817901234375 0.6291152265625 0.778935185546875 0.6265432099609375 0.7708333330078125 0.619855966796875 0.769290123046875 0.615226337890625 0.77044753125 0.61213991796875 0.7685185185546874 0.604938271484375 0.7716049384765625 0.602880658203125 0.778163580078125 0.6023662548828125 0.807484568359375 0.5992798349609375 0.820987654296875 0.6054526748046875 0.823688271484375 0.62294238671875 0.824459876953125
1 0.633230453125 0.8248456787109375 0.65277777734375 0.8256172841796875 0.655864197265625 0.824459876953125 0.6574074072265625 0.82137345703125 0.6553497939453125 0.8132716044921875 0.653806583984375 0.775848765625 0.6507201650390625 0.7719907412109375 0.647119341796875 0.772762345703125 0.64609053515625 0.77044753125 0.64197530859375 0.7685185185546874 0.633230453125 0.7685185185546874 0.6296296298828125 0.7716049384765625 0.628086419921875 0.7824074072265625 0.628086419921875 0.812114197265625 0.6255144033203125 0.820987654296875 0.6275720166015625 0.82330246875 0.633230453125 0.8248456787109375
1 0.6767578125 0.7890625 0.0009765625 0.00048828125
1 0.6815843623046876 0.824459876953125 0.679012345703125 0.77777777734375 0.6712962958984375 0.7716049384765625 0.6666666669921875 0.77044753125 0.6563786005859376 0.7712191357421875 0.6532921806640625 0.7735339501953125 0.6543209873046875 0.824459876953125 0.66306584375 0.8260030859375 0.6784979423828125 0.8260030859375 0.6815843623046876 0.824459876953125
1 0.6970164609375 0.8279320986328125 0.70318930078125 0.8275462958984375 0.70576131640625 0.824459876953125 0.7052469140625 0.781635802734375 0.6995884775390625 0.7716049384765625 0.6856995888671875 0.772762345703125 0.6815843623046876 0.778163580078125 0.6815843623046876 0.8001543212890625 0.6846707822265625 0.814814814453125 0.682098765625 0.824459876953125 0.6970164609375 0.8279320986328125
1 0.7283950615234375 0.827160494140625 0.731995884765625 0.8248456787109375 0.7304526748046875 0.8086419755859375 0.7314814814453126 0.7804783955078125 0.7294238681640625 0.7770061728515625 0.72479423828125 0.7743055556640625 0.7145061728515625 0.7739197529296875 0.71399176953125 0.77237654296875 0.70576131640625 0.77237654296875 0.7073045263671875 0.8248456787109375 0.7093621396484375 0.827160494140625 0.7283950615234375 0.827160494140625
1 0.7602880654296875 0.8279320986328125 0.7592592587890625 0.7824074072265625 0.755144033203125 0.778163580078125 0.742798353515625 0.778163580078125 0.734053498046875 0.77507716015625 0.73302469140625 0.775848765625 0.731995884765625 0.8248456787109375 0.7376543212890625 0.829861111328125 0.7556584365234374 0.82947530859375 0.7602880654296875 0.8279320986328125
1 0.7844650205078125 0.8275462958984375 0.7854938271484375 0.7827932099609375 0.7793209873046875 0.775848765625 0.7767489716796875 0.7770061728515625 0.772119341796875 0.775848765625 0.768004115234375 0.77777777734375 0.761831275390625 0.7770061728515625 0.759773662109375 0.778935185546875 0.7602880654296875 0.827160494140625 0.7654320986328125 0.82947530859375 0.782921810546875 0.829089505859375 0.7844650205078125 0.8275462958984375
1 0.812242798828125 0.8279320986328125 0.8117283955078125 0.7831790126953125 0.807098765625 0.7800925927734375 0.7875514404296875 0.7804783955078125 0.7854938271484375 0.7820216044921875 0.7834362138671875 0.8279320986328125 0.7916666669921875 0.8310185185546874 0.80915637890625 0.8310185185546874 0.812242798828125 0.8279320986328125
1 0.8405349794921875 0.8248456787109375 0.840020576171875 0.786265431640625 0.8312757197265624 0.7785493828125 0.8173868310546875 0.7797067900390625 0.8132716044921875 0.7827932099609375 0.8132716044921875 0.829861111328125 0.8266460908203125 0.83217592578125 0.8384773662109375 0.831790123046875 0.8405349794921875 0.8248456787109375
1 0.3693415634765625 0.8931327158203125 0.383230453125 0.892361111328125 0.390946501953125 0.838348765625 0.3883744853515625 0.83294753125 0.3765432099609375 0.8314043212890625 0.366769546875 0.8356481484375 0.3544238681640625 0.8337191357421875 0.3492798349609375 0.8314043212890625 0.3436213994140625 0.8337191357421875 0.33076131640625 0.832561728515625 0.3204732509765625 0.8356481484375 0.312757201171875 0.8456790126953125 0.3137860078125 0.8707561728515625 0.312242798828125 0.883487654296875 0.3143004111328125 0.88657407421875 0.3693415634765625 0.8931327158203125
1 0.3137860078125 0.9297839501953125 0.3554526748046875 0.9363425927734375 0.3713991767578125 0.9359567900390625 0.3765432099609375 0.937114197265625 0.382201646484375 0.934413580078125 0.382201646484375 0.9212962958984375 0.3842592587890625 0.9185956787109375 0.3842592587890625 0.89737654296875 0.3827160498046875 0.8958333330078125 0.3765432099609375 0.8935185185546874 0.3333333330078125 0.8927469140625 0.3312757197265625 0.8904320986328125 0.3297325107421875 0.892361111328125 0.3256172841796875 0.8912037041015625 0.3245884775390625 0.88927469140625 0.31995884765625 0.8900462958984375 0.3173868310546875 0.8873456787109375 0.3132716044921875 0.891589505859375 0.3106995888671875 0.89737654296875 0.314814814453125 0.9047067900390625 0.3106995888671875 0.918209876953125 0.3137860078125 0.9297839501953125
1 0.40277777734375 0.89544753125 0.4279835390625 0.895061728515625 0.4495884775390625 0.8989197529296875 0.46399176953125 0.89737654296875 0.4655349794921875 0.8939043212890625 0.4645061728515625 0.85455246875 0.475823044921875 0.8464506171875 0.4850823046875 0.8449074072265625 0.4850823046875 0.841435185546875 0.4825102880859375 0.8410493828125 0.4814814814453125 0.838348765625 0.422839505859375 0.8333333330078125 0.4022633740234375 0.8341049384765625 0.393004115234375 0.837962962890625 0.386831275390625 0.848765431640625 0.388888888671875 0.886959876953125 0.3914609052734375 0.89197530859375 0.40277777734375 0.89544753125
1 0.48919753125 0.90007716015625 0.5123456787109375 0.9016203701171875 0.518004115234375 0.9035493828125 0.5334362138671875 0.903935185546875 0.5365226337890625 0.9023919755859375 0.539094650390625 0.858410494140625 0.54423868359375 0.8410493828125 0.5324074072265625 0.8410493828125 0.5282921806640625 0.844135802734375 0.5056584365234374 0.8418209873046875 0.5015432099609375 0.8425925927734375 0.49794238671875 0.8395061728515625 0.49382716015625 0.84027777734375 0.48919753125 0.8418209873046875 0.486111111328125 0.8452932099609375 0.46810699609375 0.84992283984375 0.4645061728515625 0.85532407421875 0.4634773662109375 0.8618827158203125 0.4645061728515625 0.8939043212890625 0.467078189453125 0.8981481484375 0.4763374482421875 0.9020061728515625 0.48919753125 0.90007716015625
1 0.4614197529296875 0.94097222265625 0.4645061728515625 0.9394290126953125 0.4660493828125 0.920910494140625 0.4655349794921875 0.9050925927734375 0.4634773662109375 0.8989197529296875 0.3976337451171875 0.8939043212890625 0.390946501953125 0.89544753125 0.3899176953125 0.8969907412109375 0.3894032919921875 0.92592592578125 0.3945473251953125 0.9355709873046875 0.4470164609375 0.9417438271484375 0.4614197529296875 0.94097222265625
1 0.534979423828125 0.9479166669921875 0.53806584375 0.9467592587890625 0.5396090537109375 0.91782407421875 0.5385802470703125 0.9074074072265625 0.5365226337890625 0.9047067900390625 0.467078189453125 0.90007716015625 0.467078189453125 0.9394290126953125 0.4794238681640625 0.943287037109375 0.492798353515625 0.943287037109375 0.534979423828125 0.9479166669921875
1 0.5910493828125 0.9104938271484375 0.6162551435546875 0.9128086416015625 0.61882716015625 0.9077932099609375 0.6203703701171875 0.8541666669921875 0.61882716015625 0.844135802734375 0.5504115224609375 0.838734568359375 0.5437242802734376 0.8476080244140625 0.5396090537109375 0.8626543212890625 0.54012345703125 0.897762345703125 0.5437242802734376 0.9074074072265625 0.5555555556640625 0.9101080244140625 0.5910493828125 0.9104938271484375
1 0.668209876953125 0.9162808642578125 0.6723251025390625 0.91782407421875 0.695987654296875 0.917438271484375 0.6975308642578125 0.9139660498046875 0.695987654296875 0.8572530859375 0.6913580244140625 0.8591820986328125 0.6887860078125 0.85802469140625 0.6867283955078125 0.86072530859375 0.6836419755859375 0.8614969140625 0.6784979423828125 0.8564814814453126 0.6671810703125 0.8572530859375 0.6635802470703125 0.85532407421875 0.6594650205078125 0.8595679013671875 0.655864197265625 0.8595679013671875 0.6543209873046875 0.8572530859375 0.6522633740234375 0.85802469140625 0.6481481484375 0.8560956787109375 0.6404320986328125 0.8568672841796875 0.6337448564453125 0.8518518515625 0.6275720166015625 0.8560956787109375 0.62294238671875 0.8541666669921875 0.6224279833984375 0.869984568359375 0.6193415634765626 0.87847222265625 0.619855966796875 0.9135802470703125 0.6286008232421875 0.9162808642578125 0.6517489716796875 0.91512345703125 0.668209876953125 0.9162808642578125
1 0.5853909462890625 0.95177469140625 0.6013374482421875 0.954861111328125 0.616769546875 0.9529320986328125 0.6183127568359374 0.914737654296875 0.6157407412109375 0.91242283984375 0.5823045263671875 0.9089506171875 0.564814814453125 0.9101080244140625 0.549897119140625 0.908564814453125 0.5447530859375 0.911265431640625 0.5437242802734376 0.9189814814453126 0.54681069921875 0.94637345703125 0.5555555556640625 0.949459876953125 0.5853909462890625 0.95177469140625
1 0.6589506171875 0.9560185185546874 0.672839505859375 0.957561728515625 0.6954732509765625 0.9564043212890625 0.6970164609375 0.9224537041015625 0.6944444443359375 0.9185956787109375 0.6723251025390625 0.91782407421875 0.6604938271484375 0.9155092587890625 0.6350308642578125 0.9162808642578125 0.619855966796875 0.9143518515625 0.6183127568359374 0.9216820986328125 0.617798353515625 0.9471450615234375 0.619855966796875 0.95447530859375 0.6316872431640626 0.9564043212890625 0.6589506171875 0.9560185185546874
1 0.768004115234375 0.91782407421875 0.77777777734375 0.9158950615234375 0.78189300390625 0.8993055556640625 0.782921810546875 0.883487654296875 0.7824074072265625 0.8765432099609375 0.7782921806640625 0.866512345703125 0.7767489716796875 0.8518518515625 0.7731481484375 0.84992283984375 0.7623456787109375 0.8483796298828125 0.70576131640625 0.846836419921875 0.6995884775390625 0.8541666669921875 0.69907407421875 0.8981481484375 0.702160494140625 0.91512345703125 0.7644032919921875 0.9166666669921875 0.768004115234375 0.91782407421875
1 0.81584362109375 0.9162808642578125 0.825102880859375 0.914737654296875 0.852880658203125 0.91782407421875 0.8616255146484375 0.914737654296875 0.8647119345703125 0.8761574072265625 0.8605967080078125 0.8645833330078125 0.8554526748046875 0.857638888671875 0.8395061728515625 0.85532407421875 0.7865226337890625 0.8541666669921875 0.780864197265625 0.854938271484375 0.7793209873046875 0.8572530859375 0.7834362138671875 0.886188271484375 0.7824074072265625 0.9128086416015625 0.7839506171875 0.91512345703125 0.81584362109375 0.9162808642578125
1 0.7160493828125 0.95717592578125 0.7386831279296875 0.9564043212890625 0.7463991767578125 0.9591049384765625 0.776234568359375 0.9564043212890625 0.7757201650390625 0.918209876953125 0.7026748974609375 0.914737654296875 0.69907407421875 0.918209876953125 0.6985596708984375 0.92322530859375 0.6975308642578125 0.9475308642578125 0.6985596708984375 0.9525462958984375 0.7026748974609375 0.9560185185546874 0.7160493828125 0.95717592578125
1 0.8153292177734375 0.9591049384765625 0.8266460908203125 0.9610339501953125 0.8523662548828125 0.9614197529296875 0.856995884765625 0.95987654296875 0.8600823046875 0.92592592578125 0.8600823046875 0.9216820986328125 0.856995884765625 0.918209876953125 0.829218107421875 0.9155092587890625 0.78600823046875 0.914737654296875 0.778806583984375 0.920138888671875 0.7793209873046875 0.9564043212890625 0.7813786005859376 0.95794753125 0.8024691357421875 0.95987654296875 0.8153292177734375 0.9591049384765625
1 0.904835390625 0.9189814814453126 0.91100823046875 0.920910494140625 0.91512345703125 0.920138888671875 0.918209876953125 0.9220679013671875 0.9212962958984375 0.9197530859375 0.933127572265625 0.9189814814453126 0.939814814453125 0.92052469140625 0.9465020576171875 0.918209876953125 0.9506172841796875 0.8831018515625 0.9495884775390625 0.8757716044921875 0.9444444443359375 0.866512345703125 0.9387860078125 0.8614969140625 0.933127572265625 0.8595679013671875 0.9176954736328125 0.8587962958984375 0.9084362138671875 0.8618827158203125 0.9043209873046875 0.8591820986328125 0.8734567900390625 0.855709876953125 0.86213991796875 0.860339505859375 0.866769546875 0.87847222265625 0.8647119345703125 0.9139660498046875 0.8662551435546875 0.91782407421875 0.904835390625 0.9189814814453126
1 0.954218107421875 0.9189814814453126 0.9573045263671875 0.920138888671875 0.9773662548828125 0.918209876953125 0.988168724609375 0.9220679013671875 0.986111111328125 0.9251543212890625 0.9994855966796875 0.925540123046875 0.9994855966796875 0.863040123046875 0.9495884775390625 0.863040123046875 0.9470164609375 0.86612654296875 0.9537037041015625 0.8823302470703125 0.952160494140625 0.9070216044921875 0.954218107421875 0.9189814814453126
1 0.9423868310546875 0.966435185546875 0.9444444443359375 0.9648919755859375 0.9495884775390625 0.9251543212890625 0.9470164609375 0.9212962958984375 0.9104938271484375 0.9197530859375 0.907921810546875 0.9185956787109375 0.8662551435546875 0.9185956787109375 0.863168724609375 0.9212962958984375 0.86213991796875 0.95717592578125 0.8647119345703125 0.9618055556640625 0.9274691357421875 0.9672067900390625 0.9423868310546875 0.966435185546875
1 0.9994855966796875 0.971064814453125 0.9994855966796875 0.918209876953125 0.9562757197265624 0.91782407421875 0.9516460908203125 0.9243827158203125 0.94907407421875 0.9456018515625 0.948045267578125 0.963348765625 0.9495884775390625 0.965663580078125 0.9665637861328125 0.9695216044921875 0.9994855966796875 0.971064814453125
1 0.6075102880859375 0.562885802734375 0.6095679013671875 0.5609567900390625 0.6095679013671875 0.4899691357421875 0.60390946484375 0.4872685185546875 0.585905349609375 0.486111111328125 0.5637860078125 0.4864969140625 0.560185185546875 0.4895833330078125 0.55915637890625 0.5547839501953125 0.5606995888671875 0.5597993828125 0.5745884775390625 0.5632716044921875 0.6075102880859375 0.562885802734375
1 0.6604938271484375 0.49112654296875 0.6574074072265625 0.488040123046875 0.61213991796875 0.488040123046875 0.6095679013671875 0.5285493828125 0.609053498046875 0.5640432099609375 0.655864197265625 0.5640432099609375 0.6604938271484375 0.5065586416015625 0.6604938271484375 0.49112654296875
1 0.682098765625 0.5632716044921875 0.6995884775390625 0.564814814453125 0.7062757197265624 0.5640432099609375 0.7083333330078125 0.547839505859375 0.7083333330078125 0.4907407412109375 0.7062757197265624 0.4876543212890625 0.6676954736328125 0.4876543212890625 0.6625514404296875 0.4907407412109375 0.6635802470703125 0.505787037109375 0.659979423828125 0.5235339501953125 0.6594650205078125 0.554012345703125 0.66100823046875 0.5625 0.668209876953125 0.5652006171875 0.682098765625 0.5632716044921875
1 0.76080246875 0.5235339501953125 0.7602880654296875 0.4907407412109375 0.7556584365234374 0.488040123046875 0.727880658203125 0.4872685185546875 0.7134773662109375 0.4872685185546875 0.7093621396484375 0.4907407412109375 0.7083333330078125 0.5644290126953125 0.70987654296875 0.565586419921875 0.7556584365234374 0.565586419921875 0.76080246875 0.5235339501953125
1 0.80915637890625 0.5640432099609375 0.80915637890625 0.5497685185546874 0.8117283955078125 0.537037037109375 0.812242798828125 0.4907407412109375 0.8106995888671875 0.48919753125 0.8045267490234375 0.488811728515625 0.7813786005859376 0.4895833330078125 0.7649176953125 0.48842592578125 0.7613168720703125 0.49112654296875 0.7592592587890625 0.5640432099609375 0.7644032919921875 0.567515431640625 0.80504115234375 0.5667438271484375 0.80915637890625 0.5640432099609375
1 0.8605967080078125 0.567515431640625 0.8626543212890625 0.5632716044921875 0.865226337890625 0.4903549384765625 0.8595679013671875 0.488040123046875 0.8184156376953124 0.48919753125 0.8137860078125 0.49112654296875 0.8132716044921875 0.5015432099609375 0.8117283955078125 0.565586419921875 0.8137860078125 0.5671296298828125 0.8204732509765625 0.567515431640625 0.8605967080078125 0.567515431640625
1 0.9166666669921875 0.5381944443359375 0.91512345703125 0.530864197265625 0.916152263671875 0.5219907412109375 0.914094650390625 0.5185185185546874 0.918209876953125 0.511959876953125 0.9176954736328125 0.49112654296875 0.91512345703125 0.4895833330078125 0.873971193359375 0.4899691357421875 0.8693415634765626 0.488811728515625 0.866769546875 0.4903549384765625 0.8657407412109375 0.49382716015625 0.865226337890625 0.5671296298828125 0.8894032919921875 0.56867283984375 0.9146090537109375 0.567515431640625 0.9166666669921875 0.5381944443359375
1 0.969135802734375 0.5690586416015625 0.971193416015625 0.5667438271484375 0.9727366259765625 0.5393518515625 0.9717078193359375 0.49112654296875 0.967078189453125 0.488811728515625 0.9495884775390625 0.488040123046875 0.9233539091796875 0.488811728515625 0.9187242802734376 0.49112654296875 0.920781892578125 0.505015431640625 0.918209876953125 0.567515431640625 0.922839505859375 0.5694444443359375 0.969135802734375 0.5690586416015625
1 0.9994855966796875 0.5698302470703125 0.9994855966796875 0.48919753125 0.9773662548828125 0.4876543212890625 0.9727366259765625 0.49112654296875 0.9742798349609375 0.5011574072265625 0.97222222265625 0.567901234375 0.97890946484375 0.5702160498046875 0.9994855966796875 0.5698302470703125
1 0.6116255146484375 0.6697530859375 0.61419753125 0.66782407421875 0.6162551435546875 0.6485339501953125 0.6147119345703125 0.6323854169921875 0.6162551435546875 0.5976080244140625 0.6095679013671875 0.593364197265625 0.58487654296875 0.5891203701171875 0.57407407421875 0.590663580078125 0.5673868310546875 0.5952932099609375 0.56584362109375 0.6350308642578125 0.5694444443359375 0.6662808642578125 0.57407407421875 0.6689814814453126 0.6116255146484375 0.6697530859375
1 0.659979423828125 0.6720679013671875 0.662037037109375 0.6697530859375 0.66306584375 0.661651234375 0.662037037109375 0.619598765625 0.6635802470703125 0.598765431640625 0.657921810546875 0.596064814453125 0.6476337451171875 0.5952932099609375 0.61882716015625 0.5956790126953125 0.615226337890625 0.5983796298828125 0.61419753125 0.668209876953125 0.617798353515625 0.670138888671875 0.6306584365234374 0.6712962958984375 0.659979423828125 0.6720679013671875
1 0.6697530859375 0.67322530859375 0.708847736328125 0.67322530859375 0.710905349609375 0.6716820986328125 0.71399176953125 0.6354166669921875 0.7114197529296875 0.5976080244140625 0.7078189296875 0.5952932099609375 0.685185185546875 0.5949074072265625 0.6671810703125 0.596064814453125 0.6625514404296875 0.598765431640625 0.664094650390625 0.6099537041015625 0.662037037109375 0.6697530859375 0.6635802470703125 0.6716820986328125 0.6697530859375 0.67322530859375
1 0.7577160498046875 0.673611111328125 0.76080246875 0.6716820986328125 0.7602880654296875 0.599537037109375 0.75617283984375 0.5964506171875 0.7443415634765626 0.594135802734375 0.7376543212890625 0.594135802734375 0.7345679013671875 0.596836419921875 0.72890946484375 0.59722222265625 0.7165637861328125 0.5949074072265625 0.712962962890625 0.598765431640625 0.71399176953125 0.6400462958984375 0.7124485595703125 0.6720679013671875 0.7227366259765625 0.6739969140625 0.7577160498046875 0.673611111328125
1 0.8076131689453125 0.675540123046875 0.8096707822265625 0.67052469140625 0.80915637890625 0.6543209873046875 0.8106995888671875 0.65007716015625 0.810185185546875 0.598765431640625 0.8034979423828125 0.5949074072265625 0.791152263671875 0.593364197265625 0.7654320986328125 0.5964506171875 0.761831275390625 0.6030092587890625 0.7623456787109375 0.6720679013671875 0.765946501953125 0.6743827158203125 0.7824074072265625 0.676311728515625 0.8076131689453125 0.675540123046875
1 0.859053498046875 0.6770833330078125 0.8605967080078125 0.675540123046875 0.8605967080078125 0.6574074072265625 0.8626543212890625 0.6520061728515625 0.861111111328125 0.6010802470703125 0.859053498046875 0.598765431640625 0.854938271484375 0.5979938271484375 0.8256172841796875 0.5976080244140625 0.8137860078125 0.5949074072265625 0.8117283955078125 0.60262345703125 0.8106995888671875 0.6747685185546874 0.8137860078125 0.67669753125 0.8276748974609375 0.679012345703125 0.859053498046875 0.6770833330078125
1 0.9146090537109375 0.66242283984375 0.914094650390625 0.60262345703125 0.907921810546875 0.599537037109375 0.894032921875 0.5979938271484375 0.8904320986328125 0.599537037109375 0.8662551435546875 0.599537037109375 0.863168724609375 0.602237654296875 0.8626543212890625 0.6751543212890625 0.8693415634765626 0.6782407412109375 0.9115226337890625 0.67862654296875 0.9146090537109375 0.66242283984375
1 0.9336419755859375 0.68132716015625 0.9645061728515625 0.6805555556640625 0.967078189453125 0.679012345703125 0.96810699609375 0.6639660498046875 0.9686213994140624 0.6091820986328125 0.9665637861328125 0.6033950615234375 0.9614197529296875 0.6006944443359375 0.9506172841796875 0.599537037109375 0.92181069921875 0.599537037109375 0.91512345703125 0.602237654296875 0.916152263671875 0.6381172841796875 0.9146090537109375 0.672839505859375 0.916152263671875 0.67862654296875 0.9336419755859375 0.68132716015625
1 0.9994855966796875 0.599537037109375 0.9753086416015625 0.6006944443359375 0.9696502060546875 0.6041666669921875 0.969135802734375 0.67862654296875 0.973765431640625 0.682484568359375 0.9994855966796875 0.681712962890625 0.9994855966796875 0.599537037109375
0 0.4453125 0.7412109375 0.458984375 0.744140625 0.458984375 0.7548828125 0.45703125 0.7568359375 0.431640625 0.755859375 0.4287109375 0.75390625 0.4296875 0.7421875 0.4443359375 0.7412109375
0 0.8037109375 0.755859375 0.810546875 0.759765625 0.810546875 0.76953125 0.8076171875 0.771484375 0.7802734375 0.7705078125 0.7763671875 0.7685546875 0.7763671875 0.7568359375 0.779296875 0.7548828125 0.802734375 0.755859375
0 0.9287109375 0.9736328125 0.9462890625 0.9736328125 0.962890625 0.9765625 0.96484375 0.986328125 0.96484375 0.9912109375 0.962890625 0.9921875 0.9326171875 0.990234375 0.927734375 0.9873046875 0.9287109375 0.974609375
0 0.966796875 0.7607421875 0.970703125 0.763671875 0.9716796875 0.771484375 0.9697265625 0.7763671875 0.9638671875 0.77734375 0.939453125 0.7763671875 0.935546875 0.7724609375 0.935546875 0.7666015625 0.9365234375 0.7626953125 0.94140625 0.7607421875 0.9658203125 0.7607421875
0 0.4521484375 0.943359375 0.466796875 0.9423828125 0.482421875 0.9462890625 0.4814453125 0.9609375 0.47265625 0.9609375 0.451171875 0.95703125 0.4521484375 0.9443359375
0 0.0185546875 0.724609375 0.037109375 0.724609375 0.044921875 0.7275390625 0.0439453125 0.7392578125 0.0244140625 0.7392578125 0.017578125 0.736328125 0.0185546875 0.7255859375
0 0.11328125 0.798828125 0.1376953125 0.7998046875 0.140625 0.8095703125 0.1376953125 0.8134765625 0.1142578125 0.8115234375 0.1123046875 0.80859375 0.11328125 0.7998046875
0 0.3310546875 0.3369140625 0.3427734375 0.3408203125 0.3583984375 0.341796875 0.3681640625 0.345703125 0.3681640625 0.3525390625 0.3642578125 0.3583984375 0.3564453125 0.365234375 0.3505859375 0.3671875 0.3291015625 0.3671875 0.3125 0.361328125 0.3125 0.3544921875 0.31640625 0.34375 0.3212890625 0.337890625 0.330078125 0.3369140625
0 0.60546875 0.56640625 0.63671875 0.5673828125 0.640625 0.5712890625 0.6396484375 0.5810546875 0.63671875 0.5830078125 0.609375 0.5830078125 0.603515625 0.5810546875 0.60546875 0.5673828125
0 0.5068359375 0.3447265625 0.5205078125 0.345703125 0.5205078125 0.361328125 0.4892578125 0.361328125 0.4873046875 0.34765625 0.4892578125 0.345703125 0.505859375 0.3447265625
0 0.8466796875 0.341796875 0.84765625 0.3564453125 0.8447265625 0.357421875 0.8125 0.357421875 0.810546875 0.3564453125 0.810546875 0.3427734375 0.81640625 0.3408203125 0.845703125 0.341796875
0 0.033203125 0.7919921875 0.0341796875 0.8046875 0.0322265625 0.806640625 0.01171875 0.806640625 0.0078125 0.8046875 0.0068359375 0.80078125 0.0078125 0.79296875 0.009765625 0.7919921875 0.0322265625 0.7919921875
0 0.2314453125 0.34765625 0.2353515625 0.3515625 0.2353515625 0.3603515625 0.2275390625 0.36328125 0.216796875 0.373046875 0.2099609375 0.3740234375 0.1787109375 0.373046875 0.177734375 0.3662109375 0.1845703125 0.3515625 0.1904296875 0.3486328125 0.23046875 0.34765625
0 0.921875 0.8525390625 0.921875 0.8408203125 0.923828125 0.8388671875 0.955078125 0.83984375 0.95703125 0.8427734375 0.95703125 0.8525390625 0.9560546875 0.8544921875 0.9287109375 0.8544921875 0.9228515625 0.8525390625
0 0.267578125 0.8076171875 0.2919921875 0.8076171875 0.2958984375 0.810546875 0.294921875 0.8212890625 0.2734375 0.8212890625 0.2666015625 0.8173828125 0.267578125 0.80859375
0 0.599609375 0.82421875 0.6201171875 0.826171875 0.6220703125 0.830078125 0.6220703125 0.8388671875 0.6201171875 0.8408203125 0.5908203125 0.83984375 0.58984375 0.826171875 0.591796875 0.82421875 0.5986328125 0.82421875
0 0.9072265625 0.759765625 0.908203125 0.7744140625 0.90625 0.775390625 0.8818359375 0.7744140625 0.873046875 0.771484375 0.873046875 0.76171875 0.876953125 0.7587890625 0.90625 0.759765625
0 0.30078125 0.736328125 0.3017578125 0.748046875 0.298828125 0.75 0.2734375 0.7490234375 0.2724609375 0.7373046875 0.2744140625 0.7353515625 0.2998046875 0.736328125
0 0.4677734375 0.3466796875 0.47265625 0.3515625 0.470703125 0.361328125 0.447265625 0.36328125 0.439453125 0.361328125 0.439453125 0.34765625 0.44921875 0.345703125 0.466796875 0.3466796875
0 0.1455078125 0.73046875 0.169921875 0.73046875 0.1728515625 0.734375 0.171875 0.744140625 0.1474609375 0.744140625 0.14453125 0.7421875 0.1455078125 0.7314453125
0 0.78125 0.9658203125 0.783203125 0.9677734375 0.783203125 0.9775390625 0.7802734375 0.9794921875 0.7490234375 0.9765625 0.75 0.9638671875 0.7802734375 0.9658203125
0 0.63330078125 0.3525390625 0.03564453125 0.01806640625
0 0.330078125 0.546875 0.376953125 0.5458984375 0.37890625 0.5498046875 0.3779296875 0.572265625 0.3740234375 0.58984375 0.3720703125 0.591796875 0.3544921875 0.591796875 0.328125 0.58984375 0.3232421875 0.5869140625 0.326171875 0.56640625 0.3310546875 0.560546875 0.330078125 0.5478515625
0 0.42578125 0.814453125 0.453125 0.8154296875 0.455078125 0.81640625 0.4560546875 0.826171875 0.4541015625 0.830078125 0.42578125 0.8291015625 0.42578125 0.8154296875
0 0.0966796875 0.5576171875 0.1015625 0.5595703125 0.1015625 0.56640625 0.0966796875 0.57421875 0.0966796875 0.5810546875 0.091796875 0.5869140625 0.0498046875 0.583984375 0.046875 0.58203125 0.046875 0.578125 0.05078125 0.564453125 0.0576171875 0.5576171875 0.095703125 0.5576171875
0 0.060546875 0.916015625 0.0625 0.9189453125 0.060546875 0.9296875 0.03515625 0.9287109375 0.033203125 0.92578125 0.033203125 0.919921875 0.0361328125 0.9150390625 0.0595703125 0.916015625
0 0.7783203125 0.8330078125 0.8076171875 0.8330078125 0.8115234375 0.8369140625 0.810546875 0.8486328125 0.7890625 0.8486328125 0.7783203125 0.8466796875 0.7783203125 0.833984375
0 0.9990234375 0.337890625 0.9990234375 0.3544921875 0.994140625 0.353515625 0.994140625 0.33984375 0.998046875 0.337890625
0 0.083984375 0.34765625 0.1064453125 0.3486328125 0.1083984375 0.3515625 0.107421875 0.3583984375 0.103515625 0.36328125 0.0947265625 0.37109375 0.087890625 0.3740234375 0.0537109375 0.3740234375 0.046875 0.37109375 0.052734375 0.359375 0.0625 0.349609375 0.06640625 0.34765625 0.0830078125 0.34765625
0 0.6123046875 0.7490234375 0.6123046875 0.7626953125 0.6103515625 0.763671875 0.5810546875 0.7626953125 0.578125 0.7587890625 0.578125 0.7509765625 0.5810546875 0.7470703125 0.611328125 0.7490234375
0 0.63671875 0.95703125 0.6396484375 0.9599609375 0.6396484375 0.96875 0.6376953125 0.9716796875 0.6123046875 0.970703125 0.6064453125 0.966796875 0.6083984375 0.9560546875 0.6357421875 0.95703125
0 0.734375 0.8310546875 0.7646484375 0.8310546875 0.7666015625 0.833984375 0.7666015625 0.8447265625 0.7646484375 0.8466796875 0.75390625 0.8466796875 0.734375 0.8447265625 0.734375 0.83203125
0 0.779296875 0.57763671875 0.0361328125 0.017578125
0 0.6923828125 0.7509765625 0.6962890625 0.751953125 0.697265625 0.7548828125 0.697265625 0.763671875 0.6943359375 0.7666015625 0.6650390625 0.765625 0.6640625 0.7626953125 0.6640625 0.7548828125 0.6669921875 0.7509765625 0.69140625 0.7509765625
0 0.23046875 0.9287109375 0.2587890625 0.9306640625 0.2607421875 0.939453125 0.2587890625 0.943359375 0.2333984375 0.9423828125 0.23046875 0.9404296875 0.23046875 0.9296875