1 0 0.1507060546875 0.00775137109375 0.1498966953125 0.0212084833984375 0.15112309765625 0.04068863671875 0.1493295224609375 0.058013041015625 0.145717265625 0.053061970703125 0.1003895732421875 0.043608763671875 0.0576158193359375 0.04311289453125 0.0383252099609375 0.0397569404296875 0.0234341435546875 0 0.025517716796875 0 0.1507060546875
1 0.042839130859375 0.02327261328125 0.06113561328125 0.1463262822265625 0.0643591416015625 0.14886166796875 0.10804369140625 0.14695858984375 0.1256394970703125 0.1386961259765625 0.1111610078125 0.0196920146484375 0.042839130859375 0.02327261328125
1 0.175718912109375 0.04257925 0.1814681884765625 0.024506673828125 0.17588699609375 0.0162998701171875 0.11578429296875 0.01944971875 0.1146672158203125 0.027621232421875 0.1242575703125 0.1221562763671875 0.1280666494140625 0.1358646015625 0.1302627822265625 0.138453830078125 0.1450299697265625 0.1450202216796875 0.1605014931640625 0.145368388671875 0.1732429951171875 0.142768974609375 0.1756297646484375 0.13916690234375 0.1688145380859375 0.087755595703125 0.166423044921875 0.0519520595703125 0.1682557333984375 0.047606361328125 0.175718912109375 0.04257925
1 0.1789138681640625 0.142858109375 0.1836784921875 0.1453127294921875 0.2253284384765625 0.143902611328125 0.229377451171875 0.142531416015625 0.2322173447265625 0.1377466015625 0.2249442705078125 0.0481124287109375 0.2217207412109375 0.04557704296875 0.2060473046875 0.0413761376953125 0.1990461640625 0.0355617412109375 0.1800999013671875 0.0377136689453125 0.1764143330078125 0.046019791015625 0.1703509091796875 0.0482692216796875 0.1679237568359375 0.0511007470703125 0.1755579140625 0.12796704296875 0.1789138681640625 0.142858109375
1 0.2354812568359375 0.141052533203125 0.2392184853515625 0.1435609970703125 0.2813417470703125 0.14135341015625 0.2847962958984375 0.1384680419921875 0.278077302734375 0.0495774951171875 0.275901361328125 0.0473735390625 0.264911783203125 0.04408616015625 0.260458943359375 0.037751880859375 0.25514023828125 0.034553634765625 0.2402429873046875 0.0353343662109375 0.2382600439453125 0.0466419140625 0.2306959091796875 0.04974265625 0.2293971103515625 0.05444670703125 0.2291886435546875 0.0799555390625 0.2354812568359375 0.141052533203125
1 0.3103975517578125 0.0274080703125 0.3033067333984375 0.0297113447265625 0.296377443359375 0.0350968076171875 0.2920772197265625 0.041503484375 0.282931607421875 0.0439144453125 0.2800109482421875 0.0471581650390625 0.2812449814453125 0.09036266796875 0.287485935546875 0.1406450751953125 0.3250868701171875 0.1406061533203125 0.338875958984375 0.138338169921875 0.3396812509765625 0.1340463154296875 0.33617504296875 0.12611709765625 0.3390553193359375 0.122102830078125 0.34316490625 0.1218874560546875 0.337754158203125 0.1071040751953125 0.336542677734375 0.083987650390625 0.3384537705078125 0.0614802431640625 0.336105021484375 0.0461500595703125 0.331793521484375 0.0425126962890625 0.3125241962890625 0.0385002431640625 0.3137018466796875 0.03148455078125 0.3103975517578125 0.0274080703125
1 0.35537487890625 0.138632494140625 0.361126517578125 0.1402627236328125 0.3903467470703125 0.1375723603515625 0.394889267578125 0.1357889697265625 0.3921699892578125 0.0544154443359375 0.38848205859375 0.0430187626953125 0.378479494140625 0.0389069921875 0.37347257421875 0.031829087890625 0.3600154609375 0.0306026845703125 0.3529246416015625 0.032905958984375 0.34827225 0.04242174609375 0.3402953740234375 0.0474757802734375 0.3395239111328125 0.081899751953125 0.34107864453125 0.111565830078125 0.35537487890625 0.138632494140625
1 0.4129494736328125 0.1363878017578125 0.4442850712890625 0.134745572265625 0.4478203857421875 0.133401298828125 0.4508396396484375 0.112381142578125 0.4473061552734375 0.04495823828125 0.4440220517578125 0.04126703125 0.43307285546875 0.03875019921875 0.4317022060546875 0.032254388671875 0.428438294921875 0.0289484560546875 0.410458853515625 0.02989071875 0.4072264091796875 0.0370140986328125 0.3977084365234375 0.0421488974609375 0.394983138671875 0.0786069248046875 0.3984447724609375 0.13482996875 0.4129494736328125 0.1363878017578125
1 0.4529057099609375 0.122317494140625 0.4554652861328125 0.131841650390625 0.468449083984375 0.1338655224609375 0.5033805693359376 0.1320348408203125 0.5073690087890625 0.1295078232421875 0.5074990703125 0.1221607001953125 0.503157931640625 0.0393268466796875 0.4931755595703125 0.035600349609375 0.4853982333984375 0.02480431640625 0.4699469013671875 0.024841421875 0.4659382724609375 0.026983166015625 0.463773607421875 0.0348232490234375 0.4551820751953125 0.0379778349609375 0.452261416015625 0.0412215556640625 0.4507719794921875 0.052116908203125 0.4529057099609375 0.122317494140625
1 0.507983130859375 0.0429372880859375 0.5060720380859375 0.0654446953125 0.5083447451171875 0.1186393935546875 0.51147859375 0.12929244921875 0.5162028359375 0.1309765224609375 0.55890037109375 0.1298978349609375 0.5612871396484375 0.12629576171875 0.5625028115234375 0.1003478134765625 0.560995013671875 0.042090712890625 0.559130857421875 0.0360070986328125 0.5481210888671875 0.0323344443359375 0.5461559755859375 0.0243244619140625 0.5440204169921875 0.0228910537109375 0.5249933876953125 0.0235018857421875 0.5221131103515625 0.027516154296875 0.5222948330078125 0.0309836181640625 0.5111953837890625 0.035428634765625 0.507983130859375 0.0429372880859375
1 0.568458193359375 0.0370636005859375 0.5650238359375 0.0403342431640625 0.5623769404296876 0.0586305615234375 0.562493896484375 0.110006578125 0.5627070869140625 0.1239033544921875 0.56506475 0.1295747734375 0.5706750498046875 0.1285080869140625 0.5789951787109375 0.1300037060546875 0.611358173828125 0.1283076337890625 0.6128386943359375 0.127071046875 0.616270689453125 0.1040976005859375 0.6164946240234375 0.0395684326171875 0.612636248046875 0.0347483271484375 0.6022411337890625 0.03297512109375 0.59865416015625 0.0235048076171875 0.5837165263671875 0.0235149921875 0.5801812119140625 0.024859265625 0.577260552734375 0.028102986328125 0.5765562177734375 0.0343212099609375 0.568458193359375 0.0370636005859375
1 0.6187109482421875 0.042542935546875 0.61677075 0.0743238349609375 0.61656464453125 0.1195354716796875 0.61900307421875 0.1267479853515625 0.6226393447265625 0.127330080078125 0.627181865234375 0.1255466904296875 0.6344947890625 0.1274814267578125 0.6520009140625 0.1273366337890625 0.66583038671875 0.1258391982421875 0.6682171552734375 0.122237125 0.6710879853515626 0.039411640625 0.66733056640625 0.0365179033203125 0.6615991201171875 0.035272947265625 0.6553628896484375 0.0243961484375 0.6363560517578125 0.0253922548828125 0.633184181640625 0.0336714560546875 0.6226186220703125 0.03847482421875 0.6187109482421875 0.042542935546875
1 0.689096533203125 0.0291958857421875 0.6845943955078125 0.03174982421875 0.67885403515625 0.040163634765625 0.675220125 0.05928434375 0.674690958984375 0.0983316005859375 0.675862056640625 0.1206774775390625 0.6775646826171875 0.1236789013671875 0.69005497265625 0.12611496875 0.7265275537109375 0.1242035224609375 0.7289950888671874 0.1221425439453125 0.7315119208984375 0.1111933486328125 0.7357153798828125 0.0537959306640625 0.734625046875 0.0329911484375 0.7307666708984375 0.0281710419921875 0.7239876357421875 0.0265946572265625 0.719373265625 0.0171781875 0.716230501953125 0.016183896484375 0.7018873310546875 0.0177082548828125 0.695754419921875 0.02846062890625 0.689096533203125 0.0291958857421875
1 0.739721646484375 0.0319513828125 0.7367516904296875 0.0440833212890625 0.7342686884765625 0.0851646337890625 0.734282326171875 0.1149114775390625 0.73721426171875 0.1217117958984375 0.74608847265625 0.123951041015625 0.7810603408203125 0.1228909072265625 0.7856028603515625 0.1211075166015625 0.7884920517578125 0.107434482421875 0.79259219140625 0.0284078916015625 0.79041625 0.026203935546875 0.782630009765625 0.0250666669921875 0.7748324931640626 0.013885361328125 0.7650520341796875 0.0140116005859375 0.7579410224609375 0.0159296005859375 0.7545268564453125 0.0195855166015625 0.7527749326171875 0.0254723095703125 0.7431358134765625 0.028295466796875 0.739721646484375 0.0319513828125
1 0.793862416015625 0.121447314453125 0.8068058310546875 0.1227006396484375 0.8396825234375 0.12097764453125 0.8426435654296875 0.1185044716796875 0.8486660732421875 0.02701451171875 0.8391570166015625 0.022490544921875 0.836678205078125 0.0145074833984375 0.8340087568359374 0.0127157236328125 0.8160898896484375 0.014813806640625 0.8109036083984374 0.0239712431640625 0.8002370927734375 0.0268482431640625 0.7952818310546875 0.0305849248046875 0.79052429296875 0.087238716796875 0.7910314375 0.116573365234375 0.793862416015625 0.121447314453125
1 0.849191048828125 0.03703162890625 0.846427728515625 0.0924219130859375 0.846531046875 0.1140510869140625 0.8488685185546875 0.1193372314453125 0.8535725693359375 0.1206360302734375 0.8746947744140625 0.12068805859375 0.88856462890625 0.119961169921875 0.899231146484375 0.1170841689453125 0.9041121943359375 0.08244482421875 0.90669379296875 0.0235870751953125 0.9039839619140625 0.0210247685546875 0.8993808681640625 0.0216523388671875 0.892590556640625 0.0100319130859375 0.8756385126953125 0.0109203330078125 0.8721435810546875 0.013035154296875 0.8679443134765625 0.0213681982421875 0.8512547568359375 0.02726517578125 0.849191048828125 0.03703162890625
1 0.9022325703125 0.115381544921875 0.905496482421875 0.1186874765625 0.941062814453125 0.1191415166015625 0.944142642578125 0.0992771806640625 0.9448648076171875 0.0737414267578125 0.9506521044921875 0.0367365947265625 0.943327904296875 0.024757818359375 0.9425000595703125 0.0089615947265625 0.938289515625 0.0072506005859375 0.920330265625 0.00857813671875 0.913732953125 0.01046921484375 0.9097848974609375 0.013766779296875 0.9072680654296875 0.024715974609375 0.9052405478515625 0.0843173486328125 0.9022011025390625 0.1049522314453125 0.9022325703125 0.115381544921875
1 0.9800836953125 0.1167101865234375 0.97428878125 0.006136623046875 0.9696856875 0.0067641923828125 0.96526431640625 0.0108592265625 0.9628686318359375 0.024120064453125 0.95223358203125 0.0374263779296875 0.9494857314453125 0.053796326171875 0.9493790595703125 0.07141865234375 0.944283982421875 0.1019740966796875 0.9445779375 0.11741196875 0.9461997978515625 0.118872298828125 0.9549932431640625 0.11957044921875 0.9800836953125 0.1167101865234375
1 0.9336048916015625 0.25204421875 0.9648799150390625 0.2492461689453125 0.969431349609375 0.2378040126953125 0.976835783203125 0.162853900390625 0.963851986328125 0.160830029296875 0.9273390234375 0.1619709296875 0.9116162880859375 0.1666582421875 0.912392474609375 0.17163987890625 0.903514072265625 0.2184650068359375 0.9027919072265626 0.2440007607421875 0.906751240234375 0.2507472353515625 0.919714845703125 0.252385833984375 0.9336048916015625 0.25204421875
1 0.879505037109375 0.2517888173828125 0.89405012109375 0.2541171962890625 0.89857244921875 0.2519485322265625 0.9065309638671875 0.177742046875 0.89355608203125 0.1660594091796875 0.876624228515625 0.1673331025390625 0.87289827734375 0.174868677734375 0.86632115625 0.177145029296875 0.8624336748046875 0.1815984150390625 0.8594839091796875 0.1941156279296875 0.8564266337890625 0.234068041015625 0.857375626953125 0.25217590625 0.8636207724609375 0.253393939453125 0.879505037109375 0.2517888173828125
1 0.85927071875 0.1802188515625 0.85754790234375 0.17683215234375 0.8533575498046875 0.175506431640625 0.849891724609375 0.16834776171875 0.84668838671875 0.166197650390625 0.831791134765625 0.1669783818359375 0.830019021484375 0.1724799013671875 0.8220219521484375 0.1771486611328125 0.8176409638671875 0.1820142421875 0.8121743662109375 0.205480650390625 0.8105055703125 0.2326113427734375 0.8120894091796875 0.2530039287109375 0.8542934365234375 0.2523374365234375 0.85927071875 0.1802188515625
1 0.804938015625 0.2541513818359375 0.8074257421875 0.252475677734375 0.81303787109375 0.1826418125 0.8102674658203125 0.17892368359375 0.7885911787109375 0.1781280302734375 0.7743287744140624 0.181193482421875 0.76378812890625 0.2257877333984375 0.7626823291015625 0.2440032861328125 0.76478878125 0.2547101865234375 0.7694928310546875 0.2560089853515625 0.781841783203125 0.255748134765625 0.804938015625 0.2541513818359375
1 0.760394154296875 0.2298289228515625 0.7613562529296874 0.189213650390625 0.7598644560546876 0.180406197265625 0.735619677734375 0.17974515234375 0.7208031923828125 0.1820669794921875 0.71884935546875 0.18410103515625 0.7159714404296875 0.207818107421875 0.7127841025390625 0.2551176435546875 0.716501138671875 0.257240833984375 0.7247606953125 0.2575806328125 0.7565897998046875 0.2555262080078125 0.760394154296875 0.2298289228515625
1 0.6659971728515625 0.2567969794921875 0.6682134970703125 0.259771482421875 0.6728973564453125 0.2606850068359375 0.7088158564453125 0.25802993359375 0.7119675341796875 0.249365458984375 0.7146233447265625 0.2214103759765625 0.7126042099609375 0.182883001953125 0.710982349609375 0.181422671875 0.7006276181640625 0.1804200126953125 0.6962151611328125 0.17485628125 0.6920651923828125 0.1743011083984375 0.6887923662109375 0.18065394140625 0.6837361474609375 0.1824642529296875 0.6724347841796875 0.1830565322265625 0.6695343173828125 0.18668552734375 0.6659971728515625 0.2567969794921875
1 0.6241114833984375 0.2242222421875 0.62179892578125 0.2587269794921875 0.6281652197265625 0.262256654296875 0.6615354189453125 0.2601214658203125 0.6648688193359376 0.2549244541015625 0.666237107421875 0.241717458984375 0.6641193779296874 0.220966521484375 0.66719920703125 0.2011021865234375 0.6648706494140625 0.1861572763671875 0.6579906572265625 0.182654521484375 0.651442642578125 0.1756573818359375 0.64106771875 0.17426944921875 0.62975744140625 0.184520494140625 0.6257084287109375 0.185891689453125 0.62240649609375 0.2015180126953125 0.6241114833984375 0.2242222421875
1 0.6172765986328125 0.26089564453125 0.6208903154296875 0.24138966015625 0.6201587041015625 0.1881141982421875 0.6174084912109375 0.1847813427734375 0.6101561396484375 0.1840024267578125 0.6040814404296875 0.176207818359375 0.5953485693359375 0.17666548828125 0.5910887275390625 0.1838427119140625 0.579495771484375 0.188699923828125 0.5762140302734375 0.204711521484375 0.5759651806640625 0.2294498056640625 0.5776612529296875 0.26181280078125 0.5859813828125 0.263308419921875 0.6172765986328125 0.26089564453125
1 0.5298107353515625 0.2137110576171875 0.5323952265625 0.2630260966796875 0.538146865234375 0.2646563251953125 0.5520772939453125 0.2650852587890625 0.5720509541015625 0.2628794873046875 0.573924025390625 0.2593043359375 0.574617083984375 0.24304207421875 0.5734525400390625 0.1913346279296875 0.5712160244140625 0.1879748515625 0.5623014306640625 0.1849650576171875 0.5579697392578125 0.1809424208984375 0.557808208984375 0.17786023046875 0.5511705126953125 0.17898076171875 0.5487635517578126 0.1821975615234375 0.5335948984375 0.1876284990234375 0.53134946875 0.19392748828125 0.5298107353515625 0.2137110576171875
1 0.4973937197265625 0.184889740234375 0.48680796875 0.1893078349609375 0.4842418388671875 0.209145248046875 0.487028244140625 0.2623130244140625 0.4887308701171875 0.2653144482421875 0.5032153798828125 0.2664870068359375 0.527318818359375 0.2644511357421875 0.5291918896484376 0.260875984375 0.52964265234375 0.2399904375 0.528096833984375 0.20066559375 0.5254766826171875 0.1899856162109375 0.5232805498046875 0.1873963876953125 0.5165015146484375 0.185820001953125 0.515211630859375 0.180865287109375 0.5125219912109376 0.1786882529296875 0.5057631474609375 0.177497142578125 0.49861175390625 0.1786445947265625 0.4961846015625 0.181476119140625 0.4973937197265625 0.184889740234375
1 0.439231748046875 0.2447286728515625 0.4434446513671875 0.266142470703125 0.446607607421875 0.26752203515625 0.471305509765625 0.2670003369140625 0.482032599609375 0.265279158203125 0.4844597529296875 0.2624476337890625 0.485063130859375 0.254303041015625 0.48201423828125 0.1961267060546875 0.480129890625 0.189657818359375 0.470248474609375 0.187857689453125 0.4646672822265625 0.1796508857421875 0.4559344111328125 0.1801085556640625 0.4486933369140625 0.189373677734375 0.43954772265625 0.1917846396484375 0.4385137744140625 0.2212000517578125 0.439231748046875 0.2447286728515625
1 0.399492892578125 0.2236313818359375 0.4039570087890625 0.2400097001953125 0.4032752265625 0.266316001953125 0.4111422314453125 0.268994365234375 0.43680695703125 0.267263001953125 0.440281697265625 0.2647629072265625 0.43692312890625 0.239993083984375 0.436315279296875 0.1989080185546875 0.4237733291015625 0.185657365234375 0.4119178857421875 0.1855060185546875 0.4083623798828125 0.18646501953125 0.405230892578125 0.1955147685546875 0.399862890625 0.201204740234375 0.398070583984375 0.2063209853515625 0.399492892578125 0.2236313818359375
1 0.357143333984375 0.2706653310546875 0.3925885185546875 0.2688077275390625 0.3960430673828125 0.265922359375 0.395971216796875 0.2547224990234375 0.3882182734375 0.195247365234375 0.3826124326171875 0.191484669921875 0.376723912109375 0.182328142578125 0.3597112939453125 0.182060740234375 0.3550387109375 0.1911912529296875 0.3490762451171875 0.195367052734375 0.3467500498046875 0.2001249462890625 0.345038509765625 0.206782287109375 0.3502835341796875 0.2675478505859375 0.357143333984375 0.2706653310546875
1 0.348681865234375 0.266472794921875 0.34418155859375 0.2002595546875 0.3388426611328125 0.1966760361328125 0.333855931640625 0.189983404296875 0.3214867900390625 0.18985898046875 0.318465173828125 0.19117633203125 0.3152125380859375 0.1979144375 0.3066411982421875 0.201454298828125 0.305916671875 0.207287248046875 0.31171577734375 0.2687964375 0.315473197265625 0.2716901748046875 0.3457612060546875 0.2697165166015625 0.348681865234375 0.266472794921875
1 0.301502384765625 0.2704906953125 0.3018230849609375 0.25695226953125 0.2954811748046875 0.204743494140625 0.2868379833984375 0.197083494140625 0.282959416015625 0.1918781142578125 0.2838656640625 0.1895126279296875 0.269482111328125 0.1902664384765625 0.2682236953125 0.19574103515625 0.2508992919921875 0.19935329296875 0.2567096748046875 0.270906521484375 0.2671047890625 0.2726797275390625 0.294905072265625 0.2723817734375 0.301502384765625 0.2704906953125
1 0.2049491220703125 0.2071700869140625 0.21088956640625 0.27137619140625 0.2141534794921875 0.274682125 0.22502191015625 0.2756578623046875 0.2394458447265625 0.275674599609375 0.2516736474609375 0.2731021083984375 0.254906091796875 0.265978728515625 0.2514782880859375 0.23988780078125 0.2469244912109375 0.2316271533203125 0.2489680078125 0.2214754267578125 0.24783729296875 0.19990009765625 0.2415113828125 0.19714096875 0.2359099990234375 0.1885488916015625 0.2178901748046875 0.18872060546875 0.215664935546875 0.195404869140625 0.20614696484375 0.2005396669921875 0.2049491220703125 0.2071700869140625
1 0.162410755859375 0.1916281591796875 0.1616054638671875 0.195920013671875 0.1537295439453125 0.202900416015625 0.153942734375 0.2167971923828125 0.1673932939453125 0.2473851640625 0.1760162939453125 0.2546598896484375 0.18678612890625 0.2734120634765625 0.1935853544921875 0.27537372265625 0.2017641455078125 0.2741724267578125 0.20466461328125 0.270543431640625 0.204431232421875 0.2562613818359375 0.19830251171875 0.2179493818359375 0.19404030859375 0.20542380078125 0.1896278515625 0.1998600693359375 0.1859310078125 0.1981221533203125 0.1830192626953125 0.1917071083984375 0.177267625 0.1900768798828125 0.1654323720703125 0.190310806640625 0.162410755859375 0.1916281591796875
1 0.12662704296875 0.2263417177734375 0.1180153203125 0.22911103125 0.105071904296875 0.2278577060546875 0.087132845703125 0.229570515625 0.0879808818359375 0.245752013671875 0.0910743486328125 0.255634521484375 0.0921825107421875 0.2571217734375 0.0963122890625 0.2572916728515625 0.0967048388671875 0.2549531083984375 0.102153607421875 0.2508042314453125 0.1066266376953125 0.2575237841796875 0.1082193916015625 0.26825760546875 0.114022689453125 0.2807024208984375 0.1493669169921875 0.27691844921875 0.164575953125 0.2722580576171875 0.1619130576171875 0.241104728515625 0.1532383994140625 0.223015416015625 0.152352341796875 0.22576617578125 0.1441937421875 0.22735274609375 0.12662704296875 0.2263417177734375
1 0 0.2286645009765625 0.00344040234375 0.2347293154296875 0.0050533486328125 0.24584841015625 0.0082970693359375 0.2487690693359375 0.0126780576171875 0.24390348828125 0.0157602470703125 0.2437419580078125 0.0190039677734375 0.2466626171875 0.0382418251953125 0.2402457568359375 0.043497595703125 0.222585376953125 0.0429524287109375 0.2121829853515625 0.04692067578125 0.2092706953125 0.0517054912109375 0.2121105888671875 0.06927219140625 0.2131216171875 0.07620148046875 0.2077361533203125 0.07649307421875 0.203471220703125 0.0809952109375 0.2009172822265625 0.08259687890625 0.201992337890625 0.085104796875 0.200701908203125 0.0806519580078125 0.1943676279296875 0.0814168662109375 0.1893052265625 0.07920054296875 0.1863307236328125 0.071827044921875 0.1832401640625 0.0625199013671875 0.182568935546875 0.0014099921875 0.18615790234375 0 0.186772625 0 0.2286645009765625
1 0 0.3596939130859375 0.0003230859375 0.3619958896484375 0.0071425029296875 0.3643428232421875 0.0343887060546875 0.3633012412109375 0.03626177734375 0.3597260908203125 0.03456806640625 0.3470659013671875 0.022122349609375 0.2963360078125 0.0127344404296875 0.29412368359375 0 0.29447225 0 0.3596939130859375
1 0.1193128212890625 0.381644140625 0.111979705078125 0.3793241298828125 0.10638959765625 0.3807760908203125 0.1035093212890625 0.384790359375 0.10348021484375 0.3940638505859375 0.1063919599609375 0.40047889453125 0.11380583984375 0.4043400009765625 0.11823848828125 0.4102890068359375 0.1228439443359375 0.4293642412109375 0.136693607421875 0.4282520791015625 0.14880026171875 0.4233679453125 0.17389071484375 0.4205076826171875 0.1802861142578125 0.4147638671875 0.1727172548828125 0.378459001953125 0.170007423828125 0.375896693359375 0.150033763671875 0.3781024658203125 0.1468304248046875 0.375952353515625 0.1335348427734375 0.377808140625 0.1280658837890625 0.381571744140625 0.1193128212890625 0.381644140625
1 0.2079225048828125 0.3916809169921875 0.2061682197265625 0.37786490625 0.2039518955078125 0.3748904033203125 0.2034762177734375 0.355985068359375 0.19981739453125 0.3353148955078125 0.19716813671875 0.3339084091796875 0.194146521484375 0.3352257607421875 0.1868739794921875 0.3340615712890625 0.1786749970703125 0.33487759375 0.160646259765625 0.34470807421875 0.1395846279296875 0.3458118681640625 0.13898125 0.3539564599609375 0.1425076494140625 0.362270951171875 0.148178521484375 0.3623600859375 0.1603166455078125 0.367905263671875 0.1674478466796875 0.366372537109375 0.172313427734375 0.3707535263671875 0.1798193515625 0.3861997666015625 0.1797700546875 0.395087984375 0.1834983662109375 0.4072552138671875 0.186228388671875 0.410202794921875 0.2007936630859375 0.412916447265625 0.2079046748046875 0.410998447265625 0.2076825703125 0.4067604365234375 0.2050131220703125 0.404968677734375 0.208306140625 0.399001119140625 0.2079225048828125 0.3916809169921875
1 0.2688323291015625 0.31547203515625 0.26623237109375 0.30517733203125 0.2434075390625 0.30212387890625 0.2024530126953125 0.3069745380859375 0.19846457421875 0.3095015546875 0.2116217119140625 0.4131216376953125 0.2169202255859375 0.4159346103515625 0.2380828125 0.416757185546875 0.262105486328125 0.41318021875 0.2780907080078125 0.41350146484375 0.2688323291015625 0.31547203515625
1 0.2729466396484375 0.35466226953125 0.2805986259765625 0.4122110341796875 0.295103326171875 0.4137688662109375 0.310987591796875 0.412163744140625 0.3162053408203125 0.41343562109375 0.3455063359375 0.4122863525390625 0.3429129296875 0.3726300791015625 0.3347763515625 0.3058347451171875 0.3278761689453125 0.301946716796875 0.3120120947265625 0.30393711328125 0.3052532509765625 0.302746001953125 0.3035910078125 0.3005151240234375 0.298061474609375 0.3031229072265625 0.28361734765625 0.3027208955078125 0.270896037109375 0.3057055830078125 0.2729466396484375 0.35466226953125
1 0.345492697265625 0.3825395087890625 0.3506433193359375 0.412017134765625 0.3805387783203125 0.4123820400390625 0.4113202958984375 0.409996185546875 0.4136666826171875 0.4056235654296875 0.4082755947265625 0.3027554765625 0.40614003515625 0.301322068359375 0.391655525390625 0.300149509765625 0.380686138671875 0.297247404296875 0.3800714833984375 0.29534795703125 0.37752318359375 0.29586783984375 0.3756097294921875 0.2986724423828125 0.347396705078125 0.300923689453125 0.3417864052734375 0.3019903759765625 0.3393592529296875 0.3048219013671875 0.345492697265625 0.3825395087890625
1 0.4771919345703125 0.3006890517578125 0.4708660234375 0.2979299228515625 0.4545690166015625 0.3014883369140625 0.4355217958984375 0.3017138955078125 0.4282290625 0.300164431640625 0.41501424609375 0.303561314453125 0.4118221845703125 0.3114552421875 0.415883005859375 0.4085980673828125 0.4196000419921875 0.4107212578125 0.4397352333984375 0.4115976767578125 0.48181811328125 0.40861954296875 0.4771919345703125 0.3006890517578125
1 0.4811310751953125 0.3070502529296875 0.4806601220703125 0.3275505263671875 0.48288353125 0.3896334423828125 0.485313044921875 0.406504720703125 0.48849619140625 0.4082695595703125 0.502940318359375 0.4086715703125 0.5486190859375 0.405504984375 0.5475869658203125 0.36615321875 0.5449668154296875 0.3554732412109375 0.5489641689453125 0.343287458984375 0.5485086826171875 0.3247673974609375 0.5455654697265625 0.3079230400390625 0.5465613994140625 0.297439884765625 0.541363841796875 0.29655328125 0.5060196142578125 0.3003372529296875 0.5018090703125 0.2986262587890625 0.4838094384765625 0.2991832470703125 0.4811310751953125 0.3070502529296875
1 0.552275548828125 0.4064723525390625 0.610444607421875 0.4057418330078125 0.616548412109375 0.4042629501953125 0.61832944140625 0.389102666015625 0.6153434853515625 0.3517849560546875 0.6193206474609375 0.339213900390625 0.6199507705078126 0.3020930126953125 0.61385587890625 0.2939131298828125 0.6021215830078125 0.29607342578125 0.5987276083984375 0.3001146162109375 0.5775246376953125 0.2985214931640625 0.57117853515625 0.2953770908203125 0.5531587109375 0.2955488056640625 0.5511846845703126 0.297197587890625 0.5498032900390625 0.3691277216796875 0.552275548828125 0.4064723525390625
1 0.6291860625 0.2915643818359375 0.6241500361328125 0.2937599677734375 0.6195967724609375 0.3739693017578125 0.6191056279296875 0.3940843017578125 0.621232271484375 0.4051764755859375 0.6716554716796875 0.4040792353515625 0.681909248046875 0.403155525390625 0.6864315751953125 0.400986861328125 0.693037271484375 0.30096703515625 0.6927142099609375 0.294802654296875 0.688855833984375 0.289982548828125 0.681603482421875 0.2892036328125 0.6811907412109375 0.2911569228515625 0.6776756181640625 0.292886470703125 0.6682271357421875 0.2895183251953125 0.6514366220703125 0.2934889345703125 0.647226078125 0.291777939453125 0.6368915380859375 0.2911605546875 0.6291860625 0.2915643818359375
1 0.6910952431640625 0.4015151123046875 0.7255736044921876 0.4008671728515625 0.7501907412109375 0.3988043798828125 0.7537058642578125 0.3970748330078125 0.7613389560546875 0.2970011630859375 0.7583464462890624 0.2890450234375 0.737657173828125 0.2874249794921875 0.73005265625 0.289755173828125 0.72323323828125 0.2874082412109375 0.7170486669921875 0.287346029296875 0.6990490341796874 0.2879030185546875 0.6955742939453124 0.29040311328125 0.6885243896484375 0.3819469169921875 0.6888385361328125 0.3977700625 0.6910952431640625 0.4015151123046875
1 0.7608572578125 0.395927380859375 0.767656484375 0.3978890390625 0.813375634765625 0.395493 0.82354864453125 0.3930281953125 0.8308812275390625 0.306878224609375 0.8310000146484375 0.2894870625 0.829317580078125 0.286870912109375 0.8071074033203125 0.28571690625 0.7907296318359375 0.287734224609375 0.7788338056640625 0.2868123310546875 0.764984142578125 0.2879244921875 0.761933419921875 0.2985153359375 0.757267921875 0.3667542626953125 0.757573154296875 0.392236173828125 0.7608572578125 0.395927380859375
1 0.829834171875 0.39501677734375 0.834437265625 0.39438920703125 0.8427775869140625 0.3962701005859375 0.8787566611328125 0.394770849609375 0.89244479296875 0.3905764970703125 0.90484487109375 0.312660251953125 0.9055783125 0.297168537109375 0.904972572265625 0.2856103251953125 0.9033507119140625 0.2841499951171875 0.8664250068359375 0.287244185546875 0.8441744482421875 0.2853196318359375 0.8366708876953125 0.289576197265625 0.82638617578125 0.3685405751953125 0.82765823046875 0.3928128212890625 0.829834171875 0.39501677734375
1 0.893985888671875 0.3904957314453125 0.8971690341796875 0.3922605703125 0.90596248046875 0.392958720703125 0.922360443359375 0.3913266767578125 0.9327353662109376 0.3927146083984375 0.96148228125 0.3908217158203125 0.972493880859375 0.3257271904296875 0.975894408203125 0.2923244306640625 0.9748759267578125 0.2827195087890625 0.969577412109375 0.279906537109375 0.9468737294921875 0.2791647275390625 0.913997037109375 0.2808877216796875 0.9080143798828125 0.28467824609375 0.902642185546875 0.3394325927734375 0.893985888671875 0.3904957314453125
1 0.87794534765625 0.516894255859375 0.88474457421875 0.518855916015625 0.9336670625 0.51860998828125 0.9443739619140625 0.51650353515625 0.94522855078125 0.503323462890625 0.9537749775390625 0.4599927197265625 0.955241859375 0.4290092900390625 0.9548380322265625 0.42130381640625 0.952561134765625 0.4171734921875 0.9432337998046875 0.4161169892578125 0.930431724609375 0.4175605810546875 0.92262529296875 0.4160380390625 0.8985218544921875 0.4180739111328125 0.88894330859375 0.4220528876953125 0.877812923828125 0.5045385751953125 0.87794534765625 0.516894255859375
1 1 0.4967359140625 0.9958127509765625 0.4168384296875 0.986465224609375 0.415396654296875 0.9689994814453124 0.4163119951171875 0.9619288525390625 0.4190005419921875 0.9595017001953124 0.4218320673828125 0.946166267578125 0.5113872900390625 0.945915056640625 0.5164227705078125 0.9495917109375 0.5177754130859376 1 0.5158912314453125 1 0.4967359140625
1 0.8487335 0.42145587109375 0.8313283310546875 0.4235270341796875 0.8276718681640625 0.4225596650390625 0.821155322265625 0.425991837890625 0.8146773271484375 0.4989617373046875 0.81531453515625 0.5209492626953125 0.8749439228515625 0.5185968818359376 0.88321422265625 0.4405107373046875 0.8833733916015625 0.423890123046875 0.8806433701171875 0.4209425419921875 0.8487335 0.42145587109375
1 0.7489464951171875 0.5224958037109375 0.7532579951171875 0.5261331669921875 0.8026134169921875 0.52431922265625 0.80875760546875 0.5236108876953125 0.8127460439453125 0.52108387109375 0.8167297587890625 0.4791512451171875 0.8180529404296875 0.4257680947265625 0.809299876953125 0.4258404921875 0.8004054755859376 0.42321597265625 0.7716383701171875 0.4247235927734375 0.7661088359375 0.4273313740234375 0.76144516796875 0.426803123046875 0.7554827021484375 0.430978921875 0.75167834765625 0.4566762060546875 0.748239798828125 0.5090112236328125 0.7489464951171875 0.5224958037109375
1 0.684835162109375 0.527787396484375 0.704889587890625 0.5271227197265625 0.718346701171875 0.5283491220703125 0.7444039755859375 0.5242791953125 0.74625685546875 0.5203187705078125 0.751413498046875 0.43196484375 0.74818996875 0.4294294580078125 0.737996767578125 0.43150898828125 0.733745841796875 0.429027447265625 0.7266348310546875 0.430945447265625 0.7027220283203125 0.4267900166015625 0.6894264462890625 0.4286458046875 0.6818064609375 0.4699963349609375 0.6821859052734375 0.52638091015625 0.684835162109375 0.527787396484375
1 0.615777482421875 0.5271569052734375 0.617892849609375 0.5282050390625 0.6615773984375 0.5263019609375 0.6775828115234375 0.5270084794921875 0.6800705380859375 0.5253327763671874 0.680402513671875 0.521838390625 0.6826586884765625 0.4371134580078125 0.681328421875 0.4313881962890625 0.6766849453125 0.43124521875 0.67471091796875 0.4328940009765625 0.6493781689453125 0.431130978515625 0.647202228515625 0.4289270234375 0.62351153125 0.429009603515625 0.6183947392578125 0.429664095703125 0.6165014765625 0.43285397265625 0.615777482421875 0.5271569052734375
1 0.60556408984375 0.528851162109375 0.6142161962890625 0.526852396484375 0.6156558017578125 0.436375279296875 0.6137714541015625 0.4299063916015625 0.58765360546875 0.432820498046875 0.5813882685546875 0.4312171904296875 0.5758991181640625 0.43459551953125 0.5634492099609375 0.4329300009765625 0.550748091796875 0.4362999609375 0.55195301953125 0.488777955078125 0.5504546689453125 0.5093320732421875 0.5525723974609374 0.5300830107421876 0.557769955078125 0.5309696142578125 0.60556408984375 0.528851162109375
1 0.4878144091796875 0.4345758603515625 0.48536706640625 0.4370221123046875 0.48515623828125 0.442828140625 0.4883601083984375 0.533448234375 0.5479894951171875 0.5310958544921875 0.549923140625 0.5286765244140625 0.5500686708984375 0.4823090673828125 0.547605328125 0.4353056708984375 0.536696515625 0.4335593857421875 0.4878144091796875 0.4345758603515625
1 0.428297787109375 0.537368630859375 0.4524819912109375 0.5368738544921875 0.483777205078125 0.5344610771484375 0.486657482421875 0.5304468095703125 0.4833122724609375 0.4371297998046875 0.4806226328125 0.434952765625 0.462703765625 0.437050849609375 0.4528425400390625 0.4356359951171875 0.423521353515625 0.436399990234375 0.4204593544921875 0.4369467939453125 0.419039408203125 0.4393392021484375 0.4211214775390625 0.498725201171875 0.4251348310546875 0.53598906640625 0.428297787109375 0.537368630859375
1 0.3645588125 0.5399363857421875 0.406702265625 0.5381140732421875 0.4199574658203125 0.5354877373046875 0.42086371484375 0.533122251953125 0.4179519697265625 0.5267072060546875 0.4215971552734375 0.5176305361328125 0.41597741015625 0.439886005859375 0.414869248046875 0.43839875390625 0.4129557939453125 0.4412033583984375 0.4062979072265625 0.441938615234375 0.403527501953125 0.438220486328125 0.3921655654296875 0.4376569453125 0.3526107939453125 0.4397299228515625 0.35819251953125 0.5364067099609375 0.3645588125 0.5399363857421875
1 0.294926861328125 0.5381769951171875 0.30887748046875 0.538991201171875 0.3541636982421875 0.5381631787109376 0.35599638671875 0.53381748046875 0.3557630048828125 0.5195354306640625 0.34901490625 0.439918375 0.3417423642578125 0.438754185546875 0.33099508203125 0.44009008984375 0.3185047919921875 0.4376540234375 0.3150098603515625 0.43976884375 0.303627732421875 0.4388200283203125 0.2897780693359375 0.4399321904296875 0.2868372177734375 0.4427906376953125 0.29381869921875 0.5366897431640625 0.294926861328125 0.5381769951171875
1 0.2179410693359375 0.4452423359375 0.2189619130859375 0.4745500615234375 0.2265646005859375 0.540987044921875 0.229234048828125 0.5427788046875 0.2405757958984375 0.542957072265625 0.26009633203125 0.5419340439453125 0.265091974609375 0.53896791015625 0.28216516796875 0.540391134765625 0.29087784765625 0.5395481904296875 0.292670154296875 0.534431943359375 0.28606339453125 0.4575118056640625 0.283281712890625 0.4437496376953125 0.2769759931640625 0.4413757822265625 0.265221505859375 0.4431508056640625 0.2625318662109375 0.440973771484375 0.2337445693359375 0.4420961181640625 0.2179410693359375 0.4452423359375
1 0 0.513092958984375 0.0004631279296875 0.521929966796875 0.0051291572265625 0.5421610234375 0.0105892021484375 0.5480561845703125 0.04143129296875 0.5468261513671875 0.0351523173828125 0.515476 0.0317672568359375 0.5098584248046875 0.031170431640625 0.488641447265625 0.0222558388671875 0.485631654296875 0.0022417958984375 0.487066876953125 0 0.4876715400390625 0 0.513092958984375
1 0.0538610087890625 0.5481063974609375 0.0728880380859375 0.547495564453125 0.07727794140625 0.5329712177734375 0.066756955078125 0.489480759765625 0.062526220703125 0.4873844921875 0.0485352177734375 0.48579973828125 0.03470574609375 0.487297173828125 0.0335886689453125 0.4954686875 0.0311615166015625 0.498300212890625 0.030578330078125 0.506830078125 0.036834751953125 0.5180921513671874 0.04346589453125 0.5463331904296875 0.0538610087890625 0.5481063974609375
1 0.0833413642578125 0.5307217880859375 0.0890526201171875 0.5315814697265625 0.1139613505859375 0.5252537431640625 0.116861818359375 0.5216247490234375 0.1127207646484375 0.511410810546875 0.105638859375 0.5040553193359375 0.1030590908203125 0.494145888671875 0.1044386552734375 0.49098293359375 0.0944562822265625 0.4872564365234375 0.0831953017578125 0.4886192626953125 0.076436458984375 0.4874281513671875 0.0744624306640625 0.48907693359375 0.0777690869140625 0.51285621875 0.0833413642578125 0.5307217880859375
1 0.1306396318359375 0.5093127265625 0.1282505 0.493211994140625 0.1100893369140625 0.4906867939453125 0.1087501552734375 0.494620296875 0.115329638671875 0.5120467490234375 0.1153207236328125 0.5217055146484375 0.1195716494140625 0.524187056640625 0.1272569326171875 0.523397955078125 0.130217974609375 0.5209247822265625 0.1306396318359375 0.5093127265625
1 0.129917466796875 0.53484848046875 0.1240357646484375 0.5405653740234375 0.1250946298828125 0.55094084375 0.1352183427734375 0.5573642568359375 0.1374750478515625 0.561109306640625 0.14000551953125 0.579906955078125 0.1438235126953125 0.583956513671875 0.1503400595703125 0.5805243408203125 0.1686514775390625 0.576087693359375 0.177182435546875 0.5717772841796875 0.1981027265625 0.5679765751953125 0.2050320166015625 0.562591111328125 0.2028222451171875 0.5302550400390625 0.1999105009765625 0.523839994140625 0.1929699345703125 0.519181419921875 0.1812356396484375 0.5213417158203125 0.1570021376953125 0.5307247099609375 0.129917466796875 0.53484848046875
1 0.2990910009765625 0.6569489931640625 0.3031400126953125 0.6555777978515624 0.3053652509765625 0.64889353515625 0.30488957421875 0.6299882001953125 0.3009546240234375 0.5745626259765625 0.2975089912109375 0.567789228515625 0.2938121455078125 0.5660513125 0.2480122294921875 0.5669062568359375 0.235311111328125 0.5702762177734375 0.23687712109375 0.609986333984375 0.2419380625 0.647581630859375 0.245666375 0.659748859375 0.2990910009765625 0.6569489931640625
1 0.3252290400390625 0.6544201611328125 0.32839199609375 0.6557997255859375 0.3669395615234375 0.654165865234375 0.3685097626953125 0.6448116083984375 0.3627486767578125 0.564370162109375 0.324573470703125 0.5632801845703125 0.3025450166015625 0.565593642578125 0.30057098828125 0.567242423828125 0.3009344326171875 0.5741773515625 0.3076017666015625 0.6522533115234375 0.31495507421875 0.6549585966796875 0.3252290400390625 0.6544201611328125
1 0.4325919892578125 0.6487935078125 0.4286434013671875 0.5636210888671875 0.4110161279296875 0.561454240234375 0.4064534169921875 0.562852357421875 0.3688726748046875 0.563276552734375 0.3663445654296875 0.564181708984375 0.365498890625 0.567703015625 0.369528244140625 0.654416529296875 0.3737387880859375 0.6561275244140625 0.4036342470703125 0.6564924296875 0.4312528076171875 0.652727009765625 0.4325919892578125 0.6487935078125
1 0.435180140625 0.560574189453125 0.431252275390625 0.56425702734375 0.4313175732421875 0.6048184580078125 0.4357953271484375 0.650943619140625 0.4400260625 0.6530398876953125 0.4539564912109375 0.6534688203125 0.4919095927734375 0.650320787109375 0.49384323828125 0.64790145703125 0.4909897060546875 0.6229394296875 0.4930219462890625 0.6027436640625 0.4917095087890625 0.57770087109375 0.489190314453125 0.56894726171875 0.48808215234375 0.5674600107421875 0.4797822138671875 0.5663496640625 0.473889236328125 0.5620225185546875 0.4568766181640625 0.5617551171875 0.4526256923828125 0.5592735751953125 0.435180140625 0.560574189453125
1 0.554701935546875 0.649347970703125 0.556947365234375 0.6430489814453125 0.5574676171875 0.6136604912109375 0.5561415419921875 0.5588708544921875 0.5534720927734375 0.5570790947265625 0.49745878515625 0.5596282958984375 0.49469965625 0.5659542060546875 0.4940517041015625 0.622392625 0.4975400830078125 0.649639373046875 0.49969583203125 0.6514580556640625 0.5094964833984374 0.651717087890625 0.554701935546875 0.649347970703125
1 0.558458822265625 0.5637717255859375 0.5596388349609375 0.5764588369140625 0.5580306123046875 0.6047453505859375 0.5590425419921875 0.6437118427734375 0.5608461240234375 0.6486396357421875 0.5825426015625 0.6498205634765625 0.6188536513671875 0.6448269267578125 0.6192729462890625 0.61351206640625 0.6173078330078124 0.6055020830078125 0.6205088095703125 0.587949390625 0.620174470703125 0.5717409716796875 0.61736368359375 0.567252294921875 0.6164259677734375 0.55918846875 0.6057998330078125 0.5628360166015625 0.598879458984375 0.5585627138671875 0.594316748046875 0.5599608310546875 0.5879504541015625 0.55643115625 0.56017036328125 0.5571143857421875 0.558458822265625 0.5637717255859375
1 0.6213413779296875 0.64315122265625 0.6265793173828125 0.6448083740234375 0.6476611396484375 0.644089853515625 0.66975016796875 0.642932216796875 0.6804570673828125 0.640825763671875 0.6824109033203125 0.638791708984375 0.6862800244140626 0.5651858701171875 0.68472765234375 0.5552225966796875 0.681564697265625 0.5538430322265625 0.650601458984375 0.552761423828125 0.6295802099609376 0.5546357646484374 0.6240506767578125 0.557243546875 0.622953791015625 0.565800333984375 0.619990919921875 0.637040685546875 0.6213413779296875 0.64315122265625
1 0.6950425341796875 0.64392469140625 0.724404103515625 0.6439312451171875 0.7448914619140625 0.6416985517578125 0.745021525390625 0.6343514296875 0.749451810546875 0.6205976298828125 0.7527288291015625 0.565180423828125 0.752677169921875 0.5543658369140625 0.7509745439453125 0.5513644130859375 0.6918790458984375 0.55407514453125 0.6885658369140625 0.5596574296875 0.68561843359375 0.5918774462890625 0.6843938466796875 0.6274841611328125 0.6872159111328126 0.6420168759765625 0.6950425341796875 0.64392469140625
1 0.7493532158203124 0.63837406640625 0.7525363623046875 0.6401389033203125 0.7618636982421875 0.64119540625 0.780316455078125 0.6394556748046875 0.811219119140625 0.639381462890625 0.812699640625 0.638144875 0.8161898486328125 0.5966244453125 0.819166357421875 0.5551309375 0.8179370478515625 0.5513320439453125 0.79434730859375 0.553340994140625 0.7855942451171875 0.553413390625 0.7725902568359375 0.5510042451171875 0.7582268955078125 0.5521433291015625 0.7540478193359375 0.5608616474609375 0.7512417548828125 0.595778580078125 0.7493532158203124 0.63837406640625
1 0.814119587890625 0.6357524677734375 0.8178770068359374 0.638646205078125 0.8282923125 0.640804685546875 0.873890314453125 0.6360970048828125 0.8767100166015624 0.6309269150390625 0.8819836162109375 0.5939490048828125 0.8823738046875 0.5719076357421875 0.8861086708984375 0.554713294921875 0.88592694921875 0.55124583203125 0.88323730859375 0.5490687978515625 0.864703787109375 0.5492674345703125 0.8570790771484375 0.5512123564453125 0.833287423828125 0.5493685693359375 0.824162001953125 0.5521648037109375 0.8138054404296875 0.619929322265625 0.814119587890625 0.6357524677734375
1 0.9478468720703125 0.5827706181640625 0.9494954775390625 0.5552546533203125 0.946956091796875 0.54611576953125 0.9211500283203125 0.545150216796875 0.8894016884765625 0.548745736328125 0.886581986328125 0.553915826171875 0.883643498046875 0.5764770771484375 0.8774862021484375 0.6359085517578125 0.8832378408203125 0.6375387802734375 0.920879158203125 0.63827040625 0.938737451171875 0.6350165009765625 0.9478468720703125 0.5827706181640625
1 1 0.546041447265625 0.9974600576171875 0.546559625 0.97673040234375 0.5441690322265625 0.96129926171875 0.5445914130859375 0.9531810458984376 0.546948529296875 0.9518418642578125 0.550882033203125 0.94787833984375 0.593199931640625 0.941355240234375 0.6259936748046875 0.942272765625 0.6336722275390625 0.9465640732421875 0.63692431640625 1 0.6367461728515625 1 0.546041447265625
1 1 0.766414875 0.98942839453125 0.76680341015625 0.977160208984375 0.76860535546875 0.9731717705078125 0.7711323720703125 0.963026037109375 0.83309086328125 0.9644976435546875 0.8415130419921875 0.9789417705078125 0.841915052734375 1 0.8397668251953125 1 0.766414875
1 0.908443953125 0.8432916953125 0.951695568359375 0.8429566337890625 0.960780607421875 0.8393898515625 0.966599373046875 0.81281433203125 0.972265521484375 0.773497857421875 0.9710160205078125 0.769313689453125 0.9488462275390624 0.7689302314453125 0.9185582177734375 0.7709038916015625 0.91605030078125 0.7721943212890625 0.9131296416015625 0.7754380419921875 0.9140067841796875 0.7823460478515625 0.9088543330078125 0.8216356005859375 0.904917552734375 0.8349772041015625 0.9042536005859375 0.841965974609375 0.908443953125 0.8432916953125
1 0.89850379296875 0.7715685673828125 0.86669487890625 0.774008265625 0.859442529296875 0.773229349609375 0.8549807744140625 0.7765538349609376 0.8483994609375 0.8278945615234375 0.8457210986328125 0.83576156640625 0.8401915654296875 0.838369349609375 0.840765837890625 0.8394982490234375 0.849227306640625 0.84369078515625 0.8596022294921875 0.8450787177734375 0.87071233984375 0.84411012890625 0.880230927734375 0.84554294140625 0.88133908984375 0.8470301923828125 0.89971108203125 0.8437493662109375 0.9041122607421875 0.83926905859375 0.911801736328125 0.789415583984375 0.911365603515625 0.7810936708984375 0.914650544921875 0.7749720029296875 0.908324634765625 0.772212875 0.89850379296875 0.7715685673828125
1 0.7527327880859375 0.85029317578125 0.786968853515625 0.8450219521484374 0.79086525 0.8309098017578125 0.7955331083984375 0.7823736796875 0.794182650390625 0.776263142578125 0.767862888671875 0.77532451171875 0.75715598828125 0.7774309638671875 0.745260162109375 0.7765090703125 0.7412313408203125 0.7782655390625 0.739338078125 0.781455416015625 0.7350111103515625 0.816838388671875 0.7350651318359375 0.847355779296875 0.7388427421875 0.850634791015625 0.7527327880859375 0.85029317578125
1 0.854366119140625 0.774654388671875 0.845783501953125 0.7681502099609375 0.839578740234375 0.7677027236328124 0.8226121416015625 0.773227888671875 0.8028549482421875 0.7746496513671876 0.796338400390625 0.7780818251953125 0.79484896484375 0.7889771767578125 0.7900308515625 0.8444751474609375 0.7942413955078125 0.846186142578125 0.84402975 0.842804181640625 0.8513783330078125 0.806103857421875 0.854366119140625 0.774654388671875
1 0.7328488076171875 0.8443812763671875 0.7366888212890625 0.7800489306640624 0.7221437373046875 0.77772055078125 0.70363040625 0.7783044619140626 0.68602332421875 0.77652288671875 0.6820146953125 0.77866462890625 0.680242580078125 0.7841661494140625 0.677510728515625 0.8499857451171875 0.6801599853515625 0.8513922314453125 0.6909678408203125 0.8512121484375 0.7289007509765625 0.8476788408203125 0.7328488076171875 0.8443812763671875
1 0.672887443359375 0.8502280419921875 0.675655486328125 0.8342433662109375 0.677896193359375 0.78853876953125 0.6776337060546875 0.7835302099609375 0.6743496025390625 0.77983900390625 0.6377356826171875 0.7790535341796875 0.6228990048828125 0.7809900869140625 0.619828091796875 0.7911956572265625 0.618825609375 0.8310403828125 0.619341669921875 0.850716265625 0.6210241044921875 0.853332416015625 0.6529541650390625 0.8532043603515626 0.672887443359375 0.8502280419921875
1 0.6180850830078125 0.787423685546875 0.6168557734375 0.783624791015625 0.6110031787109375 0.780068193359375 0.591502833984375 0.7814764951171875 0.5651830712890625 0.78053786328125 0.5600864697265625 0.7815776298828125 0.557780466796875 0.786720796875 0.56055795703125 0.849547337890625 0.6155842509765626 0.8478225283203125 0.6182424228515625 0.8395702490234375 0.6154292724609375 0.8153787685546875 0.6180850830078125 0.787423685546875
1 0.5253146865234375 0.8552576787109375 0.55603562890625 0.8517160029296875 0.558382015625 0.8473433828125 0.5571052373046875 0.7836655283203126 0.553408392578125 0.7819276123046875 0.5317321064453125 0.781131958984375 0.5163211572265625 0.7819396123046874 0.513319732421875 0.78364223828125 0.5024916845703125 0.783437048828125 0.5001654892578125 0.78819494140625 0.4997663857421875 0.819895076171875 0.5018953916015625 0.850690052734375 0.505753767578125 0.8555101591796875 0.5253146865234375 0.8552576787109375
1 0.49845394921875 0.794852283203125 0.494947740234375 0.786923064453125 0.463903736328125 0.7843003603515625 0.4469718837890625 0.7855740537109375 0.4429430625 0.7873305234375 0.4410094169921875 0.7897498525390625 0.44104324609375 0.8198819697265625 0.4436164619140625 0.8591529697265625 0.4787296689453125 0.860789751953125 0.496114646484375 0.8583333154296875 0.498582181640625 0.8562723388671875 0.49845394921875 0.794852283203125
1 0.4400003818359375 0.8589561484375 0.4415302001953125 0.84883134375 0.4388738583984375 0.7883164453125 0.42952633203125 0.7868746689453125 0.40686303125 0.78690340625 0.387856193359375 0.7878995126953126 0.384834578125 0.7892168642578125 0.3829009326171875 0.791636193359375 0.382320107421875 0.81986886328125 0.3844603896484375 0.860707880859375 0.387109646484375 0.8621143671875 0.409239056640625 0.86172727734375 0.4400003818359375 0.8589561484375
1 0.3662808642578125 0.7890302275390625 0.33595247265625 0.7902333388671875 0.321135986328125 0.792555166015625 0.3264326708984375 0.8641353154296875 0.3296158173828125 0.865900154296875 0.3809856494140625 0.8632079755859375 0.382818337890625 0.85886227734375 0.379264662109375 0.7910540986328125 0.375033927734375 0.788957830078125 0.3662808642578125 0.7890302275390625
1 0.3218539599609375 0.81608378515625 0.3180537958984375 0.7927166962890625 0.285509080078125 0.7909453046875 0.2696046240234375 0.792165154296875 0.2635613916015625 0.7947998583984375 0.2661951806640625 0.8352266796875 0.2701972578125 0.8624465068359375 0.2770368671875 0.8651787119140625 0.322282701171875 0.863580142578125 0.32374303125 0.8619582822265625 0.3218539599609375 0.81608378515625
1 0.2148995615234375 0.8688215224609375 0.2560156181640625 0.8670530537109375 0.266742708984375 0.865331875 0.26790016796875 0.857930908203125 0.2659035869140625 0.8394916123046875 0.2589784892578125 0.7958127021484375 0.247455021484375 0.792166970703125 0.21096225 0.7936931435546875 0.20181663671875 0.7961041044921875 0.205397056640625 0.834935986328125 0.2098522578125 0.8609730703125 0.212784193359375 0.867773388671875 0.2148995615234375 0.8688215224609375
1 0.1317963251953125 0.7476189033203124 0.118298830078125 0.7456219541015625 0.109666916015625 0.7480059931640625 0.1105553349609375 0.7649580380859375 0.11687469140625 0.7970787353515625 0.1205917275390625 0.79920192578125 0.1458033291015625 0.7986533056640625 0.1481295244140625 0.7938954111328125 0.1413861484375 0.75368396484375 0.1317963251953125 0.7476189033203124
1 0.1805620068359375 0.78369639453125 0.185606947265625 0.77184204296875 0.1808108564453125 0.7589581103515625 0.1760058486328125 0.7557329423828125 0.160222541015625 0.7592644345703125 0.1460700078125 0.754597490234375 0.144569294921875 0.7554488037109375 0.14872398828125 0.7954095849609375 0.1519273251953125 0.797559697265625 0.1730899130859375 0.798382271484375 0.181046599609375 0.79294296484375 0.1805620068359375 0.78369639453125
1 0.0930468466796875 0.7454000263671875 0.0797512646484375 0.747255814453125 0.0772837294921875 0.7493167919921875 0.07807119140625 0.7643424677734375 0.0865664912109375 0.79866712109375 0.0995502880859375 0.8006909921875 0.11434658203125 0.797983892578125 0.11526174609375 0.785959640625 0.1074909736328125 0.7458020380859375 0.0930468466796875 0.7454000263671875
1 0.08344391796875 0.7980581044921875 0.083594171875 0.791096255859375 0.074856578125 0.75214831640625 0.06584102734375 0.7472121552734375 0.05236372265625 0.7456004794921876 0.046813998046875 0.7478229873046875 0.045454625 0.751371216796875 0.0481780947265625 0.7836803671875 0.053609033203125 0.7988490205078125 0.064578419921875 0.801751126953125 0.0809763828125 0.80011908203125 0.08344391796875 0.7980581044921875
1 0.0509395849609375 0.79705726171875 0.0506972880859375 0.7924339765625 0.042976994140625 0.7532395576171875 0.0461185771484375 0.7443824462890625 0.0397724755859375 0.74123804296875 0.022306732421875 0.7421533837890625 0.0153774443359375 0.7475388486328125 0.0156915908203125 0.7633619931640625 0.0231796845703125 0.798125763671875 0.0289918955078125 0.800911814453125 0.0485124326171875 0.7998887861328124 0.0509395849609375 0.79705726171875
1 0.028089306640625 0.665742943359375 0.02474462890625 0.6608959150390625 0.0159511845703125 0.6601977646484375 0.0077723935546875 0.6613990615234375 0.010336693359375 0.710328826171875 0.02940410546875 0.710488541015625 0.03195240625 0.7099686591796875 0.0338658603515625 0.7071640556640625 0.028089306640625 0.665742943359375
1 0.0396578798828125 0.70956483203125 0.066390384765625 0.708550171875 0.0607640859375 0.6601672119140625 0.055012447265625 0.658536982421875 0.036952240234375 0.657938150390625 0.0278268193359375 0.660734384765625 0.0349134482421875 0.7074954853515625 0.0396578798828125 0.70956483203125
1 0.093511896484375 0.6756427421875 0.0968844990234375 0.6613648759765625 0.093127080078125 0.6584711396484375 0.0730524619140625 0.658750541015625 0.06285926171875 0.660830072265625 0.064846927734375 0.6889281328125 0.068898302734375 0.7072597421875 0.071033861328125 0.7086931494140625 0.0957721455078125 0.7089419990234375 0.0971113271484375 0.70500849609375 0.093511896484375 0.6756427421875
1 0.0568962626953125 0.576535888671875 0.0500566533203125 0.573803681640625 0.0315433232421875 0.5743875927734375 0.025378943359375 0.5747106533203125 0.0224784755859375 0.5783396484375 0.0263504892578125 0.61290659765625 0.0313888779296875 0.6304138154296876 0.0351059140625 0.6325370048828125 0.0628456240234375 0.631083228515625 0.0652525849609375 0.6278664296875 0.0568962626953125 0.576535888671875
1 0.09783768359375 0.6304083681640625 0.09759538671875 0.6257850830078125 0.0880863291015625 0.6212611171875 0.0829380703125 0.6114862958984375 0.0748151298828125 0.5744378037109374 0.0726997626953125 0.573389669921875 0.058890482421875 0.5752723798828125 0.06127069921875 0.601031876953125 0.0673477607421875 0.628529291015625 0.0700172080078125 0.6303210498046875 0.076221970703125 0.6307685361328125 0.09783768359375 0.6304083681640625
1 0.0291523623046875 0.6270540390625 0.022469560546875 0.5879984140625 0.0188220126953125 0.577372279296875 0.0156388662109375 0.57560744140625 0.0058180244140625 0.574963134765625 0.003249533203125 0.5750977431640625 0.00633880859375 0.634044625 0.01716685546875 0.6342498154296875 0.025244689453125 0.631122150390625 0.0291523623046875 0.6270540390625
1 0 0.3564184375 0.0007762109375 0.360813146484375 0.00660861328125 0.363984470703125 0.0183631015625 0.36220944921875 0.0353757197265625 0.3624768505859375 0.03460844921875 0.3478364482421875 0.022122349609375 0.2963360078125 0.011173154296875 0.29381917578125 0 0.2944047353515625 0 0.3564184375
1 0.254956220703125 0.7682076015625 0.244975677734375 0.6957139267578125 0.2379341552734375 0.689128982421875 0.2358793623046875 0.689236669921875 0.237644923828125 0.7130967197265625 0.2336475712890625 0.7252825009765625 0.1910129716796875 0.747219814453125 0.189200474609375 0.7519507861328125 0.192758341796875 0.7706945908203126 0.1955287470703125 0.77441271875 0.248480056640625 0.772410322265625 0.254956220703125 0.7682076015625
1 0.306859943359375 0.7658737744140625 0.3159853642578125 0.7630775400390625 0.31141320703125 0.685664439453125 0.3061348837890625 0.6832367412109375 0.29582053515625 0.683004630859375 0.258793873046875 0.684172451171875 0.25065546484375 0.686144294921875 0.247694423828125 0.68861746875 0.2489753935546875 0.7032309482421875 0.2579778369140625 0.76689025 0.2647366806640625 0.768081361328125 0.306859943359375 0.7658737744140625
1 0.3340657626953125 0.7640616455078125 0.36338694921875 0.76329765234375 0.374114041015625 0.7615764736328124 0.376027494140625 0.7587718701171875 0.3747216103515625 0.7043675068359375 0.3731983447265625 0.6851307421875 0.370941638671875 0.68138569140625 0.368292380859375 0.679979205078125 0.3251821044921875 0.68301118359375 0.3163886591796875 0.682313033203125 0.3144550146484375 0.6847323623046875 0.3184932822265625 0.7617871103515625 0.3206490322265625 0.763605791015625 0.3340657626953125 0.7640616455078125
1 0.4353047138671875 0.7595286015625 0.4367650439453125 0.7579067412109375 0.436385599609375 0.7015221669921875 0.434922908203125 0.6834412216796875 0.4310847236328125 0.679006390625 0.3956395400390625 0.6808639931640625 0.3890826103515625 0.683525619140625 0.3823237666015625 0.6823345068359375 0.379281958984375 0.6832665859375 0.376975955078125 0.6884097529296875 0.376031685546875 0.70970749609375 0.3771849541015625 0.7513709033203125 0.37927121484375 0.7616925283203125 0.4353047138671875 0.7595286015625
1 0.4969907255859375 0.6883013564453125 0.493192923828125 0.6846370712890625 0.4793723662109375 0.6764757421875 0.457716271484375 0.6760653623046875 0.4403312939453125 0.6785217978515625 0.4379041416015625 0.6813533232421874 0.4377069521484375 0.7169061943359375 0.440421505859375 0.758874109375 0.4456392548828125 0.7601459873046875 0.483199806640625 0.759336517578125 0.4979961005859375 0.75662941796875 0.4969907255859375 0.6883013564453125
1 0.5510389208984375 0.677742171875 0.5328777568359375 0.675216970703125 0.517960314453125 0.6756124287109375 0.508814701171875 0.678023390625 0.5036171435546875 0.6771367861328125 0.4992563466796875 0.6823876416015625 0.498323353515625 0.7137294228515625 0.4987497333984375 0.7415229755859375 0.501037908203125 0.7556973388671875 0.5565577099609375 0.753560333984375 0.557154001953125 0.686307328125 0.5510389208984375 0.677742171875
1 0.5870476328125 0.7554394111328125 0.6163082451171875 0.753519595703125 0.6186546318359375 0.7491469755859375 0.618333400390625 0.6742154169921875 0.59507563671875 0.6727299814453125 0.57251329296875 0.6746850888671875 0.56575444921875 0.6734939765625 0.5592177109375 0.6765408759765625 0.5585852255859375 0.693958958984375 0.5574930634765625 0.7419213564453125 0.5596398994140624 0.753398802734375 0.563316552734375 0.7547514453125 0.5870476328125 0.7554394111328125
1 0.6778914697265624 0.74913316015625 0.6809018095703125 0.7377717685546875 0.682646646484375 0.6727765634765625 0.66395159375 0.669893009765625 0.63518448828125 0.6714006298828125 0.6224429873046875 0.67400004296875 0.6207854677734375 0.7111747744140625 0.6221495634765625 0.747032154296875 0.625000734375 0.7522913779296875 0.6400595166015625 0.7545928359375 0.662702625 0.75417882421875 0.6778914697265624 0.74913316015625
1 0.740764578125 0.749701439453125 0.74656734375 0.6736762724609375 0.7437969384765625 0.66995814453125 0.7190384619140625 0.6693240205078125 0.712008216796875 0.6727831162109374 0.70416140234375 0.6704900263671875 0.6903925048828125 0.673143283203125 0.687079294921875 0.678725568359375 0.683586724609375 0.700543193359375 0.682191693359375 0.742726484375 0.683622916015625 0.750378115234375 0.6945317294921876 0.752124400390625 0.740764578125 0.749701439453125
1 0.74959840625 0.7511701376953125 0.7589257412109375 0.752226640625 0.775364087890625 0.751365142578125 0.7994271435546875 0.7485587236328125 0.804956677734375 0.7459509423828125 0.80785714453125 0.742321947265625 0.805528587890625 0.727377037109375 0.8085187353515625 0.7156303720703125 0.8085835009765625 0.6677218203125 0.7710027578125 0.668146015625 0.75302331640625 0.6690882783203125 0.7510492880859375 0.670737060546875 0.744508359375 0.7228483330078125 0.745206140625 0.7459916796875 0.74959840625 0.7511701376953125
1 0.8096470888671875 0.7175028974609375 0.807089873046875 0.7276815458984375 0.8106566552734376 0.736766583984375 0.8094184306640625 0.7426264560546875 0.813155658203125 0.745134919921875 0.8198741201171875 0.745555484375 0.8578676044921875 0.743177998046875 0.8602745654296875 0.73996119921875 0.8613803642578125 0.721745646484375 0.8660214794921876 0.7021858193359375 0.86894869140625 0.669580529296875 0.863650177734375 0.666767556640625 0.852721173828125 0.664635998046875 0.8117464560546875 0.6691013837890625 0.809200517578125 0.6893240712890625 0.8096470888671875 0.7175028974609375
1 0.9211534541015625 0.741792986328125 0.9331811728515625 0.6666005791015625 0.9310254228515625 0.6647818974609375 0.9237326904296875 0.6632324345703124 0.8714162265625 0.6675195517578125 0.867291171875 0.7067552607421875 0.8612211953125 0.7383662607421875 0.8615240654296875 0.7441453662109375 0.8684040576171875 0.7476481201171875 0.8909664013671875 0.7456930146484375 0.8992663388671875 0.746803361328125 0.9211534541015625 0.741792986328125
1 0.94070492578125 0.6627292880859375 0.9356688994140625 0.664924875 0.9233786923828124 0.7351087236328125 0.9243567919921875 0.7439430986328125 0.976300896484375 0.742379818359375 0.9812965400390625 0.7394136845703125 0.9903655791015625 0.6863972548828124 0.99180335546875 0.66468731640625 0.98958703125 0.6617128134765625 0.94070492578125 0.6627292880859375
1 1 0.660606998046875 0.99673842578125 0.660565361328125 0.9927499873046876 0.6630923779296874 0.9838246494140624 0.7385085283203126 0.985446509765625 0.739968857421875 1 0.7392061416015625 1 0.660606998046875
1 1 0.8650208935546875 0.9881963408203125 0.86615528515625 0.9549416513671874 0.8655800966796875 0.952987814453125 0.8676141533203126 0.94813587109375 0.8929800078125 0.941361560546875 0.9308092314453125 0.9426514443359375 0.9357639453125 0.9556352421875 0.9377878173828125 0.9941222333984375 0.9349981357421875 1 0.9098108203125 1 0.8650208935546875
1 0.948263572265625 0.865930080078125 0.8959067265625 0.869446650390625 0.884632640625 0.9295326162109375 0.88432085546875 0.933412275390625 0.8885313994140625 0.9351232705078125 0.934452462890625 0.93657996875 0.9384409013671875 0.9340529521484375 0.9512762744140625 0.874271494140625 0.9503991318359375 0.86736348828125 0.948263572265625 0.865930080078125
1 0.8818533203125 0.93547325390625 0.888517759765625 0.9053764267578125 0.8933786181640625 0.870351806640625 0.8404071171875 0.8719689296875 0.8380001552734375 0.875185728515625 0.8353330693359375 0.8930967734375 0.8304027236328125 0.9366243369140625 0.8818533203125 0.93547325390625
1 0.8100970869140625 0.942324494140625 0.82592077734375 0.9395635498046875 0.82836812109375 0.937117298828125 0.832908279296875 0.915631103515625 0.8363177216796875 0.872569578125 0.8341417802734375 0.8703656220703125 0.8227798427734375 0.8698020810546875 0.81774381640625 0.87199766796875 0.8064424541015625 0.872589947265625 0.8007110068359375 0.8713449912109374 0.7884630126953125 0.8735322099609375 0.7848065498046874 0.8725648408203125 0.781885890625 0.875808560546875 0.7771598203125 0.942891666015625 0.8100970869140625 0.942324494140625
1 0.7731309990234375 0.9446481357421875 0.7755379599609376 0.941431337890625 0.779301931640625 0.9149635048828125 0.7818455078125 0.875038013671875 0.776607568359375 0.8733808623046875 0.7441436171875 0.8731505673828125 0.7257312431640625 0.8756608466796875 0.7224584169921875 0.8820136787109375 0.7195020986328124 0.9238924609375 0.719977775390625 0.9427977958984375 0.72334264453125 0.94803009765625 0.7372932646484375 0.9488443037109375 0.7731309990234375 0.9446481357421875
1 0.7210610224609375 0.9044941640625 0.720695216796875 0.8778564326171875 0.67730226171875 0.875494578125 0.667109060546875 0.8775741083984375 0.6657496884765625 0.881122337890625 0.663944275390625 0.94496172265625 0.670743501953125 0.9469233828125 0.71650303515625 0.945297890625 0.7184366806640625 0.9428785615234375 0.71758864453125 0.9266970634765626 0.7210610224609375 0.9044941640625
1 0.642803708984375 0.8757572431640624 0.6105820546875 0.880150232421875 0.6078971376953125 0.9173788076171875 0.608505240234375 0.94863982421875 0.63636609765625 0.949497689453125 0.66050991796875 0.948232365234375 0.6639912119140625 0.9163707001953125 0.6635850234375 0.888962421875 0.661518953125 0.8790260703125 0.642803708984375 0.8757572431640624
1 0.6058578125 0.8784661591796875 0.6027150478515625 0.877471869140625 0.5765164345703125 0.8788448798828125 0.554508171875 0.8815436123046875 0.5521730615234375 0.895960271484375 0.55373015625 0.9453291533203125 0.5560070546875 0.9494594775390625 0.60488916015625 0.948443001953125 0.6067622314453125 0.9448678515625 0.6075562470703125 0.93053195703125 0.6058578125 0.8784661591796875
1 0.4970077890625 0.9146909697265625 0.4982507373046875 0.9482367060546875 0.4999735546875 0.951623404296875 0.55126262109375 0.947390130859375 0.5512578974609375 0.907984521484375 0.5499454609375 0.8829417294921875 0.5482832177734375 0.8807108525390624 0.497447275390625 0.8837613828125 0.4970077890625 0.9146909697265625
1 0.488875935546875 0.8873012431640624 0.484111310546875 0.884846623046875 0.4655575966796875 0.884659986328125 0.4434685693359375 0.885817623046875 0.4399332548828125 0.887161896484375 0.44391986328125 0.9534020576171875 0.447616708984375 0.955139974609375 0.4938899404296875 0.953487560546875 0.4963372841796875 0.9510413095703125 0.4947398056640625 0.9009018798828125 0.488875935546875 0.8873012431640624
1 0.4064419072265625 0.8869854443359375 0.3864278642578125 0.88842066796875 0.3834466318359375 0.8905085673828125 0.38850101953125 0.9574654326171875 0.3911300849609375 0.9584866455078125 0.43993142578125 0.9559290751953124 0.442358578125 0.95309755078125 0.4368510654296875 0.887323427734375 0.4346953154296875 0.8855047451171875 0.4064419072265625 0.8869854443359375
1 0.3858517626953125 0.956058947265625 0.3821187265625 0.904486109375 0.379357236328125 0.89110921484375 0.372598392578125 0.889918103515625 0.3463392041015625 0.89013529296875 0.3273525576171875 0.8915166728515626 0.3259326103515625 0.8939090810546875 0.3296454560546875 0.94509664453125 0.334380974609375 0.9568247568359375 0.3443027724609375 0.9593954326171875 0.382931103515625 0.9593026669921875 0.3858517626953125 0.956058947265625
1 0.3237364775390625 0.8913198515625 0.3118002685546875 0.8896274111328125 0.274813990234375 0.891565779296875 0.27333346875 0.8928023662109374 0.2768735068359375 0.930863701171875 0.2814991533203125 0.950324208984375 0.2956113037109375 0.95422060546875 0.32848799609375 0.952497611328125 0.3286269736328125 0.9354917236328125 0.3237364775390625 0.8913198515625
1 0.27614898046875 0.936696650390625 0.2692036904296875 0.892632466796875 0.2594434228515625 0.89314398046875 0.24025486328125 0.890672623046875 0.216272572265625 0.8950201376953125 0.222565185546875 0.9561171318359375 0.2263226044921875 0.9590108681640624 0.23671771875 0.9607840751953125 0.2732104912109375 0.9592579013671875 0.2769566337890625 0.952107599609375 0.27614898046875 0.936696650390625
1 0.1251127587890625 0.954270421875 0.1315396259765625 0.9589559189453125 0.1717898173828125 0.960323482421875 0.210750125 0.9567363330078125 0.2173070537109375 0.9540747060546875 0.218132537109375 0.9501681259765625 0.2118850302734375 0.9292472880859375 0.2113600556640625 0.9192301708984375 0.21411918359375 0.912904259765625 0.2131814677734375 0.90484043359375 0.12287151953125 0.911505037109375 0.117835494140625 0.913700623046875 0.1160028056640625 0.9180463212890625 0.11982316015625 0.9417986845703125 0.1251127587890625 0.954270421875
1 0.03851984765625 0.96305821484375 0.0720515771484375 0.9640052158203125 0.085569265625 0.9663874384765625 0.115303193359375 0.9636701533203125 0.12126566015625 0.9594943544921875 0.1217276982421875 0.9486528466796875 0.1125975537109375 0.91204347265625 0.1089612822265625 0.911461376953125 0.1069670634765625 0.9127248857421875 0.09653156640625 0.910181130859375 0.076477140625 0.9108458076171875 0.039612009765625 0.915095818359375 0.0269512734375 0.9192363271484375 0.0335936923828125 0.9575214052734375 0.03851984765625 0.96305821484375
1 0.082692646484375 0.832867349609375 0.08680695703125 0.8720575849609375 0.0913809443359375 0.880703505859375 0.1424793740234375 0.8826615341796875 0.170239275390625 0.88159303125 0.1772695205078125 0.8781339365234375 0.181962294921875 0.8693886962890625 0.184891869140625 0.8564862099609375 0.1844476591796875 0.8480101875 0.17824053515625 0.8278598974609375 0.163856982421875 0.82861370703125 0.160341859375 0.8303432548828125 0.150379677734375 0.82700203125 0.1468645546875 0.8287315791015625 0.1042679765625 0.831736634765625 0.0861875791015625 0.830752529296875 0.082692646484375 0.832867349609375
1 0.065242904296875 0.8832323388671875 0.0764029287109375 0.879943142578125 0.083664193359375 0.8710632939453125 0.0818380576171875 0.8460474228515625 0.0773739423828125 0.8296691044921874 0.0597668603515625 0.827887529296875 0.05318973828125 0.830163880859375 0.0346965986328125 0.8311330654296875 0.019698390625 0.8299874287109374 0.016636392578125 0.830534232421875 0.0193420322265625 0.8821609140625 0.065242904296875 0.8832323388671875
1 0 0.4096005068359375 0.000944826171875 0.42300375 0.0088456611328125 0.4558142294921875 0.010487712890625 0.457659833984375 0.0156650791015625 0.4581611630859375 0.037653150390625 0.4550771572265625 0.040100494140625 0.4526309052734375 0.040562533203125 0.4417893974609375 0.031360537109375 0.3939801630859375 0.01687602734375 0.3928076044921875 0 0.3944189169921875 0 0.4096005068359375
1 0.064544822265625 0.4374418837890625 0.058748078125 0.3956354990234375 0.05486951171875 0.3904301181640625 0.040032833984375 0.392366671875 0.035591271484375 0.396076431640625 0.0421552861328125 0.45252321875 0.0469602939453125 0.45574838671875 0.0536181806640625 0.45501312890625 0.0609714873046875 0.4577184140625 0.063811380859375 0.4529335986328125 0.064544822265625 0.4374418837890625
1 0.2140973955078125 0.6471090380859374 0.2113269912109375 0.64339091015625 0.192178814453125 0.6416901005859375 0.1811803203125 0.6480614853515625 0.1468343837890625 0.66106510546875 0.1388776982421875 0.666504412109375 0.1320897490234375 0.67458679296875 0.1335108759765625 0.682045787109375 0.1291601748046875 0.6874892783203125 0.13465641015625 0.743219361328125 0.13689292578125 0.746579138671875 0.148577923828125 0.753307060546875 0.157553091796875 0.7574726748046875 0.16375785546875 0.75792016015625 0.197509328125 0.7434023671875 0.202958095703125 0.739253490234375 0.226063244140625 0.727997970703125 0.2270164287109375 0.697041462890625 0.2290510302734375 0.696548501953125 0.2212042158203125 0.6942554130859375 0.2135771455078125 0.676497529296875 0.2123163671875 0.6622693232421875 0.2140973955078125 0.6471090380859374
1 0.0641855703125 0.38144258203125 0.060630064453125 0.3824015830078125 0.058202912109375 0.385233107421875 0.067923330078125 0.4724210283203125 0.072154064453125 0.474517296875 0.075539125 0.480134873046875 0.082499880859375 0.4851787216796875 0.0937810537109375 0.48420116796875 0.0960466748046875 0.478287453125 0.0956428486328125 0.470581978515625 0.0870329541015625 0.4045841123046875 0.08795939453125 0.4026039013671875 0.0920084072265625 0.401232705078125 0.0946374716796875 0.40225391796875 0.098686484375 0.4008827216796875 0.0989668017578125 0.38657375 0.0956019326171875 0.3813414482421875 0.078548931640625 0.3803034990234375 0.0641855703125 0.38144258203125
1 0.0827910595703125 0.2253552421875 0.0875141201171875 0.2171879130859375 0.083675935546875 0.212753080078125 0.0728882705078125 0.2133184384765625 0.069907037109375 0.215406337890625 0.0621611806640625 0.2150396162109375 0.0550703603515625 0.217342890625 0.0513735146484375 0.215604974609375 0.051211984375 0.21252278515625 0.0455411123046875 0.212433650390625 0.042039626953125 0.2439100419921875 0.04297734375 0.2519738681640625 0.0464544462890625 0.269176578125 0.057437470703125 0.30182552734375 0.0573074072265625 0.3091726494140625 0.0623256044921875 0.32629459375 0.0686426005859375 0.3387124873046875 0.0759757158203125 0.341032498046875 0.0831876845703125 0.3410408671875 0.0877302041015625 0.3392574765625 0.0884345390625 0.33303925390625 0.0691759580078125 0.2506008564453125 0.0761254384765625 0.2456006669921875 0.08132299609375 0.2464872705078125 0.084284037109375 0.2440140966796875 0.0827910595703125 0.2253552421875
0 0.26025390625 0.974609375 0.0458984375 0.0234375
0 0.9609375 0.2529296875 0.96484375 0.2578125 0.962890625 0.2705078125 0.951171875 0.2734375 0.9140625 0.2763671875 0.91015625 0.2763671875 0.90625 0.271484375 0.9052734375 0.2548828125 0.9599609375 0.2529296875
0 0.2744140625 0.6728515625 0.0498046875 0.0263671875
0 0.7685546875 0.2578125 0.7734375 0.2578125 0.7802734375 0.26171875 0.779296875 0.2763671875 0.765625 0.2783203125 0.763671875 0.2802734375 0.7470703125 0.2783203125 0.7275390625 0.28125 0.7216796875 0.27734375 0.7197265625 0.2607421875 0.767578125 0.2578125
0 0.68359375 0.4052734375 0.6865234375 0.4111328125 0.685546875 0.42578125 0.6376953125 0.4287109375 0.6328125 0.4248046875 0.6328125 0.408203125 0.6376953125 0.40625 0.6640625 0.4072265625 0.6767578125 0.404296875 0.6826171875 0.4052734375
0 0.974609375 0.1220703125 0.9775390625 0.125 0.9775390625 0.1455078125 0.9296875 0.146484375 0.92578125 0.1484375 0.919921875 0.146484375 0.9169921875 0.123046875 0.9287109375 0.1201171875 0.93359375 0.1220703125 0.9736328125 0.1220703125
0 0.458984375 0.5380859375 0.478515625 0.537109375 0.4814453125 0.5400390625 0.4814453125 0.5458984375 0.4833984375 0.5478515625 0.482421875 0.5546875 0.4794921875 0.5576171875 0.46484375 0.55859375 0.4560546875 0.556640625 0.4365234375 0.5595703125 0.431640625 0.5595703125 0.427734375 0.5556640625 0.4267578125 0.5478515625 0.4287109375 0.541015625 0.4580078125 0.5380859375
0 0.369140625 0.658203125 0.373046875 0.662109375 0.37109375 0.677734375 0.3271484375 0.681640625 0.3154296875 0.681640625 0.3125 0.6787109375 0.314453125 0.6611328125 0.3642578125 0.66015625 0.3681640625 0.658203125
0 0.9755859375 0.9404296875 0.9794921875 0.9443359375 0.9814453125 0.9599609375 0.96875 0.9619140625 0.9384765625 0.9619140625 0.935546875 0.9453125 0.9375 0.94140625 0.974609375 0.9404296875
0 0.916015625 0.5263671875 0.9453125 0.525390625 0.94921875 0.5390625 0.9482421875 0.5439453125 0.90234375 0.546875 0.8935546875 0.546875 0.8916015625 0.544921875 0.888671875 0.5283203125 0.9150390625 0.5263671875
0 0.33203125 0.5439453125 0.3369140625 0.5458984375 0.345703125 0.544921875 0.3486328125 0.546875 0.3505859375 0.552734375 0.349609375 0.5595703125 0.33984375 0.5634765625 0.302734375 0.5634765625 0.296875 0.560546875 0.294921875 0.5478515625 0.2978515625 0.5439453125 0.3017578125 0.5458984375 0.306640625 0.5439453125 0.3310546875 0.5439453125
0 0.2646484375 0.416015625 0.271484375 0.423828125 0.2705078125 0.4345703125 0.2646484375 0.439453125 0.216796875 0.4404296875 0.2138671875 0.43359375 0.21484375 0.421875 0.2275390625 0.41796875 0.255859375 0.4189453125 0.263671875 0.4169921875
0 0.390625 0.8662109375 0.4072265625 0.86328125 0.43359375 0.8642578125 0.435546875 0.8662109375 0.4345703125 0.8837890625 0.42578125 0.8857421875 0.392578125 0.8857421875 0.3896484375 0.8818359375 0.3916015625 0.8671875
0 0.0576171875 0.63671875 0.07421875 0.63671875 0.076171875 0.638671875 0.07421875 0.65625 0.0283203125 0.6591796875 0.0244140625 0.6591796875 0.0234375 0.65234375 0.0263671875 0.6396484375 0.056640625 0.63671875
0 0.15625 0.8017578125 0.1591796875 0.8037109375 0.169921875 0.8017578125 0.1728515625 0.8046875 0.1728515625 0.822265625 0.1630859375 0.8251953125 0.1494140625 0.8232421875 0.12890625 0.82421875 0.1259765625 0.8212890625 0.1259765625 0.8115234375 0.12890625 0.8046875 0.1435546875 0.8046875 0.1552734375 0.8017578125
0 0.421875 0.6572265625 0.4228515625 0.6669921875 0.419921875 0.677734375 0.40234375 0.6767578125 0.3828125 0.6787109375 0.3740234375 0.6767578125 0.373046875 0.6611328125 0.3759765625 0.658203125 0.4208984375 0.6572265625
0 0.2490234375 0.5439453125 0.2646484375 0.5478515625 0.26953125 0.5458984375 0.2861328125 0.546875 0.2919921875 0.544921875 0.2958984375 0.552734375 0.2958984375 0.560546875 0.287109375 0.564453125 0.2333984375 0.56640625 0.2294921875 0.5654296875 0.2294921875 0.5498046875 0.232421875 0.544921875 0.2490234375 0.544921875
0 0.4716796875 0.6533203125 0.4814453125 0.65234375 0.4853515625 0.654296875 0.4853515625 0.671875 0.4580078125 0.67578125 0.439453125 0.67578125 0.4375 0.6572265625 0.44140625 0.654296875 0.470703125 0.6533203125
0 0.88330078125 0.76171875 0.05078125 0.025390625
0 0.5537109375 0.41015625 0.560546875 0.4130859375 0.5703125 0.412109375 0.57421875 0.4150390625 0.57421875 0.427734375 0.572265625 0.4296875 0.5322265625 0.4306640625 0.5263671875 0.4326171875 0.5185546875 0.431640625 0.5166015625 0.4150390625 0.51953125 0.412109375 0.5341796875 0.4091796875 0.552734375 0.41015625
0 0.44921875 0.26953125 0.453125 0.2705078125 0.4541015625 0.2734375 0.4541015625 0.2890625 0.447265625 0.2919921875 0.4013671875 0.291015625 0.3984375 0.287109375 0.3984375 0.275390625 0.4013671875 0.271484375 0.4482421875 0.26953125
0 0.83984375 0.1220703125 0.84375 0.1337890625 0.8427734375 0.1357421875 0.8359375 0.13671875 0.7880859375 0.13671875 0.78515625 0.1357421875 0.783203125 0.1240234375 0.7978515625 0.1220703125 0.8388671875 0.1220703125
0 0.015625 0.806640625 0.021484375 0.8076171875 0.021484375 0.8203125 0.0185546875 0.8271484375 0.0166015625 0.8271484375 0.015625 0.8076171875
0 0.1708984375 0.15234375 0.189453125 0.154296875 0.19140625 0.1630859375 0.1904296875 0.173828125 0.1474609375 0.1767578125 0.1435546875 0.1787109375 0.1357421875 0.1767578125 0.130859375 0.16015625 0.1318359375 0.1552734375 0.1455078125 0.15234375 0.1533203125 0.154296875 0.169921875 0.15234375
0 0.92578125 0.6416015625 0.9296875 0.6435546875 0.9326171875 0.6513671875 0.93359375 0.6611328125 0.931640625 0.6630859375 0.88671875 0.666015625 0.8837890625 0.6630859375 0.8828125 0.650390625 0.880859375 0.6484375 0.884765625 0.642578125 0.904296875 0.6435546875 0.908203125 0.640625 0.9150390625 0.642578125 0.9248046875 0.6416015625
0 0.376953125 0.5419921875 0.42578125 0.54296875 0.4267578125 0.5546875 0.421875 0.5546875 0.4169921875 0.5595703125 0.3994140625 0.5595703125 0.39453125 0.5615234375 0.3662109375 0.560546875 0.3662109375 0.544921875 0.3759765625 0.5419921875
0 0.8779296875 0.8486328125 0.8916015625 0.849609375 0.89453125 0.8544921875 0.89453125 0.8671875 0.8916015625 0.869140625 0.8515625 0.8701171875 0.849609375 0.8671875 0.849609375 0.8505859375 0.876953125 0.849609375
0 0.3154296875 0.2734375 0.33984375 0.2734375 0.341796875 0.2763671875 0.341796875 0.291015625 0.33984375 0.29296875 0.3359375 0.294921875 0.322265625 0.2939453125 0.3173828125 0.2958984375 0.28515625 0.2958984375 0.283203125 0.291015625 0.2861328125 0.2763671875 0.2978515625 0.2734375 0.314453125 0.2734375
0 0.0205078125 0.26171875 0.0224609375 0.2646484375 0.0224609375 0.279296875 0.0185546875 0.2822265625 0.0087890625 0.28125 0.0078125 0.275390625 0.009765625 0.263671875 0.01953125 0.26171875
0 0.28515625 0.8701171875 0.32421875 0.8701171875 0.326171875 0.8720703125 0.3251953125 0.88671875 0.314453125 0.8896484375 0.2822265625 0.8896484375 0.2802734375 0.8740234375 0.28125 0.87109375 0.2841796875 0.87109375
0 0.2294921875 0.775390625 0.24609375 0.775390625 0.25 0.779296875 0.25 0.78515625 0.24609375 0.791015625 0.224609375 0.7939453125 0.2041015625 0.7939453125 0.2001953125 0.7900390625 0.2001953125 0.7822265625 0.203125 0.7763671875 0.228515625 0.775390625
0 0.25390625 0.275390625 0.2646484375 0.2763671875 0.2646484375 0.2958984375 0.2236328125 0.2978515625 0.2080078125 0.2978515625 0.2060546875 0.287109375 0.2060546875 0.2802734375 0.2080078125 0.2783203125 0.2529296875 0.275390625
0 0.5390625 0.1318359375 0.5869140625 0.1318359375 0.5908203125 0.1337890625 0.5908203125 0.146484375 0.5771484375 0.1474609375 0.57421875 0.1494140625 0.556640625 0.1484375 0.537109375 0.150390625 0.5322265625 0.150390625 0.53125 0.134765625 0.5380859375 0.1318359375
0 0.240234375 0.662109375 0.2470703125 0.6650390625 0.2470703125 0.67578125 0.2431640625 0.6826171875 0.234375 0.68359375 0.21875 0.6826171875 0.21484375 0.67578125 0.2138671875 0.666015625 0.2177734375 0.6630859375 0.2392578125 0.662109375
0 0.267578125 0.7705078125 0.2890625 0.7724609375 0.3046875 0.7705078125 0.30859375 0.7763671875 0.306640625 0.7900390625 0.2744140625 0.7919921875 0.2626953125 0.791015625 0.2607421875 0.7890625 0.259765625 0.771484375 0.2666015625 0.7705078125
0 0.6640625 0.2626953125 0.669921875 0.265625 0.6708984375 0.28125 0.65234375 0.2841796875 0.634765625 0.283203125 0.6318359375 0.28515625 0.615234375 0.2841796875 0.615234375 0.265625 0.6337890625 0.2626953125 0.6630859375 0.2626953125
0 0.6328125 0.5537109375 0.630859375 0.53515625 0.6513671875 0.53125 0.6796875 0.53125 0.6826171875 0.5341796875 0.6845703125 0.55078125 0.6787109375 0.552734375 0.6337890625 0.5537109375
0 0.3974609375 0.4150390625 0.408203125 0.419921875 0.408203125 0.43359375 0.4052734375 0.435546875 0.3544921875 0.4375 0.3515625 0.435546875 0.3515625 0.4189453125 0.3583984375 0.416015625 0.396484375 0.416015625
0 0.9931640625 0.8427734375 0.9990234375 0.84375 0.9990234375 0.8642578125 0.986328125 0.86328125 0.9814453125 0.865234375 0.966796875 0.865234375 0.9638671875 0.86328125 0.9619140625 0.8466796875 0.966796875 0.84375 0.9921875 0.8427734375
0 0.341796875 0.4169921875 0.3486328125 0.419921875 0.3486328125 0.4228515625 0.3447265625 0.42578125 0.3427734375 0.435546875 0.33984375 0.4375 0.3212890625 0.4384765625 0.291015625 0.4384765625 0.2861328125 0.4365234375 0.2861328125 0.419921875 0.2880859375 0.41796875 0.3017578125 0.416015625 0.31640625 0.41796875 0.3408203125 0.4169921875
0 0.0634765625 0.806640625 0.087890625 0.8037109375 0.1083984375 0.8056640625 0.1083984375 0.8203125 0.10546875 0.8251953125 0.0888671875 0.8271484375 0.076171875 0.8251953125 0.0625 0.8271484375 0.060546875 0.8173828125 0.0634765625 0.8076171875
0 0.07421875 0.970703125 0.091796875 0.9716796875 0.0927734375 0.9892578125 0.0908203125 0.9921875 0.0478515625 0.9921875 0.0478515625 0.978515625 0.05078125 0.9736328125 0.056640625 0.9716796875 0.0732421875 0.9716796875
0 0.8095703125 0.255859375 0.830078125 0.259765625 0.8349609375 0.2626953125 0.8349609375 0.275390625 0.8203125 0.27734375 0.7919921875 0.27734375 0.7841796875 0.275390625 0.7841796875 0.2568359375 0.80859375 0.255859375
0 0.896484375 0.2548828125 0.904296875 0.2587890625 0.904296875 0.275390625 0.8955078125 0.2763671875 0.853515625 0.2763671875 0.849609375 0.2734375 0.84765625 0.2578125 0.8486328125 0.255859375 0.857421875 0.2548828125 0.8955078125 0.2548828125
0 0.376953125 0.271484375 0.396484375 0.2724609375 0.3974609375 0.2900390625 0.3896484375 0.2939453125 0.3447265625 0.2939453125 0.3427734375 0.2890625 0.34375 0.2744140625 0.3759765625 0.271484375
0 0.935546875 0.3935546875 0.9619140625 0.3955078125 0.96875 0.4052734375 0.96875 0.4091796875 0.955078125 0.412109375 0.9375 0.4111328125 0.935546875 0.4130859375 0.9169921875 0.4130859375 0.91015625 0.4013671875 0.91015625 0.396484375 0.9345703125 0.39453125
0 0.84375 0.9443359375 0.8720703125 0.9453125 0.8740234375 0.962890625 0.8720703125 0.96484375 0.8388671875 0.9658203125 0.8310546875 0.96484375 0.830078125 0.9462890625 0.8427734375 0.9443359375
0 0.4794921875 0.412109375 0.4833984375 0.4169921875 0.4814453125 0.4326171875 0.4326171875 0.435546875 0.4287109375 0.4326171875 0.427734375 0.41796875 0.4306640625 0.416015625 0.478515625 0.412109375
0 0.443359375 0.763671875 0.486328125 0.76171875 0.4892578125 0.771484375 0.4892578125 0.779296875 0.486328125 0.783203125 0.4453125 0.78515625 0.4423828125 0.783203125 0.44140625 0.7666015625 0.443359375 0.7646484375
0 0.38671875 0.765625 0.4296875 0.7646484375 0.4326171875 0.7724609375 0.431640625 0.783203125 0.4296875 0.78515625 0.38671875 0.7861328125 0.384765625 0.7734375 0.38671875 0.7666015625
0 0.0947265625 0.1494140625 0.099609375 0.1513671875 0.099609375 0.1611328125 0.0810546875 0.173828125 0.0712890625 0.1748046875 0.03515625 0.173828125 0.03515625 0.154296875 0.0380859375 0.15234375 0.052734375 0.1513671875 0.0869140625 0.15234375 0.09375 0.1494140625
0 0.689453125 0.2607421875 0.716796875 0.26171875 0.7197265625 0.263671875 0.720703125 0.2783203125 0.71875 0.2802734375 0.703125 0.2822265625 0.6708984375 0.2802734375 0.671875 0.2705078125 0.66796875 0.263671875 0.6884765625 0.26171875
0 0.5263671875 0.2685546875 0.5283203125 0.26953125 0.529296875 0.2880859375 0.4853515625 0.291015625 0.4736328125 0.2900390625 0.47265625 0.2734375 0.474609375 0.2705078125 0.50390625 0.267578125 0.525390625 0.2685546875
0 0.6298828125 0.650390625 0.673828125 0.6484375 0.677734375 0.6591796875 0.677734375 0.6669921875 0.6748046875 0.669921875 0.6318359375 0.669921875 0.6279296875 0.6650390625 0.6279296875 0.6533203125 0.6298828125 0.6513671875
0 0.5751953125 0.265625 0.6025390625 0.2666015625 0.60546875 0.2705078125 0.60546875 0.2841796875 0.5595703125 0.287109375 0.5419921875 0.287109375 0.5400390625 0.2841796875 0.541015625 0.26953125 0.5478515625 0.2666015625 0.57421875 0.265625
0 0.767578125 0.4091796875 0.7705078125 0.3994140625 0.8251953125 0.396484375 0.8291015625 0.4072265625 0.8291015625 0.4150390625 0.8251953125 0.4189453125 0.7724609375 0.421875 0.76953125 0.4189453125 0.7685546875 0.41015625
0 0.455078125 0.8603515625 0.46484375 0.8603515625 0.474609375 0.86328125 0.486328125 0.8623046875 0.48828125 0.8642578125 0.486328125 0.880859375 0.4755859375 0.8837890625 0.443359375 0.8818359375 0.44140625 0.8798828125 0.443359375 0.8642578125 0.447265625 0.861328125 0.4541015625 0.861328125
0 0.33203125 0.9619140625 0.3349609375 0.9638671875 0.3349609375 0.98046875 0.3330078125 0.982421875 0.2978515625 0.984375 0.291015625 0.9814453125 0.29296875 0.96484375 0.2978515625 0.962890625 0.3154296875 0.9638671875 0.3310546875 0.9619140625
0 0.9990234375 0.74609375 0.9990234375 0.7666015625 0.9921875 0.7646484375 0.990234375 0.7548828125 0.990234375 0.7470703125 0.998046875 0.74609375
0 0.2626953125 0.869140625 0.26953125 0.8720703125 0.26953125 0.8876953125 0.2666015625 0.890625 0.2255859375 0.8916015625 0.2216796875 0.8837890625 0.2236328125 0.8740234375 0.232421875 0.87109375 0.26171875 0.8701171875
0 0.40625 0.1376953125 0.4091796875 0.1396484375 0.4228515625 0.1396484375 0.4267578125 0.1376953125 0.4296875 0.1416015625 0.4296875 0.1552734375 0.4248046875 0.158203125 0.3662109375 0.16015625 0.3642578125 0.158203125 0.3642578125 0.1474609375 0.3671875 0.1435546875 0.4052734375 0.138671875