1 0.2001953125 0.10546875 0.0458984375 0.1376953125
1 0.23486328125 0.11328125 0.0341796875 0.1396484375
1 0.294921875 0.1181640625 0.05078125 0.1328125
1 0.3310546875 0.13427734375 0.02734375 0.12890625
1 0.35205078125 0.1474609375 0.0322265625 0.1015625
1 0.42578125 0.177734375 0.0439453125 0.0849609375
1 0.28759765625 0.5537109375 0.0390625 0.078125
1 0.31787109375 0.548828125 0.0244140625 0.083984375
1 0.3408203125 0.5390625 0.037109375 0.076171875
1 0.36962890625 0.53173828125 0.0234375 0.06640625
1 0.38916015625 0.52392578125 0.0244140625 0.0673828125
1 0.26123046875 0.26123046875 0.0419921875 0.1298828125
1 0.291015625 0.26611328125 0.0283203125 0.1259765625
1 0.31396484375 0.2783203125 0.0244140625 0.09375
1 0.337890625 0.28271484375 0.033203125 0.09765625
1 0.3671875 0.2822265625 0.0302734375 0.0966796875
1 0.39501953125 0.28857421875 0.03125 0.08984375
1 0.41845703125 0.291015625 0.02734375 0.0849609375
1 0.43505859375 0.2958984375 0.025390625 0.0830078125
1 0.4482421875 0.29638671875 0.0224609375 0.0732421875
1 0.478515625 0.2978515625 0.021484375 0.072265625
1 0.49609375 0.30078125 0.0234375 0.06640625
1 0.5234375 0.3056640625 0.0185546875 0.064453125
1 0.53515625 0.306640625 0.0224609375 0.0634765625
1 0.54833984375 0.3076171875 0.0166015625 0.0576171875
1 0.56103515625 0.31201171875 0.01171875 0.0478515625
1 0.453125 0.19287109375 0.017578125 0.072265625
1 0.4716796875 0.18505859375 0.0185546875 0.046875
1 0.52685546875 0.22021484375 0.0146484375 0.068359375
1 0.53759765625 0.22119140625 0.0146484375 0.0634765625
1 0.5498046875 0.22607421875 0.0126953125 0.0595703125
1 0.5810546875 0.2412109375 0.0166015625 0.05078125
1 0.59375 0.2431640625 0.0185546875 0.0498046875
1 0.57421875 0.31298828125 0.015625 0.0556640625
1 0.60546875 0.3154296875 0.0146484375 0.048828125
1 0.591796875 0.31201171875 0.0205078125 0.05078125
1 0.283203125 0.4091796875 0.0400390625 0.126953125
1 0.3125 0.40576171875 0.03125 0.1181640625
1 0.33935546875 0.4169921875 0.0390625 0.099609375
1 0.36669921875 0.4091796875 0.033203125 0.087890625
1 0.392578125 0.40966796875 0.03515625 0.0869140625
1 0.41455078125 0.4072265625 0.0263671875 0.08203125
1 0.435546875 0.40380859375 0.0224609375 0.078125
1 0.455078125 0.40234375 0.02734375 0.078125
1 0.474609375 0.3984375 0.025390625 0.06640625
1 0.505859375 0.396484375 0.02734375 0.068359375
1 0.52197265625 0.39453125 0.01953125 0.0634765625
1 0.53662109375 0.3935546875 0.021484375 0.0595703125
1 0.55419921875 0.39208984375 0.0166015625 0.056640625
1 0.57080078125 0.3896484375 0.025390625 0.052734375
1 0.591796875 0.3828125 0.021484375 0.05078125
1 0.60986328125 0.38232421875 0.013671875 0.04296875
1 0.4150390625 0.51416015625 0.0263671875 0.060546875
1 0.4375 0.50830078125 0.0234375 0.0625
1 0.45068359375 0.50244140625 0.0263671875 0.05859375
1 0.47216796875 0.4970703125 0.0205078125 0.0546875
1 0.48828125 0.49462890625 0.0126953125 0.0517578125
1 0.49658203125 0.48779296875 0.01953125 0.0517578125
1 0.52294921875 0.47265625 0.0234375 0.052734375
1 0.5419921875 0.46728515625 0.0146484375 0.0439453125
1 0.5595703125 0.462890625 0.01171875 0.04296875
1 0.57275390625 0.458984375 0.01171875 0.03515625
1 0.29345703125 0.64892578125 0.029296875 0.056640625
1 0.31396484375 0.640625 0.021484375 0.052734375
1 0.3271484375 0.63427734375 0.0244140625 0.05078125
1 0.34423828125 0.62451171875 0.0224609375 0.0498046875
1 0.3564453125 0.6171875 0.015625 0.044921875
1 0.3759765625 0.60791015625 0.017578125 0.048828125
1 0.388671875 0.6044921875 0.015625 0.0478515625
1 0.40478515625 0.59619140625 0.013671875 0.0498046875
1 0.41796875 0.5908203125 0.0166015625 0.0458984375
1 0.42919921875 0.58544921875 0.013671875 0.046875
1 0.43994140625 0.57763671875 0.0166015625 0.04296875
1 0.45263671875 0.5751953125 0.015625 0.0439453125
1 0.5029296875 0.5498046875 0.0185546875 0.0341796875
1 0.5244140625 0.5380859375 0.0107421875 0.033203125
1 0.5341796875 0.5341796875 0.0107421875 0.037109375
1 0.5654296875 0.51708984375 0.009765625 0.02734375
1 0.57958984375 0.51220703125 0.0078125 0.029296875
1 0.30224609375 0.734375 0.0244140625 0.0546875
1 0.3212890625 0.72607421875 0.0205078125 0.0517578125
1 0.3359375 0.71337890625 0.0185546875 0.0458984375
1 0.3515625 0.70751953125 0.0263671875 0.0419921875
1 0.36865234375 0.6943359375 0.01953125 0.046875
1 0.3818359375 0.68798828125 0.017578125 0.04296875
1 0.39453125 0.6787109375 0.01953125 0.0478515625
1 0.40673828125 0.66943359375 0.0185546875 0.0439453125
1 0.41845703125 0.66357421875 0.013671875 0.0458984375
1 0.42919921875 0.65673828125 0.015625 0.046875
1 0.4384765625 0.65087890625 0.0126953125 0.0439453125
1 0.44921875 0.64453125 0.0146484375 0.037109375
1 0.49072265625 0.61865234375 0.0146484375 0.041015625
1 0.47509765625 0.62890625 0.017578125 0.041015625
1 0.4619140625 0.6318359375 0.0126953125 0.0341796875
1 0.5029296875 0.60693359375 0.01953125 0.0341796875
1 0.52685546875 0.59228515625 0.013671875 0.033203125
1 0.537109375 0.58984375 0.0107421875 0.0302734375
1 0.54541015625 0.5830078125 0.01171875 0.0302734375
1 0.556640625 0.5751953125 0.0087890625 0.02734375
1 0.572265625 0.56640625 0.015625 0.0283203125
1 0.58154296875 0.55859375 0.0087890625 0.02734375
1 0.58984375 0.55224609375 0.009765625 0.0244140625
1 0.6005859375 0.5478515625 0.0126953125 0.029296875
1 0.60986328125 0.54052734375 0.01171875 0.0244140625
1 0.58544921875 0.50732421875 0.0146484375 0.0322265625
1 0.60400390625 0.49853515625 0.009765625 0.02734375
1 0.61083984375 0.49609375 0.0068359375 0.02734375
1 0.61669921875 0.4931640625 0.001953125 0.0302734375
1 0.61767578125 0.53466796875 0.009765625 0.0263671875
1 0.6259765625 0.533203125 0.0078125 0.02734375
1 0.63525390625 0.513671875 0.0166015625 0.0439453125
1 0.32861328125 0.81640625 0.0546875 0.0576171875
1 0.37548828125 0.79296875 0.0478515625 0.0546875
1 0.40869140625 0.75439453125 0.0439453125 0.041015625
1 0.4482421875 0.72314453125 0.0400390625 0.0419921875
1 0.47998046875 0.70166015625 0.0380859375 0.0439453125
1 0.5078125 0.6787109375 0.029296875 0.0458984375
1 0.52734375 0.65673828125 0.0244140625 0.0400390625
1 0.54833984375 0.6455078125 0.0224609375 0.041015625
1 0.5712890625 0.63037109375 0.0244140625 0.041015625
1 0.58740234375 0.61669921875 0.0234375 0.0380859375
1 0.603515625 0.6005859375 0.02734375 0.04296875
1 0.6396484375 0.5986328125 0.02734375 0.0341796875
1 0.38671875 0.9091796875 0.05859375 0.0595703125
1 0.43017578125 0.861328125 0.0634765625 0.060546875
1 0.46337890625 0.82568359375 0.0576171875 0.060546875
1 0.49560546875 0.79052734375 0.0595703125 0.052734375
1 0.41259765625 0.966796875 0.064453125 0.0498046875
1 0.45166015625 0.908203125 0.05078125 0.03515625
1 0.48046875 0.8671875 0.05078125 0.03125
1 0.5126953125 0.83154296875 0.0400390625 0.0302734375
1 0.52392578125 0.7607421875 0.046875 0.0478515625
1 0.54541015625 0.740234375 0.04296875 0.0546875
1 0.5712890625 0.712890625 0.0390625 0.046875
1 0.53857421875 0.7958984375 0.02734375 0.025390625
1 0.5654296875 0.7724609375 0.0234375 0.0322265625
1 0.587890625 0.74951171875 0.033203125 0.0283203125
1 0.58837890625 0.68798828125 0.0361328125 0.037109375
1 0.6025390625 0.666015625 0.0322265625 0.037109375
1 0.62060546875 0.7099609375 0.03515625 0.0244140625
1 0.62060546875 0.64453125 0.0361328125 0.0341796875
1 0.6552734375 0.6298828125 0.0263671875 0.0244140625
1 0.66162109375 0.658203125 0.0322265625 0.0244140625
1 0.63623046875 0.68359375 0.0322265625 0.01953125
0 0.27734375 0.33642578125 0.0419921875 0.0263671875
0 0.306640625 0.33837890625 0.0341796875 0.0234375
0 0.3359375 0.3369140625 0.033203125 0.0234375
0 0.3994140625 0.34130859375 0.0283203125 0.017578125
0 0.49072265625 0.34423828125 0.02734375 0.021484375
0 0.521484375 0.34375 0.017578125 0.0126953125
0 0.5400390625 0.3427734375 0.0146484375 0.013671875
0 0.55908203125 0.34423828125 0.0185546875 0.0166015625
0 0.3037109375 0.48388671875 0.0361328125 0.0224609375
0 0.3369140625 0.4755859375 0.0390625 0.0166015625
0 0.453125 0.45263671875 0.0283203125 0.013671875
0 0.46630859375 0.44677734375 0.0205078125 0.0205078125
0 0.505859375 0.4384765625 0.0205078125 0.013671875
0 0.52197265625 0.435546875 0.0107421875 0.0126953125
0 0.54248046875 0.43017578125 0.017578125 0.0146484375
0 0.55419921875 0.42724609375 0.0107421875 0.0146484375
0 0.5654296875 0.42578125 0.013671875 0.015625
0 0.591796875 0.4208984375 0.0185546875 0.01171875
0 0.298828125 0.60302734375 0.0400390625 0.0185546875
0 0.330078125 0.59423828125 0.0341796875 0.0146484375
0 0.35498046875 0.58447265625 0.0302734375 0.015625
0 0.37646484375 0.57568359375 0.01953125 0.0185546875
0 0.39501953125 0.5712890625 0.0224609375 0.015625
0 0.41650390625 0.56005859375 0.021484375 0.013671875
0 0.4990234375 0.52587890625 0.0244140625 0.013671875
0 0.517578125 0.5166015625 0.0166015625 0.01171875
0 0.533203125 0.50830078125 0.0185546875 0.0146484375
0 0.5478515625 0.50146484375 0.0126953125 0.0126953125
0 0.5576171875 0.49755859375 0.009765625 0.009765625
0 0.57763671875 0.490234375 0.0146484375 0.009765625
0 0.5908203125 0.48095703125 0.015625 0.013671875
0 0.60888671875 0.4755859375 0.013671875 0.0126953125
0 0.62158203125 0.46875 0.015625 0.0107421875
0 0.33203125 0.6748046875 0.037109375 0.017578125
0 0.4228515625 0.623046875 0.0224609375 0.0146484375
0 0.43896484375 0.6142578125 0.01953125 0.013671875
0 0.458984375 0.6064453125 0.017578125 0.015625
0 0.4755859375 0.59423828125 0.0263671875 0.0166015625
0 0.50634765625 0.57958984375 0.0185546875 0.0166015625
0 0.5166015625 0.57177734375 0.01953125 0.0107421875
0 0.53076171875 0.56201171875 0.017578125 0.015625
0 0.59765625 0.525390625 0.017578125 0.0126953125
0 0.6142578125 0.5166015625 0.0166015625 0.0107421875
0 0.62646484375 0.51025390625 0.0126953125 0.009765625
0 0.3203125 0.76904296875 0.044921875 0.015625
0 0.35107421875 0.75341796875 0.0419921875 0.013671875
0 0.3779296875 0.7314453125 0.03125 0.0244140625
0 0.39794921875 0.71533203125 0.03125 0.0234375
0 0.4228515625 0.69677734375 0.025390625 0.0244140625
0 0.43798828125 0.685546875 0.0234375 0.02734375
0 0.4541015625 0.67578125 0.0244140625 0.025390625
0 0.486328125 0.654296875 0.0234375 0.01953125
0 0.501953125 0.64013671875 0.0263671875 0.021484375
0 0.525390625 0.6240234375 0.0244140625 0.0185546875
0 0.56298828125 0.59765625 0.02734375 0.0185546875
0 0.58447265625 0.57763671875 0.0146484375 0.015625
0 0.5986328125 0.56982421875 0.01171875 0.017578125
0 0.61083984375 0.56005859375 0.0166015625 0.0166015625
0 0.35205078125 0.85107421875 0.0390625 0.0185546875
0 0.5947265625 0.79931640625 0.0439453125 0.046875
1 0.37744140625 0.16552734375 0.0244140625 0.1015625
1 0.396484375 0.1689453125 0.0205078125 0.0908203125
1 0.5673828125 0.228515625 0.025390625 0.0634765625