1 0.1943359375 0.1416015625 0.05859375 0.130859375
1 0.2451171875 0.13720703125 0.0458984375 0.12548828125
1 0.2919921875 0.1318359375 0.05859375 0.14453125
1 0.3486328125 0.13037109375 0.0458984375 0.13916015625
1 0.4013671875 0.12646484375 0.0458984375 0.14453125
1 0.4482421875 0.1337890625 0.04736328125 0.12353515625
1 0.5 0.1318359375 0.044921875 0.12939453125
1 0.54541015625 0.13427734375 0.04052734375 0.1201171875
1 0.59521484375 0.13330078125 0.05322265625 0.12646484375
1 0.646484375 0.12548828125 0.0419921875 0.14013671875
1 0.69580078125 0.1328125 0.0390625 0.1171875
1 0.73974609375 0.12939453125 0.04345703125 0.12646484375
1 0.78564453125 0.12841796875 0.04345703125 0.12646484375
1 0.83544921875 0.126953125 0.044921875 0.1220703125
1 0.884765625 0.1259765625 0.0517578125 0.1220703125
1 0.93212890625 0.1259765625 0.04052734375 0.1181640625
1 0.98046875 0.1328125 0.0390625 0.1064453125
0 0.94970703125 0.19873046875 0.0556640625 0.0205078125
0 0.693359375 0.20458984375 0.08251953125 0.017578125
1 0.19970703125 0.29248046875 0.05859375 0.12451171875
1 0.96923828125 0.27587890625 0.0615234375 0.0888671875
1 0.90234375 0.28125 0.0556640625 0.103515625
1 0.83935546875 0.2802734375 0.05859375 0.09521484375
1 0.77783203125 0.283203125 0.064453125 0.1015625
1 0.69482421875 0.28857421875 0.06005859375 0.107421875
1 0.634765625 0.287109375 0.05712890625 0.10888671875
1 0.568359375 0.29248046875 0.0615234375 0.10546875
1 0.5048828125 0.29052734375 0.06005859375 0.107421875
1 0.44189453125 0.29150390625 0.0654296875 0.103515625
1 0.375 0.2939453125 0.06298828125 0.10546875
1 0.3134765625 0.296875 0.06005859375 0.10546875
1 0.25048828125 0.287109375 0.048828125 0.12548828125
0 0.20703125 0.36181640625 0.05078125 0.01708984375
0 0.2607421875 0.3603515625 0.05224609375 0.013671875
0 0.32177734375 0.36181640625 0.06787109375 0.01708984375
0 0.48388671875 0.35595703125 0.06982421875 0.013671875
0 0.7724609375 0.34814453125 0.06591796875 0.01806640625
0 0.9140625 0.3427734375 0.072265625 0.017578125
0 0.978515625 0.3388671875 0.04296875 0.0205078125
1 0.9609375 0.41455078125 0.060546875 0.1015625
1 0.90234375 0.41845703125 0.0595703125 0.1025390625
1 0.8359375 0.4208984375 0.0732421875 0.10009765625
1 0.765625 0.42041015625 0.06494140625 0.0966796875
1 0.6982421875 0.42138671875 0.0595703125 0.10546875
1 0.6376953125 0.4248046875 0.0595703125 0.1064453125
1 0.57373046875 0.427734375 0.060546875 0.1025390625
1 0.513671875 0.4306640625 0.06591796875 0.103515625
1 0.44970703125 0.43115234375 0.0625 0.1064453125
1 0.38671875 0.43359375 0.06689453125 0.1025390625
1 0.3232421875 0.43603515625 0.0625 0.1064453125
1 0.26513671875 0.43017578125 0.05517578125 0.11865234375
1 0.21044921875 0.4306640625 0.05859375 0.119140625
0 0.23291015625 0.50341796875 0.05419921875 0.01953125
0 0.28857421875 0.501953125 0.0615234375 0.0185546875
0 0.58544921875 0.49072265625 0.05615234375 0.01513671875
0 0.64697265625 0.48876953125 0.0625 0.01953125
0 0.787109375 0.4833984375 0.05224609375 0.01806640625
0 0.86279296875 0.48046875 0.05078125 0.01513671875
1 0.91552734375 0.53515625 0.037109375 0.08203125
1 0.87255859375 0.53466796875 0.04443359375 0.0859375
1 0.83740234375 0.5400390625 0.03173828125 0.08203125
1 0.8017578125 0.54150390625 0.04345703125 0.08203125
1 0.76123046875 0.548828125 0.04052734375 0.07861328125
1 0.71826171875 0.5517578125 0.03515625 0.072265625
1 0.681640625 0.546875 0.0380859375 0.08251953125
1 0.6357421875 0.5498046875 0.04248046875 0.076171875
1 0.5927734375 0.5498046875 0.04150390625 0.07763671875
1 0.54833984375 0.552734375 0.04541015625 0.0849609375
1 0.5048828125 0.5537109375 0.04345703125 0.0849609375
1 0.4609375 0.55419921875 0.04150390625 0.0849609375
1 0.41943359375 0.5546875 0.04248046875 0.08251953125
1 0.3779296875 0.55810546875 0.046875 0.0810546875
1 0.328125 0.5595703125 0.05078125 0.0810546875
1 0.2822265625 0.56201171875 0.0380859375 0.0810546875
1 0.234375 0.56689453125 0.048828125 0.072265625
1 0.97705078125 0.50634765625 0.0458984375 0.033203125
1 0.9765625 0.53466796875 0.046875 0.02587890625
1 0.9765625 0.55859375 0.046875 0.02685546875
0 0.2333984375 0.61865234375 0.048828125 0.02197265625
0 0.27880859375 0.6181640625 0.0498046875 0.02001953125
0 0.3271484375 0.6142578125 0.05517578125 0.01708984375
0 0.3740234375 0.61376953125 0.04541015625 0.01611328125
0 0.41064453125 0.60986328125 0.0341796875 0.01513671875
0 0.4599609375 0.6083984375 0.05419921875 0.01513671875
0 0.71875 0.599609375 0.05712890625 0.01513671875
0 0.796875 0.59716796875 0.05078125 0.01513671875
0 0.88671875 0.58935546875 0.0625 0.01708984375
0 0.9697265625 0.58544921875 0.05419921875 0.02294921875
1 0.2333984375 0.654296875 0.0361328125 0.04931640625
1 0.99072265625 0.62158203125 0.01806640625 0.04736328125
1 0.96630859375 0.62353515625 0.03076171875 0.05322265625
1 0.93701171875 0.62744140625 0.03173828125 0.05810546875
1 0.90576171875 0.62548828125 0.03271484375 0.0556640625
1 0.87158203125 0.62744140625 0.03173828125 0.0546875
1 0.80517578125 0.62939453125 0.03271484375 0.0517578125
1 0.76904296875 0.63134765625 0.03076171875 0.05126953125
1 0.73388671875 0.6337890625 0.037109375 0.04833984375
1 0.59326171875 0.64208984375 0.03173828125 0.05712890625
1 0.56201171875 0.640625 0.03076171875 0.05224609375
1 0.53173828125 0.6435546875 0.03173828125 0.0546875
1 0.49609375 0.64208984375 0.03271484375 0.0556640625
1 0.46484375 0.64599609375 0.02978515625 0.05322265625
1 0.4345703125 0.646484375 0.03515625 0.0537109375
1 0.40087890625 0.64794921875 0.03515625 0.060546875
1 0.365234375 0.64892578125 0.03173828125 0.056640625
1 0.33642578125 0.64990234375 0.03173828125 0.05322265625
1 0.30322265625 0.65185546875 0.03076171875 0.05078125
1 0.2705078125 0.65478515625 0.0341796875 0.05322265625
0 0.2783203125 0.69482421875 0.05322265625 0.01904296875
0 0.494140625 0.68359375 0.0478515625 0.01904296875
0 0.53271484375 0.6806640625 0.04443359375 0.01611328125
0 0.57958984375 0.68115234375 0.05078125 0.0185546875
0 0.64794921875 0.6796875 0.0498046875 0.015625
0 0.75634765625 0.6748046875 0.05419921875 0.0205078125
0 0.86767578125 0.66748046875 0.060546875 0.021484375
0 0.810546875 0.6728515625 0.0498046875 0.02490234375
1 0.23583984375 0.732421875 0.0400390625 0.0556640625
1 0.27001953125 0.7314453125 0.037109375 0.05224609375
1 0.302734375 0.73046875 0.037109375 0.05419921875
1 0.33251953125 0.72900390625 0.03662109375 0.052734375
1 0.3662109375 0.728515625 0.0390625 0.052734375
1 0.39501953125 0.7265625 0.03076171875 0.04931640625
1 0.42529296875 0.72607421875 0.03271484375 0.0546875
1 0.4580078125 0.7236328125 0.03125 0.05224609375
1 0.48681640625 0.72021484375 0.02734375 0.04931640625
1 0.51611328125 0.7216796875 0.02587890625 0.05029296875
1 0.54931640625 0.71826171875 0.02783203125 0.05029296875
1 0.580078125 0.71728515625 0.0283203125 0.0517578125
1 0.61181640625 0.716796875 0.02734375 0.05126953125
1 0.6416015625 0.71484375 0.02392578125 0.04931640625
1 0.66845703125 0.7119140625 0.029296875 0.05224609375
1 0.70458984375 0.71142578125 0.03076171875 0.0498046875
1 0.73583984375 0.7109375 0.02587890625 0.04931640625
1 0.76611328125 0.7099609375 0.0283203125 0.04833984375
1 0.794921875 0.70703125 0.02392578125 0.046875
1 0.85693359375 0.70556640625 0.02734375 0.04833984375
1 0.88427734375 0.705078125 0.0244140625 0.05029296875
1 0.91552734375 0.70166015625 0.0283203125 0.0478515625
1 0.94921875 0.701171875 0.03125 0.05029296875
1 0.98583984375 0.69873046875 0.02783203125 0.05419921875
0 0.25244140625 0.7744140625 0.04443359375 0.01708984375
0 0.2998046875 0.771484375 0.04833984375 0.01708984375
0 0.36376953125 0.7705078125 0.04443359375 0.015625
0 0.4091796875 0.7666015625 0.04833984375 0.0146484375
0 0.47509765625 0.76171875 0.0458984375 0.015625
0 0.51611328125 0.76123046875 0.04296875 0.01611328125
0 0.5615234375 0.7578125 0.0478515625 0.02001953125
0 0.66015625 0.75390625 0.05224609375 0.013671875
0 0.72802734375 0.7490234375 0.04736328125 0.01904296875
0 0.80029296875 0.74658203125 0.0478515625 0.0166015625
0 0.2890625 0.8603515625 0.04638671875 0.01513671875
0 0.81298828125 0.9873046875 0.072265625 0.025390625
1 0.2734375 0.82177734375 0.0888671875 0.05126953125
1 0.36376953125 0.81640625 0.08984375 0.048828125
1 0.45703125 0.81298828125 0.091796875 0.05078125
1 0.5478515625 0.80810546875 0.095703125 0.05615234375
1 0.6396484375 0.8017578125 0.087890625 0.0595703125
1 0.73876953125 0.80224609375 0.0908203125 0.05322265625
1 0.8291015625 0.79248046875 0.076171875 0.052734375
1 0.9130859375 0.7919921875 0.0849609375 0.05078125
1 0.2490234375 0.9326171875 0.10205078125 0.05078125
1 0.34716796875 0.92578125 0.099609375 0.044921875
1 0.44482421875 0.921875 0.095703125 0.04345703125
1 0.54296875 0.9150390625 0.08642578125 0.046875
1 0.63330078125 0.908203125 0.08837890625 0.046875
1 0.728515625 0.90380859375 0.08984375 0.05029296875
1 0.8212890625 0.89892578125 0.09228515625 0.05029296875
1 0.9384765625 0.88916015625 0.0908203125 0.05078125
1 0.27197265625 0.98046875 0.09765625 0.0390625
1 0.36962890625 0.9736328125 0.09423828125 0.04248046875
1 0.46435546875 0.96875 0.09619140625 0.0478515625
1 0.56396484375 0.96337890625 0.09375 0.0458984375
1 0.6611328125 0.95947265625 0.09423828125 0.046875
1 0.7578125 0.95166015625 0.09033203125 0.04833984375
1 0.8525390625 0.94921875 0.08642578125 0.04736328125
1 0.94287109375 0.94091796875 0.0849609375 0.04931640625