1 0.05615234375 0.20947265625 0.078125 0.056640625
1 0.1435546875 0.2109375 0.09375 0.0556640625
1 0.0615234375 0.26220703125 0.08984375 0.056640625
1 0.14404296875 0.26171875 0.08984375 0.0556640625
1 0.05908203125 0.3115234375 0.0966796875 0.0556640625
1 0.146484375 0.31396484375 0.0927734375 0.0556640625
1 0.1474609375 0.3662109375 0.09765625 0.056640625
1 0.06298828125 0.36376953125 0.1015625 0.0576171875
1 0.2255859375 0.1748046875 0.091796875 0.0595703125
1 0.22607421875 0.22216796875 0.095703125 0.05859375
1 0.30615234375 0.22412109375 0.0859375 0.0576171875
1 0.39111328125 0.22998046875 0.08984375 0.05859375
1 0.47265625 0.232421875 0.0849609375 0.05859375
1 0.5498046875 0.291015625 0.087890625 0.0498046875
1 0.55859375 0.337890625 0.09375 0.0546875
1 0.55126953125 0.3837890625 0.0859375 0.0498046875
1 0.47265625 0.3798828125 0.0869140625 0.052734375
1 0.39111328125 0.3759765625 0.0830078125 0.0517578125
1 0.31103515625 0.37158203125 0.0888671875 0.05078125
1 0.2265625 0.36865234375 0.0888671875 0.052734375
1 0.228515625 0.3193359375 0.0869140625 0.052734375
1 0.22998046875 0.27197265625 0.0859375 0.052734375
1 0.30908203125 0.2763671875 0.0830078125 0.05078125
1 0.39013671875 0.2802734375 0.087890625 0.0546875
1 0.474609375 0.2861328125 0.0859375 0.0556640625
1 0.30908203125 0.3232421875 0.0859375 0.0517578125
1 0.39306640625 0.3271484375 0.0859375 0.0595703125
1 0.474609375 0.33447265625 0.0830078125 0.0556640625
1 0.6963990830078125 0.1764923056640625 0.664070619140625 0.1742316796875 0.6587776435546875 0.176182025390625 0.6522161572265625 0.1815243701171875 0.651973947265625 0.184988134765625 0.6448723984375 0.190679458984375 0.6434998759765626 0.210307455078125 0.641258888671875 0.212857962890625 0.646255830078125 0.2151411044921875 0.642421568359375 0.2183536884765625 0.645690673828125 0.2232232216796875 0.656493740234375 0.2235919013671875 0.6599781435546875 0.2253825322265625 0.7031635 0.22724211328125 0.708402650390625 0.2260614921875 0.7222846201171875 0.22664546875 0.7280638330078125 0.2251158681640625 0.7328938466796875 0.2076633662109375 0.734562404296875 0.183801880859375 0.7326712763671875 0.181349171875 0.712145267578125 0.179913853515625 0.6963990830078125 0.1764923056640625
1 0.77001953125 0.20556640625 0.08203125 0.0537109375
1 0.84814453125 0.21142578125 0.080078125 0.0546875
1 0.921875 0.212890625 0.0751953125 0.056640625
1 0.9775390625 0.21533203125 0.044921875 0.0498046875
1 0.68798828125 0.25146484375 0.0859375 0.0517578125
1 0.7666015625 0.251953125 0.0810546875 0.052734375
1 0.8427734375 0.25732421875 0.0771484375 0.060546875
1 0.91796875 0.26123046875 0.0771484375 0.0517578125
1 0.97705078125 0.26220703125 0.0458984375 0.0517578125
1 0.68505859375 0.29541015625 0.0810546875 0.0537109375
1 0.76416015625 0.2998046875 0.080078125 0.0615234375
1 0.83935546875 0.30419921875 0.0810546875 0.056640625
1 0.9140625 0.30859375 0.0732421875 0.0546875
1 0.97314453125 0.31103515625 0.0537109375 0.0537109375
1 0.6865234375 0.3408203125 0.08203125 0.0517578125
1 0.76123046875 0.34619140625 0.072265625 0.0537109375
1 0.8388671875 0.3505859375 0.0732421875 0.0537109375
1 0.9130859375 0.35498046875 0.072265625 0.044921875
1 0.97314453125 0.3564453125 0.0537109375 0.05078125
1 0.68359375 0.3896484375 0.08203125 0.0537109375
1 0.7578125 0.392578125 0.080078125 0.0498046875
1 0.833984375 0.39453125 0.0751953125 0.048828125
1 0.90625 0.3984375 0.0771484375 0.0498046875
1 0.9716796875 0.4033203125 0.056640625 0.05078125
1 1 0.4897864697265625 0.9710340927734376 0.48923577734375 0.96825304296875 0.4921352646484375 0.9664732001953125 0.50283965234375 0.960789267578125 0.56200085546875 0.9637336083984375 0.564140466796875 0.995954423828125 0.5679405439453125 1 0.510086109375 1 0.4897864697265625
1 0.9609111025390625 0.5086386259765625 0.9607998173828125 0.495481529296875 0.9579631259765625 0.491802466796875 0.9337105048828125 0.49204028125 0.9299569794921875 0.4940982763671875 0.9264456640625 0.4926925078125 0.920126388671875 0.494571087890625 0.916968568359375 0.50285865234375 0.911365373046875 0.5608652666015626 0.9148766875 0.5622710361328125 0.9359427587890625 0.563357375 0.95355133984375 0.5622682197265625 0.9609111025390625 0.5086386259765625
1 0.9160211865234374 0.4942840244140625 0.914643208984375 0.4918672001953125 0.8993563515625 0.4892512607421875 0.896682951171875 0.4906112958984375 0.8921453349609375 0.48913376171875 0.878236455078125 0.488934646484375 0.870951974609375 0.51936483203125 0.8676937783203125 0.55858494140625 0.8726907197265625 0.5608680849609375 0.90771949609375 0.5613838125 0.9149446982421875 0.5096785322265625 0.9160211865234374 0.4942840244140625
1 0.5795473759765625 0.5423032275390625 0.5810850087890626 0.5350626025390625 0.58564771875 0.5288070009765625 0.5886655234375 0.5003989287109375 0.5877432353515625 0.4840911640625 0.581637439453125 0.4755425703125 0.5692680087890625 0.4754511044921875 0.56524354296875 0.4740094521484375 0.561516931640625 0.4756825849609375 0.5574819169921875 0.540760259765625 0.56093940625 0.5429357548828125 0.5763339140625 0.5440122431640625 0.5795473759765625 0.5423032275390625
1 0.55572716796875 0.5437315126953125 0.55853512890625 0.5404471630859375 0.559019548828125 0.533519634765625 0.557126603515625 0.5237186533203125 0.5587089697265625 0.478966935546875 0.5557915419921875 0.4764424609375 0.5379658447265625 0.473262244140625 0.52038417578125 0.4739665361328125 0.517170712890625 0.475675552734375 0.5149908232421875 0.5068494287109375 0.5157014501953125 0.5409326416015625 0.5186727021484375 0.542687390625 0.55572716796875 0.5437315126953125
1 0.464127853515625 0.474673646484375 0.462631677734375 0.5403155986328125 0.474866546875 0.5423313779296876 0.502171158203125 0.5426937236328125 0.5064647451171875 0.5402867490234375 0.508829384765625 0.4917222861328125 0.50747468359375 0.47422405078125 0.46788137890625 0.4726156513671875 0.464127853515625 0.474673646484375
1 0.4615890146484375 0.4741093681640625 0.4519468095703125 0.4718881416015625 0.4334464892578125 0.4709812177734375 0.4200238466796875 0.4712028486328125 0.4193761357421875 0.473091279296875 0.417853046875 0.53911809375 0.4198249111328125 0.54041621484375 0.4357325673828125 0.5415285859375 0.4610384033203125 0.5409776748046875 0.4629437158203125 0.491607603515625 0.4615890146484375 0.4741093681640625
1 0.2660824130859375 0.4751345087890625 0.272484244140625 0.47944961328125 0.2728359208984375 0.4817946728515625 0.2706774892578125 0.490538865234375 0.2684903271484375 0.492319646484375 0.269689009765625 0.5341718798828125 0.274632125 0.537224748046875 0.2894865703125 0.538650216796875 0.318951431640625 0.5376166435546875 0.32130006640625 0.5335266865234375 0.320691634765625 0.475859201171875 0.3180433291015625 0.469486099609375 0.311966263671875 0.4679009169921875 0.2789900869140625 0.467528720703125 0.266864685546875 0.4713217646484375 0.2660824130859375 0.4751345087890625
1 0.2642003759765625 0.509423169921875 0.2622732451171875 0.470613955078125 0.256816978515625 0.4675252041015625 0.2218151142578125 0.4666246142578125 0.2163068408203125 0.471653861328125 0.2147710263671875 0.4862427607421875 0.2197268681640625 0.540733544921875 0.26391161328125 0.54304975390625 0.2662064248046875 0.5397295224609375 0.266362443359375 0.5153755244140625 0.2642003759765625 0.509423169921875
1 0.203684650390625 0.541545486328125 0.21508160546875 0.5407954609375 0.21799721484375 0.5359716611328125 0.213986935546875 0.48270723046875 0.209418771484375 0.4669180107421875 0.1878664619140625 0.4654109267578125 0.1751722666015625 0.4625895390625 0.1699062041015625 0.4641550224609375 0.1681245439453125 0.467511138671875 0.16680948046875 0.50106595703125 0.169438146484375 0.5372170146484375 0.181106041015625 0.5399666357421875 0.203684650390625 0.541545486328125
1 0.164640140625 0.4657205068359375 0.159670111328125 0.4630525009765625 0.1386040390625 0.461966162109375 0.124883544921875 0.4590730087890625 0.1187275595703125 0.4659906865234375 0.119118875 0.5193887998046876 0.121446052734375 0.5377285263671875 0.166143947265625 0.5400806181640625 0.167817958984375 0.5382639541015625 0.1681121748046875 0.5266821904296874 0.164640140625 0.4657205068359375
1 0.1106517177734375 0.4634922470703125 0.093204609375 0.4622722265625 0.07411040234375 0.4624840068359375 0.065467583984375 0.460719408203125 0.064360546875 0.46180223046875 0.0706441796875 0.53417611328125 0.090549390625 0.5371149990234375 0.11426194921875 0.5372261650390625 0.11815003515625 0.5332438564453125 0.113136732421875 0.46482625 0.1106517177734375 0.4634922470703125
1 0.0695065947265625 0.52094725 0.062361771484375 0.4608889736328125 0.0521525908203125 0.45940158984375 0.02009506640625 0.460640609375 0.01890729296875 0.46287801953125 0.018047919921875 0.4825418994140625 0.0233805341796875 0.53164460546875 0.0258117236328125 0.533748333984375 0.0674576298828125 0.5355002666015625 0.06961787890625 0.53410434765625 0.0695065947265625 0.52094725
0 0.8447265625 0.43359375 0.8818359375 0.4365234375 0.8828125 0.4482421875 0.8740234375 0.4501953125 0.8349609375 0.447265625 0.8330078125 0.4453125 0.833984375 0.435546875 0.84375 0.43359375
0 0.755859375 0.5751953125 0.7705078125 0.576171875 0.7724609375 0.5791015625 0.7705078125 0.58984375 0.755859375 0.5908203125 0.734375 0.58984375 0.7236328125 0.5869140625 0.7236328125 0.5771484375 0.7255859375 0.5751953125 0.7548828125 0.5751953125
0 0.3642578125 0.568359375 0.388671875 0.568359375 0.3916015625 0.5712890625 0.390625 0.5810546875 0.3798828125 0.583984375 0.3427734375 0.58203125 0.33984375 0.5771484375 0.33984375 0.5712890625 0.349609375 0.568359375 0.36328125 0.568359375
0 0.0771484375 0.4052734375 0.1181640625 0.40625 0.126953125 0.4072265625 0.1298828125 0.41015625 0.1298828125 0.419921875 0.126953125 0.421875 0.08984375 0.4208984375 0.076171875 0.41796875 0.0771484375 0.40625
0 0.4951171875 0.421875 0.5234375 0.423828125 0.525390625 0.42578125 0.525390625 0.435546875 0.5146484375 0.4384765625 0.4765625 0.4365234375 0.474609375 0.43359375 0.474609375 0.4228515625 0.494140625 0.421875
0 0.2861328125 0.4130859375 0.3173828125 0.416015625 0.318359375 0.427734375 0.314453125 0.4306640625 0.2685546875 0.427734375 0.265625 0.41796875 0.2685546875 0.4130859375 0.28515625 0.4130859375