1 0 0.3809991552734375 0.019585458984375 0.3797621103515625 0.0235922236328125 0.3724405927734375 0.017312439453125 0.2947602158203125 0.0133218193359375 0.2904620361328125 0.0052652587890625 0.28690685546875 0 0.287367505859375 0 0.3809991552734375
1 0.062252962890625 0.3775782919921875 0.06365580078125 0.375906455078125 0.0627721455078125 0.3480998798828125 0.059182353515625 0.3011662529296875 0.0569052685546875 0.292845396484375 0.0509657392578125 0.289879552734375 0.038364416015625 0.2874965400390625 0.023637986328125 0.2903340400390625 0.0197401689453125 0.292998712890625 0.0184718310546875 0.29620788671875 0.0185982578125 0.3035550732421875 0.02440729296875 0.3758547685546875 0.0329426748046875 0.3789807822265625 0.062252962890625 0.3775782919921875
1 0.1037678115234375 0.3445132236328125 0.1006743203125 0.3091544619140625 0.0970441669921875 0.2912700791015625 0.082838255859375 0.2882528974609375 0.062508546875 0.2919678974609375 0.0602153173828125 0.29526673828125 0.0607290986328125 0.318845634765625 0.0646806923828125 0.3758167880859375 0.0895807158203125 0.3771238037109375 0.1033495048828125 0.375144638671875 0.1051975380859375 0.37265930078125 0.1037678115234375 0.3445132236328125
1 0.116194275390625 0.3744081435546875 0.1418838154296875 0.37293515234375 0.1436646005859375 0.3696811435546875 0.141898625 0.337691724609375 0.1382335107421875 0.29579927734375 0.1363262998046875 0.2917060986328125 0.1260262783203125 0.280214396484375 0.1216913369140625 0.2778827216796875 0.1159871826171875 0.27760721875 0.1125345625 0.2794583876953125 0.1071585849609375 0.2888360771484375 0.1007321630859375 0.2921092490234375 0.0996655732421875 0.2976244296875 0.1062896787109375 0.373338302734375 0.116194275390625 0.3744081435546875
1 0.1799056826171875 0.370770498046875 0.182266162109375 0.368240326171875 0.1826521806640625 0.360848306640625 0.176322626953125 0.29440329296875 0.174927861328125 0.29026528125 0.1651402861328125 0.27872874609375 0.1593352568359375 0.2773002392578125 0.1528415849609375 0.2798047431640625 0.149313642578125 0.2866970927734375 0.1410391865234375 0.2924556044921875 0.1404097216796875 0.302967130859375 0.1454036875 0.3718526513671875 0.1568456201171875 0.3727879921875 0.1799056826171875 0.370770498046875
1 0.218540869140625 0.3697140146484375 0.220943046875 0.361758328125 0.2153021357421875 0.2913803046875 0.2122355322265625 0.2858394541015625 0.2005999228515625 0.2767882578125 0.1908634521484375 0.2776400888671875 0.185042279296875 0.287831279296875 0.180732890625 0.2916937880859375 0.1796501572265625 0.3088286669921875 0.1839043740234375 0.3692588291015625 0.187147173828125 0.370911501953125 0.2042596357421875 0.3717380126953125 0.218540869140625 0.3697140146484375
1 0.2566299853515625 0.368318029296875 0.2589649130859375 0.359593673828125 0.253870072265625 0.2895551513671875 0.2399156796875 0.27760861328125 0.2335309560546875 0.2754562705078125 0.226524837890625 0.2780056064453125 0.22319864453125 0.287203962890625 0.2185785595703125 0.293417310546875 0.2191851435546875 0.3239590595703125 0.2217917412109375 0.365556837890625 0.223665328125 0.3692656826171875 0.2314865146484375 0.3701305224609375 0.2566299853515625 0.368318029296875
1 0.259948107421875 0.364929521484375 0.2627457109375 0.367395697265625 0.273196376953125 0.3688050390625 0.2916108017578125 0.366806708984375 0.2944164775390625 0.3634630341796875 0.2905563505859375 0.2898310029296875 0.287657873046875 0.286211826171875 0.2822644150390625 0.283585482421875 0.281961791015625 0.2801264736328125 0.2779711708984375 0.2758282939453125 0.2696039130859375 0.2746239521484375 0.265706095703125 0.277288625 0.2633375439453125 0.2856286455078125 0.2564995517578125 0.290099654296875 0.254853267578125 0.294891 0.259948107421875 0.364929521484375
1 0.3315223994140625 0.3567312021484375 0.3264611845703125 0.287077013671875 0.311826220703125 0.27325363671875 0.303660712890625 0.2743553017578125 0.2988308056640625 0.2840724921875 0.293051330078125 0.2888381689453125 0.2928172919921875 0.3097715576171875 0.2960546904296875 0.3644815390625 0.300935701171875 0.36715271484375 0.32973354296875 0.36579505859375 0.3316152021484375 0.3636940537109375 0.3315223994140625 0.3567312021484375
1 0.337008658203125 0.3663203974609375 0.367310212890625 0.36444390625 0.36874667578125 0.363156404296875 0.36821675 0.351197205078125 0.363727158203125 0.288076701171875 0.3607950546875 0.284073189453125 0.354410330078125 0.28192084765625 0.3490585693359375 0.273868990234375 0.3463954658203125 0.2729401533203125 0.3387087783203125 0.2736126513671875 0.3343913173828125 0.2832850078125 0.3284773427734375 0.2865133466796875 0.329293748046875 0.313551251953125 0.33264009375 0.3636043876953125 0.337008658203125 0.3663203974609375
1 0.4041390634765625 0.360447248046875 0.40452508203125 0.353055228515625 0.3995230439453125 0.289979556640625 0.3898780400390625 0.2741705107421875 0.38387126171875 0.270435998046875 0.377789162109375 0.2717426650390625 0.3684481171875 0.2830163564453125 0.3665247607421875 0.2905428759765625 0.3665516494140625 0.3203607890625 0.370250388671875 0.3626375693359375 0.37708030859375 0.36397641015625 0.402257404296875 0.362548251953125 0.4041390634765625 0.360447248046875
1 0.441682109375 0.35871176171875 0.437166962890625 0.2893970751953125 0.43567132421875 0.2841060595703125 0.427891833984375 0.277815705078125 0.42366583984375 0.2708271845703125 0.4164243486328125 0.2706861806640625 0.4129381025390625 0.2721530166015625 0.40452107421875 0.2821840400390625 0.40302676953125 0.30051675390625 0.405130330078125 0.3599732470703125 0.412061125 0.3624650908203125 0.4398340751953125 0.3611971005859375 0.441682109375 0.35871176171875
1 0.4784437080078125 0.35394643359375 0.4790987265625 0.3496290888671875 0.4747691865234375 0.2942401064453125 0.4693757294921875 0.2916137626953125 0.4435180634765625 0.29116508203125 0.44003181640625 0.29263191796875 0.439242298828125 0.2954119248046875 0.4426733759765625 0.3582377607421875 0.443866390625 0.3600697666015625 0.449091724609375 0.3607744375 0.472017287109375 0.35721960546875 0.4784437080078125 0.35394643359375
1 0.4972952568359375 0.3569444501953125 0.4995467900390625 0.3590711240234375 0.513416453125 0.358244962890625 0.515163611328125 0.3546066201171875 0.513138044921875 0.33735640625 0.51391008203125 0.3225723681640625 0.51074126953125 0.29225478515625 0.508010916015625 0.2905572783203125 0.4852951748046875 0.2906082685546875 0.47876787890625 0.2927284375 0.4765418984375 0.296795947265625 0.479678421875 0.3503529248046875 0.483022095703125 0.3531586005859375 0.4972952568359375 0.3569444501953125
1 0.5479063681640625 0.2921014697265625 0.542412037109375 0.288322123046875 0.51774738671875 0.2897054482421875 0.513303498046875 0.292030619140625 0.5125059091796875 0.300620474609375 0.5152456708984375 0.320131861328125 0.5164238779296875 0.3572072939453125 0.5304280400390625 0.3579184697265625 0.5518162646484375 0.3544981376953125 0.5499400068359375 0.3035418349609375 0.5479063681640625 0.2921014697265625
1 0 0.487296427734375 0.033990390625 0.4853900654296875 0.0368633154296875 0.4828150595703125 0.0297012119140625 0.400951837890625 0.02434137890625 0.3987098291015625 0 0.3995977763671875 0 0.487296427734375
1 0.03277588671875 0.4006828388671875 0.0310623525390625 0.404705515625 0.0325337763671875 0.4274260771484375 0.03740938671875 0.483154560546875 0.0473476064453125 0.4846087373046875 0.0720122568359375 0.4832254111328125 0.0753303779296875 0.479836904296875 0.069873736328125 0.39976085546875 0.057306037109375 0.3977621767578125 0.03277588671875 0.4006828388671875
1 0.07240233984375 0.3991523544921875 0.0707224306640625 0.403559365234375 0.071060015625 0.4310264384765625 0.0755993779296875 0.4829115791015625 0.1125963525390625 0.480836591796875 0.11482233203125 0.47676908203125 0.1091222431640625 0.399812541015625 0.1057449443359375 0.39662253125 0.0850117373046875 0.3957255185546875 0.07240233984375 0.3991523544921875
1 0.1509692763671875 0.4472718544921875 0.1460519677734375 0.396968884765625 0.1407257607421875 0.3951112109375 0.12617552734375 0.3940605341796875 0.1164390576171875 0.3949123642578125 0.1118942939453125 0.3960845322265625 0.1092567431640625 0.4013498779296875 0.1155701513671875 0.47941458984375 0.1233913388671875 0.4802794287109375 0.147921490234375 0.4773587666015625 0.1510970390625 0.4782427705078125 0.1509692763671875 0.4472718544921875
1 0.1899743369140625 0.450443048828125 0.1840065849609375 0.3940355625 0.1817550517578125 0.391908888671875 0.1759836484375 0.3908647158203125 0.1555530654296875 0.3934267138671875 0.1505294814453125 0.395028048828125 0.1476484833984375 0.40341290234375 0.15396996484375 0.4756677646484375 0.1577588349609375 0.477659939453125 0.164521505859375 0.4782301103515625 0.1891189052734375 0.4760781171875 0.1899743369140625 0.450443048828125
1 0.21981054296875 0.3901285693359375 0.2068648984375 0.3897120615234375 0.19207121875 0.3917808935546875 0.187215759765625 0.3953039013671875 0.1873341142578125 0.408460935546875 0.1925715263671875 0.474226947265625 0.1989226259765625 0.4759949541015625 0.228610859375 0.473010294921875 0.2291219697265625 0.4493417314453125 0.224179109375 0.3928445791015625 0.21981054296875 0.3901285693359375
1 0.258202283203125 0.39219159375 0.25117061328125 0.3885467470703125 0.24290423046875 0.38849541015625 0.2272201591796875 0.3921912451171875 0.2263216953125 0.39962809765625 0.2310802861328125 0.4658232763671875 0.2347602099609375 0.472472296875 0.265641458984375 0.4713196416015625 0.2675567431640625 0.4696029716796875 0.2629743486328125 0.399519615234375 0.258202283203125 0.39219159375
1 0.2631586171875 0.38982158984375 0.26194945703125 0.3996092822265625 0.2642534296875 0.4377480517578125 0.2676576171875 0.470755974609375 0.2847364541015625 0.471198150390625 0.2989840625 0.4687898173828125 0.2982241640625 0.401082970703125 0.2928468505859375 0.3868369296875 0.268593771484375 0.38702241796875 0.2631586171875 0.38982158984375
1 0.3392534541015625 0.3978806484375 0.3007527685546875 0.4004744697265625 0.300041244140625 0.4454607568359375 0.3015126669921875 0.4681813173828125 0.30325175390625 0.47035282421875 0.3146264365234375 0.4705194970703125 0.3453059365234375 0.4670608369140625 0.3444626435546875 0.410205017578125 0.3435883955078125 0.40021232421875 0.3392534541015625 0.3978806484375
1 0.348481486328125 0.4679448408203125 0.389888724609375 0.46316034765625 0.386155025390625 0.396875501953125 0.3777877666015625 0.395671162109375 0.3445460380859375 0.39935398828125 0.344547373046875 0.42297771875 0.3460699013671875 0.458086646484375 0.348481486328125 0.4679448408203125
1 0.3896264619140625 0.43065209375 0.3918712578125 0.462212345703125 0.393610345703125 0.464383853515625 0.43573177734375 0.4618605341796875 0.431897203125 0.3944226845703125 0.3916238046875 0.394460666015625 0.3892633251953125 0.396990837890625 0.3886755576171875 0.4020768515625 0.3896264619140625 0.43065209375
1 0.4802298359375 0.4451873447265625 0.4776730078125 0.3923542021484375 0.474707279296875 0.38796635546875 0.4527057333984375 0.390278517578125 0.438600697265625 0.3884143388671875 0.433569041015625 0.3958255224609375 0.4337129482421875 0.4151767421875 0.438806453125 0.4615915341796875 0.4461151943359375 0.46250120703125 0.47839928125 0.4596767158203125 0.48018006640625 0.4564227080078125 0.4802298359375 0.4451873447265625
1 0.522058052734375 0.457018896484375 0.5236034619140625 0.4510745478515625 0.5229619169921875 0.3965247353515625 0.5245745771484375 0.3913490556640625 0.522869115234375 0.3895618837890625 0.5196263154296875 0.3879092109375 0.49701144921875 0.389113203125 0.4917524912109375 0.388024197265625 0.48061318359375 0.390547865234375 0.478387203125 0.394615375 0.4797160537109375 0.421608447265625 0.4824315986328125 0.458549380859375 0.5011486484375 0.460010060546875 0.522058052734375 0.457018896484375
1 0.543236455078125 0.45710240625 0.56711966015625 0.452689240234375 0.5665951357421875 0.3876727333984375 0.5484241572265625 0.3865515546875 0.524339203125 0.3886587158203125 0.5234595537109376 0.4317233291015625 0.5256115478515625 0.4563207294921875 0.543236455078125 0.45710240625
1 0.6110555029296875 0.4472962470703125 0.6110703115234375 0.4120528203125 0.60784365625 0.39878044921875 0.6083722470703125 0.387115919921875 0.5992235439453125 0.382881736328125 0.5786920859375 0.3842907294921875 0.5701822568359375 0.3873589013671875 0.5678554013671875 0.390273408203125 0.56755411328125 0.4104381279296875 0.568522498046875 0.4510174033203125 0.57446202734375 0.4539832470703125 0.6089640224609375 0.4529010947265625 0.6110555029296875 0.4472962470703125
1 0 0.5218304755859375 0.006038513671875 0.590851 0.0385243505859375 0.590332513671875 0.0459756640625 0.58696967578125 0.041235888671875 0.5564022587890625 0.03795679296875 0.5071177919921875 0.0336554765625 0.505170451171875 0.023272060546875 0.50452977734375 0.0069074189453125 0.5063487744140625 0.0019174599609375 0.5083344443359376 0 0.5095124619140625 0 0.5218304755859375
1 0.0594337548828125 0.587341349609375 0.079998837890625 0.5863166904296875 0.082359318359375 0.5837865185546876 0.0829470859375 0.5787005048828125 0.0783310673828125 0.508232814453125 0.0732146806640625 0.5028712978515625 0.0551445771484375 0.5029031220703125 0.04096421875 0.5060801240234375 0.041402677734375 0.5347002001953125 0.044126294921875 0.56583128515625 0.048075216796875 0.5755549794921875 0.04529509375 0.5850928369140626 0.0594337548828125 0.587341349609375
1 0.09393575 0.5862591962890625 0.1220866455078125 0.583409037109375 0.1239010546875 0.58053936328125 0.1185210703125 0.51904586328125 0.1148236669921875 0.5003928115234375 0.108573443359375 0.499777806640625 0.0815146884765625 0.5033069697265625 0.079255083984375 0.5069901455078125 0.0806767373046875 0.5409460693359375 0.0848287451171875 0.5765995 0.0830479609375 0.5798535087890625 0.0864925087890625 0.5838121875 0.09393575 0.5862591962890625
1 0.15942794140625 0.5793675439453125 0.161788421875 0.5768373720703125 0.1604595703125 0.5498442998046875 0.1545846201171875 0.5003996650390625 0.150694875 0.4972544873046875 0.1275675634765625 0.4985033134765625 0.121485462890625 0.4998099794921875 0.118200966796875 0.503582822265625 0.11996694140625 0.5355722412109375 0.1239346796875 0.580923697265625 0.1277235498046875 0.5829158720703125 0.156454142578125 0.5807895458984375 0.15942794140625 0.5793675439453125
1 0.1972467236328125 0.5512731552734375 0.192909111328125 0.5016940205078125 0.1899097578125 0.4969218388671875 0.1701678173828125 0.495550826171875 0.1585496875 0.4985036611328125 0.15635733203125 0.502955505859375 0.15782068359375 0.531485916015625 0.161822046875 0.57722170703125 0.1748685673828125 0.578791216796875 0.1968028623046875 0.57571038671875 0.198172076171875 0.57365421484375 0.1972467236328125 0.5512731552734375
1 0.225646466796875 0.492246177734375 0.2184049755859375 0.492105173828125 0.1964706796875 0.4951860048828125 0.19417744921875 0.498484845703125 0.1945984287109375 0.5151008896484375 0.1997766630859375 0.5742883837890626 0.2076987255859375 0.5763062255859375 0.2328085703125 0.5741093994140625 0.2355469970703125 0.569997056640625 0.2289228916015625 0.494283185546875 0.225646466796875 0.492246177734375
1 0.2358953837890625 0.491349513671875 0.2324427626953125 0.49320068359375 0.2332093984375 0.5314739521484375 0.2360594423828125 0.5699522236328125 0.2431247373046875 0.573981404296875 0.268679779296875 0.5709710751953125 0.269543283203125 0.539526158203125 0.264760474609375 0.4907605263671875 0.2435820712890625 0.490677015625 0.2358953837890625 0.491349513671875
1 0.3013458779296875 0.489883375 0.2919201044921875 0.4883843671875 0.26988493359375 0.4903121943359375 0.2671048095703125 0.4998500517578125 0.2672648623046875 0.507581572265625 0.2706959375 0.570407408203125 0.2739051123046875 0.5716757470703125 0.3016444365234375 0.5700234228515625 0.304004916015625 0.5674932509765624 0.3046680068359375 0.5573660576171875 0.3013458779296875 0.489883375
1 0.346458591796875 0.4979420859375 0.32070180078125 0.498646408203125 0.3049504794921875 0.5015735751953125 0.3034386943359375 0.5079022578125 0.3045832763671875 0.5445933564453125 0.30554225390625 0.5673587509765625 0.3345754697265625 0.568691435546875 0.3477981865234375 0.5663727685546875 0.3502259169921875 0.564611265625 0.34900467578125 0.5093376171875 0.346458591796875 0.4979420859375
1 0.389537666015625 0.494560431640625 0.3716356875 0.496513927734375 0.354044404296875 0.4961165849609375 0.349634140625 0.49882608984375 0.3497376875 0.5472265517578125 0.3506711123046875 0.5637977626953125 0.3529562705078125 0.566308771484375 0.3944643818359375 0.5626772822265625 0.3935874638671875 0.50543712890625 0.3923352705078125 0.4970266064453125 0.389537666015625 0.494560431640625
1 0.4381783232421875 0.4957267919921875 0.4357586669921875 0.4916784462890625 0.3972579794921875 0.494272267578125 0.393360162109375 0.496936939453125 0.3948329208984375 0.54328123046875 0.395766345703125 0.55985244140625 0.39866482421875 0.5634716201171875 0.416768552734375 0.56382412890625 0.4395932412109375 0.5591162939453125 0.4392798720703125 0.5142196748046876 0.4381783232421875 0.4957267919921875
1 0.4821477900390625 0.4907181337890625 0.4799298828125 0.4889757939453125 0.466438166015625 0.48821978515625 0.4408494990234375 0.4908457802734375 0.4382455732421875 0.4964954599609375 0.442121845703125 0.558507794921875 0.4510351728515625 0.5600516357421875 0.4823952431640625 0.5584698134765625 0.4862258115234375 0.55503647265625 0.484217724609375 0.5497902919921875 0.4821477900390625 0.4907181337890625
1 0.527868423828125 0.5529423212890625 0.530027154296875 0.548106142578125 0.527035873046875 0.53752411328125 0.526176435546875 0.4922879921875 0.524101099609375 0.4862731416015625 0.5094836162109375 0.4844537958984375 0.489053033203125 0.4870157939453125 0.4845755205078125 0.4889566298828125 0.4834093916015625 0.516942537109375 0.4867880263671875 0.5437562763671875 0.485200919921875 0.5551261396484375 0.513209244140625 0.5565484912109375 0.527868423828125 0.5529423212890625
1 0.5281670400390625 0.4855301416015625 0.526352630859375 0.4883998154296875 0.5263875927734375 0.5124078798828124 0.530774974609375 0.550751650390625 0.540267998046875 0.5530193271484375 0.566915181640625 0.5506880009765625 0.56927566015625 0.5481578291015625 0.567894369140625 0.48515266015625 0.5526971904296875 0.4826094794921875 0.5281670400390625 0.4855301416015625
1 0.5719051396484375 0.5487023310546875 0.5796927021484375 0.5491828369140626 0.5824230556640625 0.5508803427734374 0.5900088681640625 0.549054841796875 0.6090702392578125 0.548549015625 0.6125228603515624 0.546697845703125 0.6127797802734375 0.484711181640625 0.606840251953125 0.4817453369140625 0.6039417734375 0.4781261591796875 0.5987500654296875 0.4778058232421875 0.572850703125 0.4827826572265625 0.56994415234375 0.4849733271484375 0.5691990029296875 0.529575279296875 0.570266927734375 0.547683828125 0.5719051396484375 0.5487023310546875
1 0.0192504287109375 0.69464694921875 0.05450831640625 0.690400455078125 0.049993171875 0.6210857685546874 0.035375689453125 0.6192664228515625 0.0321745869140625 0.6121882353515625 0.024798595703125 0.61050989453125 0.0145160546875 0.6110222236328124 0.0106518623046875 0.61407123046875 0.0116861611328125 0.6317954453125 0.010140751953125 0.63773979296875 0.01478098828125 0.6907779365234376 0.0192504287109375 0.69464694921875
1 0.0860069521484375 0.61367493359375 0.074388822265625 0.6166277685546875 0.0614768017578125 0.6165955947265624 0.055461951171875 0.618670931640625 0.052177455078125 0.6224437734375 0.0579945625 0.6889336201171875 0.075619470703125 0.689715296875 0.09300900390625 0.6878066337890625 0.0957810537109375 0.6840786259765625 0.0892833759765625 0.615711939453125 0.0860069521484375 0.61367493359375
1 0.1242130869140625 0.60181225390625 0.109251283203125 0.6019594130859375 0.0925086953125 0.605360580078125 0.0907951611328125 0.6093832568359375 0.091720513671875 0.6317643173828125 0.0974192666015625 0.68509712890625 0.099091103515625 0.686499966796875 0.1161026904296875 0.686173474609375 0.1329125283203125 0.6835409755859375 0.1289932236328125 0.60333042578125 0.1242130869140625 0.60181225390625
1 0.1674602861328125 0.6003522705078125 0.16575482421875 0.59856509765625 0.1405104794921875 0.5992245869140626 0.1312111318359375 0.605072765625 0.1318015712890625 0.6472342109375 0.1338782421875 0.676872791015625 0.1363651494140625 0.6816898056640625 0.148285904296875 0.6821959794921875 0.171623037109375 0.6774433115234375 0.1695786552734375 0.6245653359375 0.1674602861328125 0.6003522705078125
1 0.203667744140625 0.6010572900390625 0.2001223203125 0.5959456083984375 0.171458978515625 0.5988406025390625 0.1684434814453125 0.6056881181640625 0.169335208984375 0.6276848447265625 0.173093125 0.676540142578125 0.175277408203125 0.6778981474609375 0.1881894287109375 0.6779303203125 0.206536603515625 0.675163322265625 0.208796208984375 0.6714801474609375 0.203667744140625 0.6010572900390625
1 0.2058937236328125 0.5969897802734375 0.2046253857421875 0.600198955078125 0.2065339326171875 0.62791586328125 0.2110813662109375 0.6739911552734374 0.213778095703125 0.6753043271484375 0.244457595703125 0.671845666015625 0.2462720048828125 0.6689759921875 0.240672791015625 0.593172455078125 0.22673587890625 0.593229947265625 0.2058937236328125 0.5969897802734375
1 0.2424212861328125 0.6131578408203125 0.2483890380859375 0.6695653291015625 0.2532700498046875 0.67223650390625 0.2803624287109375 0.66909167578125 0.28412574609375 0.6648896669921875 0.2786610322265625 0.5906234658203126 0.275451857421875 0.5893551279296875 0.244873232421875 0.5939667919921875 0.2424212861328125 0.6131578408203125
1 0.2967606953125 0.667657013671875 0.317124029296875 0.6643263486328125 0.3152128115234375 0.5893619814453125 0.3108442451171875 0.5866459716796875 0.282760599609375 0.59026480078125 0.2806193486328125 0.6071050107421875 0.2852851376953125 0.666337337890625 0.2967606953125 0.667657013671875
1 0.3176674287109375 0.617418390625 0.3202323291015625 0.66444168359375 0.341444357421875 0.6649095283203125 0.36235376171875 0.6619183642578125 0.36575527734375 0.647678828125 0.3623753076171875 0.5972413583984375 0.360602595703125 0.5946855166015625 0.3183130390625 0.5952871640625 0.3176674287109375 0.617418390625
1 0.3659624287109375 0.596927525390625 0.3698723251953125 0.659324193359375 0.3762906748046875 0.6618608701171875 0.4137328447265625 0.6589723818359375 0.41534550390625 0.653796701171875 0.411435607421875 0.591400033203125 0.3818563212890625 0.58972784765625 0.36972574609375 0.5927255166015625 0.3659624287109375 0.596927525390625
1 0.4565980908203125 0.588223380859375 0.4292030869140625 0.5879092001953125 0.4154342998046875 0.5898883642578125 0.4130401953125 0.592034203125 0.4132849765625 0.612538423828125 0.41605969921875 0.656057875 0.4178324111328125 0.6586137158203125 0.4571226162109375 0.6532398876953125 0.45881059765625 0.64302302734375 0.4563559794921875 0.6149666181640625 0.4565980908203125 0.588223380859375
1 0.4594710166015625 0.585648375 0.4561528955078125 0.5890368818359375 0.456876498046875 0.6091119365234375 0.460197291015625 0.6529708876953125 0.47833464453125 0.653707732421875 0.498798853515625 0.6515300703125 0.5005460126953125 0.6478917275390625 0.4985513984375 0.583778388671875 0.489125625 0.582279380859375 0.4594710166015625 0.585648375
1 0.5270129921875 0.578577388671875 0.5076409248046875 0.5814340537109375 0.4991647197265625 0.5848865595703125 0.5005460126953125 0.6478917275390625 0.5048809521484375 0.65022340234375 0.5396600205078125 0.646406076171875 0.541062857421875 0.6447342392578125 0.542243794921875 0.581504904296875 0.53999226171875 0.5793782314453125 0.5270129921875 0.578577388671875
1 0.585625494140625 0.581582259765625 0.5815676240234375 0.57651541015625 0.57060451171875 0.5751509013671875 0.556256029296875 0.5764062314453124 0.54713287890625 0.5783662314453125 0.542756240234375 0.5814600712890625 0.540432056640625 0.631622037109375 0.541096482421875 0.64511857421875 0.5449189775390625 0.64749508203125 0.577203064453125 0.6446705908203125 0.583730361328125 0.6425504208984375 0.585625494140625 0.581582259765625
1 0.5858191708984375 0.5896981142578125 0.5868386611328125 0.6426657568359375 0.626498740234375 0.6415196064453125 0.629017935546875 0.6230972255859375 0.6276124267578125 0.5775216025390625 0.622731416015625 0.5748504267578125 0.607601486328125 0.5730759140625 0.588263044921875 0.5763169130859375 0.5858191708984375 0.5896981142578125
1 0.0234105087890625 0.72449053125 0.027764265625 0.7624499677734375 0.0294697275390625 0.7642371396484375 0.0372572890625 0.7647176455078125 0.0536219306640625 0.7628986484375 0.0595359072265625 0.75967030859375 0.0602581748046875 0.7561216328125 0.057174091796875 0.738576751953125 0.0570046318359375 0.7130313505859375 0.041841078125 0.7108725029296875 0.026123380859375 0.7141840048828125 0.022292814453125 0.717617345703125 0.0246788466796875 0.7212813564453125 0.0234105087890625 0.72449053125
1 0.0710787138671875 0.761758654296875 0.085427197265625 0.76050332421875 0.091853619140625 0.75723015234375 0.092750748046875 0.7261695693359375 0.0911703779296875 0.708105853515625 0.08372713671875 0.70565884375 0.0637417490234375 0.707407337890625 0.0578613984375 0.71102001171875 0.0569629345703125 0.7184568642578125 0.05845991015625 0.747371609375 0.0614592626953125 0.7521437900390625 0.0620981357421875 0.759446142578125 0.0710787138671875 0.761758654296875
1 0.093665357421875 0.70711301953125 0.0912295546875 0.7146843720703125 0.092121283203125 0.7366810966796875 0.0930547080078125 0.7532523076171875 0.0956761142578125 0.75960666015625 0.123894259765625 0.75752516796875 0.126800810546875 0.7553344970703125 0.125571498046875 0.7058706982421875 0.105249861328125 0.7037758486328125 0.093665357421875 0.70711301953125
1 0.1577883359375 0.702277537109375 0.1441621201171875 0.6999841923828125 0.1344256484375 0.7008360224609375 0.1265627646484375 0.705396697265625 0.1250846044921875 0.7121097138671875 0.1265815810546875 0.741024458984375 0.1292621650390625 0.753957328125 0.1356805146484375 0.75649400390625 0.1576484345703125 0.7537975078125 0.1613781279296875 0.7492111640625 0.1577883359375 0.702277537109375
1 0.1704649814453125 0.6996193701171874 0.163357990234375 0.7010157041015626 0.1600734931640625 0.704788544921875 0.1635624111328125 0.7505691689453124 0.1744582724609375 0.751165009765625 0.1933515185546875 0.74873751171875 0.19524125 0.7408266591796875 0.1902069228515625 0.7009903837890625 0.1879890146484375 0.6992480439453125 0.1704649814453125 0.6996193701171874
1 0.20158427734375 0.748404515625 0.2093718388671875 0.7488850205078125 0.223174251953125 0.7472901904296875 0.226357873046875 0.7423643447265625 0.2264331953125 0.7373231640625 0.2235831513671875 0.69884489453125 0.221264369140625 0.6959495517578125 0.2159381611328125 0.694091876953125 0.198170681640625 0.6975827119140625 0.1951968818359375 0.6990047138671875 0.1934416494140625 0.7084529052734375 0.1940643779296875 0.727374955078125 0.19779540625 0.746412341796875 0.20158427734375 0.748404515625
1 0.2571355771484375 0.692811228515625 0.2496923369140625 0.6903642177734375 0.2293626279296875 0.694079216796875 0.226179005859375 0.6990050625 0.2261547880859375 0.716434609375 0.2291891015625 0.7452148544921875 0.2370775390625 0.7468483623046875 0.2589782109375 0.743383197265625 0.2611369404296875 0.7385470185546875 0.2609768876953125 0.730815498046875 0.2571355771484375 0.692811228515625
1 0.2929247275390625 0.7241476630859375 0.291293251953125 0.693695580078125 0.2894196650390625 0.689986736328125 0.2845722783203125 0.68769989453125 0.27685196484375 0.68798805859375 0.274424236328125 0.6897495615234375 0.270223794921875 0.688955224609375 0.2613360185546875 0.6936055654296875 0.2598161611328125 0.7057440966796875 0.2630105263671875 0.74225586328125 0.277527134765625 0.7429222041015625 0.2912286728515625 0.7401743701171875 0.2929247275390625 0.7241476630859375
1 0.3229303935546875 0.689378583984375 0.3116310322265625 0.6841707314453125 0.2958460859375 0.686713564453125 0.2922845185546875 0.6932215791015625 0.292470123046875 0.707147283203125 0.295328240234375 0.739815705078125 0.3052664599609375 0.741269880859375 0.323647259765625 0.738887216796875 0.3254952939453125 0.7364018779296875 0.325923009765625 0.72358434375 0.3229303935546875 0.689378583984375
1 0.359358416015625 0.7280173720703125 0.3575749609375 0.6840239208984376 0.3537524658203125 0.6816474130859375 0.3439151201171875 0.6813462392578125 0.3312048486328125 0.6836200732421875 0.3268954609375 0.6874825810546875 0.3257199248046875 0.697654607421875 0.3275450771484375 0.736222544921875 0.330787876953125 0.7378752177734375 0.354872830078125 0.7357680576171876 0.357779380859375 0.7335773857421874 0.359358416015625 0.7280173720703125
1 0.386232900390625 0.7341862353515625 0.3916008056640625 0.73061839453125 0.39283551953125 0.7270248857421875 0.39225448828125 0.7026773203125 0.3871959443359375 0.6802705908203125 0.3813572900390625 0.6784577509765625 0.3710747490234375 0.678970080078125 0.3598601181640625 0.6865349287109375 0.358759904296875 0.6916657744140625 0.36130732421875 0.7266850361328125 0.3632817861328125 0.7315468828125 0.3676167275390625 0.73387855859375 0.386232900390625 0.7341862353515625
1 0.4168787763671875 0.730343240234375 0.4213226650390625 0.7280180693359375 0.42338051953125 0.7220288876953125 0.4196817802734375 0.6797521064453125 0.4131625576171875 0.6760624267578125 0.4018214990234375 0.676280087890625 0.3984697529296875 0.6792842607421875 0.3914636357421875 0.68183359765625 0.390733294921875 0.691192123046875 0.3943473046875 0.720696203125 0.3930453408203125 0.72352104296875 0.3951543017578125 0.7299202275390625 0.4168787763671875 0.730343240234375
1 0.445029671875 0.7274930791015625 0.45159059375 0.7257572451171875 0.4534050029296875 0.7228875712890624 0.454487736328125 0.7057526923828125 0.4514870478515625 0.6773567822265625 0.443363236328125 0.67303293359375 0.4290147529296875 0.6742882626953125 0.42361322265625 0.6774717685546875 0.4218243662109375 0.6865356259765625 0.4253375009765625 0.714886703125 0.4246407861328125 0.7246295615234375 0.430613939453125 0.727979740234375 0.445029671875 0.7274930791015625
1 0.4537305078125 0.6852933046875 0.457672693359375 0.7244505771484375 0.4721556767578125 0.7247325849609375 0.484353501953125 0.7225035859375 0.4829062958984375 0.6823534775390625 0.478276802734375 0.6707529453125 0.4638274443359375 0.6708552705078125 0.4547970966796875 0.6797781240234375 0.4537305078125 0.6852933046875
1 0.5154176845703125 0.6880291748046875 0.5142408134765625 0.67457747265625 0.5111405859375 0.6686522880859375 0.505848001953125 0.6671789482421875 0.495086640625 0.6681204453125 0.48537572265625 0.6751664599609375 0.4844436328125 0.6822189775390625 0.4891417109375 0.71821191015625 0.493031455078125 0.7213570869140625 0.5136301640625 0.72071676171875 0.5158897685546875 0.7170335869140625 0.5154176845703125 0.6880291748046875
1 0.5150222587890625 0.677607314453125 0.518451998046875 0.7168094208984375 0.534505943359375 0.7173412626953125 0.55121490625 0.7135557607421875 0.5490615771484375 0.6653346318359376 0.547423365234375 0.6643161279296875 0.516676615234375 0.6670061201171875 0.5148622060546875 0.6698757939453125 0.5150222587890625 0.677607314453125
1 0.5783718642578125 0.6639321416015626 0.5756415107421875 0.66223463671875 0.5694585361328125 0.66238830078125 0.5602345107421876 0.6631952978515625 0.5562694443359375 0.66509130078125 0.5519600556640625 0.66895380859375 0.55068364453125 0.6779728330078125 0.55466752734375 0.7117045908203125 0.5616655732421875 0.7149651025390625 0.5796684267578125 0.7141646103515625 0.5823812998046874 0.703858083984375 0.5783718642578125 0.6639321416015626
1 0.5998945888671875 0.6620491474609375 0.58848628125 0.661498140625 0.58506728515625 0.66373364453125 0.5829085546875 0.6685698232421875 0.581968392578125 0.6814321904296875 0.583977814453125 0.7103021015625 0.5898837177734375 0.712883611328125 0.6076511982421875 0.7093927783203124 0.611414515625 0.705190767578125 0.6100345595703125 0.6658093291015625 0.5998945888671875 0.6620491474609375
1 0.0378719453125 0.7894495439453125 0.035007091796875 0.786214701171875 0.026807958984375 0.7869320322265625 0.023321712890625 0.7883988681640625 0.02796194921875 0.84143701171875 0.038177240234375 0.840156013671875 0.04262112890625 0.837830841796875 0.038974830078125 0.8315661572265625 0.0378719453125 0.7894495439453125
1 0.041117416015625 0.8383496767578125 0.04330169921875 0.839707681640625 0.060691232421875 0.837799017578125 0.0646562998046875 0.8359030146484375 0.0623792138671875 0.827582158203125 0.0645043203125 0.8223616455078125 0.0613274345703125 0.797853912109375 0.0622595234375 0.7908013935546875 0.0555385498046875 0.7848057080078125 0.0489103798828125 0.785772873046875 0.043542474609375 0.7893407138671875 0.0388968369140625 0.7893598779296875 0.03714160546875 0.7988080693359375 0.038840330078125 0.8300288203125 0.041117416015625 0.8383496767578125
1 0.0807828955078125 0.7841462177734375 0.076960400390625 0.781769708984375 0.0703994794921875 0.783505544921875 0.066056466796875 0.7869837177734375 0.06285669921875 0.8035292607421874 0.0651687451171875 0.835858181640625 0.071998666015625 0.837197021484375 0.0923283740234375 0.833482021484375 0.0881265966796875 0.809063955078125 0.0891165283203125 0.7849662236328125 0.0807828955078125 0.7841462177734375
1 0.1115968955078125 0.78222489453125 0.097181162109375 0.7827115546875 0.0927372744140625 0.7850367265625 0.08999884765625 0.7891490693359375 0.088781615234375 0.8047466103515625 0.0902449658203125 0.83327701953125 0.0986122236328125 0.834481361328125 0.1154893115234375 0.8326175302734375 0.116724025390625 0.8290240224609375 0.1145209267578125 0.792038255859375 0.1115968955078125 0.78222489453125
1 0.138589736328125 0.80155079296875 0.1391263994140625 0.7840764130859375 0.1355392783203125 0.78439024609375 0.1320274794921875 0.7796628974609375 0.11849406640625 0.7843324033203125 0.1161335859375 0.7868625751953126 0.1157475673828125 0.794254595703125 0.117883416015625 0.830471693359375 0.1210925908203125 0.83174003125 0.1400530869140625 0.830081203125 0.14132142578125 0.8268720283203125 0.138589736328125 0.80155079296875
1 0.16601969921875 0.8258730380859375 0.163421173828125 0.77846541015625 0.1589100361328125 0.780021912109375 0.1525589375 0.778253904296875 0.1464432119140625 0.7791762373046875 0.1406301103515625 0.7835575791015625 0.1381270595703125 0.7903602626953125 0.1370523984375 0.80168529296875 0.1415231748046875 0.8291780341796875 0.145858115234375 0.831509708984375 0.1631467734375 0.82844804296875 0.16601969921875 0.8258730380859375
1 0.170528166015625 0.7770690771484375 0.1666639736328125 0.7801180830078125 0.165051314453125 0.78529376171875 0.166791736328125 0.811088998046875 0.1651118271484375 0.815496009765625 0.167657912109375 0.826891541015625 0.1880884951171875 0.824329544921875 0.19142276171875 0.80932133984375 0.19109325 0.7760444169921875 0.170528166015625 0.7770690771484375
1 0.1855491474609375 0.78350043359375 0.1897670693359375 0.7962988037109375 0.1898934970703125 0.803645990234375 0.187802015625 0.8092508369140625 0.1839378232421875 0.81229984375 0.183694376953125 0.8154193515625 0.190104654296875 0.823765876953125 0.1953972373046875 0.8252392177734375 0.202537853515625 0.8242272177734375 0.21911231640625 0.81890437890625 0.2151889462890625 0.8153748671875 0.2126832236328125 0.774930091796875 0.2087262294921875 0.77101624609375 0.1992587578125 0.774942751953125 0.1930757822265625 0.775096416015625 0.186783861328125 0.77990692578125 0.1855491474609375 0.78350043359375
1 0.1764273330078125 0.8090841650390626 0.1758974072265625 0.797124966796875 0.1729316787109375 0.7927371201171876 0.1710661650390625 0.7832184267578125 0.1674790439453125 0.783532259765625 0.1668576513671875 0.7882339375 0.17043803515625 0.8173536845703125 0.1764273330078125 0.8090841650390626
1 0.238305515625 0.772688431640625 0.236087607421875 0.7709460927734375 0.21818562890625 0.7728995888671875 0.215245453125 0.77470592578125 0.21240748828125 0.8012889951171875 0.2141223583984375 0.8208900478515625 0.222556865234375 0.8228630576171875 0.2398455244140625 0.8198013916015625 0.2412147373046875 0.8177452197265624 0.2394232099609375 0.7795616171875 0.238305515625 0.772688431640625
1 0.2596937412109375 0.769268099609375 0.242715779296875 0.76997892578125 0.2390869609375 0.7757182734375 0.23945009765625 0.8093795302734375 0.2411474873046875 0.8169765517578125 0.243844216796875 0.8182897216796875 0.2642747998046875 0.8157277255859375 0.2625007529296875 0.7895481552734375 0.263583486328125 0.7724132763671875 0.2596937412109375 0.769268099609375
1 0.2782117119140625 0.815670232421875 0.2888049501953125 0.8128070634765625 0.286342259765625 0.7905605029296875 0.28791188671875 0.7671866083984376 0.266901607421875 0.76902476953125 0.263617111328125 0.7727976103515625 0.26078721875 0.79357083203125 0.2609472705078125 0.8013023515625 0.2637784990234375 0.804152861328125 0.2657785126953125 0.8152088916015625 0.267962794921875 0.816566896484375 0.2782117119140625 0.815670232421875
1 0.3098125576171875 0.763721443359375 0.3013107998046875 0.7609797646484375 0.2969005380859375 0.7636892705078125 0.2910955087890625 0.7622607626953125 0.2876939921875 0.776500298828125 0.289695341796875 0.8111800595703125 0.2924256953125 0.8128775654296875 0.309302783203125 0.8110137353515625 0.3130997255859375 0.807196060546875 0.31185426953125 0.769351958984375 0.3098125576171875 0.763721443359375
1 0.33590559765625 0.7668604638671875 0.3330743701171875 0.764009955078125 0.3204394208984375 0.7612426083984375 0.3150042666015625 0.764041779296875 0.31182064453125 0.7689676240234375 0.3112167314453125 0.7856733349609375 0.3148724375 0.8097519013671876 0.31907287890625 0.81054623828125 0.3348914501953125 0.8083877412109375 0.338243197265625 0.805383568359375 0.33590559765625 0.7668604638671875
1 0.3531014541015625 0.7568359462890625 0.339433541015625 0.7599681142578125 0.33607372265625 0.76878213671875 0.3388565166015625 0.80649173828125 0.339982283203125 0.80755507421875 0.3609925625 0.8057169130859375 0.3633530419921875 0.8031867412109375 0.359998625 0.758943455078125 0.354874166015625 0.759391787109375 0.3531014541015625 0.7568359462890625
1 0.384461525390625 0.755254123046875 0.3805717802734375 0.752108947265625 0.3698104169921875 0.7530504443359375 0.36331674609375 0.755554947265625 0.3609320498046875 0.775514666015625 0.36389911328125 0.8035262412109375 0.3671082880859375 0.804794580078125 0.383985375 0.8029307509765625 0.3858670341796875 0.80082974609375 0.3848650244140625 0.7598661357421875 0.384461525390625 0.755254123046875
1 0.3845462548828125 0.76802682421875 0.38689192578125 0.8007400791015625 0.3885973876953125 0.802527251953125 0.4064657421875 0.8001894208984375 0.4084146513671875 0.7988570849609375 0.406454998046875 0.758751810546875 0.4020864326171875 0.75603580078125 0.38828401953125 0.7576306318359375 0.3845462548828125 0.76802682421875
1 0.416468541015625 0.7551648056640625 0.408748228515625 0.75545296875 0.4080017431640625 0.77643119140625 0.4099519873046875 0.7987225849609375 0.4151773212890625 0.799427255859375 0.426862701171875 0.79724308984375 0.430248072265625 0.7946232509765625 0.4310039638671875 0.79145891015625 0.4290779375 0.7517379697265625 0.416468541015625 0.7551648056640625
1 0.449987341796875 0.7487468056640625 0.4475596123046875 0.75050830859375 0.43967117578125 0.7488747998046875 0.43249693359375 0.74950246484375 0.430371828125 0.754722978515625 0.4312057138671875 0.793764916015625 0.4362212255859375 0.7979734296875 0.4514601005859375 0.795091095703125 0.45477822265625 0.7917025888671875 0.453465515625 0.753089818359375 0.449987341796875 0.7487468056640625
1 0.4604797041015625 0.7447306328125 0.45562424609375 0.748253640625 0.4539443369140625 0.7526606513671875 0.4557694892578125 0.7912285869140625 0.457474951171875 0.793015759765625 0.474864484375 0.7911070966796875 0.4775020361328125 0.7858417509765625 0.4743829921875 0.7442888046875 0.468099142578125 0.7432894658203125 0.4604797041015625 0.7447306328125
1 0.499308568359375 0.75179000390625 0.49583039453125 0.7474469912109375 0.48055789453125 0.749944990234375 0.47765134375 0.7521356611328125 0.475888041015625 0.767393701171875 0.475754876953125 0.7894800927734374 0.485281525390625 0.7921321044921875 0.4974793515625 0.7899031044921875 0.5003522763671875 0.7873280986328125 0.4997793173828125 0.757170685546875 0.499308568359375 0.75179000390625
1 0.5000980859375 0.7490099970703125 0.5003522763671875 0.7873280986328125 0.5062245546875 0.789525275390625 0.523168892578125 0.78843011328125 0.5237217001953125 0.7593360361328125 0.5228474521484375 0.7493433427734375 0.519713599609375 0.74303382421875 0.5017779951171875 0.744602986328125 0.5000980859375 0.7490099970703125
1 0.534473654296875 0.740580658203125 0.5292146962890625 0.73949165234375 0.5231245234375 0.7466081689453125 0.5261426923828125 0.787008111328125 0.531401650390625 0.7880971162109375 0.5471865966796875 0.7855542841796875 0.5500595224609375 0.7829792783203126 0.5462518359375 0.7453593427734375 0.5363889375 0.7388639873046875 0.534473654296875 0.740580658203125
1 0.5642963876953125 0.7391333349609375 0.5469068544921875 0.7410419990234375 0.5468315322265624 0.7460831796875 0.5480433642578125 0.7835429462890625 0.5538820166015626 0.785355787109375 0.5682977509765625 0.7848691259765626 0.5721283173828124 0.78143578515625 0.5700933427734375 0.74637169140625 0.5681525068359375 0.741894177734375 0.5642963876953125 0.7391333349609375
1 0.585172166015625 0.7357578369140625 0.5719158251953125 0.7376921689453125 0.5696562197265626 0.74137534375 0.572640763671875 0.7813909521484375 0.57899186328125 0.7831589609375 0.589786849609375 0.782601796875 0.59361741796875 0.7791684560546875 0.5907673740234375 0.7406901865234375 0.5883813408203125 0.7370261748046875 0.585172166015625 0.7357578369140625
1 0.0640563935546875 0.9234799150390625 0.1243905029296875 0.916652259765625 0.1365210771484375 0.9136545908203125 0.1395029501953125 0.9064227392578125 0.1358378359375 0.86453029296875 0.132393287109375 0.8605716142578125 0.127235205078125 0.860635611328125 0.0838118076171875 0.865983771484375 0.07786420703125 0.868827775390625 0.0665567744140625 0.8694297724609376 0.06272620703125 0.8728631123046875 0.059710708984375 0.87971062890625 0.0585271015625 0.8956925048828125 0.060510970703125 0.918368232421875 0.0640563935546875 0.9234799150390625
1 0.1337261455078125 0.958435875 0.141656279296875 0.954643869140625 0.1383274140625 0.916594765625 0.1365883271484375 0.914423259765625 0.0808662314453125 0.920847416015625 0.0676435146484375 0.92316608203125 0.0613179677734375 0.9275922578125 0.063663638671875 0.9603055126953125 0.0672090615234375 0.9654171943359375 0.1165383623046875 0.962650544921875 0.1224859619140625 0.9598065400390625 0.1337261455078125 0.958435875
1 0.2114780703125 0.85558897265625 0.207386576171875 0.8501377890625 0.1872666884765625 0.8503489462890625 0.1715826171875 0.8540447822265625 0.1485225546875 0.8560622763671875 0.1390887080078125 0.8603731162109375 0.1369219052734375 0.8710191435546875 0.1404525205078125 0.91137425390625 0.1802887958984375 0.9063399267578125 0.2117914375 0.9004855927734375 0.21337047265625 0.8949255791015625 0.2114780703125 0.85558897265625
1 0.2124720078125 0.9023624306640625 0.1434935703125 0.910720919921875 0.1387053603515625 0.9150125947265625 0.141025478515625 0.9415316669921875 0.1442185087890625 0.954419703125 0.171924208984375 0.952383044921875 0.2161034970703125 0.9438705439453124 0.2156650380859375 0.915250466796875 0.214858041015625 0.9060264423828125 0.2124720078125 0.9023624306640625
1 0.2301776396484375 0.84504562109375 0.2265568935546875 0.8449751181640625 0.224784181640625 0.84241927734375 0.2202057939453125 0.8432071103515625 0.2153839599609375 0.8471144521484375 0.212057765625 0.85631280859375 0.214907810546875 0.8947910791015625 0.2158910048828125 0.9001269267578125 0.2192010537109375 0.9025482685546875 0.2507373212890625 0.89707826953125 0.259247150390625 0.8940100986328126 0.26792510546875 0.892863599609375 0.2778633251953125 0.894317775390625 0.285415513671875 0.892107939453125 0.287305244140625 0.8841970869140625 0.287160001953125 0.841222138671875 0.2831357568359375 0.836539623046875 0.2656789736328125 0.8376796181640624 0.256690322265625 0.84117695703125 0.23862021875 0.84120878125 0.237729826171875 0.84283578515625 0.2301776396484375 0.84504562109375
1 0.2191001796875 0.901395265625 0.2164290029296875 0.9062762763671875 0.2164881806640625 0.912854794921875 0.2185729248046875 0.936683525390625 0.219421619140625 0.9404820361328124 0.2226980439453125 0.9425190439453125 0.2315441220703125 0.943294216796875 0.2629795146484375 0.9366712138671875 0.2677596513671875 0.9381893876953125 0.2825869560546875 0.9365048896484375 0.288601806640625 0.9344295537109375 0.2909286611328125 0.931515046875 0.2897087568359375 0.89986512890625 0.2882803662109375 0.895342783203125 0.2849366923828125 0.892537107421875 0.271268779296875 0.8956692763671875 0.2572982421875 0.8953424345703125 0.2549713876953125 0.89825694140625 0.2191001796875 0.901395265625
1 0.3608284453125 0.8746664306640625 0.35696158203125 0.8304679775390625 0.354575548828125 0.826803966796875 0.290108248046875 0.833605953125 0.286975732421875 0.8509201640625 0.28894345703125 0.88521558984375 0.29163211328125 0.8923386103515625 0.3193041875 0.8899176171875 0.331300263671875 0.885382611328125 0.358048322265625 0.884204287109375 0.3608284453125 0.8746664306640625
1 0.358493517578125 0.8833907861328125 0.294740412109375 0.8924539453125 0.290909845703125 0.89588728515625 0.2905830048828125 0.909857822265625 0.2931882666015625 0.9278318720703125 0.295574298828125 0.9314958828125 0.300455310546875 0.9341670595703125 0.361200990234375 0.926141568359375 0.3610315302734375 0.9005961669921875 0.358493517578125 0.8833907861328125
1 0.3905476318359375 0.8248186455078125 0.383070765625 0.82198730078125 0.37664434375 0.82526047265625 0.359221185546875 0.8267848017578125 0.3585997939453125 0.83148648046875 0.36029851953125 0.8627072314453125 0.363895046875 0.8802072802734375 0.4238512099609375 0.8749617958984375 0.432738986328125 0.870311453125 0.429965599609375 0.8504157333984375 0.431855330078125 0.8425048798828125 0.4305358876953125 0.8333256875 0.4282588017578125 0.825004830078125 0.4247470029296875 0.8202774833984375 0.4179507080078125 0.8193229775390625 0.412481927734375 0.821737814453125 0.4046607412109375 0.8208729755859375 0.4012081201171875 0.8227241455078125 0.3969068037109375 0.8207768037109375 0.396596107421875 0.82312764453125 0.3905476318359375 0.8248186455078125
1 0.3712145322265625 0.9225545634765625 0.3818413955078125 0.920075728515625 0.3937285244140625 0.920197568359375 0.430422875 0.9146635703125 0.43248073046875 0.9086743896484375 0.4305896640625 0.892961513671875 0.4323193427734375 0.8773191396484376 0.4295553642578125 0.875237298828125 0.387980001953125 0.8781001201171875 0.3855186474609375 0.8794772890625 0.366045705078125 0.8811809501953125 0.3625930849609375 0.8830321201171875 0.3611485498046875 0.8901294716796875 0.363973041015625 0.92241355859375 0.3712145322265625 0.9225545634765625
1 0.50499384765625 0.86398997265625 0.5007154140625 0.8209893564453125 0.4970018662109375 0.813956001953125 0.4594924453125 0.816075822265625 0.4284686240234375 0.82150098828125 0.4276037841796875 0.8293221748046875 0.4315527060546875 0.8390458701171875 0.429940046875 0.8442215498046876 0.4269662470703125 0.8456435517578125 0.427697921875 0.8599087568359375 0.43669598046875 0.874225298828125 0.499113498046875 0.8676026455078125 0.50499384765625 0.86398997265625
1 0.460346482421875 0.914369251953125 0.5078021953125 0.9078937568359375 0.504540580078125 0.8706133232421875 0.5017429765625 0.8681471494140625 0.480018501953125 0.86772413671875 0.43652785546875 0.8723036279296875 0.4327981640625 0.8768899716796875 0.430564111328125 0.886767330078125 0.43326217578125 0.91170423046875 0.4355473330078125 0.91421523828125 0.4403274697265625 0.915733412109375 0.460346482421875 0.914369251953125
1 0.5082030224609375 0.865258310546875 0.5187545634765625 0.86782065625 0.5558941103515626 0.8614731572265625 0.5606406220703125 0.86260699609375 0.5749554814453125 0.86096733203125 0.5767026396484375 0.857328990234375 0.572526416015625 0.8391051064453126 0.5717355625 0.8182613828125 0.5683327109375 0.8088771904296875 0.55631108203125 0.8072180126953125 0.50328571484375 0.8149553408203125 0.5013704306640625 0.81667201171875 0.503757798828125 0.8439597529296875 0.5082030224609375 0.865258310546875
1 0.56577582421875 0.9035962744140625 0.5772930791015625 0.899490435546875 0.5790402392578125 0.8958520947265625 0.5787618310546875 0.8749635380859375 0.5767618173828125 0.8639075078125 0.57457753515625 0.8625495029296875 0.5467373349609375 0.86304882421875 0.5196785810546874 0.8665779873046875 0.5076488798828125 0.8707286591796874 0.509935373046875 0.8968633955078125 0.5129602783203125 0.907829759765625 0.5600380458984375 0.9029364375 0.56577582421875 0.9035962744140625
1 0.5727349013671875 0.8119775341796875 0.57782840625 0.8583923271484375 0.5878675009765625 0.8609995048828125 0.61632909375 0.8557985048828125 0.6298208095703125 0.8565545146484375 0.6410609931640625 0.8551838486328125 0.643631294921875 0.849149833984375 0.64156403125 0.8373251357421875 0.642983013671875 0.8240336005859376 0.6364880068359375 0.8029143740234375 0.6174602607421875 0.8038045341796874 0.6131589443359375 0.801857193359375 0.608681431640625 0.803798029296875 0.5834034619140624 0.804073185546875 0.57947201953125 0.8063535224609375 0.5768425400390625 0.80580901953125 0.5727349013671875 0.8119775341796875
1 0.640649421875 0.856381685546875 0.6199498388671875 0.8558690078125 0.5822305966796875 0.861492669921875 0.5788116005859375 0.8637281748046876 0.5792998291015625 0.881112888671875 0.5813926455078126 0.8991317705078125 0.6117614501953125 0.89802394921875 0.6444234833984375 0.893617287109375 0.6456918212890626 0.8904081123046875 0.6439258466796876 0.858418693359375 0.640649421875 0.856381685546875
1 0.588544240234375 0.3493484755859375 0.5880371953125 0.296336 0.587465572265625 0.28980231640625 0.5840882734375 0.2866123056640625 0.5572729658203125 0.2870219609375 0.551224490234375 0.2887129619140625 0.5512096806640625 0.323956388671875 0.5525049072265625 0.3505651279296875 0.554445744140625 0.3550426396484375 0.5653752314453125 0.3560228154296875 0.5868307060546875 0.35337115234375 0.588544240234375 0.3493484755859375
1 0.6182916513671874 0.3529423330078125 0.6232479853515625 0.3505723291015625 0.6248579736328125 0.2981491904296875 0.6239837265625 0.28815649609375 0.6206400517578124 0.2853508203125 0.601511431640625 0.2850879765625 0.5943371904296875 0.2857156416015625 0.590405748046875 0.2879959794921875 0.5890970478515625 0.3202543984375 0.5891656328125 0.3446467958984375 0.59144271875 0.3529676533203125 0.6085888056640625 0.354178498046875 0.6182916513671874 0.3529423330078125
1 0.6307921005859375 0.354172341796875 0.6585650498046876 0.3529043525390625 0.660513958984375 0.3515720166015625 0.6588744111328125 0.3269297841796875 0.6604010048828125 0.285357673828125 0.657158205078125 0.2837050009765625 0.628872810546875 0.28501782421875 0.6249077431640625 0.2869138271484375 0.623807529296875 0.2920446728515625 0.6254551494140626 0.3108770576171875 0.6231888076171875 0.3439938115234375 0.6243401259765625 0.35125133203125 0.6307921005859375 0.354172341796875
1 0.690748263671875 0.348926857421875 0.6963851669921876 0.3484336923828125 0.6972244541015625 0.334418322265625 0.6943932255859375 0.3315678134765625 0.694165923828125 0.3230676240234375 0.6962654765625 0.311652927734375 0.6939709111328125 0.2913280390625 0.6881403291015625 0.283705349609375 0.6648448935546875 0.2830325029296875 0.6618710927734375 0.2844545048828125 0.6604198212890625 0.320985435546875 0.662017671875 0.3510531826171875 0.6802558994140625 0.3529430302734375 0.690748263671875 0.348926857421875
1 0.699447763671875 0.283103353515625 0.6940126083984375 0.2859025244140625 0.69304689453125 0.292570708984375 0.6938229375 0.3486578583984375 0.7079279755859375 0.350522037109375 0.7290391279296875 0.34983687890625 0.72913733203125 0.3037424228515625 0.7267755166015625 0.2826488662109375 0.7157787802734376 0.280900021484375 0.699447763671875 0.283103353515625
1 0.74516032421875 0.3511373896484375 0.76344025 0.3476017236328125 0.765699853515625 0.3439185478515625 0.765069052734375 0.330806345703125 0.76815046484375 0.3011037685546875 0.7673515400390625 0.28606989453125 0.7648310078125 0.2808685458984375 0.7504905966796875 0.27631402734375 0.7332691884765625 0.2801443623046875 0.7309087080078125 0.2826745341796875 0.729960474609375 0.30134675 0.7305092158203125 0.3489337109375 0.7332395693359375 0.3506312158203125 0.74516032421875 0.3511373896484375
1 0.80097121484375 0.280804896484375 0.7992657529296875 0.2790177255859375 0.78358975390625 0.2769037109375 0.76851900390625 0.281707716796875 0.765850498046875 0.3338361875 0.7668928701171875 0.3457505537109375 0.772319953125 0.34876123046875 0.795480890625 0.347896740234375 0.8009832939453125 0.3458662373046875 0.8027869599609375 0.3015589541015625 0.80097121484375 0.280804896484375
1 0.8364819580078126 0.2912527763671875 0.833868623046875 0.2790885751953125 0.820208783203125 0.27641089453125 0.8029201240234375 0.279472560546875 0.8017217060546875 0.33069786328125 0.802797703125 0.342996564453125 0.80784683984375 0.347589412109375 0.8304617060546875 0.3463854189453125 0.833947953125 0.344918583984375 0.8341725830078125 0.3061713134765625 0.8364819580078126 0.2912527763671875
1 0.833847078125 0.3437655810546875 0.8366110556640625 0.3458474208984375 0.8459023310546875 0.3458090927734375 0.8549246064453125 0.3426960888671875 0.8605951357421875 0.3425872578125 0.8606704580078125 0.337546078125 0.857259533203125 0.3339717333984375 0.86246738671875 0.3226723720703125 0.86195360546875 0.2990934755859375 0.8607431083984375 0.2852574375 0.857575630859375 0.2785635849609375 0.837455744140625 0.2787747421875 0.83437433203125 0.3084773203125 0.83580405859375 0.336623396484375 0.833847078125 0.3437655810546875
1 0.879610802734375 0.2766357578125 0.8668669052734375 0.2785252568359375 0.85977739453125 0.2919256220703125 0.8617881513671874 0.344419263671875 0.868105626953125 0.3458029365234375 0.8931818466796875 0.343221775390625 0.895643201171875 0.3418446064453125 0.896807994140625 0.2902349697265625 0.8942955341796875 0.2792237724609375 0.879610802734375 0.2766357578125
1 0.92243295703125 0.3352407685546875 0.9275910400390625 0.3351767705078125 0.92991789453125 0.332262263671875 0.9319569345703125 0.2906453203125 0.9287639052734376 0.27775728515625 0.903830255859375 0.2760659345703125 0.896824138671875 0.278615271484375 0.897623064453125 0.2936491455078125 0.8957925107421875 0.3081385166015625 0.8972141640625 0.3420944404296875 0.9046237802734375 0.3441571162109375 0.91740130078125 0.342651953125 0.92243295703125 0.3352407685546875
1 0.931905830078125 0.2782569541015625 0.93011964453125 0.3345682705078125 0.94740023046875 0.337316453125 0.961337142578125 0.3372589599609375 0.965174447265625 0.304392041015625 0.9606700458984375 0.2765149638671875 0.944960421875 0.2740166162109375 0.9373073603515625 0.27507344921875 0.931905830078125 0.2782569541015625
1 0.9689148837890625 0.3412433076171875 0.9874974326171875 0.3411666494140625 0.9815458251953125 0.2731394658203125 0.97228817578125 0.27356212890625 0.9642907919921875 0.2765854658203125 0.9635187548828125 0.2913695048828125 0.9632860517578125 0.3359266240234375 0.9689148837890625 0.3412433076171875
1 0.626076484375 0.45372760546875 0.6511863291015625 0.4515307783203125 0.65310161328125 0.4498141083984375 0.651250908203125 0.4050519873046875 0.64758712890625 0.3867832705078125 0.64100065625 0.3823249228515625 0.615823560546875 0.383753080078125 0.60789342578125 0.3875450859375 0.607986228515625 0.3945079384765625 0.6103224912109375 0.4094073134765625 0.6102996103515625 0.4504605888671875 0.61466817578125 0.4531765986328125 0.626076484375 0.45372760546875
1 0.6552576142578125 0.545282697265625 0.6558938154296875 0.5053375908203125 0.6545905166015625 0.484538701171875 0.652204484375 0.4808746904296875 0.648961685546875 0.479222017578125 0.6344450771484375 0.47855567578125 0.61664397265625 0.48166217578125 0.6142834931640625 0.48419234765625 0.612587439453125 0.5002190556640626 0.613615001953125 0.5473768486328126 0.6173702470703125 0.5489846875 0.637557384765625 0.5495422001953125 0.6552576142578125 0.545282697265625
1 0.6891961171875 0.38430478515625 0.682676892578125 0.38061510546875 0.6544923720703125 0.383080931640625 0.651207875 0.3868537724609375 0.65054478515625 0.3969809658203125 0.65361405859375 0.449769275390625 0.6583941962890625 0.451287447265625 0.6739356953125 0.4518641240234375 0.694399904296875 0.4496864609375 0.694666232421875 0.4055136767578125 0.6891961171875 0.38430478515625
1 0.6965102001953125 0.4797093759765625 0.68592503515625 0.4767626962890625 0.6597230478515625 0.4782805205078125 0.6554472841796875 0.48252736328125 0.6553975146484375 0.4937627265625 0.657273771484375 0.5447190302734375 0.6718576298828125 0.546154041015625 0.6974462958984375 0.5435280458984375 0.69943690234375 0.5367701962890625 0.6996198359375 0.5034484404296875 0.6965102001953125 0.4797093759765625
1 0.630964173828125 0.5745174296875 0.6276124267578125 0.5775216025390625 0.6276971572265625 0.5902943037109375 0.6294725400390625 0.640097603515625 0.6429978818359375 0.6412379462890625 0.6680068515625 0.6378881171875 0.6700808525390625 0.6202792373046875 0.667171630859375 0.57522244921875 0.6617445478515624 0.572211771484375 0.630964173828125 0.5745174296875
1 0.671271197265625 0.5748637841796875 0.6689107177734375 0.5773939560546875 0.6689362705078125 0.583588138671875 0.6705018310546875 0.6368952822265626 0.673711005859375 0.6381636201171875 0.7065411640625 0.6356786298828125 0.70934683984375 0.632334955078125 0.7093939384765625 0.5738521328125 0.7066299599609375 0.57177029296875 0.671271197265625 0.5748637841796875
1 0.748785017578125 0.5696313076171875 0.74124090234375 0.566031294921875 0.7135352021484375 0.568067953125 0.709906384765625 0.5738072998046875 0.7097638125 0.578079810546875 0.7105062314453126 0.6337826259765625 0.7142614775390626 0.6353904658203126 0.72560253515625 0.6351728037109375 0.747091634765625 0.6329054755859375 0.7498973115234375 0.6295618017578125 0.748785017578125 0.5696313076171875
1 0.736136654296875 0.4781788916015625 0.72613118359375 0.475956046875 0.71851174609375 0.477397212890625 0.7055324755859375 0.4765963720703125 0.6966110751953125 0.48086237890625 0.6993003994140625 0.499797263671875 0.699941275390625 0.5425352119140625 0.707317267578125 0.544213552734375 0.738475587890625 0.540325724609375 0.7385482392578125 0.4880370859375 0.736136654296875 0.4781788916015625
1 0.7337909833984375 0.44546563671875 0.734345126953125 0.4399952890625 0.734275205078125 0.39197916015625 0.7323424404296875 0.381691798828125 0.724663826171875 0.3765544482421875 0.698697212890625 0.3807626123046875 0.6902546337890625 0.3845994521484375 0.6927590205078125 0.401420498046875 0.694164529296875 0.4469961201171875 0.6974745791015625 0.4494174619140625 0.7318420751953125 0.4467979716796875 0.7337909833984375 0.44546563671875
1 0.7341420419921875 0.414065552734375 0.7353955712890625 0.4460998046875 0.7406881533203125 0.4475731455078125 0.7738626328125 0.4431216494140625 0.775522390625 0.3794631474609375 0.772825662109375 0.3781499765625 0.7380129697265625 0.3815829677734375 0.7352409189453125 0.3853109765625 0.7341420419921875 0.414065552734375
1 0.7672613505859375 0.473906728515625 0.7425630751953125 0.4749057197265625 0.7381191875 0.4772308896484375 0.739648453125 0.48290623828125 0.7389611455078124 0.510462978515625 0.74052537109375 0.5401463916015625 0.742163583984375 0.5411648955078125 0.7780011669921875 0.5376422373046875 0.7794376298828125 0.5363547333984375 0.7782917119140625 0.47603990625 0.7672613505859375 0.473906728515625
1 0.7899017099609374 0.626449146484375 0.791253443359375 0.6123889423828125 0.7903603798828125 0.5667684873046875 0.7845553505859375 0.5653399814453125 0.77324791796875 0.5659419765625 0.7512127470703125 0.5678698046875 0.7498771591796874 0.5703103095703125 0.750955828125 0.6298564697265625 0.7531737353515625 0.63159880859375 0.766631826171875 0.631970482421875 0.7880536767578125 0.6289344853515625 0.7899017099609374 0.626449146484375
1 0.792754484375 0.5646226494140625 0.78933548828125 0.5668581533203125 0.7881007744140625 0.5704516630859375 0.791436376953125 0.5790671875 0.7922204931640625 0.62934448828125 0.7943711513671875 0.6303181591796875 0.8296962880859375 0.626840333984375 0.829306263671875 0.5633611640625 0.8245597509765625 0.5622273251953125 0.792754484375 0.5646226494140625
1 0.79541015625 0.40966796875 0.04296875 0.072265625
1 0.83837890625 0.4091796875 0.04296875 0.072265625
1 0.87744140625 0.40673828125 0.0419921875 0.07421875
1 0.91748046875 0.4033203125 0.0390625 0.0751953125
1 0.9621118515625 0.3697223798828125 0.9365568095703125 0.3727327080078125 0.9363738759765625 0.4060544638671875 0.937878923828125 0.4291593603515625 0.939954259765625 0.4351742099609375 0.947296626953125 0.436468216796875 0.97339773828125 0.4337973896484375 0.9751112724609375 0.429774712890625 0.97474680078125 0.3724897265625 0.9621118515625 0.3697223798828125
1 0.98985117578125 0.3680700556640625 0.9776533505859375 0.3702990556640625 0.9756882978515625 0.38325108984375 0.9753466474609375 0.4324650537109375 0.9802276591796875 0.4351362294921875 0.9956010341796875 0.4337912333984375 0.98985117578125 0.3680700556640625
1 0.860849267578125 0.5284575869140625 0.8611747724609375 0.4908633193359375 0.8600732236328125 0.4723704365234375 0.85830051171875 0.469814595703125 0.8303930615234375 0.469545248046875 0.821337162109375 0.47227391796875 0.8198522646484375 0.5084205126953125 0.8198872255859375 0.5324285771484375 0.8216599375 0.53498441796875 0.8253815576171875 0.536207923828125 0.858656912109375 0.5329094306640625 0.860849267578125 0.5284575869140625
1 0.818329736328125 0.4733115849609375 0.8057284130859375 0.4709285732421875 0.7847517578125 0.473151068359375 0.78133276171875 0.475386572265625 0.7793354189453126 0.511578001953125 0.779815576171875 0.5347725634765625 0.782201607421875 0.5384365751953125 0.808369970703125 0.5365344150390625 0.8189632080078125 0.5336712470703125 0.819758126953125 0.477833931640625 0.818329736328125 0.4733115849609375
1 0.8788319697265625 0.4684056015625 0.87306056640625 0.4673614296875 0.8643489873046875 0.46812359375 0.8619212578125 0.46988509765625 0.860301861328125 0.50449435546875 0.862244033203125 0.5325955986328125 0.867024169921875 0.534113771484375 0.898350615234375 0.532147615234375 0.900676134765625 0.5056093779296875 0.8993298037109375 0.4666122744140625 0.8788319697265625 0.4684056015625
1 0.93755608984375 0.5140010849609375 0.9373852939453124 0.464831955078125 0.9059915986328125 0.4660294423828125 0.9009680146484375 0.46763077734375 0.8996014736328125 0.516934408203125 0.9001650244140625 0.52927794140625 0.9069613193359375 0.530232447265625 0.909422673828125 0.5288552783203125 0.9126479931640625 0.5185039189453124 0.9331122021484375 0.5163262568359375 0.93755608984375 0.5140010849609375
1 0.9741589736328125 0.525127966796875 0.97602048046875 0.463775470703125 0.9630748359375 0.463358962890625 0.954976576171875 0.465229296875 0.9408379150390624 0.46298078515625 0.9386791845703125 0.4678169638671875 0.93704230859375 0.490422189453125 0.93687551953125 0.5121242470703125 0.939194302734375 0.51501958984375 0.952207197265625 0.516204765625 0.9568703154296875 0.5281896328125 0.9741589736328125 0.525127966796875
1 1 0.4840716396484375 0.9976857783203125 0.45761996484375 0.97896065625 0.4619691337890625 0.975230962890625 0.4665554775390625 0.97414956640625 0.5073140859375 0.973990849609375 0.523206294921875 0.976855703125 0.5264411376953125 1 0.5254215693359375 1 0.4840716396484375
1 0.8705373046875 0.56246484765625 0.867739701171875 0.559998673828125 0.8414368388671875 0.56036349609375 0.832893384765625 0.5630473310546875 0.8315685400390626 0.6069254482421875 0.83240108984375 0.62234365625 0.8348543720703125 0.6267763359375 0.8682306005859375 0.6246308466796875 0.870145884765625 0.62291417578125 0.8715460517578125 0.5739948798828125 0.8705373046875 0.56246484765625
1 0.908014435546875 0.5835844228515625 0.90946704296875 0.57067722265625 0.907467029296875 0.5596211923828125 0.89752880859375 0.558167017578125 0.8795932041015625 0.5597361796875 0.8721418916015625 0.563099017578125 0.8712622431640625 0.6061636318359375 0.87216204296875 0.6223505087890625 0.874379951171875 0.62409284765625 0.907075609375 0.6200705205078125 0.9090998408203125 0.61369700390625 0.908014435546875 0.5835844228515625
1 0.90861968359375 0.59050244140625 0.909091767578125 0.6195068525390625 0.943560138671875 0.6180403662109375 0.945651619140625 0.6124355185546875 0.94620308984375 0.5597177119140625 0.9435063623046875 0.5584045400390625 0.9109868994140625 0.55853869140625 0.908828169921875 0.563374869140625 0.90861968359375 0.59050244140625
1 0.949076015625 0.5571427060546875 0.9466482861328125 0.5589042099609375 0.9460282294921875 0.5872296181640625 0.947693330078125 0.61806603515625 0.9662086298828125 0.6172207080078125 0.981959951171875 0.614293541015625 0.9842505087890625 0.5637472412109376 0.9807467822265625 0.553210044921875 0.964314890625 0.5542603720703125 0.949076015625 0.5571427060546875
1 1 0.5507510546875 0.988366220703125 0.5517688779296875 0.984947224609375 0.5540043818359375 0.98375687890625 0.5994198369140625 0.9844885556640625 0.6136850419921875 0.9861940166015625 0.615472212890625 1 0.6144769951171875 1 0.5507510546875
1 0.6169922421875 0.6981190859375 0.61289267578125 0.6984777509765625 0.613733298828125 0.7080861103515625 0.6242848388671876 0.7106484560546875 0.6389776435546874 0.70742662109375 0.6408593017578125 0.7053256162109375 0.6406051123046875 0.667007513671875 0.6384289013671876 0.65983966015625 0.6305068388671875 0.6578218173828125 0.6133190556640625 0.6620364873046874 0.6119673232421875 0.67609669140625 0.6147487822265625 0.6901825634765625 0.6187057763671875 0.6940964091796875 0.6169922421875 0.6981190859375
1 0.670057970703125 0.661332513671875 0.6650424599609375 0.657124 0.6476193017578125 0.6586483291015625 0.6443348046875 0.662421169921875 0.6411431103515625 0.6731568642578125 0.642816283203125 0.698183431640625 0.644958869140625 0.7049669501953125 0.65141084375 0.7078879619140624 0.6683215556640625 0.7064084658203125 0.6709591064453125 0.7011431201171875 0.670057970703125 0.661332513671875
1 0.695344013671875 0.655247509765625 0.6901186806640625 0.6545428388671874 0.6652778349609375 0.6598143408203125 0.664866263671875 0.6610121767578125 0.6711084150390625 0.6674370302734375 0.6714110390625 0.6708960400390624 0.67152939453125 0.68405307421875 0.6683457734375 0.688978919921875 0.671210625 0.692213763671875 0.6646080078125 0.6993751123046875 0.6677418603515625 0.7056846298828126 0.6765879384765625 0.7064598037109375 0.69452354296875 0.7048906416015625 0.6979425390625 0.7026551376953125 0.70003401953125 0.697050291015625 0.6985128271484375 0.6855650927734375 0.7008638994140625 0.6652210390625 0.6985451162109375 0.662325697265625 0.6987213134765625 0.6584375205078125 0.695344013671875 0.655247509765625
1 0.7289556171875 0.655792361328125 0.720285734375 0.6511290107421875 0.7025182548828125 0.6546198447265625 0.7002250263671875 0.657918685546875 0.6997892373046875 0.676546068359375 0.70081546484375 0.7000801318359375 0.7031678720703125 0.70335980859375 0.7135176630859374 0.7036161474609375 0.730839947265625 0.7009388154296875 0.73217553515625 0.698498310546875 0.7289556171875 0.655792361328125
1 0.7617292685546875 0.6939763125 0.75951809765625 0.66280039453125 0.762264595703125 0.652878203125 0.7459416513671875 0.649271685546875 0.738355837890625 0.6510971865234375 0.7320639169921875 0.6559076962890625 0.7305023623046875 0.6734717421875 0.7325871064453126 0.6973004736328124 0.734460693359375 0.701009318359375 0.7448777333984375 0.7020343251953125 0.7591925927734375 0.700394662109375 0.7617292685546875 0.6939763125
1 0.759375525390625 0.66707290625 0.762132767578125 0.6985883251953126 0.7694078837890626 0.6991136630859375 0.7898384677734375 0.696551666015625 0.789113529296875 0.6528528828125 0.780410021484375 0.6478051982421875 0.7685901435546875 0.64845202734375 0.7614414541015625 0.6552738759765625 0.759375525390625 0.66707290625
1 0.8184681845703125 0.6932723388671875 0.816273158203125 0.65047672265625 0.80907336328125 0.6449102041015625 0.7992696435546875 0.6449933671875 0.7940362373046875 0.650098544921875 0.789936671875 0.6504572099609375 0.789147154296875 0.6532372177734375 0.7883078671875 0.667252587890625 0.7899218623046875 0.6857006376953125 0.7928122685546874 0.6951296640625 0.8145703671875 0.695937009765625 0.8184681845703125 0.6932723388671875
1 0.823245650390625 0.647543052734375 0.8180794951171875 0.6534168984375 0.8164923876953125 0.66478676171875 0.819493076171875 0.693182671875 0.8283391552734375 0.6939578447265625 0.8435780302734375 0.69107551171875 0.8447266787109375 0.651085572265625 0.8432646630859375 0.6461788916015625 0.8352753505859375 0.643392380859375 0.823245650390625 0.647543052734375
1 0.87141555859375 0.6433287314453126 0.8614773388671875 0.6418745556640625 0.8508168505859375 0.643969056640625 0.845953318359375 0.653301912109375 0.8453911044921875 0.6645821083984375 0.84819004296875 0.6906720126953125 0.853549875 0.692914021484375 0.8734007626953125 0.6896281884765625 0.8729959287109375 0.661392447265625 0.8746502861328125 0.650791251953125 0.87141555859375 0.6433287314453126
1 0.9020641044921875 0.6867331953125 0.9026182470703125 0.68126284765625 0.9037924482421875 0.647467091796875 0.900624970703125 0.6407732392578125 0.895298763671875 0.638915564453125 0.8825212421875 0.640420728515625 0.8780437294921875 0.6423615654296875 0.87403696484375 0.6496830830078125 0.87192933984375 0.6669076279296875 0.8749381005859375 0.689493689453125 0.8833389833984375 0.6910823642578126 0.8982335380859375 0.6901665361328125 0.9020641044921875 0.6867331953125
1 0.9277846005859375 0.6383970791015625 0.918904896484375 0.6372375712890626 0.907799212890625 0.64014557421875 0.904095072265625 0.6509261005859375 0.9028442138671875 0.6661393076171875 0.904592708984375 0.6861246953125 0.9078355087890625 0.6877773671875 0.930383125 0.6858047060546875 0.932137021484375 0.6527327861328125 0.9306158291015625 0.6412475888671875 0.9277846005859375 0.6383970791015625
1 0.933465873046875 0.6797258583984375 0.9376246162109375 0.6859457109375 0.9546025791015625 0.6852348837890625 0.9651285673828125 0.6816030458984375 0.96626240625 0.676856533203125 0.9621789833984375 0.665595501953125 0.9617835576171875 0.655173640625 0.964261056640625 0.6421767744140625 0.9612617041015625 0.6374045927734375 0.9532051416015624 0.633849412109375 0.945552080078125 0.6349062451171875 0.94110819140625 0.637231416015625 0.940318673828125 0.6400114228515625 0.93546321484375 0.6435344306640625 0.932884841796875 0.65537829296875 0.933465873046875 0.6797258583984375
1 0.9616248408203125 0.671065849609375 0.96400280078125 0.680539708984375 0.966187083984375 0.6818977138671874 0.9754783583984376 0.681859384765625 0.985727275390625 0.680962720703125 0.9927333916015625 0.678413384765625 0.9949257470703124 0.673961541015625 0.989263291015625 0.6682605224609375 0.9891866328125 0.64967797265625 0.991487935546875 0.6405692822265625 0.98842133203125 0.6350284326171876 0.9835403212890625 0.6323572578125 0.97175406640625 0.6333884208984375 0.9637486103515625 0.642221607421875 0.96151455859375 0.6520989658203125 0.9616248408203125 0.671065849609375
1 1 0.6319513876953124 0.9974772333984375 0.632299763671875 0.9931342197265625 0.6357779384765625 0.9887669892578125 0.656685658203125 0.9906836083984375 0.6785927177734375 0.9949849248046875 0.6805400576171875 1 0.6801012958984375 1 0.6319513876953124
1 0.591758640625 0.740216185546875 0.59368466796875 0.7799371259765625 0.5958689501953125 0.7812951298828125 0.6143170009765625 0.779681134765625 0.6162322841796875 0.77796446484375 0.6143398818359375 0.738627859375 0.605636375 0.7335801748046875 0.5955219580078125 0.7360141767578126 0.591758640625 0.740216185546875
1 0.6360643564453125 0.73905087109375 0.6305700244140625 0.7352715244140625 0.61932983984375 0.736642189453125 0.616087041015625 0.7349895166015625 0.612634419921875 0.7368406865234375 0.61551675390625 0.7520795615234375 0.61667748046875 0.7771509619140625 0.6199539052734375 0.7791879697265625 0.6373434384765625 0.777279306640625 0.63922509765625 0.7751783017578125 0.6360643564453125 0.73905087109375
1 0.637668943359375 0.7396850390625 0.63973754296875 0.7751334677734375 0.6440052333984375 0.776696474609375 0.6584545927734375 0.7765941484375 0.6607478212890625 0.773295306640625 0.65867922265625 0.7378468779296875 0.6506899111328125 0.7350603671875 0.64194470703125 0.735438197265625 0.637668943359375 0.7396850390625
1 0.6675669990234375 0.733196537109375 0.6595359892578125 0.735835541015625 0.65867922265625 0.7378468779296875 0.6607814462890625 0.7736796416015626 0.66399062109375 0.77494798046875 0.67939762109375 0.773987318359375 0.6817917255859375 0.77184148046875 0.678975306640625 0.7337475439453125 0.6757661318359375 0.7324792060546875 0.6675669990234375 0.733196537109375
1 0.685034525390625 0.7734941533203125 0.700475150390625 0.7729178251953125 0.7043057177734375 0.7694844853515626 0.7010104775390625 0.731819716796875 0.6924750947265625 0.7286937041015625 0.6799665732421875 0.73327354296875 0.6817917255859375 0.77184148046875 0.685034525390625 0.7734941533203125
1 0.7060004365234375 0.729834046875 0.7025478154296875 0.731685216796875 0.701859171875 0.7356182265625 0.7028356298828125 0.7703876533203124 0.7050199130859375 0.771745658203125 0.7239804091796875 0.770086830078125 0.7253496220703125 0.768030658203125 0.721474685546875 0.7296420537109375 0.716694548828125 0.7281238818359375 0.7060004365234375 0.729834046875
1 0.7301190146484375 0.7281112216796874 0.72687621484375 0.7264585478515625 0.7230792734375 0.7302762236328125 0.72429110546875 0.767735990234375 0.727021458984375 0.76943349609375 0.7444446171875 0.7679091669921875 0.7463262763671875 0.765808162109375 0.7442240517578125 0.729975400390625 0.7414936982421875 0.7282778935546875 0.7301190146484375 0.7281112216796874
1 0.761008337890625 0.7211487177734375 0.753867720703125 0.722160716796875 0.7461057099609375 0.72787439453125 0.745813830078125 0.7658529951171875 0.74854418359375 0.767550501953125 0.7655557705078125 0.7672240087890625 0.768226947265625 0.762342998046875 0.7665282216796875 0.7311222470703125 0.7685860771484375 0.7251330654296875 0.761008337890625 0.7211487177734375
1 0.775281498046875 0.7249345673828125 0.7684852021484375 0.7239800615234375 0.7671159892578125 0.7260362333984375 0.767882625 0.7643095029296875 0.77163787109375 0.7659173427734375 0.7864651748046875 0.7642328447265625 0.7888592802734375 0.7620870068359376 0.787303126953125 0.7265937451171876 0.782867310546875 0.72310906640625 0.775281498046875 0.7249345673828125
1 0.7875801982421875 0.7238585712890625 0.7893650126953125 0.732454861328125 0.7893717255859375 0.762042173828125 0.8074418291015625 0.7620103486328125 0.810079380859375 0.75674500390625 0.8084142802734375 0.7259085869140625 0.8028526982421875 0.721360572265625 0.7909991943359375 0.7216230673828125 0.7875801982421875 0.7238585712890625
1 0.8134459365234376 0.7184974033203125 0.8091365478515625 0.7223599111328125 0.808751865234375 0.75337566015625 0.80993680859375 0.7610175146484375 0.8228488291015625 0.7610496875 0.8313922841796875 0.7583658505859375 0.8295254345703125 0.7252234287109375 0.8280634189453125 0.720316748046875 0.8237957275390625 0.7187537421875 0.8134459365234376 0.7184974033203125
1 0.8407400654296875 0.717658580078125 0.832809931640625 0.7214505869140625 0.8315510009765625 0.742473642578125 0.8328959970703125 0.757847017578125 0.8433466630859375 0.759256359375 0.8520246171875 0.7581098603515625 0.853461080078125 0.7568223583984375 0.85265274609375 0.723974603515625 0.85006496484375 0.7180045869140625 0.8407400654296875 0.717658580078125
1 0.8577287705078125 0.7583853642578126 0.87197637890625 0.7559770322265625 0.8738916630859375 0.754260361328125 0.8747645751953125 0.7406293251953125 0.872268259765625 0.7179984306640625 0.8645223955078125 0.7120924111328125 0.858373044921875 0.7126304091796875 0.855533744140625 0.7155897490234375 0.851333302734375 0.714795412109375 0.84958614453125 0.71843375390625 0.8531315673828125 0.7235454365234375 0.853461080078125 0.7568223583984375 0.8577287705078125 0.7583853642578126
1 0.8832394443359375 0.7135530908203125 0.8760652021484375 0.714180755859375 0.8728143310546875 0.718337931640625 0.8738244130859375 0.7534916923828126 0.877613283203125 0.7554838671875 0.8914829453125 0.7546577041015625 0.8942886220703125 0.7513140302734375 0.893925484375 0.7176527734375 0.891127880859375 0.7151865986328125 0.8832394443359375 0.7135530908203125
1 0.9152894931640625 0.73166198828125 0.9138772470703125 0.7155199443359375 0.91210453515625 0.712964103515625 0.905719810546875 0.7108117607421875 0.89611783984375 0.7132009296875 0.8933457890625 0.7169289384765625 0.893337716796875 0.722738787109375 0.89391067578125 0.7528962001953124 0.900228150390625 0.7542798740234375 0.9139969375 0.7523007099609375 0.9158785966796875 0.7501997041015624 0.9152894931640625 0.73166198828125
1 0.9150796708984374 0.7351658310546875 0.9164582919921875 0.7509235400390625 0.9333690048828125 0.7494440439453125 0.9352170390625 0.746958705078125 0.933963509765625 0.714924453125 0.92618401953125 0.708634099609375 0.9235881650390625 0.7084739306640625 0.91575890625 0.7134189404296875 0.9150796708984374 0.7351658310546875
1 0.9445311943359375 0.7058671005859375 0.93325738671875 0.7068534306640625 0.9314093525390625 0.7093387705078125 0.9354187880859375 0.7492647109375 0.94064412109375 0.7499693828125 0.9549253544921875 0.7479453837890625 0.95769740625 0.7442173759765625 0.9561412529296875 0.7087241142578125 0.9517726865234375 0.7060081044921875 0.9445311943359375 0.7058671005859375
1 0.955562892578125 0.7316240078125 0.956907888671875 0.7469973828125 0.9747762431640625 0.7446595517578125 0.9766242763671875 0.742174212890625 0.97322008984375 0.7091662900390625 0.9692630947265625 0.7052524443359375 0.9609967109375 0.705201107421875 0.956208501953125 0.7094927822265625 0.955562892578125 0.7316240078125
1 0.9951059521484374 0.740944552734375 0.99341630078125 0.72163175 0.994608314453125 0.7057459580078125 0.986207431640625 0.704157283203125 0.979100439453125 0.7055536162109375 0.9747910517578126 0.709416125 0.973589962890625 0.7133939677734376 0.9730707802734375 0.7428723798828125 0.975834759765625 0.7449542197265625 0.9815389130859375 0.7452297236328125 0.9922330263671875 0.7435195576171875 0.9951059521484374 0.740944552734375
1 1 0.701221693359375 0.989760927734375 0.7034591162109375 0.986921626953125 0.7064184560546874 0.9895174814453125 0.7065786240234375 0.9930965302734375 0.712074640625 0.9941483095703125 0.7418028876953126 0.996912287109375 0.7438847275390625 1 0.7433873212890625 1 0.701221693359375
1 0.6355639892578125 0.8041570439453125 0.6425795146484375 0.819421587890625 0.64389088671875 0.83441062890625 0.641656833984375 0.8442879873046875 0.6445472392578125 0.853717013671875 0.6478909130859375 0.856522689453125 0.6861898505859375 0.8516228623046875 0.698085052734375 0.8459348525390625 0.709257986328125 0.84379551953125 0.7116520908203126 0.8416496806640625 0.7124483447265625 0.809436095703125 0.7093817421875 0.80389524609375 0.6975443828125 0.7925380439453125 0.6406628955078125 0.797514529296875 0.6372438994140625 0.7997500322265625 0.6355639892578125 0.8041570439453125
1 0.6992551875 0.8888201337890625 0.7138134921875 0.884060962890625 0.71345035546875 0.850399705078125 0.7094933603515625 0.846485859375 0.702184619140625 0.8455761865234375 0.6998577646484375 0.848490693359375 0.686769546875 0.852346697265625 0.6492937509765625 0.8548508525390625 0.646454451171875 0.8578101923828125 0.6480523017578125 0.8878779404296875 0.650539208984375 0.8926949541015625 0.660889 0.8929512939453125 0.6992551875 0.8888201337890625
1 0.7139016201171875 0.8083407607421875 0.713298375 0.8368583359375 0.714928515625 0.8436866884765625 0.7165667275390625 0.84470519140625 0.7602927470703125 0.8428160419921875 0.7749855517578125 0.83959420703125 0.7768995 0.8142538076171875 0.77497480859375 0.7981565966796875 0.7676741396484374 0.7914370751953125 0.7622806826171875 0.7888107314453126 0.7265520458984375 0.7876765439453125 0.7078269248046875 0.7920257138671875 0.7049539990234375 0.7946007197265625 0.7046769267578125 0.7973358935546875 0.7139016201171875 0.8083407607421875
1 0.7631091669921874 0.880909978515625 0.7762646337890625 0.877822642578125 0.77753163671875 0.8509897392578125 0.7749855517578125 0.83959420703125 0.7160542822265625 0.844750025390625 0.7150549423828125 0.851033875 0.7169217919921875 0.884176296875 0.7631091669921874 0.880909978515625
1 0.782422056640625 0.8714747958984375 0.7847072138671874 0.873985802734375 0.7893192265625 0.8735823046875 0.79171333203125 0.871436466796875 0.8001478388671875 0.8734094765625 0.819175583984375 0.87251931640625 0.8370775634765625 0.8705658193359375 0.83950529296875 0.8688043173828125 0.837604818359375 0.8352775595703125 0.8091512978515625 0.8346687099609374 0.795517009765625 0.8381852138671875 0.7846547734375 0.8379737080078125 0.780311759765625 0.841451880859375 0.7828968466796875 0.859195330078125 0.782422056640625 0.8714747958984375
1 0.9021057431640624 0.828859908203125 0.8992745146484376 0.8260093984375 0.843963990234375 0.83123571875 0.8400661728515625 0.833900390625 0.8398227265625 0.8370198984375 0.8403028828125 0.8602144599609375 0.8418321484375 0.8658898095703125 0.8468476591796875 0.8700983232421875 0.8924217138671875 0.865723833984375 0.9019228095703125 0.862181662109375 0.9021057431640624 0.828859908203125
1 0.9653464033203125 0.8198415810546875 0.962170853515625 0.8189575771484375 0.914446140625 0.8223583955078125 0.9043317236328124 0.8247923974609375 0.9027701689453125 0.842356443359375 0.90383809375 0.8604649921875 0.906022376953125 0.8618229970703125 0.952176126953125 0.85817234375 0.9612992763671875 0.8562123427734375 0.963760630859375 0.854835173828125 0.9653464033203125 0.8198415810546875
1 1 0.814627220703125 0.9923715322265625 0.815928083984375 0.980383529296875 0.8146532412109375 0.97173919921875 0.81618407421875 0.966984615234375 0.820860083984375 0.9656665068359375 0.8353046220703125 0.966020236328125 0.851151998046875 0.96833901953125 0.8540473408203125 1 0.85198669921875 1 0.814627220703125
1 1 0.7605362138671875 0.9548675126953124 0.7649905966796875 0.952540658203125 0.7679051025390625 0.9532884775390625 0.7705506103515625 0.9653020341796875 0.7780196357421875 0.96830138671875 0.7827918173828124 0.9670935615234375 0.8162032392578125 0.978224798828125 0.819489419921875 1 0.8152736552734375 1 0.7605362138671875
1 0.9016511396484375 0.811859529296875 0.9023236376953125 0.8195462158203125 0.908882669921875 0.8243814609375 0.9180750048828125 0.8239618017578125 0.968416578125 0.8191729189453125 0.9715441865234375 0.784444490234375 0.9701830458984375 0.7806908125 0.9618238603515625 0.773676623046875 0.9472480751953125 0.766431763671875 0.8974735791015624 0.7700119150390625 0.8940545830078125 0.772247419921875 0.8945253310546875 0.7776281005859375 0.9026247705078125 0.7880122421875 0.9016511396484375 0.811859529296875
1 0.8400218037109375 0.7920784453125 0.842056779296875 0.8271425400390625 0.843896740234375 0.8304670498046876 0.879289126953125 0.8277578935546875 0.8856066025390625 0.8291415673828125 0.8998205859375 0.826348900390625 0.9021891376953125 0.8180088779296875 0.9002550380859375 0.784097787109375 0.8844189873046875 0.7742522529296875 0.87765631640625 0.77368208203125 0.84281 0.7767307392578126 0.8347117412109375 0.7786010732421875 0.83231763671875 0.780746912109375 0.831460869140625 0.78275825 0.8400218037109375 0.7920784453125
1 0.8373358193359375 0.8322028837890625 0.84000699609375 0.827321873046875 0.840644533203125 0.81100049609375 0.8395429833984375 0.79250761328125 0.8377030224609375 0.7891831025390625 0.827428552734375 0.783885583984375 0.822379416015625 0.779292736328125 0.77783025390625 0.78357755859375 0.768740728515625 0.78592189453125 0.7692114765625 0.7913025751953126 0.7752438076171875 0.801231271484375 0.778370923828125 0.836974369140625 0.8373358193359375 0.8322028837890625
0 0.0869140625 0.5888671875 0.0908203125 0.5966796875 0.087890625 0.6142578125 0.0576171875 0.6171875 0.0458984375 0.62109375 0.0341796875 0.619140625 0.0341796875 0.6025390625 0.0400390625 0.5927734375 0.0859375 0.5888671875
0 0.9306640625 0.3359375 0.955078125 0.337890625 0.9638671875 0.3408203125 0.970703125 0.3515625 0.970703125 0.357421875 0.96484375 0.3603515625 0.939453125 0.3603515625 0.921875 0.3427734375 0.923828125 0.3369140625 0.9296875 0.3369140625
0 0.94921875 0.5146484375 0.953125 0.5166015625 0.9541015625 0.5341796875 0.958984375 0.541015625 0.9609375 0.5556640625 0.9248046875 0.55859375 0.919921875 0.556640625 0.9140625 0.5419921875 0.9111328125 0.52734375 0.9140625 0.5185546875 0.9482421875 0.515625
0 0.43359375 0.73681640625 0.029296875 0.015625
0 0.068359375 0.7646484375 0.0712890625 0.7666015625 0.0712890625 0.7783203125 0.052734375 0.7822265625 0.041015625 0.7822265625 0.0400390625 0.7685546875 0.0673828125 0.7646484375
0 0.4248046875 0.8017578125 0.4384765625 0.80078125 0.44140625 0.8056640625 0.44140625 0.8115234375 0.439453125 0.8134765625 0.43359375 0.8154296875 0.4150390625 0.8154296875 0.4130859375 0.8134765625 0.4130859375 0.8046875 0.4248046875 0.802734375
0 0.5595703125 0.3583984375 0.564453125 0.36328125 0.564453125 0.3740234375 0.5595703125 0.37890625 0.5400390625 0.3828125 0.5234375 0.3828125 0.517578125 0.37890625 0.515625 0.365234375 0.5185546875 0.3603515625 0.55859375 0.3583984375
0 0.2275390625 0.576171875 0.2314453125 0.578125 0.2314453125 0.591796875 0.212890625 0.5947265625 0.2021484375 0.59375 0.2001953125 0.587890625 0.201171875 0.580078125 0.2265625 0.576171875
0 0.330078125 0.5693359375 0.3466796875 0.5703125 0.3466796875 0.58203125 0.345703125 0.583984375 0.32421875 0.5859375 0.3173828125 0.583984375 0.31640625 0.572265625 0.3173828125 0.5703125 0.3291015625 0.5693359375
0 0.9765625 0.748046875 0.9931640625 0.7451171875 0.9990234375 0.748046875 0.998046875 0.7578125 0.982421875 0.7607421875 0.9755859375 0.7587890625 0.9765625 0.7490234375
0 0.845703125 0.3466796875 0.85546875 0.35546875 0.8583984375 0.3642578125 0.8525390625 0.3681640625 0.8310546875 0.3720703125 0.8173828125 0.37109375 0.8076171875 0.359375 0.806640625 0.3525390625 0.8125 0.3486328125 0.8447265625 0.3466796875
0 0.607421875 0.78857421875 0.0302734375 0.0185546875
0 0.9853515625 0.6845703125 0.9990234375 0.6826171875 0.9990234375 0.6953125 0.986328125 0.6962890625 0.984375 0.6923828125 0.9853515625 0.685546875
0 0.3369140625 0.8115234375 0.3388671875 0.8125 0.3388671875 0.82421875 0.3125 0.8291015625 0.3095703125 0.822265625 0.310546875 0.8154296875 0.3359375 0.8115234375
0 0.5732421875 0.904296875 0.5771484375 0.912109375 0.57421875 0.9189453125 0.5517578125 0.9208984375 0.548828125 0.919921875 0.548828125 0.9072265625 0.5517578125 0.9052734375 0.572265625 0.904296875
0 0.4306640625 0.5634765625 0.4326171875 0.5712890625 0.4306640625 0.5771484375 0.4140625 0.5791015625 0.404296875 0.578125 0.4033203125 0.5673828125 0.4296875 0.5634765625
0 0.5068359375 0.5576171875 0.513671875 0.560546875 0.513671875 0.5712890625 0.4921875 0.5732421875 0.4873046875 0.5732421875 0.486328125 0.5712890625 0.486328125 0.560546875 0.505859375 0.5576171875
0 0.05078125 0.8408203125 0.0537109375 0.845703125 0.0537109375 0.8544921875 0.0341796875 0.8583984375 0.0302734375 0.8583984375 0.029296875 0.8564453125 0.0283203125 0.84375 0.0498046875 0.8408203125
0 0.8642578125 0.8720703125 0.8642578125 0.8837890625 0.853515625 0.88671875 0.841796875 0.8857421875 0.83984375 0.8837890625 0.83984375 0.875 0.853515625 0.87109375 0.86328125 0.8720703125
0 0.705078125 0.5458984375 0.708984375 0.548828125 0.7119140625 0.5712890625 0.6826171875 0.5751953125 0.66796875 0.57421875 0.6650390625 0.5693359375 0.6640625 0.548828125 0.7041015625 0.5458984375
0 0.44140625 0.9189453125 0.447265625 0.9208984375 0.4482421875 0.9326171875 0.4208984375 0.9365234375 0.4189453125 0.9296875 0.419921875 0.9228515625 0.4404296875 0.919921875
0 0.220703125 0.7646484375 0.21875 0.7587890625 0.220703125 0.7509765625 0.248046875 0.7490234375 0.25 0.7607421875 0.2431640625 0.763671875 0.2216796875 0.763671875
0 0.1787109375 0.830078125 0.1796875 0.8408203125 0.1767578125 0.84375 0.1689453125 0.8427734375 0.15625 0.845703125 0.150390625 0.84375 0.1484375 0.8369140625 0.150390625 0.83203125 0.16796875 0.8291015625 0.177734375 0.830078125
0 0.0732421875 0.966796875 0.0751953125 0.96875 0.0751953125 0.9794921875 0.072265625 0.982421875 0.0625 0.982421875 0.048828125 0.986328125 0.0439453125 0.9853515625 0.0439453125 0.970703125 0.072265625 0.966796875
0 0.8759765625 0.693359375 0.8779296875 0.697265625 0.876953125 0.705078125 0.8681640625 0.70703125 0.853515625 0.70703125 0.8525390625 0.6962890625 0.8564453125 0.6943359375 0.875 0.693359375
0 0.4951171875 0.357421875 0.4990234375 0.3603515625 0.5029296875 0.3681640625 0.5029296875 0.3798828125 0.47265625 0.3857421875 0.4609375 0.3857421875 0.4560546875 0.380859375 0.453125 0.36328125 0.47265625 0.3583984375 0.494140625 0.357421875
0 0.84375 0.7724609375 0.84375 0.76171875 0.859375 0.7587890625 0.8671875 0.759765625 0.8671875 0.771484375 0.8447265625 0.7724609375
0 0.724609375 0.7724609375 0.7255859375 0.7841796875 0.71484375 0.787109375 0.7021484375 0.787109375 0.7001953125 0.77734375 0.703125 0.7744140625 0.7236328125 0.7724609375
0 0.6787109375 0.892578125 0.681640625 0.896484375 0.681640625 0.9052734375 0.6640625 0.9091796875 0.65625 0.9091796875 0.654296875 0.9072265625 0.6552734375 0.8955078125 0.677734375 0.892578125
0 0.5498046875 0.71875 0.5537109375 0.7197265625 0.5546875 0.7294921875 0.5537109375 0.7314453125 0.5439453125 0.7333984375 0.52734375 0.7333984375 0.52734375 0.7216796875 0.548828125 0.7197265625
0 0.5009765625 0.7939453125 0.5029296875 0.8037109375 0.5009765625 0.8076171875 0.48046875 0.8095703125 0.4765625 0.80859375 0.4765625 0.796875 0.5 0.7939453125
0 0.5654296875 0.7880859375 0.56640625 0.798828125 0.564453125 0.80078125 0.546875 0.802734375 0.541015625 0.802734375 0.5390625 0.80078125 0.541015625 0.7900390625 0.546875 0.7880859375 0.564453125 0.7880859375
0 0.634765625 0.7119140625 0.6376953125 0.71875 0.63671875 0.7255859375 0.6220703125 0.7275390625 0.611328125 0.7265625 0.611328125 0.71484375 0.6337890625 0.7119140625
0 0.6015625 0.35546875 0.619140625 0.35546875 0.6240234375 0.361328125 0.6259765625 0.3740234375 0.6181640625 0.3779296875 0.5849609375 0.380859375 0.5751953125 0.3701171875 0.57421875 0.3623046875 0.576171875 0.357421875 0.6005859375 0.35546875
0 0.736328125 0.705078125 0.7607421875 0.703125 0.76171875 0.7138671875 0.7373046875 0.716796875 0.7353515625 0.7138671875 0.736328125 0.7060546875
0 0.1650390625 0.9541015625 0.18359375 0.953125 0.185546875 0.951171875 0.1953125 0.9521484375 0.1943359375 0.9658203125 0.1728515625 0.96875 0.1650390625 0.9677734375 0.1630859375 0.9609375 0.1650390625 0.955078125
0 0.701171875 0.3515625 0.7294921875 0.3525390625 0.734375 0.357421875 0.73828125 0.3671875 0.73828125 0.373046875 0.71875 0.3759765625 0.7041015625 0.3759765625 0.6943359375 0.3740234375 0.69140625 0.37109375 0.6875 0.3544921875 0.69140625 0.3515625 0.7001953125 0.3515625
0 0.296875 0.939453125 0.298828125 0.9482421875 0.2958984375 0.953125 0.2734375 0.9560546875 0.2685546875 0.955078125 0.2685546875 0.94140625 0.2841796875 0.9384765625 0.2958984375 0.939453125