1 0.146003666015625 0.2623147275390625 0.1528219501953125 0.299238392578125 0.1588498505859375 0.32035554296875 0.16197619921875 0.3226161396484375 0.163653837890625 0.3303040810546875 0.1960832421875 0.3312814677734375 0.2001035771484375 0.3258092353515625 0.19439213671875 0.3228220390625 0.2003149091796875 0.3084417919921875 0.1899973466796875 0.277367125 0.187102529296875 0.2588963154296875 0.1797538505859375 0.2505356396484375 0.170922794921875 0.24567358984375 0.15654862890625 0.2474679365234375 0.1463967939453125 0.25536236328125 0.146003666015625 0.2623147275390625
1 0.2619976328125 0.334761263671875 0.2912939560546875 0.333092310546875 0.2933310556640625 0.3318991689453125 0.2932435234375 0.3268845 0.2910852275390625 0.3211342548828125 0.2827535029296875 0.256454998046875 0.2785513720703125 0.2515121513671875 0.2717910830078125 0.2473856787109375 0.2496953095703125 0.2489289453125 0.2440714013671875 0.2509564169921875 0.2400241328125 0.2548856748046875 0.2396579384765625 0.2633810146484375 0.252117728515625 0.3287599384765625 0.2619976328125 0.334761263671875
1 0.2455459677734375 0.3354342900390625 0.2505545537109375 0.3276296396484375 0.237358244140625 0.2495301513671875 0.2203316552734375 0.2467404609375 0.2085089150390625 0.2473326884765625 0.2003066484375 0.2490193046875 0.1942222802734375 0.2541417041015625 0.1938830185546875 0.2641800185546875 0.202839400390625 0.305696697265625 0.2058688818359375 0.3318823818359375 0.213630888671875 0.3344479248046875 0.2455459677734375 0.3354342900390625
1 0.2842156796875 0.251799140625 0.2843032109375 0.2568138095703125 0.2910380947265625 0.318434048828125 0.2948740302734375 0.331872236328125 0.297492787109375 0.3345275546875 0.304192478515625 0.3351823330078125 0.3211382685546875 0.3333430986328125 0.3319592919921875 0.33431180078125 0.33551916796875 0.3319344951171875 0.3364602861328125 0.3269018720703125 0.3324358212890625 0.302662861328125 0.32975646484375 0.296535849609375 0.325936599609375 0.2545436513671875 0.316557552734375 0.2477618603515625 0.286246046875 0.250220255859375 0.2842156796875 0.251799140625
1 0.345825865234375 0.33291217578125 0.3571073486328125 0.3307859501953125 0.376651697265625 0.3304448017578125 0.3807191650390625 0.327672775390625 0.38119308984375 0.3253493349609375 0.3695330224609375 0.2468371708984375 0.3402030341796875 0.246577404296875 0.3350732509765625 0.24743866796875 0.33514058203125 0.2512961044921875 0.3305049248046875 0.2509911591796875 0.328481291015625 0.2529557880859375 0.3329164794921875 0.3007251650390625 0.33853778515625 0.3280231923828125 0.345825865234375 0.33291217578125
1 0.3726795703125 0.250254998046875 0.3728613662109375 0.260670078125 0.3833177216796875 0.3291708623046875 0.3890426279296875 0.3329295458984375 0.4198819248046875 0.33123366015625 0.4239224599609375 0.3269186591796875 0.42376086328125 0.3176608095703125 0.4177221005859375 0.266446671875 0.4133247080078125 0.2503172568359375 0.4117480673828125 0.248415470703125 0.3998512607421875 0.2447645185546875 0.3911279365234375 0.2460743681640625 0.3900790869140625 0.2449350927734375 0.3797993212890625 0.2455003876953125 0.3746830048828125 0.247133138671875 0.3726795703125 0.250254998046875
1 0.46278743359375 0.254470078125 0.460528138671875 0.2429336767578125 0.448651533203125 0.240439955078125 0.441457716796875 0.240951384765625 0.437891107421875 0.242942947265625 0.420417525390625 0.244019671875 0.4168845830078125 0.247939951171875 0.4270555419921875 0.329565 0.4317450654296875 0.33295589453125 0.460513595703125 0.3305244326171875 0.46659123046875 0.3250162890625 0.46278743359375 0.254470078125
1 0.5093138671875 0.326199869140625 0.5102011201171875 0.3180812958984375 0.5057685341796875 0.2409864189453125 0.5010722783203125 0.2372097802734375 0.489202404296875 0.235101802734375 0.4687371376953125 0.2416328046875 0.4651974619140625 0.245167341796875 0.4650534619140625 0.26639222265625 0.469737779296875 0.3284341171875 0.470793361328125 0.32995913671875 0.5052598662109375 0.3297433828125 0.5093138671875 0.326199869140625
1 0.5161886201171875 0.336883984375 0.5222460556640625 0.3302186103515625 0.52533873828125 0.33055048828125 0.526935578125 0.333609505859375 0.5289390126953125 0.3304876455078125 0.550533927734375 0.32972484375 0.553058419921875 0.32697975 0.55181278125 0.2556171630859375 0.549486154296875 0.2402233251953125 0.545858947265625 0.238743193359375 0.524257298828125 0.239120251953125 0.51092525 0.241668130859375 0.5089016162109375 0.243632759765625 0.511350966796875 0.3250067275390625 0.5161886201171875 0.336883984375
1 0.5854945576171875 0.3283428818359375 0.5936698916015625 0.3251132900390625 0.596153984375 0.3200537333984375 0.5922357236328125 0.2429498798828125 0.5808532431640625 0.2392899501953125 0.56902376953125 0.2394964345703125 0.559271794921875 0.2408242392578125 0.5546765361328125 0.2428337548828125 0.5536950185546875 0.245551916015625 0.5555829130859375 0.32423465625 0.559798509765625 0.3299489912109375 0.5757021845703125 0.327356224609375 0.5854945576171875 0.3283428818359375
1 0.602386482421875 0.3234176962890625 0.6096072314453125 0.3244492412109375 0.637915302734375 0.3251127060546875 0.64194237109375 0.3200262177734375 0.6395805517578125 0.24366691796875 0.6302351708984375 0.238813845703125 0.6214916474609375 0.23896646484375 0.616395529296875 0.2417564462890625 0.6009523154296875 0.2412542861328125 0.59737897265625 0.2428601044921875 0.596444587890625 0.2482784716796875 0.5972054365234375 0.2918675107421875 0.6002955166015626 0.3215248876953125 0.602386482421875 0.3234176962890625
1 0.643093294921875 0.23858940625 0.64366821875 0.242052123046875 0.64165805078125 0.2447882392578125 0.6435190126953125 0.32192800390625 0.6502860341796876 0.32644021875 0.6728893994140625 0.32450223046875 0.6744727734375 0.3267897607421875 0.6700525771484375 0.33882861328125 0.679323892578125 0.3394385048828125 0.6813677265625 0.3386311064453125 0.680143814453125 0.327462494140625 0.6851658662109374 0.32042933203125 0.6861002509765625 0.31501096484375 0.6869994443359375 0.24862713671875 0.6853622041015625 0.2432536572265625 0.68012469140625 0.237943021484375 0.670325583984375 0.2365706201171875 0.6544488427734375 0.2407063623046875 0.643093294921875 0.23858940625
1 0.732639701171875 0.2401132578125 0.729439287109375 0.2336094814453125 0.7016657392578125 0.2340942705078125 0.69606203125 0.2372789736328125 0.691426373046875 0.23697402734375 0.68841448828125 0.2412710732421875 0.6881425576171875 0.25516682421875 0.6877240244140626 0.31961295703125 0.692948072265625 0.32415210546875 0.7238008359375 0.3232277080078125 0.7314079794921875 0.31692114453125 0.732639701171875 0.2401132578125
1 0.699281568359375 0.3333022236328125 0.6961552197265625 0.331041626953125 0.6905649765625 0.3349978173828125 0.69011125 0.33847848828125 0.7050603388671876 0.340146857421875 0.7173772060546875 0.3383884208984375 0.7203958232421875 0.3344771181640625 0.7172425419921875 0.330673546875 0.7033557685546875 0.33091594140625 0.699281568359375 0.3333022236328125
1 0.7571993671875 0.2323532041015625 0.753632759765625 0.234344765625 0.73612551171875 0.2334927724609375 0.7338703466796875 0.2516676142578125 0.7323449677734375 0.28217727734375 0.7335258779296875 0.320356927734375 0.7361379013671875 0.322626501953125 0.7464311337890625 0.3228326943359375 0.745043021484375 0.3317317314453125 0.741483146484375 0.3341090380859375 0.744115369140625 0.3375358427734375 0.7729242998046875 0.3374188427734375 0.7743999423828125 0.33353447265625 0.77315583203125 0.32120862890625 0.7787258740234375 0.31609520703125 0.7776526953125 0.2840874580078125 0.7799508623046875 0.2389015771484375 0.771079408203125 0.23172506640625 0.768013658203125 0.2329361630859375 0.7571993671875 0.2323532041015625
1 0.8101602939453125 0.31901926953125 0.8183827607421875 0.3184898837890625 0.821421578125 0.3157358125 0.8279783447265625 0.24925323046875 0.82670056640625 0.2349986689453125 0.8193855537109375 0.2285667119140625 0.8029877548828125 0.2323256875 0.7813861064453125 0.23270274609375 0.7796628623046875 0.2813513408203125 0.7797612568359376 0.31646299609375 0.7829280048828124 0.3210380546875 0.804543119140625 0.321432484375 0.8101602939453125 0.31901926953125
1 0.1273216162109375 0.4594300546875 0.135494345703125 0.485525962890625 0.136170267578125 0.494774833984375 0.146074501953125 0.5316446337890625 0.1476376767578125 0.5327749326171874 0.160502533203125 0.5329362373046875 0.1862120478515625 0.5321016142578125 0.188750005859375 0.5301280087890625 0.189203732421875 0.5266473369140625 0.175032638671875 0.4516517529296875 0.17306547265625 0.42737683203125 0.163232701171875 0.424075712890625 0.1534403271484375 0.4230890546875 0.126729095703125 0.4254846083984375 0.1221338369140625 0.427494125 0.1273216162109375 0.4594300546875
1 0.23462852734375 0.50578966015625 0.2189009921875 0.430049521484375 0.203403912109375 0.4264614111328125 0.183879763671875 0.427959791015625 0.1802592890625 0.42686540234375 0.176685947265625 0.4284712197265625 0.175217037109375 0.4327413330078125 0.1754324990234375 0.4450851328125 0.1918090234375 0.52853116796875 0.1964985458984375 0.5319220625 0.2345451259765625 0.5304862353515625 0.23462852734375 0.50578966015625
1 0.2797989873046875 0.52931046484375 0.2828580048828125 0.5277136240234375 0.2833117314453125 0.5242329541015625 0.2713015380859375 0.425662115234375 0.2640875224609375 0.425016314453125 0.24870490625 0.42798584765625 0.2224676005859375 0.4280579599609375 0.2215534150390625 0.4346335576171875 0.232708494140625 0.4842149443359375 0.238105001953125 0.5281089296875 0.24226 0.5303515712890625 0.2797989873046875 0.52931046484375
1 0.276938912109375 0.424406130859375 0.2738933623046875 0.4267744580078125 0.27356756640625 0.437584259765625 0.280268783203125 0.4972757822265625 0.285422896484375 0.5272829921875 0.2869928046875 0.5287990341796875 0.307586001953125 0.5295971630859375 0.327110150390625 0.528098783203125 0.3296413759765625 0.52573943359375 0.3313889482421875 0.5079593125 0.326362767578125 0.4852812314453125 0.322001642578125 0.4417550361328125 0.3181455068359375 0.4271596181640625 0.3129483916015625 0.4241634443359375 0.3098759091796875 0.424988796875 0.303162751953125 0.4235625302734375 0.2826166865234375 0.4254646083984375 0.276938912109375 0.424406130859375
1 0.3319312822265625 0.421131068359375 0.3283310087890625 0.4211939111328125 0.324764400390625 0.42318547265625 0.3227878984375 0.4278503076171875 0.3261540380859375 0.473323177734375 0.3329588564453125 0.5094753544921875 0.3322062666015625 0.5253088017578125 0.33480482421875 0.526806888671875 0.37339939453125 0.5272908017578125 0.375937353515625 0.5253171962890625 0.3737049912109375 0.51532376953125 0.3755804951171875 0.504872779296875 0.3695376025390625 0.4239473984375 0.360266287109375 0.4233375078125 0.3515698955078125 0.42619033203125 0.346083591796875 0.426286095703125 0.3417775224609375 0.4252036748046875 0.3407152060546875 0.4232929111328125 0.3371283974609375 0.4241272412109375 0.3319312822265625 0.421131068359375
1 0.382394650390625 0.512085201171875 0.3831244375 0.5244200224609376 0.42225353125 0.526052189453125 0.42475782421875 0.52214986328125 0.4254363486328125 0.5020732353515625 0.4212570205078125 0.4689621201171875 0.420879962890625 0.4473604716796875 0.416381572265625 0.4254449013671875 0.4096549482421875 0.4232471474609375 0.4045318984375 0.424494154296875 0.400911423828125 0.4233997666015625 0.37416652734375 0.423866599609375 0.3716353017578125 0.426225951171875 0.377056138671875 0.5009884091796875 0.382394650390625 0.512085201171875
1 0.47059334375 0.524822552734375 0.4726237109375 0.52324366796875 0.4708854736328125 0.512084033203125 0.4721860546875 0.4981703271484375 0.4697206337890625 0.44535037109375 0.466745017578125 0.42225063671875 0.4605529189453125 0.42120113671875 0.4477351943359375 0.4237400380859375 0.4338416875 0.423596689453125 0.4235080556640625 0.4210760341796875 0.42046923828125 0.4238301064453125 0.42890608984375 0.52400676171875 0.4464268046875 0.5256302431640625 0.47059334375 0.524822552734375
1 0.5168825888671875 0.5240145712890625 0.520428998046875 0.5208657783203124 0.52248216796875 0.491118625 0.521227193359375 0.448695794921875 0.5177237861328124 0.42483355078125 0.5140494462890625 0.420653212890625 0.4986398974609375 0.4220797705078125 0.4723756591796875 0.420608908203125 0.4703385595703125 0.4218020498046875 0.4738704248046875 0.50624401171875 0.4762105185546875 0.522409337890625 0.4911596083984375 0.5240777060546875 0.5168825888671875 0.5240145712890625
1 0.5718816923828125 0.521125251953125 0.5726948798828125 0.508763498046875 0.566977783203125 0.41702831640625 0.5623623251953125 0.4178806015625 0.558728384765625 0.4160147255859375 0.545403068359375 0.4189483486328125 0.522271912109375 0.4201238271484375 0.52074913671875 0.4213079912109375 0.527135421875 0.52190630078125 0.529733978515625 0.5234043876953125 0.5683150830078125 0.5231168134765625 0.5718816923828125 0.521125251953125
1 0.572018958984375 0.4995146259765625 0.57495417578125 0.5202998994140625 0.5775594658203125 0.5221837294921875 0.6161405703125 0.5218961552734375 0.6197071787109375 0.5199045947265625 0.622103740234375 0.5098303701171875 0.6196626494140625 0.487878888671875 0.6184641435546875 0.4192165078125 0.6153175947265624 0.4157986806640625 0.6117038544921874 0.41509003515625 0.5983852705078125 0.41840940234375 0.586555796875 0.41861588671875 0.5844648310546875 0.4167230791015625 0.57314294921875 0.416534841796875 0.5700839326171875 0.418131681640625 0.572018958984375 0.4995146259765625
1 0.626386669921875 0.5194021416015625 0.6649879736328125 0.520271798828125 0.66734413671875 0.507883111328125 0.66795119921875 0.4542378037109375 0.6669520859375 0.426473234375 0.6641851982421875 0.4153315546875 0.647151876953125 0.41215612109375 0.6307540771484375 0.4159150966796875 0.619438927734375 0.416112603515625 0.6217266826171876 0.4882287216796875 0.622957328125 0.499783078125 0.62721332421875 0.507811875 0.626386669921875 0.5194021416015625
1 0.7172077998046875 0.4171070703125 0.7130258681640625 0.413321453125 0.7083700107421875 0.4118592763671875 0.66931498046875 0.414470291015625 0.66729134765625 0.416434919921875 0.669271978515625 0.441481328125 0.66806045703125 0.5194464453125 0.710769626953125 0.519858537109375 0.7148101611328125 0.5155435361328125 0.717024927734375 0.495054232421875 0.7172077998046875 0.4171070703125
1 0.7151033681640625 0.4144427744140625 0.7178029228515626 0.4217270166015625 0.716029943359375 0.4970009052734375 0.7182219072265625 0.5046798701171875 0.715710880859375 0.508196451171875 0.716407001953125 0.5186025537109376 0.736485875 0.5194096591796875 0.7575597314453125 0.5182700908203125 0.7611061396484375 0.515121298828125 0.7603830859375 0.5031722216796874 0.7635928359375 0.4807362421875 0.76562841015625 0.420506359375 0.7613656796875 0.412091818359375 0.75720394921875 0.4094634326171875 0.7412733408203125 0.410513224609375 0.7305263828125 0.413787703125 0.7151033681640625 0.4144427744140625
1 0.76692638671875 0.43591815234375 0.7626356484375 0.51432287890625 0.7652678720703125 0.51774968359375 0.807455984375 0.5177850107421875 0.810467869140625 0.5134879638671875 0.8102810234375 0.502783576171875 0.815438658203125 0.4740433515625 0.8141406806640625 0.45863155859375 0.817824357421875 0.4338721416015625 0.815911056640625 0.412683169921875 0.812216517578125 0.4073456005859375 0.767016521484375 0.4116073203125 0.7655004794921875 0.413177228515625 0.7670973193359375 0.4162362451171875 0.76692638671875 0.43591815234375
1 0.83693778125 0.4088433955078125 0.819843861328125 0.4021962685546875 0.8162503193359375 0.40264485546875 0.8142334189453125 0.404995228515625 0.819199001953125 0.424201615234375 0.81814081640625 0.452002095703125 0.8161710478515625 0.457052673828125 0.813217158203125 0.4941469130859375 0.8148476650390625 0.4991346484375 0.812898095703125 0.5053424580078125 0.813594216796875 0.515748560546875 0.8141287412109375 0.516896814453125 0.8311149306640625 0.5173720419921874 0.8506458125 0.51625940625 0.85675711328125 0.512679982421875 0.859681466796875 0.503368267578125 0.865220447265625 0.4670006279296875 0.869975775390625 0.4152122177734375 0.86419700390625 0.408367583984375 0.83693778125 0.4088433955078125
1 0.1480338583984375 0.6438960537109375 0.148447185546875 0.638100919921875 0.146362953125 0.63659385546875 0.1391489365234375 0.6359480546875 0.12582362109375 0.638881677734375 0.1149958642578125 0.6375272314453125 0.1109149306640625 0.639527771484375 0.1042017734375 0.6381015048828125 0.0970618232421875 0.6416988837890625 0.0979195400390625 0.6613628349609375 0.1061798017578125 0.692473412109375 0.1152371826171875 0.739776248046875 0.11680708984375 0.7412922900390625 0.1255708134765625 0.74229690234375 0.16212155078125 0.743588212890625 0.16618228515625 0.7404304423828125 0.162779875 0.722354353515625 0.16632628515625 0.719205560546875 0.160433048828125 0.7058032841796875 0.158072755859375 0.688480728515625 0.1594877998046875 0.6811246650390625 0.1521121884765625 0.6712210146484375 0.149900025390625 0.6623848193359375 0.151348736328125 0.656957474609375 0.1480338583984375 0.6438960537109375
1 0.1793336142578125 0.6391052412109375 0.1535702353515625 0.6368539140625 0.147499333984375 0.64274780078125 0.1470725400390625 0.6477714453125 0.1553058681640625 0.6773390478515625 0.166689876953125 0.740035720703125 0.1713726669921875 0.743040873046875 0.1927551181640625 0.7418959189453125 0.2140683701171875 0.7426814775390626 0.2176215126953125 0.7399184287109375 0.2175878466796875 0.7379897099609375 0.21375191015625 0.7245515224609375 0.2084160029296875 0.6841292314453125 0.201691982421875 0.652605978515625 0.1995875498046875 0.6499416826171875 0.19989987890625 0.6383603935546875 0.19471623046875 0.6361357080078125 0.183908673828125 0.6359384931640625 0.1793336142578125 0.6391052412109375
1 0.2188693037109375 0.6345565302734375 0.21631787890625 0.6357586494140625 0.212176345703125 0.6342874951171875 0.20500273046875 0.63595615625 0.2009352626953125 0.6387281826171874 0.20559525 0.6699016025390625 0.2122250048828125 0.6960244443359375 0.2136441796875 0.7183796240234375 0.217913642578125 0.7271799091796874 0.2196922783203125 0.740654005859375 0.2207411279296875 0.74179328125 0.2655143310546875 0.74255520703125 0.2685262158203125 0.7382581611328125 0.2651305390625 0.72056781640625 0.2652745390625 0.6993429345703125 0.2578611318359375 0.657799322265625 0.253578203125 0.64822755078125 0.254425056640625 0.6377945146484375 0.2502700576171875 0.635551873046875 0.2271523681640625 0.6374988388671875 0.2188693037109375 0.6345565302734375
1 0.2641029658203125 0.632223529296875 0.2589866494140625 0.6338562802734375 0.2559545654296875 0.6369960947265625 0.2662735634765625 0.69762770703125 0.2700691904296875 0.738231228515625 0.27268121484375 0.7405008037109375 0.317935076171875 0.739325033203125 0.3199587099609375 0.7373604033203125 0.3186607333984375 0.7219486103515625 0.32007577734375 0.714592546875 0.3160041796875 0.687653330078125 0.3117010517578125 0.6769243271484375 0.3075890556640625 0.6476706484375 0.307901384765625 0.6360893603515625 0.3037463857421875 0.6338467177734375 0.287795580078125 0.6337392783203125 0.283233986328125 0.6376775146484375 0.2806623623046875 0.63772240234375 0.2641029658203125 0.632223529296875
1 0.3191155361328125 0.630105697265625 0.30942416015625 0.6349051953125 0.3102145458984375 0.6507117099609375 0.3227618662109375 0.721105302734375 0.3230379267578125 0.7369207939453125 0.3251221591796875 0.7384278583984375 0.3672968056640625 0.737691697265625 0.369814564453125 0.734560859375 0.368570453125 0.7222350166015625 0.3699248974609375 0.7114072607421875 0.3680250654296875 0.6909897763671875 0.3647236533203125 0.6786998427734375 0.3613373134765625 0.6320697421875 0.35924634765625 0.63017693359375 0.3541030986328125 0.630266708984375 0.339802998046875 0.6363042373046875 0.3268371435546875 0.63035677734375 0.3191155361328125 0.630105697265625
1 0.376733396484375 0.6298716962890625 0.3751500224609375 0.6275841669921876 0.374161771484375 0.629916583984375 0.3690521875 0.6319350791015625 0.3649241220703125 0.6312354111328125 0.361918970703125 0.635918201171875 0.3693028427734375 0.705244337890625 0.374964546875 0.734856828125 0.3791195458984375 0.737099470703125 0.418736033203125 0.73717968359375 0.421781583984375 0.7348113564453125 0.4222285771484375 0.73094494140625 0.4210248642578125 0.7209335595703125 0.4230417646484375 0.7185831875 0.4227320390625 0.7008389775390625 0.4162934150390625 0.6561914599609375 0.415781693359375 0.6268749384765625 0.41214101953125 0.624623318359375 0.40654404296875 0.628193765625 0.4024092451171875 0.62710835546875 0.3865190361328125 0.6304726103515625 0.376733396484375 0.6298716962890625
1 0.466527853515625 0.7340303076171875 0.474262927734375 0.735052875 0.4757789697265625 0.733482966796875 0.4744903291015625 0.68913141796875 0.4698464111328125 0.629403986328125 0.465197287109375 0.628327552734375 0.4389936474609375 0.630328384765625 0.420424083984375 0.627565626953125 0.4184475830078125 0.6322304619140625 0.4225839091796875 0.6923526162109375 0.4289552001953125 0.7331426953125 0.4356818232421875 0.73534044921875 0.466527853515625 0.7340303076171875
1 0.52175283203125 0.6261827890625 0.509476365234375 0.6302556875 0.4807011005859375 0.63230140625 0.4760115771484375 0.62891051171875 0.4729996923828125 0.63320755859375 0.477039150390625 0.717254798828125 0.48144327734375 0.7337699580078125 0.4912423837890625 0.735142359375 0.526203013671875 0.7337603955078125 0.5274388662109375 0.6866637529296875 0.52175283203125 0.6261827890625
1 0.575578208984375 0.732898548828125 0.5786170263671875 0.7301444775390625 0.580885658203125 0.7127411220703125 0.5747888994140625 0.6287297919921875 0.556232802734375 0.6267385224609375 0.5377507705078125 0.62899043359375 0.5336765693359375 0.631376716796875 0.5279516640625 0.627618033203125 0.525413705078125 0.629591638671875 0.524815978515625 0.65429719140625 0.529749423828125 0.7306116025390625 0.5334035625 0.7336347099609375 0.575578208984375 0.732898548828125
1 0.62725677734375 0.6281998232421875 0.6251523447265624 0.62553552734375 0.6122672890625 0.6242169921875 0.59632994921875 0.624881041015625 0.5937852568359375 0.6264689033203125 0.5824566416015625 0.625894921875 0.578368974609375 0.6275097177734374 0.5817164423828125 0.7308620986328125 0.6270039697265625 0.731615046875 0.629528462890625 0.728869953125 0.63114810546875 0.7037607021484374 0.62725677734375 0.6281998232421875
1 0.63236528515625 0.7145435703125 0.6340967890625 0.7253174619140625 0.6377643955078125 0.7291120556640625 0.646433853515625 0.7247162568359375 0.651664634765625 0.7296411484375 0.6563204912109375 0.7311033251953125 0.6763993642578126 0.731910431640625 0.680453365234375 0.7283669169921875 0.682926595703125 0.693210375 0.6807937041015625 0.629966361328125 0.664802498046875 0.6275444599609376 0.65557158203125 0.62924903125 0.6431806513671875 0.626764287109375 0.6354792431640625 0.6276704375 0.6309041845703125 0.630837185546875 0.63236528515625 0.7145435703125
1 0.7206313095703125 0.7311383603515625 0.7298756923828125 0.7302052763671875 0.7318925927734375 0.7278549033203126 0.73481281640625 0.6888319453125 0.7364552626953125 0.6355544267578125 0.73321444921875 0.6267361865234375 0.7285653251953125 0.62565975390625 0.71012369140625 0.630226126953125 0.6915339287109376 0.626306138671875 0.6843670458984376 0.62836054296875 0.6829493984375 0.6650421064453125 0.6840671064453125 0.7290755615234376 0.68563028125 0.7302058603515625 0.7206313095703125 0.7311383603515625
1 0.7362076611328126 0.6803186513671875 0.7331056416015626 0.708926529296875 0.7345046171875 0.7301244775390625 0.7602141318359374 0.72928985546875 0.7813283857421875 0.7304647490234375 0.783873078125 0.72887688671875 0.7836912822265625 0.718461806640625 0.7866695009765625 0.7122360419921875 0.7899585234375 0.6353922451171875 0.7882270185546875 0.6246183544921875 0.7856015283203125 0.62157729296875 0.7804448125 0.6208955810546875 0.7640739453125 0.6261975322265625 0.7398737412109375 0.6250765029296875 0.73634753125 0.6293825263671875 0.7362076611328126 0.6803186513671875
1 0.8093412744140625 0.6257932490234375 0.8047190830078125 0.6262597900390625 0.8026281171875 0.624366982421875 0.7985404501953125 0.6259817783203125 0.7949065107421875 0.62411590234375 0.7913735673828125 0.6280361826171875 0.789733724609375 0.6519882021484374 0.79005691796875 0.670503900390625 0.7865752373046875 0.7068356298828125 0.7874800859375 0.729199787109375 0.7900786435546875 0.730697875 0.8343038564453125 0.7295400595703125 0.837836798828125 0.725619779296875 0.8376078701171875 0.7125044931640625 0.8414598759765625 0.69738866796875 0.84362077734375 0.6738134130859375 0.8465948662109375 0.63787640625 0.8437673798828125 0.6232630322265625 0.8396056484375 0.6206346474609375 0.833433748046875 0.6207423779296874 0.8171032802734375 0.628358791015625 0.8135030068359375 0.628421634765625 0.8093412744140625 0.6257932490234375
1 0.88593529296875 0.6221411279296875 0.8747076748046875 0.627353302734375 0.86852230859375 0.6266895458984375 0.8658968193359375 0.623648484375 0.861281361328125 0.6245007705078125 0.8581617451171875 0.6226259169921875 0.850954462890625 0.622365859375 0.8469004619140625 0.625909373046875 0.84728425390625 0.6478967646484375 0.8406534208984375 0.710136166015625 0.8409294814453125 0.725951658203125 0.8419985302734375 0.7282481650390625 0.8456190048828125 0.729342552734375 0.880579634765625 0.7279605908203125 0.886176611328125 0.7243901435546874 0.88702346484375 0.7139571083984375 0.8920455166015625 0.7069239462890625 0.893961419921875 0.6987874169921875 0.8970432392578125 0.66902230859375 0.9000349248046875 0.66356803125 0.9024744892578125 0.62648276953125 0.9003363916015625 0.621889755859375 0.8956670673828125 0.619656091796875 0.88593529296875 0.6221411279296875
0 0.4599609375 0.060546875 0.5087890625 0.0615234375 0.51953125 0.0634765625 0.51953125 0.1044921875 0.521484375 0.1083984375 0.5205078125 0.162109375 0.498046875 0.1640625 0.4560546875 0.1640625 0.443359375 0.162109375 0.44140625 0.1591796875 0.4375 0.0654296875 0.4404296875 0.060546875 0.458984375 0.060546875