1 0.0606995888671875 0.1805555556640625 0.039094650390625 0.17862654296875 0.03600823046875 0.181712962890625 0.0385802470703125 0.210262345703125 0.043209876953125 0.2264660498046875 0.058127572265625 0.227237654296875 0.0673868310546875 0.2256944443359375 0.0684156376953125 0.223765431640625 0.0637860078125 0.2106481484375 0.0606995888671875 0.1805555556640625
1 0.0956790126953125 0.22762345703125 0.115226337890625 0.2283950615234375 0.116769546875 0.2253086416015625 0.1126543212890625 0.18402777734375 0.1095679013671875 0.1809413583984375 0.087962962890625 0.181712962890625 0.0915637861328125 0.223765431640625 0.0956790126953125 0.22762345703125
1 0.0884773662109375 0.2280092587890625 0.0905349794921875 0.227237654296875 0.0905349794921875 0.2202932099609375 0.08693415625 0.182098765625 0.0828189296875 0.1801697529296875 0.067901234375 0.179012345703125 0.062757201171875 0.1805555556640625 0.0617283955078125 0.187885802734375 0.06584362109375 0.2148919755859375 0.0643004111328125 0.224151234375 0.06995884765625 0.227237654296875 0.0884773662109375 0.2280092587890625
1 0.1507201650390625 0.227237654296875 0.1507201650390625 0.223765431640625 0.147119341796875 0.2175925927734375 0.145061728515625 0.182098765625 0.1208847734375 0.1801697529296875 0.11882716015625 0.181712962890625 0.11882716015625 0.1863425927734375 0.12294238671875 0.22762345703125 0.143004115234375 0.2291666669921875 0.1486625517578125 0.2280092587890625 0.1507201650390625 0.227237654296875
1 0.1563786005859375 0.1809413583984375 0.1507201650390625 0.1809413583984375 0.14609053515625 0.1828703701171875 0.1476337451171875 0.2268518515625 0.1532921806640625 0.2287808642578125 0.170781892578125 0.2283950615234375 0.1723251025390625 0.22492283984375 0.1702674892578125 0.184413580078125 0.1666666669921875 0.182098765625 0.1563786005859375 0.1809413583984375
1 0.1923868310546875 0.182484568359375 0.1743827158203125 0.181712962890625 0.17181069921875 0.1828703701171875 0.17181069921875 0.2114197529296875 0.1738683125 0.227237654296875 0.1779835390625 0.2291666669921875 0.1965020576171875 0.2291666669921875 0.1995884775390625 0.227237654296875 0.1995884775390625 0.1886574072265625 0.1923868310546875 0.182484568359375
1 0.200102880859375 0.23302469140625 0.19907407421875 0.2318672841796875 0.1764403291015625 0.2322530859375 0.1743827158203125 0.2349537041015625 0.18004115234375 0.275462962890625 0.1815843623046875 0.2773919755859375 0.1887860078125 0.278163580078125 0.202160494140625 0.2766203701171875 0.204218107421875 0.2681327158203125 0.200102880859375 0.23302469140625
1 0.176954732421875 0.2773919755859375 0.179012345703125 0.276234568359375 0.179012345703125 0.2719907412109375 0.1743827158203125 0.2337962958984375 0.17181069921875 0.2314814814453125 0.168209876953125 0.2310956787109375 0.1507201650390625 0.2318672841796875 0.1476337451171875 0.2341820986328125 0.1496913583984375 0.2368827158203125 0.1543209873046875 0.275848765625 0.16100823046875 0.2773919755859375 0.176954732421875 0.2773919755859375
1 0.145061728515625 0.2318672841796875 0.130144033203125 0.2318672841796875 0.123971193359375 0.233410494140625 0.12705761328125 0.2735339501953125 0.13117283984375 0.2770061728515625 0.1507201650390625 0.2770061728515625 0.15277777734375 0.275848765625 0.15277777734375 0.2716049384765625 0.1496913583984375 0.2337962958984375 0.145061728515625 0.2318672841796875
1 0.1234567900390625 0.2708333330078125 0.119855966796875 0.2341820986328125 0.1157407412109375 0.23032407421875 0.09979423828125 0.229938271484375 0.0936213994140625 0.2318672841796875 0.092078189453125 0.2341820986328125 0.096193416015625 0.24112654296875 0.0982510283203125 0.27237654296875 0.1054526748046875 0.2766203701171875 0.121913580078125 0.276234568359375 0.1234567900390625 0.2708333330078125
1 0.0735596708984375 0.275848765625 0.0956790126953125 0.276234568359375 0.0982510283203125 0.27237654296875 0.0946502060546875 0.232638888671875 0.0884773662109375 0.22955246875 0.06995884765625 0.22955246875 0.0684156376953125 0.2341820986328125 0.0735596708984375 0.275848765625
1 0.043209876953125 0.2314814814453125 0.0462962958984375 0.2735339501953125 0.0504115224609375 0.2773919755859375 0.0704732509765625 0.2770061728515625 0.0715020576171875 0.26157407421875 0.0684156376953125 0.230709876953125 0.0643004111328125 0.2291666669921875 0.0493827158203125 0.2287808642578125 0.043209876953125 0.2314814814453125
1 0.0534979423828125 0.3252314814453125 0.0735596708984375 0.324459876953125 0.0895061728515625 0.3217592587890625 0.098765431640625 0.3229166669921875 0.1003086416015625 0.3217592587890625 0.098765431640625 0.3190586416015625 0.08693415625 0.3202160498046875 0.0761316875 0.3113425927734375 0.0715020576171875 0.2797067900390625 0.05504115234375 0.2793209873046875 0.047839505859375 0.281635802734375 0.0488683125 0.3047839501953125 0.0514403291015625 0.3221450615234375 0.0534979423828125 0.3252314814453125
1 0.095164609375 0.278935185546875 0.0766460908203125 0.278935185546875 0.0735596708984375 0.2804783955078125 0.077160494140625 0.32137345703125 0.087962962890625 0.32330246875 0.0992798349609375 0.3225308642578125 0.1013374482421875 0.3198302470703125 0.1013374482421875 0.3144290126953125 0.0967078193359375 0.2800925927734375 0.095164609375 0.278935185546875
1 0.123971193359375 0.2793209873046875 0.1023662548828125 0.278935185546875 0.0982510283203125 0.28125 0.104938271484375 0.323688271484375 0.1296296298828125 0.3248456787109375 0.130144033203125 0.3171296298828125 0.123971193359375 0.2793209873046875
1 0.1342592587890625 0.32407407421875 0.1363168720703125 0.3256172841796875 0.157921810546875 0.3252314814453125 0.154835390625 0.2824074072265625 0.1507201650390625 0.2797067900390625 0.130144033203125 0.2800925927734375 0.1291152265625 0.286265431640625 0.1342592587890625 0.32407407421875
1 0.057098765625 0.3703703701171875 0.0812757197265625 0.3707561728515625 0.0766460908203125 0.3279320986328125 0.0745884775390625 0.326388888671875 0.064814814453125 0.3256172841796875 0.051954732421875 0.327160494140625 0.0524691357421875 0.3425925927734375 0.057098765625 0.3703703701171875
1 0.0797325107421875 0.32677469140625 0.07818930078125 0.33217592578125 0.0812757197265625 0.369984568359375 0.0843621396484375 0.37152777734375 0.105967078125 0.3707561728515625 0.1075102880859375 0.3676697529296875 0.1033950615234375 0.3279320986328125 0.100823044921875 0.326388888671875 0.0797325107421875 0.32677469140625
1 0.134773662109375 0.3657407412109375 0.1306584365234375 0.3456790126953125 0.1296296298828125 0.3283179013671875 0.126028806640625 0.326388888671875 0.1054526748046875 0.326388888671875 0.1033950615234375 0.3279320986328125 0.1064814814453125 0.369598765625 0.111111111328125 0.37152777734375 0.1316872431640625 0.3711419755859375 0.134773662109375 0.369598765625 0.134773662109375 0.3657407412109375
1 0.1635802470703125 0.3256172841796875 0.182098765625 0.3248456787109375 0.183127572265625 0.312114197265625 0.18004115234375 0.2824074072265625 0.157921810546875 0.2793209873046875 0.154835390625 0.2820216044921875 0.159979423828125 0.324459876953125 0.1635802470703125 0.3256172841796875
1 0.1815843623046875 0.28125 0.1836419755859375 0.31867283984375 0.1856995888671875 0.32330246875 0.1923868310546875 0.3260030859375 0.2062757197265625 0.326388888671875 0.208847736328125 0.324459876953125 0.2062757197265625 0.281635802734375 0.20318930078125 0.2797067900390625 0.1815843623046875 0.28125
1 0.1435185185546875 0.37152777734375 0.1646090537109375 0.369598765625 0.1589506171875 0.32947530859375 0.1574074072265625 0.3279320986328125 0.136831275390625 0.327160494140625 0.1342592587890625 0.3283179013671875 0.1373456787109375 0.369984568359375 0.1435185185546875 0.37152777734375
1 0.187757201171875 0.3703703701171875 0.1867283955078125 0.3506944443359375 0.1836419755859375 0.3310185185546875 0.18004115234375 0.3283179013671875 0.1702674892578125 0.329089505859375 0.1646090537109375 0.3279320986328125 0.1604938271484375 0.32947530859375 0.1615226337890625 0.35262345703125 0.159979423828125 0.369598765625 0.1676954736328125 0.371913580078125 0.1862139921875 0.372685185546875 0.187757201171875 0.3703703701171875
1 0.19495884765625 0.3283179013671875 0.1887860078125 0.3283179013671875 0.1862139921875 0.3310185185546875 0.1887860078125 0.371913580078125 0.20987654296875 0.372685185546875 0.2124485595703125 0.369984568359375 0.2124485595703125 0.36072530859375 0.2093621396484375 0.3314043212890625 0.2062757197265625 0.329089505859375 0.19495884765625 0.3283179013671875
1 0.227880658203125 0.3229166669921875 0.2325102880859375 0.324459876953125 0.23713991796875 0.3225308642578125 0.238168724609375 0.3167438271484375 0.23713991796875 0.3032407412109375 0.2335390947265625 0.29822530859375 0.2355967080078125 0.2854938271484375 0.217078189453125 0.2820216044921875 0.2114197529296875 0.283564814453125 0.2134773662109375 0.318287037109375 0.217078189453125 0.323688271484375 0.220164609375 0.324459876953125 0.227880658203125 0.3229166669921875
1 0.261831275390625 0.2824074072265625 0.2587448564453125 0.2800925927734375 0.2536008232421875 0.2800925927734375 0.24382716015625 0.280864197265625 0.2376543212890625 0.2831790126953125 0.236111111328125 0.286651234375 0.2386831279296875 0.29282407421875 0.2397119345703125 0.320987654296875 0.246913580078125 0.3248456787109375 0.2623456787109375 0.324459876953125 0.261831275390625 0.2824074072265625
1 0.2345679013671875 0.2283950615234375 0.2366255146484375 0.227237654296875 0.2350823046875 0.182098765625 0.2314814814453125 0.1805555556640625 0.212962962890625 0.1805555556640625 0.20987654296875 0.1832561728515625 0.2103909462890625 0.227237654296875 0.2345679013671875 0.2283950615234375
1 0.2376543212890625 0.1836419755859375 0.238168724609375 0.227237654296875 0.2407407412109375 0.2291666669921875 0.258230453125 0.229938271484375 0.26286008203125 0.227237654296875 0.2613168720703125 0.184413580078125 0.2587448564453125 0.182098765625 0.2422839501953125 0.18132716015625 0.2376543212890625 0.1836419755859375
1 0.2834362138671875 0.181712962890625 0.2782921806640625 0.1828703701171875 0.2649176953125 0.18132716015625 0.26286008203125 0.182098765625 0.2633744853515625 0.227237654296875 0.2649176953125 0.2283950615234375 0.2834362138671875 0.2291666669921875 0.28806584375 0.227237654296875 0.2865226337890625 0.184413580078125 0.2834362138671875 0.181712962890625
1 0.2093621396484375 0.275848765625 0.2155349794921875 0.278163580078125 0.230967078125 0.278163580078125 0.2345679013671875 0.275848765625 0.231995884765625 0.269290123046875 0.231995884765625 0.255015431640625 0.229938271484375 0.2519290126953125 0.2304526748046875 0.2368827158203125 0.236111111328125 0.2341820986328125 0.2273662548828125 0.2310956787109375 0.2253086416015625 0.2322530859375 0.2062757197265625 0.2314814814453125 0.204218107421875 0.2341820986328125 0.204218107421875 0.2569444443359375 0.2093621396484375 0.275848765625
1 0.25 0.232638888671875 0.2366255146484375 0.232638888671875 0.229938271484375 0.23572530859375 0.229938271484375 0.255787037109375 0.23302469140625 0.275848765625 0.2366255146484375 0.2770061728515625 0.255144033203125 0.275848765625 0.25617283984375 0.26427469140625 0.2536008232421875 0.2341820986328125 0.25 0.232638888671875
1 0.269032921875 0.2785493828125 0.279835390625 0.27777777734375 0.282921810546875 0.2735339501953125 0.2824074072265625 0.244212962890625 0.279835390625 0.2341820986328125 0.261831275390625 0.2314814814453125 0.2515432099609375 0.233410494140625 0.2494855966796875 0.2341820986328125 0.2536008232421875 0.239390431640625 0.2556584365234375 0.2546296298828125 0.2546296298828125 0.275462962890625 0.269032921875 0.2785493828125
1 0.3173868310546875 0.2318672841796875 0.312242798828125 0.230709876953125 0.2993827158203125 0.23032407421875 0.2962962958984375 0.2318672841796875 0.29423868359375 0.2372685185546875 0.2947530859375 0.275462962890625 0.301954732421875 0.2773919755859375 0.3194444443359375 0.2766203701171875 0.320987654296875 0.2600308642578125 0.318930041015625 0.2337962958984375 0.3173868310546875 0.2318672841796875
1 0.3436213994140625 0.2372685185546875 0.3384773662109375 0.233410494140625 0.320987654296875 0.2341820986328125 0.3220164609375 0.2685185185546875 0.3204732509765625 0.275848765625 0.3245884775390625 0.27777777734375 0.342078189453125 0.2773919755859375 0.3446502060546875 0.275848765625 0.34310699609375 0.2719907412109375 0.3436213994140625 0.2372685185546875
1 0.36882716015625 0.2773919755859375 0.3703703701171875 0.276234568359375 0.3703703701171875 0.2511574072265625 0.3693415634765625 0.238040123046875 0.3672839501953125 0.2345679013671875 0.3662551435546875 0.233410494140625 0.3533950615234375 0.2349537041015625 0.346193416015625 0.2341820986328125 0.3456790126953125 0.2434413583984375 0.3467078193359375 0.2681327158203125 0.344135802734375 0.275848765625 0.34979423828125 0.278163580078125 0.36882716015625 0.2773919755859375
1 0.287037037109375 0.3252314814453125 0.289094650390625 0.324459876953125 0.28600823046875 0.2827932099609375 0.282921810546875 0.2804783955078125 0.2649176953125 0.2804783955078125 0.2633744853515625 0.281635802734375 0.2649176953125 0.324459876953125 0.287037037109375 0.3252314814453125
1 0.2906378603515625 0.280864197265625 0.293209876953125 0.32407407421875 0.312757201171875 0.324459876953125 0.314814814453125 0.3221450615234375 0.31584362109375 0.3051697529296875 0.3153292177734375 0.281635802734375 0.312757201171875 0.2793209873046875 0.2926954736328125 0.278935185546875 0.2906378603515625 0.280864197265625
1 0.337962962890625 0.2793209873046875 0.3194444443359375 0.2793209873046875 0.3163580244140625 0.2804783955078125 0.3137860078125 0.2827932099609375 0.3163580244140625 0.2878086416015625 0.316872427734375 0.317901234375 0.3194444443359375 0.32407407421875 0.340020576171875 0.324459876953125 0.340020576171875 0.280864197265625 0.337962962890625 0.2793209873046875
1 0.3415637861328125 0.324459876953125 0.3647119345703125 0.3260030859375 0.3672839501953125 0.324459876953125 0.366769546875 0.2824074072265625 0.3410493828125 0.2800925927734375 0.3415637861328125 0.324459876953125
1 0.23713991796875 0.3283179013671875 0.234053498046875 0.327160494140625 0.212962962890625 0.327160494140625 0.2114197529296875 0.3279320986328125 0.2114197529296875 0.3333333330078125 0.21399176953125 0.369598765625 0.2165637861328125 0.371913580078125 0.23713991796875 0.3722993828125 0.2386831279296875 0.369984568359375 0.23713991796875 0.3283179013671875
1 0.2376543212890625 0.3314043212890625 0.2397119345703125 0.369984568359375 0.24382716015625 0.3722993828125 0.261831275390625 0.3722993828125 0.263888888671875 0.3703703701171875 0.2633744853515625 0.3279320986328125 0.242798353515625 0.32677469140625 0.2386831279296875 0.3283179013671875 0.2376543212890625 0.3314043212890625
1 0.282921810546875 0.327160494140625 0.2695473251953125 0.3283179013671875 0.2649176953125 0.3310185185546875 0.2649176953125 0.369984568359375 0.2685185185546875 0.37152777734375 0.2875514404296875 0.37152777734375 0.2906378603515625 0.369598765625 0.2875514404296875 0.35802469140625 0.2875514404296875 0.3314043212890625 0.282921810546875 0.327160494140625
1 0.3117283955078125 0.3275462958984375 0.3029835390625 0.3275462958984375 0.2926954736328125 0.3314043212890625 0.2921810703125 0.369598765625 0.2983539091796875 0.371913580078125 0.3143004111328125 0.37152777734375 0.317901234375 0.369598765625 0.3153292177734375 0.35262345703125 0.3153292177734375 0.329089505859375 0.3117283955078125 0.3275462958984375
1 0.316872427734375 0.3314043212890625 0.31584362109375 0.352237654296875 0.3173868310546875 0.369598765625 0.3204732509765625 0.37152777734375 0.33899176953125 0.371913580078125 0.3410493828125 0.3703703701171875 0.3410493828125 0.3506944443359375 0.3384773662109375 0.329089505859375 0.316872427734375 0.3314043212890625
1 0.3533950615234375 0.332561728515625 0.346193416015625 0.3279320986328125 0.3415637861328125 0.3302469140625 0.342078189453125 0.369984568359375 0.348765431640625 0.37152777734375 0.36419753125 0.3707561728515625 0.366769546875 0.369598765625 0.3647119345703125 0.3306327158203125 0.3626543212890625 0.32947530859375 0.3533950615234375 0.332561728515625
1 0.3153292177734375 0.190586419921875 0.3065843623046875 0.1902006171875 0.3004115224609375 0.1867283955078125 0.295781892578125 0.1890432099609375 0.2947530859375 0.1921296298828125 0.29423868359375 0.227237654296875 0.2962962958984375 0.2283950615234375 0.3173868310546875 0.2287808642578125 0.3194444443359375 0.2253086416015625 0.3184156376953125 0.1921296298828125 0.3153292177734375 0.190586419921875
1 0.342078189453125 0.1940586416015625 0.33899176953125 0.1921296298828125 0.3287037041015625 0.19097222265625 0.320987654296875 0.1913580244140625 0.3194444443359375 0.1940586416015625 0.318930041015625 0.227237654296875 0.32407407421875 0.229938271484375 0.3384773662109375 0.22955246875 0.3425925927734375 0.2268518515625 0.3436213994140625 0.2094907412109375 0.342078189453125 0.1940586416015625
1 0.344135802734375 0.192901234375 0.3436213994140625 0.227237654296875 0.34722222265625 0.22955246875 0.3662551435546875 0.230709876953125 0.3693415634765625 0.22762345703125 0.3662551435546875 0.1882716044921875 0.3585390947265625 0.192515431640625 0.34722222265625 0.1917438271484375 0.344135802734375 0.192901234375
1 0.373971193359375 0.1836419755859375 0.375 0.22955246875 0.3765432099609375 0.2310956787109375 0.3976337451171875 0.2310956787109375 0.40020576171875 0.227237654296875 0.3986625517578125 0.185185185546875 0.3945473251953125 0.182484568359375 0.3775720166015625 0.181712962890625 0.373971193359375 0.1836419755859375
1 0.42181069921875 0.2310956787109375 0.4254115224609375 0.22762345703125 0.4233539091796875 0.1855709873046875 0.40689300390625 0.1828703701171875 0.4017489716796875 0.1828703701171875 0.3986625517578125 0.1847993828125 0.4007201650390625 0.230709876953125 0.42181069921875 0.2310956787109375
1 0.4233539091796875 0.230709876953125 0.445987654296875 0.2310956787109375 0.4475308642578125 0.206790123046875 0.445987654296875 0.1847993828125 0.4238683125 0.1847993828125 0.4233539091796875 0.230709876953125
1 0.4526748974609375 0.1832561728515625 0.4511316875 0.1855709873046875 0.4526748974609375 0.230709876953125 0.4742798349609375 0.22955246875 0.4763374482421875 0.2280092587890625 0.4753086416015625 0.1847993828125 0.4717078193359375 0.1828703701171875 0.4562757197265625 0.18132716015625 0.4526748974609375 0.1832561728515625
1 0.4886831279296875 0.181712962890625 0.4804526748046875 0.18132716015625 0.4773662548828125 0.1836419755859375 0.4783950615234375 0.227237654296875 0.480967078125 0.22955246875 0.4984567900390625 0.22955246875 0.501028806640625 0.22762345703125 0.4994855966796875 0.1847993828125 0.49794238671875 0.1828703701171875 0.4886831279296875 0.181712962890625
1 0.501028806640625 0.184413580078125 0.501028806640625 0.2280092587890625 0.5046296298828125 0.230709876953125 0.52109053515625 0.2314814814453125 0.524176955078125 0.22762345703125 0.52520576171875 0.1855709873046875 0.5226337451171875 0.1828703701171875 0.5046296298828125 0.1828703701171875 0.501028806640625 0.184413580078125
1 0.54681069921875 0.1805555556640625 0.5339506171875 0.1805555556640625 0.5303497939453125 0.1847993828125 0.528806583984375 0.227237654296875 0.53600823046875 0.229938271484375 0.549897119140625 0.22955246875 0.5529835390625 0.22762345703125 0.5545267490234375 0.1832561728515625 0.5534979423828125 0.181712962890625 0.54681069921875 0.1805555556640625
1 0.5596707822265625 0.18132716015625 0.5565843623046876 0.182098765625 0.5555555556640625 0.1855709873046875 0.5534979423828125 0.2268518515625 0.557098765625 0.22955246875 0.5745884775390625 0.2287808642578125 0.5797325107421875 0.2253086416015625 0.5787037041015625 0.1832561728515625 0.5756172841796875 0.18132716015625 0.5596707822265625 0.18132716015625
1 0.595164609375 0.181712962890625 0.5812757197265624 0.182098765625 0.579218107421875 0.198688271484375 0.5797325107421875 0.2264660498046875 0.581790123046875 0.2283950615234375 0.598765431640625 0.2291666669921875 0.600823044921875 0.227237654296875 0.6033950615234375 0.212962962890625 0.6023662548828125 0.1832561728515625 0.595164609375 0.181712962890625
1 0.6157407412109375 0.224537037109375 0.62294238671875 0.2256944443359375 0.6244855966796875 0.223765431640625 0.626028806640625 0.1890432099609375 0.6234567900390625 0.185185185546875 0.6105967080078125 0.1847993828125 0.6075102880859375 0.1859567900390625 0.60802469140625 0.2001543212890625 0.6054526748046875 0.2206790126953125 0.606995884765625 0.2264660498046875 0.6095679013671875 0.22762345703125 0.6157407412109375 0.224537037109375
1 0.62705761328125 0.187885802734375 0.625 0.224151234375 0.6265432099609375 0.227237654296875 0.6445473251953125 0.227237654296875 0.6476337451171875 0.216435185546875 0.6466049384765625 0.1894290126953125 0.6399176953125 0.1859567900390625 0.6306584365234374 0.1859567900390625 0.62705761328125 0.187885802734375
1 0.67181069921875 0.1886574072265625 0.666152263671875 0.1859567900390625 0.6543209873046875 0.1859567900390625 0.6507201650390625 0.1875 0.649176955078125 0.192515431640625 0.6481481484375 0.2264660498046875 0.6532921806640625 0.2283950615234375 0.668209876953125 0.22955246875 0.6702674892578125 0.22762345703125 0.67181069921875 0.21257716015625 0.67181069921875 0.1886574072265625
1 0.6913580244140625 0.1809413583984375 0.6856995888671875 0.181712962890625 0.683127572265625 0.185185185546875 0.6815843623046876 0.22762345703125 0.6887860078125 0.2291666669921875 0.7026748974609375 0.2287808642578125 0.7062757197265624 0.227237654296875 0.7078189296875 0.1828703701171875 0.7047325107421875 0.18132716015625 0.6913580244140625 0.1809413583984375
1 0.7155349794921875 0.2260802470703125 0.725823044921875 0.2287808642578125 0.727880658203125 0.22762345703125 0.729938271484375 0.2202932099609375 0.730967078125 0.1847993828125 0.727880658203125 0.1828703701171875 0.7145061728515625 0.182484568359375 0.70987654296875 0.1832561728515625 0.7093621396484375 0.1847993828125 0.7073045263671875 0.21527777734375 0.708847736328125 0.2268518515625 0.710905349609375 0.22762345703125 0.7155349794921875 0.2260802470703125
1 0.730967078125 0.198688271484375 0.729938271484375 0.227237654296875 0.734053498046875 0.229938271484375 0.7484567900390625 0.23032407421875 0.7525720166015625 0.2280092587890625 0.7546296298828125 0.1855709873046875 0.7345679013671875 0.1836419755859375 0.7325102880859375 0.185185185546875 0.730967078125 0.198688271484375
1 0.7463991767578125 0.2766203701171875 0.7494855966796875 0.2731481484375 0.7515432099609375 0.2337962958984375 0.7484567900390625 0.232638888671875 0.7227366259765625 0.2337962958984375 0.725823044921875 0.2349537041015625 0.727880658203125 0.238811728515625 0.7268518515625 0.2627314814453125 0.723765431640625 0.27237654296875 0.729938271484375 0.276234568359375 0.7463991767578125 0.2766203701171875
1 0.7217078193359375 0.2322530859375 0.706790123046875 0.23302469140625 0.704218107421875 0.249614197265625 0.70318930078125 0.26967592578125 0.7047325107421875 0.2746913583984375 0.7093621396484375 0.275848765625 0.7232510283203125 0.2739197529296875 0.725823044921875 0.2677469140625 0.7273662548828125 0.2341820986328125 0.7217078193359375 0.2322530859375
1 0.700102880859375 0.275848765625 0.70318930078125 0.2689043212890625 0.70318930078125 0.2341820986328125 0.69907407421875 0.2322530859375 0.682098765625 0.233410494140625 0.6795267490234375 0.247685185546875 0.6805555556640625 0.275462962890625 0.700102880859375 0.275848765625
1 0.67181069921875 0.2337962958984375 0.668209876953125 0.23302469140625 0.6615226337890625 0.23572530859375 0.6522633740234375 0.2349537041015625 0.6496913583984375 0.2368827158203125 0.6466049384765625 0.2650462958984375 0.6476337451171875 0.2719907412109375 0.6532921806640625 0.275848765625 0.668209876953125 0.276234568359375 0.67181069921875 0.2527006171875 0.67181069921875 0.2337962958984375
1 0.647119341796875 0.2345679013671875 0.6373456787109375 0.2322530859375 0.62705761328125 0.2322530859375 0.625 0.2341820986328125 0.6244855966796875 0.2461419755859375 0.6234567900390625 0.272762345703125 0.626028806640625 0.27507716015625 0.643004115234375 0.27507716015625 0.6455761318359375 0.27237654296875 0.647119341796875 0.261959876953125 0.647119341796875 0.2345679013671875
1 0.6003086416015625 0.255787037109375 0.600823044921875 0.2743055556640625 0.6044238681640625 0.2766203701171875 0.6213991767578125 0.275848765625 0.6234567900390625 0.2735339501953125 0.6244855966796875 0.233410494140625 0.6075102880859375 0.2318672841796875 0.602880658203125 0.2341820986328125 0.6003086416015625 0.255787037109375
1 0.5982510283203125 0.2376543212890625 0.5884773662109375 0.232638888671875 0.579218107421875 0.2318672841796875 0.5761316875 0.2337962958984375 0.5756172841796875 0.2426697529296875 0.57407407421875 0.27237654296875 0.57818930078125 0.2770061728515625 0.595164609375 0.2766203701171875 0.59722222265625 0.275462962890625 0.5977366259765625 0.2712191357421875 0.5982510283203125 0.2376543212890625
1 0.551954732421875 0.2426697529296875 0.55092592578125 0.2689043212890625 0.5524691357421875 0.275848765625 0.56995884765625 0.2746913583984375 0.5735596708984375 0.2719907412109375 0.5756172841796875 0.23302469140625 0.5704732509765625 0.2318672841796875 0.5534979423828125 0.2337962958984375 0.551954732421875 0.2426697529296875
1 0.5339506171875 0.2310956787109375 0.5293209873046875 0.2349537041015625 0.52777777734375 0.241512345703125 0.52777777734375 0.275848765625 0.5293209873046875 0.2773919755859375 0.549897119140625 0.2773919755859375 0.5524691357421875 0.272762345703125 0.5514403291015625 0.2341820986328125 0.54681069921875 0.2310956787109375 0.5339506171875 0.2310956787109375
1 0.4994855966796875 0.2345679013671875 0.5 0.275848765625 0.503086419921875 0.278163580078125 0.5195473251953125 0.278163580078125 0.5226337451171875 0.275848765625 0.5216049384765625 0.2376543212890625 0.5154320986328125 0.2341820986328125 0.501028806640625 0.233410494140625 0.4994855966796875 0.2345679013671875
1 0.4768518515625 0.2364969140625 0.477880658203125 0.276234568359375 0.4804526748046875 0.27777777734375 0.4958847734375 0.278163580078125 0.4994855966796875 0.275848765625 0.498971193359375 0.236111111328125 0.496913580078125 0.2345679013671875 0.48302469140625 0.233410494140625 0.4768518515625 0.2364969140625
1 0.4835390947265625 0.275848765625 0.479938271484375 0.2731481484375 0.4783950615234375 0.266589505859375 0.4773662548828125 0.2376543212890625 0.4753086416015625 0.2341820986328125 0.45576131640625 0.232638888671875 0.4516460908203125 0.2364969140625 0.452160494140625 0.2689043212890625 0.454218107421875 0.27777777734375 0.4578189296875 0.2793209873046875 0.481995884765625 0.2770061728515625 0.4835390947265625 0.275848765625
1 0.4444444443359375 0.2349537041015625 0.437757201171875 0.2337962958984375 0.42181069921875 0.23572530859375 0.4223251025390625 0.27237654296875 0.4238683125 0.275462962890625 0.435185185546875 0.2785493828125 0.4434156376953125 0.2785493828125 0.4465020576171875 0.2766203701171875 0.445987654296875 0.2368827158203125 0.4444444443359375 0.2349537041015625
1 0.42181069921875 0.23572530859375 0.4187242802734375 0.2341820986328125 0.40689300390625 0.2345679013671875 0.4007201650390625 0.23302469140625 0.3976337451171875 0.2364969140625 0.4007201650390625 0.27777777734375 0.4125514404296875 0.2785493828125 0.4274691357421875 0.275848765625 0.4243827158203125 0.272762345703125 0.4254115224609375 0.2681327158203125 0.42181069921875 0.23572530859375
1 0.39197530859375 0.2341820986328125 0.376028806640625 0.23572530859375 0.373971193359375 0.238040123046875 0.373971193359375 0.2770061728515625 0.3765432099609375 0.278935185546875 0.39609053515625 0.2793209873046875 0.399176955078125 0.2770061728515625 0.40020576171875 0.2596450615234375 0.397119341796875 0.236111111328125 0.39197530859375 0.2341820986328125
1 0.3996913583984375 0.324459876953125 0.3981481484375 0.29012345703125 0.4007201650390625 0.2827932099609375 0.3775720166015625 0.280864197265625 0.373971193359375 0.2824074072265625 0.373971193359375 0.300540123046875 0.37705761328125 0.3163580244140625 0.376028806640625 0.324459876953125 0.3827160498046875 0.3260030859375 0.3976337451171875 0.3260030859375 0.3996913583984375 0.324459876953125
1 0.401234568359375 0.2820216044921875 0.3976337451171875 0.2827932099609375 0.399176955078125 0.28742283984375 0.3981481484375 0.324459876953125 0.4212962958984375 0.3256172841796875 0.4233539091796875 0.324459876953125 0.422839505859375 0.2851080244140625 0.416152263671875 0.2820216044921875 0.401234568359375 0.2820216044921875
1 0.442901234375 0.3248456787109375 0.445987654296875 0.318287037109375 0.4465020576171875 0.2858796298828125 0.442901234375 0.2820216044921875 0.431069958984375 0.281635802734375 0.416152263671875 0.2827932099609375 0.422839505859375 0.304012345703125 0.422839505859375 0.317901234375 0.4187242802734375 0.324459876953125 0.435185185546875 0.3260030859375 0.442901234375 0.3248456787109375
1 0.45318930078125 0.283564814453125 0.452160494140625 0.318287037109375 0.4547325107421875 0.324459876953125 0.4763374482421875 0.3248456787109375 0.47890946484375 0.32137345703125 0.4773662548828125 0.283564814453125 0.4686213994140625 0.280864197265625 0.458847736328125 0.28125 0.45318930078125 0.283564814453125
1 0.5005144033203125 0.2827932099609375 0.4984567900390625 0.280864197265625 0.479938271484375 0.281635802734375 0.4742798349609375 0.2827932099609375 0.477880658203125 0.2889660498046875 0.477880658203125 0.3217592587890625 0.481995884765625 0.3248456787109375 0.4984567900390625 0.3248456787109375 0.5015432099609375 0.3194444443359375 0.5005144033203125 0.2827932099609375
1 0.501028806640625 0.323688271484375 0.5226337451171875 0.3252314814453125 0.5246913583984375 0.32330246875 0.5246913583984375 0.2827932099609375 0.509773662109375 0.2804783955078125 0.50205761328125 0.281635802734375 0.5005144033203125 0.2827932099609375 0.501028806640625 0.323688271484375
1 0.5483539091796875 0.293209876953125 0.5504115224609375 0.2824074072265625 0.547839505859375 0.28125 0.528806583984375 0.2820216044921875 0.5272633740234375 0.2858796298828125 0.5267489716796875 0.317515431640625 0.528806583984375 0.324459876953125 0.5344650205078125 0.32330246875 0.547839505859375 0.324459876953125 0.55092592578125 0.320987654296875 0.5483539091796875 0.293209876953125
1 0.55092592578125 0.2820216044921875 0.5504115224609375 0.320987654296875 0.5534979423828125 0.32407407421875 0.5606995888671875 0.32137345703125 0.570987654296875 0.3225308642578125 0.57407407421875 0.3001543212890625 0.57407407421875 0.2827932099609375 0.5720164609375 0.281635802734375 0.55092592578125 0.2820216044921875
1 0.594135802734375 0.2793209873046875 0.5776748974609375 0.2804783955078125 0.57407407421875 0.2827932099609375 0.5725308642578125 0.32137345703125 0.579218107421875 0.324459876953125 0.59310699609375 0.324459876953125 0.5956790126953125 0.3217592587890625 0.5946502060546875 0.30902777734375 0.5977366259765625 0.2824074072265625 0.594135802734375 0.2793209873046875
1 0.600823044921875 0.2851080244140625 0.6003086416015625 0.3217592587890625 0.6054526748046875 0.3248456787109375 0.62294238671875 0.32330246875 0.6255144033203125 0.2827932099609375 0.62294238671875 0.2800925927734375 0.6054526748046875 0.2797067900390625 0.6023662548828125 0.280864197265625 0.600823044921875 0.2851080244140625
1 0.63117283984375 0.2804783955078125 0.6255144033203125 0.2824074072265625 0.6244855966796875 0.2858796298828125 0.6244855966796875 0.3202160498046875 0.6265432099609375 0.3221450615234375 0.636831275390625 0.323688271484375 0.6481481484375 0.317901234375 0.6481481484375 0.2820216044921875 0.6445473251953125 0.278935185546875 0.63117283984375 0.2804783955078125
1 0.6733539091796875 0.2827932099609375 0.6697530859375 0.2800925927734375 0.6563786005859376 0.2793209873046875 0.6507201650390625 0.2793209873046875 0.6481481484375 0.2827932099609375 0.649176955078125 0.3198302470703125 0.6507201650390625 0.32137345703125 0.653806583984375 0.3206018515625 0.66923868359375 0.324459876953125 0.6712962958984375 0.3217592587890625 0.6733539091796875 0.2827932099609375
1 0.7026748974609375 0.2827932099609375 0.69907407421875 0.2800925927734375 0.6846707822265625 0.278935185546875 0.6805555556640625 0.2804783955078125 0.6784979423828125 0.2858796298828125 0.6784979423828125 0.3229166669921875 0.68004115234375 0.324459876953125 0.698045267578125 0.324459876953125 0.7016460908203125 0.31867283984375 0.7011316875 0.286265431640625 0.7026748974609375 0.2827932099609375
1 0.7206790126953125 0.2800925927734375 0.7062757197265624 0.2797067900390625 0.702160494140625 0.2824074072265625 0.7026748974609375 0.32137345703125 0.70576131640625 0.323688271484375 0.71193415625 0.3221450615234375 0.7217078193359375 0.3225308642578125 0.7242798349609375 0.320987654296875 0.7253086416015625 0.2827932099609375 0.7206790126953125 0.2800925927734375
1 0.729938271484375 0.32407407421875 0.7443415634765626 0.3248456787109375 0.7484567900390625 0.320987654296875 0.748971193359375 0.2793209873046875 0.7294238681640625 0.278935185546875 0.7253086416015625 0.2827932099609375 0.723765431640625 0.32137345703125 0.729938271484375 0.32407407421875
1 0.742798353515625 0.366512345703125 0.7453703701171875 0.3279320986328125 0.7397119345703125 0.3260030859375 0.7263374482421875 0.326388888671875 0.7242798349609375 0.3279320986328125 0.7227366259765625 0.3418209873046875 0.7232510283203125 0.3672839501953125 0.742798353515625 0.366512345703125
1 0.3955761318359375 0.369984568359375 0.399176955078125 0.3668981484375 0.397119341796875 0.3314043212890625 0.3945473251953125 0.3279320986328125 0.376028806640625 0.329089505859375 0.3724279833984375 0.3314043212890625 0.375 0.369598765625 0.3955761318359375 0.369984568359375
1 0.403806583984375 0.369598765625 0.418209876953125 0.3711419755859375 0.4212962958984375 0.369598765625 0.41923868359375 0.3310185185546875 0.4007201650390625 0.3283179013671875 0.3976337451171875 0.33217592578125 0.40020576171875 0.3672839501953125 0.403806583984375 0.369598765625
1 0.4423868310546875 0.3287037041015625 0.4279835390625 0.3283179013671875 0.420781892578125 0.33217592578125 0.42181069921875 0.3530092587890625 0.4202674892578125 0.369598765625 0.4243827158203125 0.3711419755859375 0.4423868310546875 0.3707561728515625 0.44495884765625 0.369598765625 0.4444444443359375 0.3310185185546875 0.4423868310546875 0.3287037041015625
1 0.473765431640625 0.369984568359375 0.4753086416015625 0.3626543212890625 0.4717078193359375 0.3287037041015625 0.470164609375 0.3275462958984375 0.45318930078125 0.3279320986328125 0.4506172841796875 0.3302469140625 0.4511316875 0.369598765625 0.473765431640625 0.369984568359375
1 0.481995884765625 0.32677469140625 0.475823044921875 0.3279320986328125 0.4753086416015625 0.32947530859375 0.475823044921875 0.369212962890625 0.4804526748046875 0.3703703701171875 0.4958847734375 0.369598765625 0.4984567900390625 0.36612654296875 0.496913580078125 0.329861111328125 0.491769546875 0.327160494140625 0.481995884765625 0.32677469140625
1 0.5205761318359375 0.3279320986328125 0.50205761328125 0.326388888671875 0.498971193359375 0.329861111328125 0.5 0.369598765625 0.5185185185546874 0.3703703701171875 0.52109053515625 0.36612654296875 0.5205761318359375 0.3279320986328125
1 0.5462962958984375 0.369598765625 0.547839505859375 0.366512345703125 0.5462962958984375 0.329861111328125 0.539094650390625 0.3275462958984375 0.53600823046875 0.32947530859375 0.5257201650390625 0.3314043212890625 0.5267489716796875 0.369598765625 0.5462962958984375 0.369598765625
1 0.570987654296875 0.3452932099609375 0.568930041015625 0.3302469140625 0.5673868310546875 0.3279320986328125 0.5617283955078125 0.329089505859375 0.5529835390625 0.3275462958984375 0.549897119140625 0.3302469140625 0.5488683125 0.3344907412109375 0.5488683125 0.3680555556640625 0.551954732421875 0.369984568359375 0.5673868310546875 0.3703703701171875 0.56995884765625 0.36612654296875 0.570987654296875 0.3452932099609375
1 0.592078189453125 0.369212962890625 0.595164609375 0.366512345703125 0.594135802734375 0.34536342578125 0.596193416015625 0.3279320986328125 0.579218107421875 0.326388888671875 0.5725308642578125 0.3279320986328125 0.5715020576171875 0.369212962890625 0.592078189453125 0.369212962890625
1 0.6003086416015625 0.3310185185546875 0.59979423828125 0.3668981484375 0.6044238681640625 0.369598765625 0.6208847734375 0.36882716015625 0.6234567900390625 0.366512345703125 0.6234567900390625 0.3279320986328125 0.6054526748046875 0.32677469140625 0.6013374482421875 0.3283179013671875 0.6003086416015625 0.3310185185546875
1 0.6414609052734375 0.326388888671875 0.6265432099609375 0.3275462958984375 0.625 0.3398919755859375 0.625 0.3672839501953125 0.6265432099609375 0.369212962890625 0.643004115234375 0.3684413583984375 0.64609053515625 0.366512345703125 0.647119341796875 0.36072530859375 0.64609053515625 0.3279320986328125 0.6414609052734375 0.326388888671875
1 0.6532921806640625 0.3260030859375 0.6496913583984375 0.32677469140625 0.6476337451171875 0.329861111328125 0.6476337451171875 0.36612654296875 0.6532921806640625 0.3684413583984375 0.668209876953125 0.3676697529296875 0.6702674892578125 0.36419753125 0.6712962958984375 0.3279320986328125 0.6687242802734376 0.326388888671875 0.6532921806640625 0.3260030859375
1 0.6975308642578125 0.348765431640625 0.6995884775390625 0.3398919755859375 0.6985596708984375 0.329089505859375 0.693930041015625 0.326388888671875 0.6774691357421875 0.3275462958984375 0.674897119140625 0.3568672841796875 0.67592592578125 0.36612654296875 0.68004115234375 0.3684413583984375 0.69495884765625 0.3672839501953125 0.6975308642578125 0.36612654296875 0.6975308642578125 0.348765431640625
1 0.7011316875 0.3279320986328125 0.6995884775390625 0.366512345703125 0.702160494140625 0.3676697529296875 0.720164609375 0.3676697529296875 0.7217078193359375 0.36612654296875 0.721193416015625 0.3279320986328125 0.71399176953125 0.32677469140625 0.70318930078125 0.32677469140625 0.7011316875 0.3279320986328125
1 0.7227366259765625 0.341435185546875 0.7232510283203125 0.3672839501953125 0.7273662548828125 0.3680555556640625 0.74382716015625 0.36612654296875 0.7453703701171875 0.3279320986328125 0.7376543212890625 0.3256172841796875 0.7268518515625 0.3260030859375 0.7242798349609375 0.3279320986328125 0.7227366259765625 0.341435185546875
1 0.1147119345703125 0.494598765625 0.1157407412109375 0.48302469140625 0.1105967080078125 0.4251543212890625 0.109053498046875 0.4243827158203125 0.1054526748046875 0.42592592578125 0.1023662548828125 0.4239969140625 0.0776748974609375 0.42322530859375 0.070987654296875 0.4243827158203125 0.0673868310546875 0.4270833330078125 0.07407407421875 0.4930555556640625 0.0812757197265625 0.4953703701171875 0.1105967080078125 0.4957561728515625 0.1147119345703125 0.494598765625
1 0.1646090537109375 0.494212962890625 0.1563786005859375 0.4270833330078125 0.1517489716796875 0.4251543212890625 0.14197530859375 0.425540123046875 0.119855966796875 0.42322530859375 0.1157407412109375 0.4251543212890625 0.11213991796875 0.4309413583984375 0.117798353515625 0.494598765625 0.126028806640625 0.4972993828125 0.1404320986328125 0.4984567900390625 0.162037037109375 0.496913580078125 0.1646090537109375 0.494212962890625
1 0.2037037041015625 0.4274691357421875 0.19907407421875 0.4251543212890625 0.1738683125 0.4247685185546875 0.168209876953125 0.422839505859375 0.1589506171875 0.4278549384765625 0.166152263671875 0.494984568359375 0.168209876953125 0.496913580078125 0.2078189296875 0.4953703701171875 0.2093621396484375 0.4926697529296875 0.2078189296875 0.463734568359375 0.2037037041015625 0.4274691357421875
1 0.2515432099609375 0.4274691357421875 0.25 0.4243827158203125 0.24794238671875 0.42322530859375 0.2226337451171875 0.4239969140625 0.2160493828125 0.4216820986328125 0.2103909462890625 0.4247685185546875 0.2078189296875 0.4282407412109375 0.2073045263671875 0.445987654296875 0.2114197529296875 0.494212962890625 0.2165637861328125 0.496913580078125 0.2546296298828125 0.494984568359375 0.2515432099609375 0.4274691357421875
1 0.30092592578125 0.43402777734375 0.2988683125 0.4243827158203125 0.2865226337890625 0.420910494140625 0.259773662109375 0.4197530859375 0.2546296298828125 0.422839505859375 0.2566872431640625 0.4729938271484375 0.2587448564453125 0.491512345703125 0.26080246875 0.494598765625 0.2644032919921875 0.4961419755859375 0.3029835390625 0.494598765625 0.30092592578125 0.43402777734375
1 0.331790123046875 0.4224537041015625 0.3065843623046875 0.42322530859375 0.3014403291015625 0.426311728515625 0.30504115234375 0.4930555556640625 0.307098765625 0.494984568359375 0.3153292177734375 0.49382716015625 0.31995884765625 0.494984568359375 0.3456790126953125 0.494212962890625 0.3492798349609375 0.49112654296875 0.3492798349609375 0.4822530859375 0.3456790126953125 0.474537037109375 0.34722222265625 0.4702932099609375 0.3446502060546875 0.4556327158203125 0.3467078193359375 0.45177469140625 0.3467078193359375 0.4375 0.3436213994140625 0.4224537041015625 0.342078189453125 0.42052469140625 0.33693415625 0.420138888671875 0.331790123046875 0.4224537041015625
1 0.3955761318359375 0.4876543212890625 0.3899176953125 0.42322530859375 0.386831275390625 0.4212962958984375 0.3662551435546875 0.4185956787109375 0.3492798349609375 0.4220679013671875 0.3503086416015625 0.463734568359375 0.3533950615234375 0.49112654296875 0.3626543212890625 0.4934413583984375 0.393004115234375 0.4922839501953125 0.395061728515625 0.49112654296875 0.3955761318359375 0.4876543212890625
1 0.439814814453125 0.463348765625 0.4362139921875 0.418209876953125 0.431069958984375 0.4189814814453125 0.4279835390625 0.41782407421875 0.407921810546875 0.420910494140625 0.3966049384765625 0.4197530859375 0.3924897119140625 0.4220679013671875 0.3966049384765625 0.49112654296875 0.4171810703125 0.4922839501953125 0.4387860078125 0.4903549384765625 0.4403292177734375 0.4876543212890625 0.439814814453125 0.463348765625
1 0.470164609375 0.488040123046875 0.4742798349609375 0.4849537041015625 0.4717078193359375 0.4251543212890625 0.467078189453125 0.4220679013671875 0.4511316875 0.4193672841796875 0.4470164609375 0.42052469140625 0.441872427734375 0.4251543212890625 0.442901234375 0.4864969140625 0.4454732509765625 0.48842592578125 0.4537037041015625 0.4876543212890625 0.46399176953125 0.4895833330078125 0.470164609375 0.488040123046875
1 0.473765431640625 0.4220679013671875 0.475823044921875 0.4841820986328125 0.4804526748046875 0.486111111328125 0.50617283984375 0.4849537041015625 0.508230453125 0.4841820986328125 0.50617283984375 0.4243827158203125 0.4922839501953125 0.41782407421875 0.4835390947265625 0.418209876953125 0.473765431640625 0.4220679013671875
1 0.5123456787109375 0.4868827158203125 0.528806583984375 0.48919753125 0.543209876953125 0.4872685185546875 0.545781892578125 0.4849537041015625 0.543209876953125 0.4216820986328125 0.5324074072265625 0.417438271484375 0.522119341796875 0.4166666669921875 0.518004115234375 0.417438271484375 0.515946501953125 0.42052469140625 0.511831275390625 0.420138888671875 0.508230453125 0.425540123046875 0.5077160498046875 0.4502314814453125 0.5102880654296875 0.4845679013671875 0.5123456787109375 0.4868827158203125
1 0.5905349794921875 0.4849537041015625 0.592078189453125 0.483410494140625 0.5895061728515625 0.4212962958984375 0.585905349609375 0.4189814814453125 0.57407407421875 0.4189814814453125 0.5529835390625 0.4193672841796875 0.5493827158203125 0.4216820986328125 0.5488683125 0.46257716015625 0.549897119140625 0.4783950615234375 0.5524691357421875 0.4868827158203125 0.5745884775390625 0.48842592578125 0.5905349794921875 0.4849537041015625
1 0.6306584365234374 0.4849537041015625 0.6327160498046875 0.4841820986328125 0.633230453125 0.4783950615234375 0.633230453125 0.434413580078125 0.6306584365234374 0.4185956787109375 0.595164609375 0.4185956787109375 0.5915637861328125 0.42052469140625 0.5915637861328125 0.4641203701171875 0.5936213994140624 0.4845679013671875 0.5982510283203125 0.4864969140625 0.619855966796875 0.4864969140625 0.6306584365234374 0.4849537041015625
1 0.6543209873046875 0.485339505859375 0.6784979423828125 0.4837962958984375 0.6805555556640625 0.4814814814453125 0.68004115234375 0.41782407421875 0.6733539091796875 0.4162808642578125 0.6414609052734375 0.4162808642578125 0.6383744853515625 0.41782407421875 0.636831275390625 0.4390432099609375 0.6383744853515625 0.4421296298828125 0.6373456787109375 0.4610339501953125 0.6394032919921875 0.483410494140625 0.6543209873046875 0.485339505859375
1 0.6774691357421875 0.480709876953125 0.682098765625 0.483410494140625 0.69495884765625 0.4841820986328125 0.7186213994140624 0.48302469140625 0.7217078193359375 0.4810956787109375 0.7227366259765625 0.41512345703125 0.7186213994140624 0.4135802470703125 0.7026748974609375 0.4131944443359375 0.687757201171875 0.414737654296875 0.682098765625 0.4158950615234375 0.6805555556640625 0.4216820986328125 0.6805555556640625 0.46527777734375 0.679012345703125 0.47955246875 0.6774691357421875 0.480709876953125
1 0.7304526748046875 0.4818672841796875 0.746913580078125 0.4818672841796875 0.7515432099609375 0.483410494140625 0.7633744853515625 0.4822530859375 0.7674897119140625 0.4787808642578125 0.769032921875 0.468364197265625 0.77109053515625 0.41782407421875 0.7685185185546874 0.41512345703125 0.7546296298828125 0.4139660498046875 0.74794238671875 0.40972222265625 0.7304526748046875 0.4131944443359375 0.7273662548828125 0.41782407421875 0.7263374482421875 0.4247685185546875 0.7263374482421875 0.479938271484375 0.7304526748046875 0.4818672841796875
1 0.793209876953125 0.4822530859375 0.8076131689453125 0.48032407421875 0.810185185546875 0.47762345703125 0.8117283955078125 0.471064814453125 0.8137860078125 0.4139660498046875 0.8106995888671875 0.411265431640625 0.7962962958984375 0.4101080244140625 0.772119341796875 0.414737654296875 0.7695473251953125 0.4309413583984375 0.769032921875 0.48032407421875 0.7746913583984375 0.4822530859375 0.7834362138671875 0.4810956787109375 0.793209876953125 0.4822530859375
1 0.1172839501953125 0.5644290126953125 0.106995884765625 0.5663580244140625 0.095164609375 0.5636574072265625 0.0812757197265625 0.5640432099609375 0.0802469140625 0.5667438271484375 0.08693415625 0.630401234375 0.095164609375 0.633487654296875 0.1296296298828125 0.6315586416015625 0.1316872431640625 0.622685185546875 0.1255144033203125 0.5663580244140625 0.1172839501953125 0.5644290126953125
1 0.144032921875 0.72222222265625 0.115226337890625 0.723765431640625 0.1064814814453125 0.72762345703125 0.104938271484375 0.738040123046875 0.111111111328125 0.789737654296875 0.116769546875 0.7912808642578125 0.147119341796875 0.789737654296875 0.151234568359375 0.786651234375 0.147119341796875 0.723765431640625 0.144032921875 0.72222222265625
1 0.111111111328125 0.7199074072265625 0.1203703701171875 0.7199074072265625 0.126028806640625 0.718364197265625 0.1373456787109375 0.71875 0.1435185185546875 0.716435185546875 0.145061728515625 0.707561728515625 0.13786008203125 0.65972222265625 0.1244855966796875 0.658564814453125 0.1085390947265625 0.6601080244140625 0.10390946484375 0.662037037109375 0.100823044921875 0.6658950615234375 0.1018518515625 0.69097222265625 0.105967078125 0.718364197265625 0.111111111328125 0.7199074072265625
1 0.18004115234375 0.6581790126953125 0.1754115224609375 0.656635802734375 0.1589506171875 0.656635802734375 0.1404320986328125 0.6581790126953125 0.1399176953125 0.659336419921875 0.14609053515625 0.7160493828125 0.15277777734375 0.718364197265625 0.185185185546875 0.716435185546875 0.187242798828125 0.713734568359375 0.1867283955078125 0.7056327158203125 0.18004115234375 0.6581790126953125
1 0.316872427734375 0.713348765625 0.3143004111328125 0.6577932099609375 0.3112139921875 0.6543209873046875 0.297839505859375 0.655864197265625 0.2896090537109375 0.6550925927734375 0.2767489716796875 0.656635802734375 0.2746913583984375 0.65972222265625 0.274176955078125 0.67862654296875 0.2772633740234375 0.7172067900390625 0.2793209873046875 0.7199074072265625 0.3106995888671875 0.718364197265625 0.316872427734375 0.713348765625
1 0.356995884765625 0.6543209873046875 0.3523662548828125 0.6523919755859375 0.33487654296875 0.6520061728515625 0.317901234375 0.6543209873046875 0.3163580244140625 0.6577932099609375 0.3194444443359375 0.7160493828125 0.3220164609375 0.7175925927734375 0.3523662548828125 0.7172067900390625 0.3585390947265625 0.713348765625 0.355967078125 0.6832561728515625 0.356995884765625 0.6543209873046875
1 0.403806583984375 0.710262345703125 0.4053497939453125 0.6855709873046875 0.4032921806640625 0.653163580078125 0.4017489716796875 0.6520061728515625 0.3863168720703125 0.6520061728515625 0.366769546875 0.653163580078125 0.36419753125 0.6550925927734375 0.3657407412109375 0.6902006171875 0.369855966796875 0.712962962890625 0.3842592587890625 0.7114197529296875 0.3904320986328125 0.713348765625 0.403806583984375 0.710262345703125
1 0.435185185546875 0.6543209873046875 0.4212962958984375 0.650462962890625 0.412037037109375 0.6523919755859375 0.4074074072265625 0.6516203701171875 0.4063786005859375 0.65277777734375 0.405864197265625 0.70987654296875 0.41100823046875 0.7118055556640625 0.4187242802734375 0.7121913583984375 0.4403292177734375 0.7087191357421875 0.443930041015625 0.7029320986328125 0.435185185546875 0.6543209873046875
1 0.3184156376953125 0.7226080244140625 0.2824074072265625 0.7226080244140625 0.2793209873046875 0.7256944443359375 0.2844650205078125 0.7827932099609375 0.2926954736328125 0.7854938271484375 0.3106995888671875 0.7858796298828125 0.3235596708984375 0.7839506171875 0.3245884775390625 0.778163580078125 0.3204732509765625 0.723765431640625 0.3184156376953125 0.7226080244140625
1 0.36213991796875 0.7202932099609375 0.3595679013671875 0.71875 0.340020576171875 0.7195216044921875 0.327160494140625 0.721064814453125 0.323045267578125 0.7229938271484375 0.3266460908203125 0.7839506171875 0.3353909462890625 0.78472222265625 0.365226337890625 0.78125 0.366769546875 0.7739197529296875 0.36419753125 0.7253086416015625 0.36213991796875 0.7202932099609375
1 0.40020576171875 0.71527777734375 0.3724279833984375 0.7168209873046875 0.3693415634765625 0.71875 0.3693415634765625 0.755401234375 0.3724279833984375 0.780864197265625 0.3765432099609375 0.7824074072265625 0.4074074072265625 0.7804783955078125 0.4115226337890625 0.776234568359375 0.4084362138671875 0.7168209873046875 0.40020576171875 0.71527777734375
1 0.4104938271484375 0.755787037109375 0.41306584375 0.7793209873046875 0.418209876953125 0.780864197265625 0.4284979423828125 0.780864197265625 0.4495884775390625 0.778163580078125 0.4526748974609375 0.775848765625 0.4526748974609375 0.7689043212890625 0.450102880859375 0.7264660498046875 0.4470164609375 0.7168209873046875 0.4434156376953125 0.713734568359375 0.4326131689453125 0.713348765625 0.424897119140625 0.713348765625 0.4115226337890625 0.7160493828125 0.409979423828125 0.7172067900390625 0.4104938271484375 0.755787037109375
1 0.491769546875 0.77237654296875 0.511831275390625 0.77237654296875 0.519032921875 0.76697530859375 0.5174897119140625 0.7480709873046875 0.5185185185546874 0.7256944443359375 0.5164609052734375 0.7121913583984375 0.51286008203125 0.7091049384765625 0.5041152265625 0.7091049384765625 0.4886831279296875 0.7121913583984375 0.48713991796875 0.713348765625 0.48713991796875 0.7229938271484375 0.4897119345703125 0.76967592578125 0.491769546875 0.77237654296875
1 0.4825102880859375 0.7106481484375 0.4624485595703125 0.710262345703125 0.4552469140625 0.7148919755859375 0.458847736328125 0.7716049384765625 0.45987654296875 0.772762345703125 0.47222222265625 0.7731481484375 0.4876543212890625 0.77237654296875 0.4855967080078125 0.7202932099609375 0.48713991796875 0.712962962890625 0.4825102880859375 0.7106481484375
1 0.543209876953125 0.70717592578125 0.5216049384765625 0.70794753125 0.5185185185546874 0.7094907412109375 0.5205761318359375 0.769290123046875 0.526234568359375 0.7712191357421875 0.549897119140625 0.770061728515625 0.5524691357421875 0.76427469140625 0.549897119140625 0.710262345703125 0.5483539091796875 0.7083333330078125 0.543209876953125 0.70717592578125
1 0.6764403291015625 0.66782407421875 0.6702674892578125 0.6577932099609375 0.672839505859375 0.6543209873046875 0.6754115224609375 0.6431327158203125 0.6702674892578125 0.641589505859375 0.6399176953125 0.6439043212890625 0.63786008203125 0.6543209873046875 0.6394032919921875 0.699459876953125 0.64609053515625 0.7010030859375 0.6764403291015625 0.7002314814453126 0.679012345703125 0.69637345703125 0.6764403291015625 0.66782407421875
1 0.68004115234375 0.6589506171875 0.68004115234375 0.699459876953125 0.6836419755859375 0.7010030859375 0.692901234375 0.701388888671875 0.71399176953125 0.7002314814453126 0.71810699609375 0.6940586416015625 0.7165637861328125 0.6431327158203125 0.7134773662109375 0.6404320986328125 0.7103909462890625 0.641589505859375 0.6923868310546875 0.6400462958984375 0.6795267490234375 0.6412037041015625 0.676954732421875 0.6439043212890625 0.676954732421875 0.650848765625 0.68004115234375 0.6589506171875
1 0.71810699609375 0.763888888671875 0.7206790126953125 0.7604166669921875 0.7206790126953125 0.7037037041015625 0.7160493828125 0.7025462958984375 0.6826131689453125 0.70447530859375 0.6805555556640625 0.707561728515625 0.68415637890625 0.76427469140625 0.687757201171875 0.7662037041015625 0.6954732509765625 0.76697530859375 0.7134773662109375 0.7654320986328125 0.71810699609375 0.763888888671875
1 0.6414609052734375 0.7314814814453126 0.6445473251953125 0.7662037041015625 0.6466049384765625 0.7681327158203125 0.653806583984375 0.7685185185546874 0.66923868359375 0.7685185185546874 0.679012345703125 0.7662037041015625 0.683127572265625 0.7627314814453126 0.682098765625 0.7291666669921875 0.676954732421875 0.723765431640625 0.681069958984375 0.71527777734375 0.6805555556640625 0.7060185185546874 0.6779835390625 0.704089505859375 0.66512345703125 0.7033179013671875 0.6496913583984375 0.7033179013671875 0.64197530859375 0.7052469140625 0.6414609052734375 0.7314814814453126
1 0.685185185546875 0.5844907412109375 0.685185185546875 0.6060956787109375 0.6867283955078125 0.6122685185546874 0.6954732509765625 0.6149691357421875 0.7073045263671875 0.6149691357421875 0.7227366259765625 0.6126543212890625 0.7263374482421875 0.610339505859375 0.7273662548828125 0.6072530859375 0.7283950615234375 0.5501543212890625 0.7160493828125 0.54822530859375 0.6887860078125 0.55092592578125 0.6862139921875 0.5547839501953125 0.6856995888671875 0.5632716044921875 0.687242798828125 0.5748456787109375 0.685185185546875 0.5844907412109375
1 0.1363168720703125 0.5652006171875 0.130144033203125 0.5667438271484375 0.12705761328125 0.5694444443359375 0.132201646484375 0.630401234375 0.1399176953125 0.6319444443359375 0.1723251025390625 0.630401234375 0.1754115224609375 0.6261574072265625 0.1702674892578125 0.5671296298828125 0.1656378603515625 0.564814814453125 0.1363168720703125 0.5652006171875
1 0.2227366259765625 0.610339505859375 0.2206790126953125 0.564814814453125 0.2026748974609375 0.562114197265625 0.1795267490234375 0.5636574072265625 0.176954732421875 0.5663580244140625 0.1774691357421875 0.5976080244140625 0.1815843623046875 0.630015431640625 0.2114197529296875 0.630787037109375 0.220164609375 0.6296296298828125 0.22222222265625 0.6265432099609375 0.2227366259765625 0.610339505859375
1 0.2649176953125 0.62847222265625 0.26697530859375 0.607638888671875 0.2644032919921875 0.58757716015625 0.2644032919921875 0.5640432099609375 0.2623456787109375 0.562885802734375 0.230967078125 0.5636574072265625 0.223765431640625 0.565586419921875 0.2227366259765625 0.577160494140625 0.2253086416015625 0.6269290126953125 0.227880658203125 0.6292438271484375 0.2376543212890625 0.630015431640625 0.2649176953125 0.62847222265625
1 0.3112139921875 0.6269290126953125 0.3153292177734375 0.6234567900390625 0.312242798828125 0.562114197265625 0.3106995888671875 0.5605709873046875 0.272119341796875 0.560185185546875 0.270061728515625 0.562885802734375 0.272119341796875 0.6265432099609375 0.3112139921875 0.6269290126953125
1 0.354938271484375 0.55902777734375 0.31584362109375 0.5597993828125 0.3132716044921875 0.5617283955078125 0.3137860078125 0.596836419921875 0.3173868310546875 0.6261574072265625 0.342078189453125 0.6265432099609375 0.355967078125 0.6242283955078125 0.35802469140625 0.6207561728515625 0.35802469140625 0.6145833330078125 0.354938271484375 0.55902777734375
1 0.4804526748046875 0.61612654296875 0.4814814814453125 0.6114969140625 0.4814814814453125 0.5810185185546874 0.4804526748046875 0.5605709873046875 0.4773662548828125 0.55169753125 0.4732510283203125 0.54822530859375 0.4660493828125 0.5462962958984375 0.4495884775390625 0.55169753125 0.4475308642578125 0.5559413583984375 0.4495884775390625 0.616512345703125 0.462962962890625 0.61882716015625 0.4783950615234375 0.6168981484375 0.4804526748046875 0.61612654296875
1 0.5123456787109375 0.613040123046875 0.513888888671875 0.6091820986328125 0.5123456787109375 0.55632716015625 0.5041152265625 0.54552469140625 0.49794238671875 0.543209876953125 0.4912551435546875 0.545138888671875 0.4876543212890625 0.5501543212890625 0.484053498046875 0.5497685185546874 0.480967078125 0.5520833330078125 0.4825102880859375 0.613811728515625 0.4866255146484375 0.6168981484375 0.5056584365234374 0.6149691357421875 0.5123456787109375 0.613040123046875
1 0.5426954736328125 0.6118827158203125 0.545781892578125 0.6060956787109375 0.5447530859375 0.557098765625 0.537037037109375 0.5466820986328125 0.5226337451171875 0.54552469140625 0.511831275390625 0.5493827158203125 0.5144032919921875 0.605709876953125 0.518004115234375 0.613040123046875 0.529835390625 0.6126543212890625 0.5334362138671875 0.613811728515625 0.5426954736328125 0.6118827158203125
1 0.367798353515625 0.6099537041015625 0.403806583984375 0.6087962958984375 0.404835390625 0.5860339501953125 0.4022633740234375 0.557098765625 0.3693415634765625 0.55632716015625 0.3662551435546875 0.5586419755859375 0.365226337890625 0.5702160498046875 0.367798353515625 0.6099537041015625
1 0.4074074072265625 0.60802469140625 0.441872427734375 0.60802469140625 0.443930041015625 0.6060956787109375 0.442901234375 0.556712962890625 0.4074074072265625 0.556712962890625 0.4053497939453125 0.55902777734375 0.4053497939453125 0.593364197265625 0.4074074072265625 0.60802469140625
1 0.5504115224609375 0.550540123046875 0.551954732421875 0.605709876953125 0.5555555556640625 0.6126543212890625 0.5612139921875 0.6168981484375 0.5874485595703125 0.6172839501953125 0.596193416015625 0.6149691357421875 0.5982510283203125 0.613040123046875 0.5982510283203125 0.587962962890625 0.59722222265625 0.5528549384765625 0.595164609375 0.54822530859375 0.5915637861328125 0.5462962958984375 0.5843621396484375 0.5493827158203125 0.5761316875 0.5493827158203125 0.570987654296875 0.5474537041015625 0.566872427734375 0.5497685185546874 0.556069958984375 0.5462962958984375 0.5504115224609375 0.550540123046875
1 0.63580246875 0.613811728515625 0.63786008203125 0.6126543212890625 0.6394032919921875 0.5814043212890625 0.6373456787109375 0.56867283984375 0.63786008203125 0.5497685185546874 0.604938271484375 0.550540123046875 0.5982510283203125 0.55362654296875 0.5992798349609375 0.5922067900390625 0.5977366259765625 0.613040123046875 0.604938271484375 0.6157407412109375 0.628086419921875 0.61612654296875 0.63580246875 0.613811728515625
1 0.6836419755859375 0.611111111328125 0.6862139921875 0.5532407412109375 0.683127572265625 0.5497685185546874 0.679012345703125 0.548611111328125 0.647119341796875 0.548611111328125 0.644032921875 0.5501543212890625 0.6455761318359375 0.6126543212890625 0.6574074072265625 0.61612654296875 0.67181069921875 0.61342592578125 0.68004115234375 0.61342592578125 0.6836419755859375 0.611111111328125
1 0.8518518515625 0.23032407421875 0.85390946484375 0.2280092587890625 0.855967078125 0.21527777734375 0.8554526748046875 0.1999421298828125 0.8575102880859375 0.1886574072265625 0.8554526748046875 0.185185185546875 0.8374485595703125 0.18402777734375 0.833847736328125 0.1855709873046875 0.83076131640625 0.204861111328125 0.8297325107421875 0.224151234375 0.8312757197265624 0.2291666669921875 0.8333333330078125 0.23032407421875 0.8518518515625 0.23032407421875
1 0.8544238681640625 0.2083333330078125 0.854938271484375 0.2287808642578125 0.873971193359375 0.2287808642578125 0.8816872431640626 0.2175925927734375 0.8791152265625 0.193287037109375 0.88117283984375 0.1855709873046875 0.86213991796875 0.1847993828125 0.8585390947265625 0.1863425927734375 0.8544238681640625 0.2083333330078125
1 0.894032921875 0.2287808642578125 0.897119341796875 0.227237654296875 0.8976337451171875 0.224537037109375 0.8981481484375 0.1882716044921875 0.8935185185546874 0.185185185546875 0.8765432099609375 0.1855709873046875 0.876028806640625 0.227237654296875 0.894032921875 0.2287808642578125
1 0.920781892578125 0.2253086416015625 0.932098765625 0.2260802470703125 0.937242798828125 0.224151234375 0.93415637890625 0.2233796298828125 0.931069958984375 0.21875 0.9326131689453125 0.213348765625 0.9326131689453125 0.1828703701171875 0.916152263671875 0.1801697529296875 0.9104938271484375 0.1805555556640625 0.905864197265625 0.182098765625 0.9007201650390625 0.187885802734375 0.9017489716796875 0.224151234375 0.914094650390625 0.2268518515625 0.920781892578125 0.2253086416015625
1 0.9356995888671875 0.182484568359375 0.93415637890625 0.184413580078125 0.9336419755859375 0.199459876953125 0.9336419755859375 0.224537037109375 0.9382716044921875 0.2264660498046875 0.9526748974609375 0.2264660498046875 0.954218107421875 0.223765431640625 0.95576131640625 0.1847993828125 0.95318930078125 0.1832561728515625 0.9356995888671875 0.182484568359375
1 0.9593621396484375 0.1836419755859375 0.9562757197265624 0.1886574072265625 0.95576131640625 0.1952160498046875 0.95576131640625 0.224151234375 0.9593621396484375 0.2268518515625 0.97222222265625 0.2260802470703125 0.9742798349609375 0.224151234375 0.9763374482421875 0.2145061728515625 0.9773662548828125 0.1832561728515625 0.9593621396484375 0.1836419755859375
1 0.9994855966796875 0.1828703701171875 0.984053498046875 0.1828703701171875 0.980967078125 0.1913580244140625 0.97890946484375 0.216435185546875 0.9804526748046875 0.22762345703125 0.9994855966796875 0.2283950615234375 0.9994855966796875 0.1828703701171875
1 0.8287037041015625 0.2746913583984375 0.848765431640625 0.27507716015625 0.8523662548828125 0.23919753125 0.8513374482421875 0.23302469140625 0.8312757197265624 0.23302469140625 0.8276748974609375 0.26080246875 0.827160494140625 0.2731481484375 0.8287037041015625 0.2746913583984375
1 0.83076131640625 0.278935185546875 0.8276748974609375 0.2800925927734375 0.8256172841796875 0.2839506171875 0.8245884775390625 0.31867283984375 0.82818930078125 0.3217592587890625 0.8446502060546875 0.32137345703125 0.8467078193359375 0.317515431640625 0.8477366259765625 0.281635802734375 0.845164609375 0.2793209873046875 0.83076131640625 0.278935185546875
1 0.8415637861328125 0.3645833330078125 0.844135802734375 0.3614969140625 0.845164609375 0.324459876953125 0.8266460908203125 0.32407407421875 0.823045267578125 0.32677469140625 0.8225308642578125 0.33294753125 0.820987654296875 0.3645833330078125 0.8415637861328125 0.3645833330078125
1 0.854938271484375 0.2322530859375 0.8513374482421875 0.2364969140625 0.850823044921875 0.2507716044921875 0.8513374482421875 0.2743055556640625 0.8595679013671875 0.275462962890625 0.869855966796875 0.2735339501953125 0.871913580078125 0.27237654296875 0.87294238671875 0.233410494140625 0.866769546875 0.2314814814453125 0.854938271484375 0.2322530859375
1 0.895061728515625 0.2341820986328125 0.8935185185546874 0.2322530859375 0.8873456787109375 0.2310956787109375 0.8765432099609375 0.2310956787109375 0.871913580078125 0.2341820986328125 0.871913580078125 0.272762345703125 0.876028806640625 0.2743055556640625 0.8904320986328125 0.2735339501953125 0.893004115234375 0.2719907412109375 0.8945473251953125 0.267361111328125 0.895061728515625 0.2341820986328125
1 0.8626543212890625 0.27777777734375 0.8518518515625 0.278935185546875 0.8482510283203125 0.2820216044921875 0.84722222265625 0.3153935185546875 0.84310699609375 0.320987654296875 0.863168724609375 0.3206018515625 0.8683127568359374 0.317515431640625 0.8703703701171875 0.2820216044921875 0.866769546875 0.278163580078125 0.8626543212890625 0.27777777734375
1 0.90689300390625 0.2492283955078125 0.905864197265625 0.269290123046875 0.907921810546875 0.2716049384765625 0.9166666669921875 0.2689043212890625 0.9146090537109375 0.2631172841796875 0.9166666669921875 0.2364969140625 0.91100823046875 0.2310956787109375 0.907921810546875 0.2368827158203125 0.90689300390625 0.2492283955078125
1 0.9356995888671875 0.2322530859375 0.918209876953125 0.2345679013671875 0.9166666669921875 0.2492283955078125 0.916152263671875 0.2689043212890625 0.92181069921875 0.2708333330078125 0.935185185546875 0.2689043212890625 0.9382716044921875 0.2658179013671875 0.9387860078125 0.244598765625 0.9387860078125 0.2345679013671875 0.9356995888671875 0.2322530859375
1 0.9573045263671875 0.269290123046875 0.95987654296875 0.263888888671875 0.9624485595703125 0.2376543212890625 0.9562757197265624 0.232638888671875 0.941872427734375 0.233410494140625 0.939814814453125 0.2345679013671875 0.9393004111328125 0.2395833330078125 0.9403292177734375 0.246913580078125 0.937242798828125 0.2658179013671875 0.939814814453125 0.2685185185546875 0.94495884765625 0.26967592578125 0.9573045263671875 0.269290123046875
1 0.9994855966796875 0.229938271484375 0.9804526748046875 0.2291666669921875 0.9773662548828125 0.2341820986328125 0.975823044921875 0.2708333330078125 0.980967078125 0.2735339501953125 0.9994855966796875 0.2731481484375 0.9994855966796875 0.229938271484375
1 0.9804526748046875 0.27507716015625 0.97479423828125 0.2773919755859375 0.9696502060546875 0.3001543212890625 0.969135802734375 0.317515431640625 0.9753086416015625 0.3190586416015625 0.9897119345703125 0.317901234375 0.992798353515625 0.30362654296875 0.99382716015625 0.2773919755859375 0.9922839501953125 0.275848765625 0.9804526748046875 0.27507716015625
1 0.969135802734375 0.3618827158203125 0.984053498046875 0.361111111328125 0.988168724609375 0.32137345703125 0.970164609375 0.3202160498046875 0.9660493828125 0.324459876953125 0.9645061728515625 0.33217592578125 0.962962962890625 0.3595679013671875 0.969135802734375 0.3618827158203125
1 0.9912551435546875 0.3206018515625 0.98919753125 0.323688271484375 0.9850823046875 0.348765431640625 0.9850823046875 0.361111111328125 0.9994855966796875 0.361111111328125 0.9994855966796875 0.3198302470703125 0.9912551435546875 0.3206018515625
1 0.956790123046875 0.320987654296875 0.96193415625 0.318287037109375 0.9645061728515625 0.314814814453125 0.969135802734375 0.3001543212890625 0.96810699609375 0.2793209873046875 0.9655349794921875 0.2770061728515625 0.95987654296875 0.275848765625 0.9454732509765625 0.2773919755859375 0.941872427734375 0.2793209873046875 0.941872427734375 0.2854938271484375 0.932098765625 0.317515431640625 0.935185185546875 0.320987654296875 0.956790123046875 0.320987654296875
1 0.924897119140625 0.2773919755859375 0.9223251025390625 0.2793209873046875 0.92181069921875 0.2854938271484375 0.9202674892578125 0.317515431640625 0.9243827158203125 0.3190586416015625 0.9393004111328125 0.3194444443359375 0.941872427734375 0.317515431640625 0.9434156376953124 0.278935185546875 0.9326131689453125 0.2770061728515625 0.924897119140625 0.2773919755859375
1 0.9223251025390625 0.2800925927734375 0.9202674892578125 0.2773919755859375 0.9063786005859376 0.2773919755859375 0.8996913583984375 0.278935185546875 0.89609053515625 0.3020833330078125 0.8955761318359375 0.3190586416015625 0.9043209873046875 0.3202160498046875 0.9146090537109375 0.3190586416015625 0.9166666669921875 0.3171296298828125 0.9176954736328125 0.2993827158203125 0.9223251025390625 0.2800925927734375
1 0.871913580078125 0.2785493828125 0.86882716015625 0.2820216044921875 0.8683127568359374 0.289737654296875 0.867798353515625 0.31867283984375 0.8724279833984375 0.320987654296875 0.886831275390625 0.3217592587890625 0.8904320986328125 0.318287037109375 0.89197530859375 0.2797067900390625 0.8873456787109375 0.27777777734375 0.871913580078125 0.2785493828125
1 0.8657407412109375 0.3626543212890625 0.8703703701171875 0.352237654296875 0.8662551435546875 0.349151234375 0.867798353515625 0.324459876953125 0.865226337890625 0.3229166669921875 0.848765431640625 0.323688271484375 0.845164609375 0.327160494140625 0.8425925927734375 0.352237654296875 0.8436213994140624 0.3626543212890625 0.8482510283203125 0.3645833330078125 0.863168724609375 0.363811728515625 0.8657407412109375 0.3626543212890625
1 0.866769546875 0.3252314814453125 0.8657407412109375 0.3591820986328125 0.861111111328125 0.3626543212890625 0.8796296298828125 0.36419753125 0.886831275390625 0.363040123046875 0.886831275390625 0.326388888671875 0.8837448564453125 0.3248456787109375 0.8693415634765626 0.32330246875 0.866769546875 0.3252314814453125
1 0.8924897119140625 0.3256172841796875 0.8924897119140625 0.3626543212890625 0.89609053515625 0.363811728515625 0.91512345703125 0.3626543212890625 0.9125514404296875 0.3483796298828125 0.9146090537109375 0.324459876953125 0.9094650205078125 0.3229166669921875 0.897119341796875 0.3229166669921875 0.8924897119140625 0.3256172841796875
1 0.914094650390625 0.324459876953125 0.9135802470703125 0.3572530859375 0.9115226337890625 0.3626543212890625 0.9284979423828125 0.3626543212890625 0.933127572265625 0.3591820986328125 0.9336419755859375 0.32407407421875 0.93004115234375 0.3225308642578125 0.918209876953125 0.3221450615234375 0.914094650390625 0.324459876953125
1 0.9382716044921875 0.32407407421875 0.9346707822265625 0.32677469140625 0.9346707822265625 0.3599537041015625 0.9382716044921875 0.3618827158203125 0.9516460908203125 0.3614969140625 0.954218107421875 0.3595679013671875 0.9573045263671875 0.324459876953125 0.954218107421875 0.3221450615234375 0.9382716044921875 0.32407407421875
1 0.8456790126953125 0.4131944443359375 0.8194444443359375 0.4135802470703125 0.8143004111328125 0.4413580244140625 0.814814814453125 0.48032407421875 0.8518518515625 0.48032407421875 0.8544238681640625 0.4780092587890625 0.8554526748046875 0.471064814453125 0.854938271484375 0.454089505859375 0.859053498046875 0.414737654296875 0.8456790126953125 0.4131944443359375
1 0.87294238671875 0.412037037109375 0.8605967080078125 0.414737654296875 0.8564814814453126 0.448688271484375 0.8554526748046875 0.4787808642578125 0.8605967080078125 0.48032407421875 0.8945473251953125 0.4787808642578125 0.8966049384765625 0.477237654296875 0.8996913583984375 0.4189814814453125 0.8976337451171875 0.412037037109375 0.87294238671875 0.412037037109375
1 0.943930041015625 0.4753086416015625 0.9444444443359375 0.4216820986328125 0.9423868310546875 0.4108796298828125 0.918209876953125 0.4089506171875 0.909979423828125 0.4089506171875 0.9043209873046875 0.4108796298828125 0.9007201650390625 0.451388888671875 0.90020576171875 0.477237654296875 0.918209876953125 0.4791666669921875 0.9295267490234375 0.4787808642578125 0.94084362109375 0.477237654296875 0.943930041015625 0.4753086416015625
1 0.9850823046875 0.4212962958984375 0.984053498046875 0.4089506171875 0.9814814814453126 0.4070216044921875 0.9768518515625 0.4070216044921875 0.9495884775390625 0.4104938271484375 0.9465020576171875 0.411265431640625 0.9454732509765625 0.414737654296875 0.94495884765625 0.477237654296875 0.95987654296875 0.4783950615234375 0.973765431640625 0.477237654296875 0.9825102880859375 0.4714506171875 0.9850823046875 0.4212962958984375
1 0.984053498046875 0.4452160498046875 0.984053498046875 0.474151234375 0.98713991796875 0.4760802470703125 0.9994855966796875 0.4768518515625 0.9994855966796875 0.4023919755859375 0.9953703701171875 0.400848765625 0.9886831279296875 0.4035493828125 0.9866255146484375 0.4081790126953125 0.984053498046875 0.4452160498046875
1 0.8137860078125 0.5864197529296875 0.8132716044921875 0.607638888671875 0.8153292177734375 0.610339505859375 0.8523662548828125 0.6095679013671875 0.854938271484375 0.5543981484375 0.852880658203125 0.547839505859375 0.8204732509765625 0.547839505859375 0.8173868310546875 0.5489969140625 0.8137860078125 0.5864197529296875
1 0.8626543212890625 0.5466820986328125 0.856995884765625 0.5489969140625 0.854938271484375 0.556712962890625 0.8533950615234375 0.6091820986328125 0.855967078125 0.61072530859375 0.8708847734375 0.611111111328125 0.8899176953125 0.6087962958984375 0.8924897119140625 0.6030092587890625 0.895061728515625 0.5466820986328125 0.8626543212890625 0.5466820986328125
1 0.937757201171875 0.605709876953125 0.9403292177734375 0.5910493828125 0.9413580244140625 0.5547839501953125 0.939814814453125 0.5443672841796875 0.9284979423828125 0.54282407421875 0.9022633740234375 0.5439814814453126 0.899176955078125 0.5501543212890625 0.897119341796875 0.6068672841796875 0.903806583984375 0.6091820986328125 0.91923868359375 0.6095679013671875 0.9284979423828125 0.6087962958984375 0.937757201171875 0.605709876953125
1 0.979938271484375 0.605709876953125 0.9804526748046875 0.543209876953125 0.977880658203125 0.54205246875 0.9552469140625 0.542438271484375 0.943930041015625 0.5447530859375 0.9423868310546875 0.5474537041015625 0.9413580244140625 0.57947530859375 0.94084362109375 0.6030092587890625 0.9423868310546875 0.6060956787109375 0.9614197529296875 0.607638888671875 0.9773662548828125 0.6072530859375 0.979938271484375 0.605709876953125
1 0.9814814814453126 0.605709876953125 0.9994855966796875 0.605709876953125 0.9994855966796875 0.5354938271484375 0.984053498046875 0.5412808642578125 0.981995884765625 0.5551697529296875 0.9814814814453126 0.605709876953125
1 0.9026558642578125 0.722805169921875 0.9043209873046875 0.744212962890625 0.907921810546875 0.7457561728515625 0.9284979423828125 0.744984568359375 0.9315843623046876 0.741512345703125 0.9326131689453125 0.7345679013671875 0.9326131689453125 0.682098765625 0.9305555556640625 0.6809413583984375 0.9074074072265625 0.682098765625 0.9084362138671875 0.6836419755859375 0.905864197265625 0.6855709873046875 0.903806583984375 0.685185185546875 0.9026558642578125 0.722805169921875
1 0.9032921806640625 0.7025462958984375 0.9022633740234375 0.6940586416015625 0.8955761318359375 0.689814814453125 0.899176955078125 0.6859567900390625 0.8981481484375 0.685185185546875 0.888888888671875 0.6855709873046875 0.8863168720703125 0.713348765625 0.886831275390625 0.7480709873046875 0.8935185185546874 0.7457561728515625 0.901234568359375 0.7461419755859375 0.9043209873046875 0.7422839501953125 0.9032921806640625 0.7025462958984375
1 0.970164609375 0.69097222265625 0.9660493828125 0.6921296298828125 0.96399176953125 0.7110339501953125 0.9624485595703125 0.74112654296875 0.9634773662109375 0.74382716015625 0.9665637861328125 0.74382716015625 0.970164609375 0.7434413583984375 0.973765431640625 0.73842592578125 0.9753086416015625 0.7060185185546874 0.970164609375 0.69097222265625
1 0.9876543212890625 0.735339505859375 0.990226337890625 0.730709876953125 0.992798353515625 0.6882716044921875 0.98919753125 0.685185185546875 0.981995884765625 0.6855709873046875 0.975823044921875 0.6875 0.970164609375 0.6917438271484375 0.9753086416015625 0.7083333330078125 0.9732510283203125 0.7268518515625 0.9742798349609375 0.735339505859375 0.9763374482421875 0.7364969140625 0.9876543212890625 0.735339505859375
0 0.9501953125 0.3681640625 0.953125 0.373046875 0.9521484375 0.380859375 0.9453125 0.3828125 0.9091796875 0.3818359375 0.908203125 0.37109375 0.9130859375 0.3681640625 0.94921875 0.3681640625
0 0.666015625 0.4873046875 0.6708984375 0.4853515625 0.7099609375 0.486328125 0.7099609375 0.498046875 0.7080078125 0.4990234375 0.6689453125 0.4990234375 0.666015625 0.4970703125 0.666015625 0.48828125
0 0.1337890625 0.38623046875 0.052734375 0.0166015625
0 0.5634765625 0.5048828125 0.5625 0.4951171875 0.564453125 0.4921875 0.5908203125 0.490234375 0.6064453125 0.4912109375 0.6083984375 0.494140625 0.607421875 0.50390625 0.564453125 0.5048828125
0 0.9560546875 0.755859375 0.958984375 0.7587890625 0.9580078125 0.7666015625 0.9375 0.76953125 0.9208984375 0.76953125 0.919921875 0.7646484375 0.921875 0.759765625 0.955078125 0.755859375
0 0.7900390625 0.4853515625 0.794921875 0.48828125 0.7939453125 0.498046875 0.78125 0.5 0.751953125 0.4990234375 0.7509765625 0.48828125 0.7890625 0.4853515625
0 0.94921875 0.62109375 0.94921875 0.61328125 0.951171875 0.611328125 0.966796875 0.609375 0.9892578125 0.609375 0.990234375 0.619140625 0.98828125 0.62109375 0.970703125 0.623046875 0.9501953125 0.62109375
0 0.181640625 0.5009765625 0.1865234375 0.50390625 0.1875 0.5126953125 0.1845703125 0.515625 0.1376953125 0.515625 0.1337890625 0.509765625 0.1337890625 0.50390625 0.138671875 0.5009765625 0.1806640625 0.5009765625
0 0.3369140625 0.4990234375 0.337890625 0.5087890625 0.330078125 0.5126953125 0.2900390625 0.5126953125 0.287109375 0.5087890625 0.2861328125 0.5009765625 0.2919921875 0.498046875 0.33203125 0.4970703125 0.3359375 0.4990234375
0 0.2705078125 0.37890625 0.314453125 0.3779296875 0.3193359375 0.3798828125 0.318359375 0.392578125 0.2734375 0.392578125 0.2705078125 0.390625 0.2705078125 0.3798828125
0 0.8876953125 0.369140625 0.8916015625 0.373046875 0.8916015625 0.380859375 0.88671875 0.3837890625 0.84765625 0.3837890625 0.845703125 0.3798828125 0.8486328125 0.3701171875 0.88671875 0.369140625
0 0.3828125 0.62890625 0.384765625 0.6337890625 0.3837890625 0.6396484375 0.3544921875 0.64453125 0.3388671875 0.6435546875 0.3388671875 0.6328125 0.3701171875 0.6279296875 0.3818359375 0.62890625
0 0.62109375 0.7744140625 0.6240234375 0.7802734375 0.623046875 0.7861328125 0.607421875 0.7880859375 0.58203125 0.7880859375 0.58203125 0.7763671875 0.591796875 0.7744140625 0.6201171875 0.7744140625
0 0.5205078125 0.6259765625 0.5224609375 0.626953125 0.5224609375 0.6376953125 0.5166015625 0.6396484375 0.48046875 0.6396484375 0.478515625 0.6376953125 0.478515625 0.62890625 0.48046875 0.626953125 0.51953125 0.6259765625
0 0.53515625 0.4931640625 0.537109375 0.4951171875 0.537109375 0.5048828125 0.51171875 0.5078125 0.4931640625 0.5068359375 0.4921875 0.4970703125 0.494140625 0.494140625 0.5341796875 0.4931640625
0 0.8798828125 0.6123046875 0.9033203125 0.611328125 0.9208984375 0.61328125 0.919921875 0.623046875 0.9150390625 0.625 0.8818359375 0.6240234375 0.87890625 0.6220703125 0.8798828125 0.61328125
0 0.7197265625 0.619140625 0.7216796875 0.6220703125 0.720703125 0.630859375 0.69140625 0.6328125 0.6787109375 0.6318359375 0.677734375 0.623046875 0.6796875 0.6201171875 0.701171875 0.6181640625 0.71875 0.619140625
0 0.8896484375 0.7607421875 0.8916015625 0.76171875 0.8916015625 0.771484375 0.8681640625 0.7744140625 0.8525390625 0.7734375 0.8525390625 0.763671875 0.857421875 0.76171875 0.888671875 0.7607421875
0 0.21875 0.6357421875 0.2216796875 0.6396484375 0.2197265625 0.6484375 0.1962890625 0.650390625 0.177734375 0.650390625 0.1728515625 0.6484375 0.1728515625 0.63671875 0.2177734375 0.6357421875
0 0.9921875 0.755859375 0.9990234375 0.7568359375 0.9990234375 0.765625 0.984375 0.765625 0.9833984375 0.7587890625 0.9853515625 0.7568359375 0.9912109375 0.7568359375
0 0.4794921875 0.3759765625 0.482421875 0.380859375 0.4814453125 0.3896484375 0.4541015625 0.3916015625 0.435546875 0.390625 0.435546875 0.3779296875 0.478515625 0.3759765625
0 0.978515625 0.4873046875 0.04296875 0.015625
0 0.7451171875 0.7685546875 0.7841796875 0.7666015625 0.7861328125 0.771484375 0.783203125 0.779296875 0.7470703125 0.7802734375 0.744140625 0.77734375 0.7451171875 0.76953125
0 0.533203125 0.7783203125 0.5361328125 0.7822265625 0.5341796875 0.791015625 0.517578125 0.7919921875 0.4951171875 0.7919921875 0.4931640625 0.7900390625 0.494140625 0.7802734375 0.5322265625 0.7783203125
0 0.6298828125 0.6220703125 0.6318359375 0.6240234375 0.630859375 0.6337890625 0.6123046875 0.6357421875 0.5888671875 0.6357421875 0.5888671875 0.6240234375 0.62890625 0.6220703125
0 0.7158203125 0.7705078125 0.7158203125 0.7802734375 0.6943359375 0.783203125 0.6767578125 0.783203125 0.6748046875 0.78125 0.6748046875 0.7744140625 0.6787109375 0.7705078125 0.71484375 0.7705078125
0 0.677734375 0.373046875 0.681640625 0.375 0.681640625 0.384765625 0.6787109375 0.3876953125 0.6494140625 0.388671875 0.63671875 0.3876953125 0.6357421875 0.3759765625 0.6376953125 0.3740234375 0.6767578125 0.373046875
0 0.21435546875 0.79931640625 0.046875 0.0146484375
0 0.875 0.4833984375 0.8779296875 0.484375 0.876953125 0.49609375 0.859375 0.498046875 0.8349609375 0.498046875 0.8330078125 0.494140625 0.833984375 0.486328125 0.837890625 0.484375 0.8740234375 0.4833984375
0 0.79296875 0.6162109375 0.7958984375 0.6181640625 0.7958984375 0.626953125 0.7939453125 0.62890625 0.7763671875 0.630859375 0.75390625 0.6298828125 0.7529296875 0.62109375 0.7548828125 0.6181640625 0.7919921875 0.6162109375
0 0.439453125 0.783203125 0.44140625 0.7890625 0.439453125 0.794921875 0.4228515625 0.796875 0.3984375 0.796875 0.3974609375 0.787109375 0.4384765625 0.783203125