1 0.0233548134765625 0.248201685546875 0.0043247900390625 0.247869515625 0.00322728125 0.310745740234375 0.0258373798828125 0.3122979853515625 0.0284628701171875 0.3092569228515625 0.029812109375 0.2614336806640625 0.0279298720703125 0.25136843359375 0.0233548134765625 0.248201685546875
1 0.0315234130859375 0.2518170205078125 0.032002544921875 0.3127914599609375 0.0381138466796875 0.316370884765625 0.0566295439453125 0.3166940771484375 0.060344283203125 0.3101992763671875 0.0611010029296875 0.29632148046875 0.0583087099609375 0.249969392578125 0.03361437890625 0.2499242119140625 0.0315234130859375 0.2518170205078125
1 0.065210396484375 0.2377423017578125 0.06206384765625 0.241160130859375 0.0598516845703125 0.249996326171875 0.06128540234375 0.315231900390625 0.0628014443359375 0.3168018076171875 0.0910893154296875 0.3172955751953125 0.0928762119140625 0.2443989912109375 0.0909333759765625 0.2378054375 0.08172266015625 0.234943634765625 0.065210396484375 0.2377423017578125
1 0.1240734443359375 0.3140127021484375 0.1251492265625 0.311330451171875 0.124811490234375 0.24225539453125 0.122828255859375 0.2379763037109375 0.1182262646484375 0.2363525302734375 0.098147392578125 0.2371596357421875 0.09447978515625 0.2409542294921875 0.0942560634765625 0.312720515625 0.09879745703125 0.3178159814453125 0.1075611806640625 0.316811369140625 0.1157701806640625 0.3181122412109375 0.1240734443359375 0.3140127021484375
1 0.14499809375 0.2352763896484375 0.1295212138671875 0.2377072685546875 0.126888990234375 0.24113407421875 0.126171142578125 0.311734150390625 0.1296973525390625 0.316040173828125 0.136884435546875 0.3169373466796875 0.13993671875 0.318919931640625 0.150256884765625 0.317170763671875 0.1548588759765625 0.318794537109375 0.1574910986328125 0.315367732421875 0.1560895205078125 0.3072401806640625 0.158315150390625 0.2976324990234375 0.155363865234375 0.289863759765625 0.159186333984375 0.277197060546875 0.1571828994140625 0.2740752001953125 0.1559114951171875 0.2584900654296875 0.15728802734375 0.23857780078125 0.15526439453125 0.236613171875 0.14499809375 0.2352763896484375
1 0.152823302734375 0.2585646533203125 0.14652347265625 0.2657860537109375 0.150297283203125 0.3148563017578125 0.15691617578125 0.318830447265625 0.185197314453125 0.3197099580078125 0.1876990048828125 0.294286783203125 0.186110423828125 0.237923314453125 0.1835791982421875 0.2355639638671875 0.1774207646484375 0.23468474609375 0.1516708525390625 0.2361645849609375 0.1495731533203125 0.2384431376953125 0.1504200078125 0.248876171875 0.153431892578125 0.25317321875 0.152823302734375 0.2585646533203125
1 0.2213414580078125 0.3122377705078125 0.22158537890625 0.23931425390625 0.2144386953125 0.2361026181640625 0.1990089462890625 0.235833291015625 0.18867531640625 0.2383539453125 0.18789013671875 0.312811458984375 0.19035403125 0.3190282470703125 0.192905455078125 0.320230365234375 0.21602987890625 0.321791587890625 0.220184876953125 0.3195489462890625 0.2213414580078125 0.3122377705078125
1 0.248432349609375 0.3223571748046875 0.250983775390625 0.3235592939453125 0.25413032421875 0.3201414658203125 0.2565512158203125 0.2993472158203125 0.256045150390625 0.239915751953125 0.2494195244140625 0.2363273505859375 0.2272833525390625 0.2370985458984375 0.22415700390625 0.2393591416015625 0.2228051611328125 0.257856884765625 0.22121352734375 0.3195669013671875 0.226296177734375 0.3231283701171875 0.238112185546875 0.324106341796875 0.248432349609375 0.3223571748046875
1 0.27685546875 0.2802734375 0.03515625 0.08984375
1 0.3125 0.27978515625 0.037109375 0.091796875
1 0.3505859375 0.2802734375 0.041015625 0.09765625
1 0.38720703125 0.2783203125 0.0361328125 0.09375
1 0.42041015625 0.2802734375 0.0341796875 0.1015625
1 0.45751953125 0.2841796875 0.0380859375 0.0966796875
1 0.494140625 0.283203125 0.0361328125 0.09375
1 0.537109375 0.29052734375 0.048828125 0.0849609375
1 0.580078125 0.29248046875 0.052734375 0.08984375
1 0.6376953125 0.29248046875 0.05078125 0.0908203125
1 0.68994140625 0.29052734375 0.048828125 0.091796875
1 0.74169921875 0.29443359375 0.0458984375 0.08984375
1 0.79443359375 0.29541015625 0.0517578125 0.0888671875
1 0.84130859375 0.29443359375 0.037109375 0.087890625
1 0.884765625 0.2958984375 0.0400390625 0.08984375
1 0.93408203125 0.29443359375 0.052734375 0.0986328125
1 0.9833984375 0.296875 0.033203125 0.09375
1 0.98388671875 0.4111328125 0.0322265625 0.1015625
1 0.94287109375 0.40771484375 0.04296875 0.103515625
1 0.7451171875 0.40673828125 0.052734375 0.0888671875
1 0.79736328125 0.404296875 0.048828125 0.08984375
1 0.84912109375 0.41015625 0.052734375 0.087890625
1 0.06982421875 0.38232421875 0.0400390625 0.0751953125
1 0.1103515625 0.38232421875 0.041015625 0.0732421875
1 0.15380859375 0.38525390625 0.0419921875 0.076171875
1 0.19287109375 0.38720703125 0.041015625 0.0791015625
1 0.23583984375 0.3876953125 0.0458984375 0.080078125
1 0.28466796875 0.39013671875 0.044921875 0.0771484375
1 0.3291015625 0.390625 0.0439453125 0.0791015625
1 0.37158203125 0.39404296875 0.0390625 0.076171875
1 0.4130859375 0.39453125 0.0400390625 0.0751953125
1 0.480734765625 0.3657698740234375 0.479211990234375 0.3645857109375 0.4642763681640625 0.365482591796875 0.4396224365234375 0.3631229501953125 0.436496087890625 0.365383546875 0.4337478740234375 0.4344047373046875 0.436806890625 0.436001578125 0.474352611328125 0.43665694140625 0.476490708984375 0.432063927734375 0.478938533203125 0.4097267021484375 0.480734765625 0.3657698740234375
1 0.5259818955078125 0.367331388671875 0.5249734453125 0.366156203125 0.485891482421875 0.3650881630859375 0.483306390625 0.3658147626953125 0.4821430771484375 0.373511681640625 0.47848741015625 0.43557153125 0.481025369140625 0.4375451376953125 0.519579541015625 0.4393756865234375 0.5222117646484375 0.435948880859375 0.5228338203125 0.4297859599609375 0.5259818955078125 0.367331388671875
1 0.526902814453125 0.3735212431640625 0.5237345400390625 0.437133044921875 0.5298593056640625 0.439940982421875 0.56740502734375 0.4405963447265625 0.571763548828125 0.3677446494140625 0.569212123046875 0.3665425302734375 0.53062428515625 0.36664069921875 0.5280324619140625 0.3677530419921875 0.526902814453125 0.3735212431640625
1 0.617802138671875 0.441861890625 0.618430927734375 0.4353132255859375 0.622688451171875 0.368247685546875 0.6124288857421875 0.3665251591796875 0.600078353515625 0.3666954404296875 0.5888440029296875 0.361869009765625 0.584221810546875 0.36140246875 0.57481583203125 0.3697272333984375 0.5737131171875 0.373952458984375 0.5710053017578125 0.4406591884765625 0.5853660009765626 0.4432250224609375 0.6157179072265625 0.443368955078125 0.617802138671875 0.441861890625
1 0.668950763671875 0.3705986416015625 0.6576827470703125 0.3677009296875 0.6489257568359375 0.368319798828125 0.6392141806640625 0.3646775302734375 0.6304639248046875 0.36491065625 0.6247120849609376 0.370212314453125 0.6210605478515625 0.402560919921875 0.61934511328125 0.4418888232421875 0.63215610546875 0.44481346875 0.6655872265625 0.4453970107421875 0.6709743984375 0.372563271484375 0.668950763671875 0.3705986416015625
1 0.7168285888671875 0.42777009375 0.72072925390625 0.3811489697265625 0.7193882744140625 0.3695497265625 0.6839133193359375 0.3681587861328125 0.675129396484375 0.37032062890625 0.6707993349609375 0.382592607421875 0.6686503740234375 0.4172826083984375 0.6677051259765625 0.441961228515625 0.6691807685546876 0.44584559765625 0.704648990234375 0.44762228125 0.7134194462890625 0.44623192578125 0.7168285888671875 0.42777009375
1 0.764297216796875 0.44943516796875 0.766394916015625 0.447156615234375 0.772817470703125 0.3739550869140625 0.764648869140625 0.3703397529296875 0.7481972041015625 0.3696667265625 0.737483912109375 0.3644635283203125 0.72924124609375 0.3650913759765625 0.7224136259765624 0.3730752841796875 0.7187957548828126 0.4034951728515625 0.71597760546875 0.44704830078125 0.746309310546875 0.44834946484375 0.755533494140625 0.4504397802734375 0.764297216796875 0.44943516796875
1 0.773027275390625 0.4503592744140625 0.8115949130859375 0.4514183359375 0.81832826953125 0.4488348388671875 0.824196099609375 0.3779387939453125 0.8242566982421875 0.3744671005859375 0.821217880859375 0.371713029296875 0.8027156484375 0.370618349609375 0.7853093984375 0.3656841875 0.7780751845703126 0.3674872197265625 0.7733250625 0.37434980859375 0.7683620810546875 0.4228816953125 0.7669092412109375 0.4471655927734375 0.768932875 0.44913022265625 0.773027275390625 0.4503592744140625
1 0.8217980107421875 0.4269013125 0.820906626953125 0.448493982421875 0.822422669921875 0.450063890625 0.84089796875 0.452701544921875 0.856347916015625 0.4518136416015625 0.8599414580078125 0.452262228515625 0.8634946005859375 0.45502527734375 0.8691723740234375 0.4539667998046875 0.872893845703125 0.447086255859375 0.881212103515625 0.383178486328125 0.8813400341796875 0.37584935546875 0.8793231328125 0.3734989833984375 0.8592779267578124 0.3723773701171875 0.8397941767578125 0.368564529296875 0.829921005859375 0.374180111328125 0.8277963740234375 0.3780016376953125 0.8217980107421875 0.4269013125
1 0.9046203955078125 0.4569007138671875 0.9159759443359375 0.4547837587890625 0.9158992763671875 0.4297014404296875 0.923629142578125 0.3700278740234375 0.9231754169921875 0.3665472021484375 0.9206307255859375 0.36495933984375 0.8984878203125 0.366116279296875 0.8891761044921875 0.3690406328125 0.885515232421875 0.3724494833984375 0.8817264287109375 0.3831874638671875 0.874712880859375 0.4312976962890625 0.8728601796875 0.4490149736328125 0.8743223564453125 0.4536708310546875 0.9046203955078125 0.4569007138671875
1 0.9828687998046876 0.5720956103515625 0.987064197265625 0.567538505859375 0.99675449609375 0.4839757626953125 0.991671845703125 0.4804142939453125 0.9603047568359375 0.47948091796875 0.9550941767578125 0.4832485791015625 0.95225995703125 0.4982476962890625 0.948278494140625 0.549497744140625 0.9443819599609375 0.5664076240234375 0.9458912685546875 0.568363275390625 0.95923005078125 0.5705254111328125 0.9828687998046876 0.5720956103515625
1 0.912432138671875 0.48096046484375 0.905256994140625 0.5383285478515625 0.904345412109375 0.5610784482421876 0.9094011298828125 0.566182892578125 0.9140367880859375 0.565877947265625 0.9170823388671875 0.5682462744140625 0.923281169921875 0.5668110302734375 0.932505353515625 0.568901345703125 0.944862619140625 0.5683453203125 0.9456934033203125 0.55022434375 0.9483727587890625 0.5440973310546875 0.9494459384765624 0.51208958203125 0.955121109375 0.481705603515625 0.9520688251953126 0.4797230205078125 0.9423235830078125 0.4780094716796875 0.9227792353515625 0.47766832421875 0.918143578125 0.47797326953125 0.912432138671875 0.48096046484375
1 0.8615730400390625 0.535636734375 0.8616227763671875 0.562262029296875 0.868275333984375 0.564307455078125 0.8893289912109374 0.5666042548828125 0.9017131884765625 0.5645052548828124 0.9038512861328125 0.559912240234375 0.9053669677734375 0.5320281953125 0.91131595703125 0.4859571787109375 0.91140348828125 0.480942509765625 0.9093798544921875 0.4789778818359375 0.89296185546875 0.47637613671875 0.8759891318359375 0.476079876953125 0.870311357421875 0.47713835546875 0.8666572177734375 0.4801614609375 0.867409806640625 0.495994908203125 0.863731337890625 0.5298864892578125 0.8615730400390625 0.535636734375
1 0.85750817578125 0.5621902080078125 0.859078083984375 0.560674166015625 0.8660216962890624 0.48709587109375 0.8594230029296875 0.481964494140625 0.852750244140625 0.4810762978515625 0.8393239306640625 0.483928830078125 0.8208149658203125 0.48321989453125 0.8151102587890625 0.4858213466796875 0.8140277431640625 0.488889341796875 0.81065487109375 0.534747955078125 0.8072053291015625 0.55552425 0.8122677802734375 0.56024294921875 0.85750817578125 0.5621902080078125
1 0.806143013671875 0.5574350126953125 0.810863599609375 0.522789900390625 0.81257230078125 0.483847740234375 0.8043835 0.48138963671875 0.7884394267578125 0.48111133203125 0.783336576171875 0.47870709375 0.7689489443359375 0.477684234375 0.7636440986328125 0.4868523076171875 0.7605270859375 0.51805266015625 0.757309076171875 0.55503916796875 0.771141984375 0.5583675126953125 0.7886222998046875 0.559058494140625 0.806143013671875 0.5574350126953125
1 0.8006709140625 0.664608921875 0.8080143876953125 0.5975972470703125 0.8030125341796875 0.589406853515625 0.7865676025390625 0.5883480830078125 0.7783922685546875 0.5851184931640625 0.7670771201171875 0.584920986328125 0.7598159716796875 0.5882669931640625 0.7576778740234374 0.5928600078125 0.753959005859375 0.62906605078125 0.7520120400390625 0.652183740234375 0.7559515771484375 0.6622848974609375 0.7924147822265625 0.6660082548828125 0.8006709140625 0.664608921875
1 0.8499720439453124 0.66971394921875 0.854248240234375 0.6605279208984375 0.860293736328125 0.6089280400390625 0.8600083388671875 0.5958037763671875 0.8524079287109375 0.5891114697265625 0.8437384697265625 0.584715669921875 0.812932837890625 0.5810910654296875 0.806239880859375 0.5813601005859375 0.8046699736328125 0.582876142578125 0.8080884521484375 0.59335406640625 0.803229072265625 0.665425296875 0.8068024150390625 0.6670311142578125 0.8499720439453124 0.66971394921875
1 0.8905565830078125 0.6731233837890624 0.89522590625 0.670889720703125 0.8974515361328125 0.661282037109375 0.90194058984375 0.6104267109375 0.9012620654296875 0.59035008203125 0.89720133203125 0.5871923125 0.8859265810546875 0.58468034375 0.86946818359375 0.584393060546875 0.8611783857421875 0.58772111328125 0.8607104296875 0.6145303017578125 0.8556632841796875 0.667883984375 0.8597240185546875 0.6710417548828125 0.8905565830078125 0.6731233837890624
1 0.908023431640625 0.6745858525390624 0.9337329453125 0.6754204755859375 0.93634496875 0.673150900390625 0.939861841796875 0.6485171689453125 0.9448988876953125 0.5957421015625 0.94138614453125 0.59066458984375 0.9183021201171875 0.5867889052734375 0.905911189453125 0.5892736494140625 0.903759625 0.5946381513671875 0.90329503515625 0.6212544677734375 0.89727647265625 0.6713113740234375 0.9013506728515625 0.6736976572265625 0.908023431640625 0.6745858525390624
1 0.97429055078125 0.680372884765625 0.9795819306640625 0.671976298828125 0.9842149853515625 0.642345853515625 0.984517978515625 0.62498738671875 0.98738586328125 0.6080595517578125 0.9865659423828125 0.596083541015625 0.983026265625 0.5925490048828125 0.9547787919921875 0.589740775390625 0.950643994140625 0.5908261865234375 0.947510912109375 0.59347252734375 0.9435874443359376 0.6119253818359375 0.9393972529296875 0.675133484375 0.94399251171875 0.677143001953125 0.97429055078125 0.680372884765625
1 0.9917563232421875 0.5934731103515625 0.9896114921875 0.598451869140625 0.9812932353515625 0.662359638671875 0.9810037080078124 0.6789466181640625 0.9964132568359375 0.68037317578125 0.9979686220703124 0.5912663798828125 0.9917563232421875 0.5934731103515625
1 0.7492720859375 0.6617824453125 0.7556946396484375 0.5885809169921875 0.7465579873046875 0.58147593359375 0.73934397265625 0.582121734375 0.738789248046875 0.5844272197265625 0.725376400390625 0.5865082646484375 0.7176951923828125 0.5844448818359375 0.70737502734375 0.5861940498046875 0.7030408359375 0.6281772705078125 0.702704177734375 0.6474644560546875 0.705608330078125 0.6579334013671875 0.740521828125 0.6620155703125 0.7492720859375 0.6617824453125
1 0.6583712333984375 0.652478541015625 0.672210875 0.6554211416015625 0.69739259765625 0.6570182734375 0.700518947265625 0.6547576767578125 0.7053177275390625 0.5861581396484375 0.703848818359375 0.581888025390625 0.69772405078125 0.5790800888671875 0.6802100693359375 0.580317826171875 0.67662326171875 0.5794834951171876 0.67359791015625 0.5759579375 0.6658830361328125 0.5758232734375 0.65854108984375 0.583798205078125 0.6566951220703126 0.6011297392578125 0.6548113583984375 0.650101234375 0.6583712333984375 0.652478541015625
1 0.705883314453125 0.55375566796875 0.7085020712890625 0.551100349609375 0.7113041513671875 0.4789932080078125 0.7072299501953125 0.47660692578125 0.6876788701171875 0.476651521484375 0.6825962197265625 0.4730900517578125 0.672824044921875 0.472919478515625 0.6650418388671875 0.4766422509765625 0.662688279296875 0.4935790654296875 0.661718701171875 0.549126158203125 0.6668215517578125 0.5515303974609375 0.6781165009765625 0.552885134765625 0.705883314453125 0.55375566796875
1 0.7541894609375 0.556914021484375 0.7567880185546875 0.5554159345703125 0.7578772666015625 0.551962197265625 0.7627029794921875 0.4818196845703125 0.7591565712890626 0.4786708916015625 0.7344891728515625 0.4770827373046875 0.7242498056640625 0.4742029794921875 0.715425484375 0.4786792861328125 0.712752861328125 0.4844205537109375 0.709016396484375 0.5511093271484375 0.711540888671875 0.5538544208984375 0.7259083212890625 0.5560345107421875 0.7541894609375 0.556914021484375
1 0.5835480419921875 0.54737582421875 0.609257556640625 0.5482104462890625 0.6113485224609375 0.546317638671875 0.6110429267578125 0.53435060546875 0.613957943359375 0.514722564453125 0.6146379951171875 0.47576244921875 0.609027552734375 0.472963490234375 0.5951340458984375 0.4731068388671875 0.5818221953125 0.4694017294921875 0.5714548984375 0.4738511015625 0.569831125 0.47845309375 0.567241904296875 0.5088909365234375 0.5671569755859375 0.543231103515625 0.5835480419921875 0.54737582421875
1 0.6287749716796875 0.550094568359375 0.6498488291015625 0.55123413671875 0.6611976435546875 0.5495029248046875 0.6593423388671875 0.537894703125 0.663492130859375 0.4770010625 0.661461763671875 0.475422177734375 0.623475783203125 0.47051465625 0.6156531787109375 0.476551892578125 0.6142811357421875 0.4962068662109375 0.612437771484375 0.5428638994140625 0.6139201474609375 0.5463625263671875 0.61799434765625 0.54874880859375 0.6287749716796875 0.550094568359375
1 0.1797599580078125 0.513317390625 0.1770645322265625 0.490890388671875 0.1792471591796875 0.4542716689453125 0.1736232509765625 0.4522441982421875 0.1489693203125 0.4498845556640625 0.1432982783203125 0.4505572890625 0.1411601806640625 0.4551503037109375 0.140116537109375 0.5149405791015625 0.14572698046875 0.5177395380859375 0.1606222041015625 0.5191571181640625 0.17863704296875 0.5186998466796875 0.1797599580078125 0.513317390625
1 0.2207780234375 0.5213647265625 0.2224571884765625 0.45464004296875 0.2050307392578125 0.450863111328125 0.193695390625 0.4518228359375 0.186515041015625 0.4505399189453125 0.181845716796875 0.45277358203125 0.180248876953125 0.455832599609375 0.178560375 0.4936175283203125 0.1807078095703125 0.51796426953125 0.1842609521484375 0.5207273193359375 0.2181794658203125 0.5228628125 0.2207780234375 0.5213647265625
1 0.225880873046875 0.52376896484375 0.261362560546875 0.5247741611328125 0.266662201171875 0.456955087890625 0.257959076171875 0.4544880078125 0.2270995791015625 0.4539493525390625 0.223979962890625 0.4558242060546875 0.2223142646484375 0.52177740234375 0.225880873046875 0.52376896484375
1 0.3067391474609375 0.4599698017578125 0.2980292890625 0.4578884638671875 0.2687060341796875 0.457762486328125 0.265986279296875 0.4662039599609375 0.2638440517578125 0.5005082177734375 0.263006533203125 0.5190149384765625 0.264455244140625 0.5244422822265625 0.2993687421875 0.5285244501953125 0.3035102744140625 0.527053296875 0.3081339921875 0.4684830966796875 0.3067391474609375 0.4599698017578125
1 0.346158845703125 0.5301128984375 0.348822130859375 0.4954318740234375 0.3487656630859375 0.46919232421875 0.35297452734375 0.4638637333984375 0.3422343017578125 0.4602035107421875 0.3324823271484375 0.4588757060546875 0.3103461552734375 0.4596469013671875 0.3087695146484375 0.4615486875 0.3067754169921875 0.4873665830078125 0.3060818994140625 0.527098185546875 0.3137563740234375 0.529547310546875 0.3445889384765625 0.5316289404296874 0.346158845703125 0.5301128984375
1 0.3915286982421875 0.4656942822265625 0.3879688232421875 0.4633169765625 0.356094142578125 0.4619888798828125 0.351945876953125 0.4638457783203125 0.3498212451171875 0.4676673046875 0.34718749609375 0.530130853515625 0.3481892119140625 0.531691783203125 0.3862223251953125 0.5338990986328125 0.38780569921875 0.531611568359375 0.3884347744140625 0.495571919921875 0.3915286982421875 0.4656942822265625
1 0.4315383134765625 0.4725664326171875 0.4336629453125 0.4687449052734375 0.429615677734375 0.4648156484375 0.4013278056640625 0.4643218818359375 0.3982620556640625 0.46311078515625 0.393612931640625 0.4641872177734375 0.3920026240234375 0.4680177216796875 0.38983606640625 0.5331904541015625 0.3929018173828125 0.5344015498046875 0.4283835048828125 0.5354067470703125 0.4329533583984375 0.4799224951171875 0.4315383134765625 0.4725664326171875
1 0.47001016015625 0.5380626494140625 0.4731903740234375 0.5327161025390625 0.47737383203125 0.4698937431640625 0.443996576171875 0.4662242509765625 0.438853326171875 0.4661344755859375 0.4341772705078125 0.4687538828125 0.4320283095703125 0.503443884765625 0.4314627216796875 0.5358463564453125 0.4345217392578125 0.5374431962890625 0.451988587890625 0.5389056650390625 0.454580412109375 0.537793322265625 0.47001016015625 0.5380626494140625
1 0.478896607421875 0.4710779072265625 0.4751332099609375 0.53930965625 0.51780198046875 0.541212025390625 0.520629466796875 0.5265986533203125 0.5231150869140625 0.472621466796875 0.516997052734375 0.4694277861328125 0.4897512978515625 0.468180486328125 0.4810010400390625 0.468413611328125 0.478896607421875 0.4710779072265625
1 0.5637602236328125 0.47255920703125 0.526234703125 0.47074661328125 0.5227178291015625 0.495380345703125 0.5224443720703125 0.5405213369140625 0.5280682802734376 0.54254880859375 0.5460359873046875 0.5447917421875 0.563543234375 0.5439397490234374 0.565654400390625 0.540889708984375 0.569390865234375 0.474200935546875 0.5637602236328125 0.47255920703125
1 0.6354907314453125 0.577993802734375 0.6283911806640625 0.5720819609375 0.62377572265625 0.5712296748046874 0.61390255078125 0.576845255859375 0.6107088701171876 0.5829632900390626 0.6090364384765625 0.64930223046875 0.650656359375 0.652343876953125 0.6537827080078125 0.650083279296875 0.65705198046875 0.580685322265625 0.6529845126953125 0.5779132958984375 0.6354907314453125 0.577993802734375
1 0.0728555107421875 0.595569115234375 0.072295580078125 0.5392236015625 0.06718599609375 0.5372051064453125 0.053319421875 0.5358054814453125 0.0373686162109375 0.535912919921875 0.0357650419921875 0.539357681640625 0.0367921650390625 0.59841237890625 0.0408663662109375 0.6007986611328126 0.0691273046875 0.60283540234375 0.0717258623046875 0.6013373154296875 0.0728555107421875 0.595569115234375
1 0.1097496396484375 0.5746048759765625 0.1113262802734375 0.57270308984375 0.111323677734375 0.5433775908203125 0.1046980517578125 0.5397891884765625 0.088232919921875 0.539887650390625 0.0779733544921875 0.5381651240234375 0.0738385546875 0.5392505341796875 0.07325537109375 0.602135736328125 0.0757865966796875 0.6044950859375 0.0860528955078125 0.6058318681640625 0.1081756015625 0.6058321611328125 0.1097496396484375 0.5746048759765625
1 0.1281736767578125 0.6096539794921875 0.14616831640625 0.6103539384765625 0.1484006787109375 0.6003605126953125 0.148912400390625 0.5710439912109375 0.1457767158203125 0.5443648310546875 0.1427176982421875 0.5427679921875 0.1149576181640625 0.54151171484375 0.112832986328125 0.5453332412109375 0.1121233994140625 0.5565108310546875 0.1134576455078125 0.5684958193359375 0.109900373046875 0.595444013671875 0.1107472265625 0.605877048828125 0.1281736767578125 0.6096539794921875
1 0.1463045068359375 0.543602322265625 0.1493593935546875 0.5749104052734375 0.1482592822265625 0.6084611298828125 0.152320015625 0.611618900390625 0.1831458466796875 0.6140862744140625 0.1853662705078125 0.5458275927734375 0.1843578193359375 0.54465240625 0.1581137802734375 0.544966037109375 0.1463045068359375 0.543602322265625
1 0.18453135546875 0.5936598125 0.1867595869140625 0.61337762890625 0.19698548828125 0.6170288740234375 0.20113375390625 0.6151719765625 0.2216596181640625 0.61823128515625 0.2244736376953125 0.6043893994140624 0.225106556640625 0.5681294912109375 0.2262968037109375 0.5588895966796875 0.2289222939453125 0.55584853515625 0.2269323251953125 0.5519551875 0.2177620087890625 0.546778923828125 0.1920322939453125 0.5471015322265625 0.18789076171875 0.5485726865234375 0.1862939228515625 0.551631703125 0.1855843349609375 0.56280929296875 0.18453135546875 0.5936598125
1 0.262758482421875 0.621649697265625 0.264335123046875 0.619747912109375 0.26752359765625 0.5549788779296875 0.25575472265625 0.551300701171875 0.2289963583984375 0.5516053544921875 0.2274399169921875 0.5523499091796875 0.2249920927734375 0.5746871337890626 0.2242312431640625 0.6182761728515626 0.2278045859375 0.6198819912109375 0.239647525390625 0.61931698828125 0.2493860341796875 0.6214162802734375 0.262758482421875 0.621649697265625
1 0.308635927734375 0.557625802734375 0.3030254853515625 0.55482684375 0.2747443466796875 0.5539473330078125 0.27009522265625 0.555023765625 0.266928474609375 0.5595988251953125 0.2653368408203125 0.621308841796875 0.2694177744140625 0.6233093798828125 0.302327837890625 0.624269689453125 0.3049263955078125 0.6227716025390625 0.30794241015625 0.5973574052734375 0.308635927734375 0.557625802734375
1 0.3465193828125 0.62735622265625 0.348630548828125 0.62430618359375 0.3471347060546875 0.621579044921875 0.349146400390625 0.56527841796875 0.3523400810546875 0.559160384765625 0.3549319052734375 0.558048041015625 0.3539638544921875 0.554558392578125 0.35039051171875 0.5529525751953125 0.335434689453125 0.5550066875 0.3133254501953125 0.554234908203125 0.3101721689453125 0.5580384794921875 0.307491287109375 0.623202234375 0.3254387939453125 0.6266023994140625 0.3465193828125 0.62735622265625
1 0.3919431025390625 0.559851658203125 0.38583180078125 0.5562722333984375 0.3652520703125 0.556298875 0.35441084765625 0.5584248076171875 0.350161583984375 0.566067861328125 0.34955559765625 0.600784794921875 0.346566515625 0.6246560166015624 0.3506205166015625 0.62819953125 0.385039888671875 0.631115490234375 0.38820663671875 0.6265404326171875 0.3919431025390625 0.559851658203125
1 0.4266665439453125 0.633771392578125 0.4299410224609375 0.6230244345703125 0.4292153662109375 0.6056480126953125 0.4318988515625 0.5698097578125 0.4340638828125 0.5636737685546875 0.424893564453125 0.55849750390625 0.403271716796875 0.5592776767578125 0.3955164443359375 0.5614574755859375 0.3913008466796875 0.567171810546875 0.3891948876953125 0.628872849609375 0.39172611328125 0.63123219921875 0.401478087890625 0.63256000390625 0.4266665439453125 0.633771392578125
1 0.4350386669921875 0.566777673828125 0.4329342353515625 0.56944196875 0.430798740234375 0.603360482421875 0.4302735517578125 0.6334484921875 0.432818244140625 0.6350363544921875 0.449770767578125 0.636489845703125 0.469836173828125 0.636454228515625 0.4746484208984375 0.567083203125 0.445906822265625 0.563108765625 0.4350386669921875 0.566777673828125
1 0.5188467001953125 0.5697839931640625 0.5003848681640625 0.5663748505859375 0.4967307275390625 0.56939795703125 0.486491361328125 0.5665182001953125 0.4797849365234375 0.56755872265625 0.4755962724609375 0.5717300830078125 0.474278095703125 0.588299107421875 0.472401064453125 0.636884859375 0.4769963232421875 0.6388943759765625 0.5134864619140626 0.6410747587890625 0.517057201171875 0.6133550771484375 0.5188467001953125 0.5697839931640625
1 0.565034947265625 0.576378130859375 0.5630651787109375 0.571327552734375 0.5245110078125 0.569497001953125 0.5213846591796875 0.571757599609375 0.516428412109375 0.6199037431640625 0.515036169921875 0.640715947265625 0.5170732705078125 0.6419090888671874 0.546349392578125 0.6447352734375 0.5545785927734375 0.6448789150390625 0.55924118359375 0.643030994140625 0.565034947265625 0.576378130859375
1 0.6078316494140625 0.570951369140625 0.603696849609375 0.57203678125 0.5728440869140625 0.5711123828125 0.5671191796875 0.57487106640625 0.5648666181640625 0.58602172265625 0.5613321484375 0.641138185546875 0.562807791015625 0.6450225556640625 0.591556123046875 0.64861125 0.606471546875 0.648871599609375 0.6102012783203125 0.5825685693359375 0.6078316494140625 0.570951369140625
1 0.9660370224609375 0.7110977177734376 0.9629039404296875 0.7137440576171875 0.9622953505859375 0.7191354921875 0.9601665888671875 0.7526682626953125 0.96575683203125 0.756624453125 0.9842186650390625 0.760033595703125 0.9950666201171875 0.7575219189453125 0.995760138671875 0.71779031640625 0.9829020146484375 0.717565876953125 0.9660370224609375 0.7110977177734376
1 0.9570806396484375 0.7526143974609375 0.961760826171875 0.72028374609375 0.957293498046875 0.7109450986328125 0.952758837890625 0.705463888671875 0.9456188876953125 0.7018665087890625 0.921445615234375 0.7014445625 0.91884032421875 0.7033283935546875 0.919626580078125 0.7172331220703125 0.9165095673828125 0.748433474609375 0.9205905009765625 0.7504340146484375 0.9400944501953125 0.7530896240234375 0.9570806396484375 0.7526143974609375
1 0.9147013955078125 0.734125046875 0.918110537109375 0.71566321484375 0.91821153515625 0.70987705859375 0.9142585322265625 0.7005473896484375 0.8983683251953125 0.697183134765625 0.8906332509765625 0.6982057021484375 0.8857417314453125 0.7131689091796874 0.882617986328125 0.7447550048828125 0.8887225537109374 0.748720173828125 0.912361302734375 0.750290373046875 0.9154809169921875 0.74841551953125 0.9147013955078125 0.734125046875
1 0.8859841259765625 0.699282134765625 0.8793719677734375 0.69492224609375 0.8670483681640625 0.693549552734375 0.8593267607421875 0.6938006337890625 0.8566810712890625 0.6979989267578125 0.85631074609375 0.719214830078125 0.8512508974609375 0.7438216298828125 0.864582947265625 0.7463695087890625 0.878990779296875 0.74623513671875 0.882705517578125 0.7397403369140625 0.8859841259765625 0.699282134765625
1 0.8260624423828125 0.7426102412109375 0.83066443359375 0.744234013671875 0.848144748046875 0.7449249951171875 0.8512980302734375 0.741121423828125 0.85506403125 0.7022151748046875 0.8531144619140625 0.6960073642578125 0.8459879775390625 0.691638498046875 0.8341787041015625 0.6902747822265625 0.825882173828125 0.693988578125 0.82375080859375 0.6981958486328125 0.8207684599609375 0.7216813271484375 0.820939392578125 0.741363234375 0.82399167578125 0.743345818359375 0.8260624423828125 0.7426102412109375
1 0.821246515625 0.6942935234375 0.81468148828125 0.6872334287109375 0.809037380859375 0.6863631884765625 0.79664644921875 0.6888479326171875 0.792464517578125 0.692633548828125 0.78959250390625 0.739272626953125 0.7952164111328125 0.741300099609375 0.814226234375 0.7427895009765625 0.8184216328125 0.738232396484375 0.8221001025390625 0.7043408154296875 0.821246515625 0.6942935234375
1 0.7903331533203125 0.6968408193359374 0.7878759921875 0.6902382890625 0.78230594921875 0.6851248662109375 0.7725539755859375 0.6837970615234376 0.76530629296875 0.6863715810546875 0.762166478515625 0.689403666015625 0.758128546875 0.7144141640625 0.757764955078125 0.73524432421875 0.7638897216796875 0.73805226171875 0.785992228515625 0.7392097841796875 0.7881707255859375 0.7323023076171875 0.7903331533203125 0.6968408193359374
1 0.755754787109375 0.73250820703125 0.758290142578125 0.7051563154296875 0.75709729296875 0.685070708984375 0.7463436025390625 0.682181974609375 0.737613544921875 0.6812578671875 0.7319357705078126 0.6823163466796875 0.7269365205078125 0.7034514521484375 0.7254702138671875 0.728506837890625 0.726966056640625 0.7312339765625 0.7336051494140625 0.734050890625 0.75365035546875 0.73517250390625 0.755754787109375 0.73250820703125
1 0.7170809462890625 0.678584302734375 0.705772529296875 0.6780010517578124 0.7000880234375 0.6794452734375 0.6979633916015625 0.6832667998046875 0.6966721474609375 0.6982928505859375 0.695652833984375 0.727214650390625 0.7079562333984375 0.7297445751953126 0.722864923828125 0.7303906689453125 0.7261798017578125 0.717329248046875 0.726251263671875 0.68376056640625 0.7170809462890625 0.678584302734375
1 0.675434091796875 0.6770856318359375 0.6712252275390626 0.6824142236328125 0.66899959765625 0.6920219052734375 0.6668708359375 0.7255546748046875 0.677123669921875 0.7276629453125 0.694109859375 0.7271877177734375 0.69577403125 0.720271263671875 0.695926291015625 0.6820736591796875 0.6893141318359375 0.67771376953125 0.675434091796875 0.6770856318359375
1 0.6476740107421874 0.67582935546875 0.6414886455078125 0.6764931123046874 0.63937074609375 0.67992889453125 0.638095572265625 0.7235089560546875 0.641141123046875 0.7258772841796876 0.66117286328125 0.727770384765625 0.665374994140625 0.7228275361328125 0.66660303515625 0.6819476806640625 0.6615271181640625 0.67800046875 0.6476740107421874 0.67582935546875
1 0.634001171875 0.722279904296875 0.6350836875 0.71921191015625 0.6358041376953125 0.6779373330078124 0.6307416875 0.6732186328125 0.6163473212890626 0.672581517578125 0.611657798828125 0.6759724130859375 0.6089245771484375 0.685185373046875 0.608513853515625 0.7087157392578125 0.6062747578125 0.7190949091796875 0.614964416015625 0.722333478515625 0.6308882890625 0.723769013671875 0.634001171875 0.722279904296875
1 0.6058277646484375 0.7152284951171874 0.6065212822265625 0.675496892578125 0.604010255859375 0.6719803115234375 0.5958281884765625 0.6691364638671875 0.58503409765625 0.66856219140625 0.5813597587890625 0.672742529296875 0.5796888525390625 0.6800447265625 0.5780138173828125 0.71705816796875 0.5836377265625 0.719085640625 0.6000893916015625 0.7197586669921875 0.60475871484375 0.717525001953125 0.6058277646484375 0.7152284951171874
1 0.5558574462890625 0.7189865947265625 0.5733512275390625 0.7189060888671875 0.5759767177734375 0.7158650263671875 0.5784784072265625 0.6904418525390625 0.5772788251953125 0.670741990234375 0.5731844248046875 0.6695129384765625 0.568027708984375 0.670194650390625 0.5639535087890625 0.6678083671875 0.5551965185546875 0.668427236328125 0.552023037109375 0.6733880390625 0.5502511337890625 0.6864763916015625 0.548270501953125 0.71152280078125 0.5502537373046875 0.7158018916015625 0.5558574462890625 0.7189865947265625
1 0.55056759375 0.6683464375 0.547014451171875 0.665583388671875 0.5428931181640625 0.6658973125 0.5367548857421875 0.6638608623046875 0.530082126953125 0.6629726669921875 0.5238832958984375 0.6644079111328125 0.51952630078125 0.67822286328125 0.518967447265625 0.7102395908203125 0.5255998056640625 0.7134422490234374 0.54411550390625 0.7137654423828125 0.547282251953125 0.7091903828125 0.55056759375 0.6683464375
1 0.515367171875 0.710176748046875 0.517478337890625 0.707126708984375 0.5203301533203125 0.661644861328125 0.5065039775390625 0.6579307734375 0.4982747783203125 0.6577871328125 0.4935987216796875 0.6604065400390625 0.4914808232421875 0.6638423232421875 0.492646740234375 0.6854709033203125 0.490219115234375 0.7066508974609375 0.497365798828125 0.709862533203125 0.5117466982421875 0.7112711357421875 0.515367171875 0.710176748046875
1 0.4905464375 0.6584239560546875 0.4885160703125 0.6568450703125 0.46385540625 0.6548711728515625 0.4612433828125 0.6571407470703124 0.4600800693359375 0.6648376650390625 0.4594269501953125 0.7022548056640625 0.4691183271484375 0.7070543046875 0.4830118330078125 0.706910955078125 0.487755220703125 0.7004341103515626 0.4888983349609375 0.693894421875 0.4905464375 0.6584239560546875
1 0.4597004072265625 0.657113814453125 0.4535891064453125 0.6535343896484375 0.44742394140625 0.653040916015625 0.434559083984375 0.6532022197265624 0.4324613857421875 0.655480771484375 0.4306718857421875 0.69905185546875 0.4321811953125 0.7010075068359375 0.4424070947265625 0.704658751953125 0.4526868603515625 0.705224046875 0.4573629169921875 0.7026046396484374 0.4597004072265625 0.657113814453125
1 0.4083756435546875 0.6500441572265625 0.40476190234375 0.6507528017578125 0.40160862109375 0.654556373046875 0.4008208388671875 0.69968838671875 0.4054026318359375 0.7024693916015625 0.4254747705078125 0.702048029296875 0.427579203125 0.699383734375 0.430952076171875 0.6535251201171876 0.426871142578125 0.6515245810546875 0.4083756435546875 0.6500441572265625
1 0.3801079716796875 0.6483931591796875 0.37390240625 0.6502141474609375 0.3727929580078125 0.6548251162109375 0.3715379833984375 0.697247947265625 0.375605451171875 0.7000199736328125 0.3971936328125 0.70116851953125 0.398797205078125 0.6977237587890625 0.3996186533203125 0.6506630263671875 0.3945158037109375 0.6482587880859375 0.3801079716796875 0.6483931591796875
1 0.3461625244140625 0.6478006396484375 0.3438183017578125 0.693677208984375 0.351479310546875 0.696897822265625 0.36948068359375 0.697212037109375 0.372436099609375 0.675269533203125 0.372379630859375 0.6490299833984375 0.3564894228515625 0.6456657294921875 0.349282140625 0.6459257861328125 0.3461625244140625 0.6478006396484375
1 0.340184361328125 0.6955430830078125 0.3422753271484375 0.693650275390625 0.3428906494140625 0.68787309765625 0.3454596708984375 0.6585924853515625 0.344606083984375 0.6485451943359375 0.335936625 0.6441493955078125 0.32101446875 0.6442747880859375 0.3168460029296875 0.64728891796875 0.3141599140625 0.6538016728515625 0.312451212890625 0.69274383203125 0.318054921875 0.69592853515625 0.33656388671875 0.69663747265625 0.340184361328125 0.6955430830078125
1 0.28857159765625 0.6460236640625 0.28782421484375 0.68884121484375 0.2949708974609375 0.6920528505859375 0.3114225625 0.692725876953125 0.313178396484375 0.65108351171875 0.3153568935546875 0.64417603515625 0.2963740029296875 0.6411436591796875 0.2912038212890625 0.6425968583984375 0.28857159765625 0.6460236640625
1 0.288625462890625 0.6429377138671875 0.2835360791015625 0.63976198828125 0.268627388671875 0.63911589453125 0.2629294150390625 0.6413316044921875 0.2607980498046875 0.645538875 0.259082615234375 0.6848667783203125 0.261600375 0.687997615234375 0.2662091005859375 0.68923564453125 0.28317508984375 0.6899176484375 0.285814046875 0.6861050986328125 0.288625462890625 0.6429377138671875
1 0.25810109765625 0.6821486171875 0.2600817294921875 0.6571022080078125 0.2582735576171875 0.64279378125 0.252168990234375 0.6388286123046875 0.238843673828125 0.6358949892578125 0.2341878173828125 0.637357166015625 0.2299318203125 0.6453859638671875 0.2311314033203125 0.6650858251953125 0.228223119140625 0.684328123046875 0.23434788671875 0.687136060546875 0.2554217431640625 0.6882756279296876 0.25810109765625 0.6821486171875
1 0.228276984375 0.681242173828125 0.2300152216796875 0.6700825390625 0.2300395517578125 0.639214064453125 0.22647967578125 0.6368367587890625 0.2131408935546875 0.6346746240234376 0.207483318359375 0.63457587109375 0.2022660048828125 0.638729275390625 0.2034824189453125 0.6574647783203125 0.19998911328125 0.6807484072265625 0.2060802138671875 0.6854850625 0.224595912109375 0.6858082548828125 0.228276984375 0.681242173828125
1 0.2013611552734375 0.6610934326171874 0.199734779296875 0.6363699248046875 0.18697765234375 0.630359330078125 0.1766709541015625 0.6313370107421875 0.1729966142578125 0.63551734765625 0.174757654296875 0.6525259814453125 0.172222298828125 0.6798778740234375 0.18862009765625 0.6836368505859375 0.19584084765625 0.6826053056640625 0.199014328125 0.677644501953125 0.2013611552734375 0.6610934326171874
1 0.142042853515625 0.64037910546875 0.1396395576171875 0.630690625 0.124811666015625 0.6254156064453125 0.1170967919921875 0.6252809423828125 0.11240726953125 0.6286718388671875 0.1136633193359375 0.67461125 0.11620801171875 0.6761991123046875 0.1377894599609375 0.6777334013671875 0.14091580859375 0.6754728046875 0.142573248046875 0.6689420947265625 0.142042853515625 0.64037910546875
1 0.084968853515625 0.6679366064453125 0.08645123046875 0.671435232421875 0.0884748642578125 0.673399861328125 0.1095554541015625 0.674153685546875 0.112228076171875 0.66841241796875 0.1135327861328125 0.652614880859375 0.1098154443359375 0.629784181640625 0.103236951171875 0.6234955732421875 0.098113900390625 0.62224856640625 0.0893569111328125 0.6228674345703125 0.0841530625 0.6262493525390626 0.0825494892578125 0.6296941142578125 0.086700357421875 0.65716271484375 0.084968853515625 0.6679366064453125
1 0.0571481748046875 0.6701520234375 0.060734982421875 0.670986353515625 0.0802725966796875 0.6717132451171876 0.0839402041015625 0.6679186513671875 0.0815814375 0.62620446484375 0.077019845703125 0.62226623046875 0.065244236328125 0.6189737958984375 0.0611229033203125 0.6192877197265625 0.054876939453125 0.6234231689453125 0.0537270927734375 0.6303486005859374 0.056449451171875 0.6512326259765625 0.0546236826171875 0.6674069296875 0.0571481748046875 0.6701520234375
1 0.0523053154296875 0.62337828125 0.04927323046875 0.6202384658203125 0.0375110888671875 0.616174544921875 0.03182658203125 0.617618765625 0.0281522421875 0.621799103515625 0.0297314853515625 0.6492228173828125 0.028393109375 0.6669490732421876 0.0504619501953125 0.670035314453125 0.0535950322265625 0.667388974609375 0.055840861328125 0.656624060546875 0.0523053154296875 0.62337828125
1 0.051603537109375 0.7225323701171875 0.0536851669921875 0.6916998056640625 0.0387832099609375 0.69066796875 0.0346214775390625 0.693296353515625 0.03249011328125 0.6975036240234375 0.031410201171875 0.7298971181640626 0.0375349677734375 0.7327050556640625 0.0539866328125 0.7333780810546875 0.05559020703125 0.7299333212890625 0.052043796875 0.7267845283203125 0.051603537109375 0.7225323701171875
1 0.0529553798828125 0.704034626953125 0.0529781826171875 0.73220289453125 0.0565515244140625 0.733808712890625 0.07042483203125 0.7348225947265625 0.0720082060546875 0.7325350654296875 0.072694990234375 0.69318920703125 0.0603848564453125 0.6910450263671875 0.05620292578125 0.694830642578125 0.0529553798828125 0.704034626953125
1 0.0910221591796875 0.7043132236328125 0.0936813154296875 0.699343443359375 0.0932275888671875 0.6958627724609375 0.0850522548828125 0.6926331806640625 0.0778382392578125 0.693278982421875 0.07523294921875 0.6951628125 0.072540126953125 0.7020613125 0.071473681640625 0.733683318359375 0.0781060390625 0.7368859765625 0.0904498388671875 0.7371014384765625 0.092033212890625 0.7348139091796875 0.0910221591796875 0.7043132236328125
1 0.1116381591796875 0.73168336328125 0.112197013671875 0.6996666357421875 0.1055915869140625 0.6949210029296875 0.1014769873046875 0.6948491826171875 0.09164421484375 0.6981503017578125 0.092033212890625 0.7348139091796875 0.0930214638671875 0.737146326171875 0.0976167216796875 0.73915584375 0.10893187109375 0.7393533505859375 0.1110228369140625 0.7374605419921875 0.1116381591796875 0.73168336328125
1 0.13637028515625 0.70008858203125 0.1271797685546875 0.6960695478515625 0.11946489453125 0.695934884765625 0.113746720703125 0.6993078251953125 0.1110202333984375 0.70813504296875 0.1099874541015625 0.737828330078125 0.115070103515625 0.741389798828125 0.1289501455078125 0.7420179375 0.130533517578125 0.739730408203125 0.131626896484375 0.7065654267578125 0.13637028515625 0.70008858203125
1 0.1505719912109375 0.7412377646484375 0.1521594951171875 0.7092389912109375 0.1543379931640625 0.702331515625 0.1528354169921875 0.69999012109375 0.1477191005859375 0.6983573701171875 0.134847509765625 0.6989044189453125 0.1311933701171875 0.7019275244140625 0.129646265625 0.7316118349609375 0.1243818193359375 0.7384654462890625 0.1325302197265625 0.74323801171875 0.1479263017578125 0.7454360576171875 0.1505719912109375 0.7412377646484375
1 0.1527007529296875 0.7077049951171875 0.1515467763671875 0.744341669921875 0.1561353017578125 0.7467369296875 0.1684723671875 0.7473381357421875 0.1710911240234375 0.7446828173828125 0.1717644423828125 0.7061084462890626 0.1677037080078125 0.70295067578125 0.1584189267578125 0.7043320546875 0.1527007529296875 0.7077049951171875
1 0.1699858056640625 0.71958254296875 0.1705633330078125 0.7454453271484375 0.1777032841796875 0.74904270703125 0.1926119736328125 0.7496887998046875 0.1921152451171875 0.719197091796875 0.1942802763671875 0.7130611025390625 0.19900346484375 0.7077414892578126 0.19598484765625 0.7038301865234375 0.1857252802734375 0.70210766015625 0.181577015625 0.70396455859375 0.17853146484375 0.70159623046875 0.17438319921875 0.70345312890625 0.1717442421875 0.707265677734375 0.17213063671875 0.7146037861328125 0.1699858056640625 0.71958254296875
1 0.206204013671875 0.7078671748046875 0.1994975908203125 0.708907697265625 0.1947542021484375 0.71538454296875 0.1938830185546875 0.7358199814453125 0.195697923828125 0.7497426650390625 0.20181595703125 0.752936345703125 0.2090030400390625 0.75383351953125 0.211655462890625 0.7492494833984376 0.20973695703125 0.711787455078125 0.206204013671875 0.7078671748046875
1 0.2322595244140625 0.7183543681640625 0.222507548828125 0.7170265634765625 0.2193273349609375 0.722373109375 0.2192330703125 0.727773521484375 0.2134273662109375 0.73616112890625 0.21471448046875 0.7508463232421875 0.2126100478515625 0.753510619140625 0.2300634306640625 0.7557445751953125 0.2326889208984375 0.752703513671875 0.233865701171875 0.744235107421875 0.2322595244140625 0.7183543681640625
1 0.2508896865234375 0.71211991796875 0.2406031865234375 0.7119403662109375 0.234757083984375 0.7226424365234375 0.235460298828125 0.74130454296875 0.2331763134765625 0.7542554658203126 0.2398019384765625 0.7578438671875 0.2526600625 0.758068306640625 0.2542838359375 0.7534663154296874 0.2549369541015625 0.71604917578125 0.2508896865234375 0.71211991796875
1 0.2653042509765625 0.7115998017578125 0.259051552734375 0.71612099609375 0.256866322265625 0.723414216796875 0.256273802734375 0.7573596630859375 0.260862328125 0.7597549228515625 0.274221310546875 0.760759828125 0.275797951171875 0.758858041015625 0.2765386015625 0.7164262333984375 0.2719770087890625 0.7124879990234375 0.2653042509765625 0.7115998017578125
1 0.2774999189453125 0.7203016259765626 0.2762988095703125 0.759638505859375 0.277808119140625 0.7615941572265625 0.2988819755859375 0.7627337265625 0.3026075771484375 0.7261419384765625 0.307458697265625 0.7134931943359375 0.285857048828125 0.7131161357421875 0.2801388759765625 0.716489076171875 0.2774999189453125 0.7203016259765626
1 0.319942365234375 0.76464478125 0.327396171875 0.7207867060546875 0.3243708212890625 0.7172611484375 0.3104840478515625 0.71701875390625 0.3047591416015625 0.7207774375 0.3031623017578125 0.7238364541015625 0.299924091796875 0.761980193359375 0.319942365234375 0.76464478125
1 0.345357146484375 0.723415384765625 0.342338529296875 0.71950408203125 0.327450037109375 0.7177007578125 0.32435735546875 0.718032634765625 0.322767248046875 0.720705908203125 0.3215055400390625 0.763514482421875 0.3286522236328125 0.7667261181640626 0.3440819716796875 0.7669954453125 0.3461864033203125 0.764331150390625 0.34330918359375 0.7523192294921875 0.345357146484375 0.723415384765625
1 0.365973146484375 0.7507855244140625 0.3699639453125 0.728475232421875 0.3684815693359375 0.7249766064453125 0.3623568017578125 0.722168669921875 0.349478478515625 0.7231014609375 0.346325197265625 0.7269050322265626 0.345629076171875 0.7373111357421875 0.3451308212890625 0.765856169921875 0.3543415380859375 0.7687179716796875 0.36513562890625 0.7692922451171875 0.3667257353515625 0.7666189716796875 0.365973146484375 0.7507855244140625
1 0.3720683779296875 0.7258109365234375 0.3699841455078125 0.7273180009765625 0.3664605380859375 0.7523374775390625 0.36666513671875 0.7700906650390625 0.374346345703125 0.7721540478515625 0.385661494140625 0.7723515537109376 0.3877524599609375 0.7704587451171875 0.3905571435546875 0.727677103515625 0.37979671875 0.72517411328125 0.3720683779296875 0.7258109365234375
1 0.410117560546875 0.756572263671875 0.4131335751953125 0.7311580673828125 0.4111166748046875 0.7288076943359375 0.40650794921875 0.727569666015625 0.3957071259765625 0.72738113671875 0.3925942431640625 0.72887024609375 0.3899014208984375 0.7357687451171875 0.3877524599609375 0.7704587451171875 0.3918266611328125 0.772845029296875 0.408264859375 0.7742895419921875 0.4108836162109375 0.771634224609375 0.410117560546875 0.756572263671875
1 0.41235665625 0.7461930947265625 0.411865134765625 0.7743523857421875 0.425724974609375 0.7761377548828124 0.4339676396484375 0.775509908203125 0.4367723232421875 0.7327282666015625 0.4219242314453125 0.7286104794921875 0.4177961650390625 0.7293101474609375 0.4136209677734375 0.73271001953125 0.41235665625 0.7461930947265625
1 0.437138517578125 0.74122360546875 0.43551734765625 0.77515109765625 0.4390772236328125 0.77752840234375 0.457065130859375 0.7786141044921875 0.460858064453125 0.738164880859375 0.462996162109375 0.7335718671875 0.4594699521484375 0.7292658427734375 0.44199637109375 0.7281891181640625 0.437138517578125 0.74122360546875
1 0.479160904296875 0.7801573720703125 0.480724078125 0.7790270732421875 0.4846112763671875 0.7331774375 0.4800429501953125 0.7296249462890625 0.4661494443359375 0.729768294921875 0.4614060556640625 0.7362451396484375 0.4591291630859375 0.7782642724609375 0.479160904296875 0.7801573720703125
1 0.4902688505859375 0.73327619140625 0.4860936533203125 0.7366760634765624 0.48497073828125 0.7420585205078125 0.4822535869140625 0.779825494140625 0.48530587109375 0.7818080771484375 0.5063931923828126 0.782176158203125 0.50768856640625 0.737438865234375 0.4979769921875 0.73379659765625 0.492820275390625 0.734478310546875 0.4902688505859375 0.73327619140625
1 0.5200660322265624 0.7357256083984375 0.5117762333984375 0.7390536611328125 0.5091507431640625 0.74209472265625 0.5069007841796875 0.7825708798828125 0.509953068359375 0.7845534638671875 0.5284552998046875 0.7856481435546875 0.530546265625 0.7837553359375 0.53391240625 0.7382824658203125 0.5293306142578125 0.7355014619140625 0.5200660322265624 0.7357256083984375
1 0.549321955078125 0.7397090244140625 0.535435181640625 0.7394666298828125 0.5320664384765625 0.7556139990234375 0.53052606640625 0.78491256640625 0.5376727509765625 0.788124203125 0.5525747080078125 0.7891560390625 0.5546589404296876 0.787648974609375 0.557897150390625 0.7495052353515625 0.5564753720703125 0.742534916015625 0.549321955078125 0.7397090244140625
1 0.56373651953125 0.739188908203125 0.559554587890625 0.742974525390625 0.5578567509765625 0.751819697265625 0.5556741240234375 0.78843841796875 0.5582053486328125 0.790797767578125 0.577228638671875 0.791515681640625 0.5787985458984375 0.7899996396484374 0.58259148046875 0.7495504150390625 0.577115701171875 0.73903658203125 0.56373651953125 0.739188908203125
1 0.6062934296875 0.7769744208984375 0.608966052734375 0.7712331533203125 0.60932964453125 0.7504029931640624 0.6073396767578125 0.7465096455078125 0.60174943359375 0.7425534560546875 0.5975742353515625 0.745953328125 0.587301203125 0.7450022890625 0.5835662646484375 0.7526543203125 0.5829240087890625 0.7599744736328125 0.5813499716796875 0.7912017587890625 0.602911220703125 0.7938932783203125 0.60607796875 0.789318220703125 0.6062934296875 0.7769744208984375
1 0.6151151484375 0.743172615234375 0.6083885263671875 0.7453703701171875 0.6053321123046875 0.773099029296875 0.6049483203125 0.7950864208984375 0.6141725029296875 0.7971767353515625 0.626516302734375 0.797392197265625 0.628092943359375 0.795490412109375 0.632534865234375 0.747335291015625 0.6294893154296874 0.744966962890625 0.6151151484375 0.743172615234375
1 0.6554505595703125 0.7608545673828125 0.652953 0.7565664990234375 0.65139655859375 0.7573110537109375 0.6468215 0.7541443056640625 0.63554675 0.7516323369140625 0.6318320107421875 0.75812713671875 0.6300062421875 0.7743014404296875 0.6285870693359376 0.7966566201171875 0.6347051025390625 0.79985030078125 0.6516778251953125 0.800146560546875 0.65536976171875 0.7654834921875 0.6554505595703125 0.7608545673828125
1 0.654687107421875 0.775118107421875 0.6537418583984375 0.7997967275390625 0.6665461162109375 0.8031071162109376 0.6773469404296875 0.8032956455078125 0.67892358203125 0.801393859375 0.681038876953125 0.7686325771484375 0.660079484375 0.760935365234375 0.6563984111328125 0.765501447265625 0.654687107421875 0.775118107421875
1 0.6901646650390625 0.805834546875 0.7050800888671875 0.806094896484375 0.7071710546875 0.804202087890625 0.70893362109375 0.7621739794921875 0.70077175390625 0.7581729013671875 0.6956352373046875 0.7576973818359375 0.692441556640625 0.763815416015625 0.6826020517578125 0.7675022783203125 0.6809446123046875 0.77403298828125 0.6811222783203125 0.79332915234375 0.679518705078125 0.796773912109375 0.681461541015625 0.8033674658203125 0.6901646650390625 0.805834546875
1 0.7366129033203125 0.7680591796875 0.7268609287109375 0.766731375 0.71714262109375 0.7634748515625 0.715640044921875 0.76113345703125 0.7130616875 0.7614743125 0.7104159970703126 0.76567260546875 0.7080557041015625 0.7829951611328125 0.7061491376953125 0.8037983896484375 0.7138034130859375 0.80740474609375 0.724584037109375 0.808750505859375 0.73334776171875 0.80774589453125 0.7366129033203125 0.7680591796875
1 0.7465332080078125 0.759743392578125 0.73869040234375 0.766937859375 0.7365119052734375 0.7738453359375 0.734396611328125 0.8066066181640625 0.747200869140625 0.8099170078125 0.7585294833984375 0.8093430263671875 0.7606069833984375 0.8082217060546875 0.761888890625 0.764255900390625 0.757320564453125 0.7607034091796875 0.7465332080078125 0.759743392578125
1 0.784198599609375 0.8124921123046875 0.785775240234375 0.810590326171875 0.7885799228515625 0.7678086845703125 0.7850671796875 0.7627311728515624 0.7804247880859375 0.7634218623046874 0.781514037109375 0.759968123046875 0.7748412783203125 0.759079927734375 0.7655497646484375 0.76084705078125 0.760819841796875 0.766552408203125 0.762241619140625 0.7735227275390625 0.75854968359375 0.808185794921875 0.7703050927734375 0.8126354599609374 0.784198599609375 0.8124921123046875
1 0.812847458984375 0.76283021875 0.7953806103515625 0.76136775 0.7890875146484375 0.7682034052734374 0.7836910078125 0.812097390625 0.79340258203125 0.8157396572265625 0.8083045390625 0.8167714951171875 0.810889630859375 0.81604489453125 0.813007529296875 0.8126091123046875 0.8143567685546875 0.764785869140625 0.812847458984375 0.76283021875
1 0.8158660771484375 0.7667415205078125 0.8129940625 0.8133805986328125 0.81500423046875 0.81611671484375 0.83349299609375 0.8179828828125 0.8391775029296875 0.8165386611328125 0.8421235830078125 0.76565640234375 0.841121865234375 0.7640954716796875 0.8226196337890626 0.7630007919921875 0.8158660771484375 0.7667415205078125
1 0.865014947265625 0.8100441533203125 0.86823295703125 0.7730576455078125 0.8651941396484375 0.77030357421875 0.8456901904296875 0.7676479638671875 0.8424965107421875 0.773765998046875 0.8404911884765625 0.800226927734375 0.836091552734375 0.8164847958984375 0.843258435546875 0.818539201171875 0.8607387509765625 0.8192301826171875 0.8633440419921875 0.8173463515625 0.865014947265625 0.8100441533203125
1 0.866050330078125 0.809676365234375 0.863370974609375 0.8158033759765625 0.864339025390625 0.819293025390625 0.8725143603515625 0.8225226162109375 0.889480349609375 0.823204619140625 0.8932826201171875 0.8116951513671875 0.89246269921875 0.7997191416015625 0.894194203125 0.78894525 0.892758958984375 0.78274641796875 0.889226015625 0.778826138671875 0.883575173828125 0.778341640625 0.8789125849609375 0.780189560546875 0.875332509765625 0.7789694873046875 0.871204443359375 0.779669154296875 0.8685924189453125 0.781938728515625 0.866050330078125 0.809676365234375
1 0.8966539658203125 0.8248732802734375 0.9135997568359375 0.826712515625 0.9182623466796875 0.8248645947265625 0.919913052734375 0.81871962890625 0.920972765625 0.787483365234375 0.915409455078125 0.7819842001953125 0.9102998720703125 0.7799657060546875 0.9010554892578125 0.779032623046875 0.8958516416015625 0.7824145400390625 0.89349808203125 0.7993513525390625 0.8948828271484375 0.8084432626953125 0.8905493984375 0.8209081123046875 0.8966539658203125 0.8248732802734375
1 0.9208339716796875 0.824909482421875 0.928555580078125 0.8246584033203125 0.9423884873046875 0.8279867470703125 0.94603589453125 0.8253493837890625 0.947677263671875 0.7902646611328125 0.9452268359375 0.78327638671875 0.94060464453125 0.7828098447265625 0.932335046875 0.784980666015625 0.927205263671875 0.78411940234375 0.923544390625 0.78752825390625 0.9224214755859375 0.7929107099609375 0.922639541015625 0.8098924111328125 0.9198322548828125 0.8233485537109375 0.9208339716796875 0.824909482421875
1 0.9544846845703125 0.7834379833984375 0.951371802734375 0.7849270927734375 0.946412953125 0.803747736328125 0.944987044921875 0.82648866015625 0.94752500390625 0.8284622666015625 0.9701351015625 0.8300145107421875 0.9750804853515626 0.8119653544921875 0.97595840234375 0.791144171875 0.970422025390625 0.7841020322265625 0.9544846845703125 0.7834379833984375
1 0.9945952978515625 0.784523978515625 0.979179015625 0.7834831630859375 0.975971869140625 0.7903726845703125 0.9722126005859375 0.828893189453125 0.97728178515625 0.833226146484375 0.993706517578125 0.8354421474609375 0.9945952978515625 0.784523978515625
1 0.958841228515625 0.917022015625 0.99219828515625 0.92184873828125 0.993289060546875 0.8593582578125 0.964513796875 0.8573125380859375 0.9598175400390625 0.8610891767578125 0.9581735673828125 0.866848400390625 0.9557822119140625 0.9154251748046875 0.958841228515625 0.917022015625
1 0.868722501953125 0.95133408203125 0.8707394033203125 0.953684455078125 0.9081975927734375 0.959354486328125 0.928182201171875 0.96394779296875 0.9487686640625 0.9635354072265625 0.95374771484375 0.943557533203125 0.9536710458984375 0.91847521484375 0.9470252216796875 0.9160440439453125 0.9203005234375 0.914419978515625 0.914676615234375 0.9123925068359375 0.8848996337890624 0.908785857421875 0.8751207265625 0.90900102734375 0.8724144384765625 0.916671013671875 0.868836966796875 0.9447764384765625 0.868722501953125 0.95133408203125
1 0.87212230859375 0.9039324931640625 0.87618304296875 0.907090263671875 0.882368408203125 0.9064265078125 0.898285548828125 0.9082477880859375 0.900877373046875 0.907135443359375 0.903922923828125 0.9095037724609375 0.921349373046875 0.9132807021484375 0.952709728515625 0.914599822265625 0.9564648662109375 0.9057905595703125 0.959141619140625 0.870338048828125 0.955080884765625 0.8671802783203125 0.912946638671875 0.8641296552734375 0.901671888671875 0.861617685546875 0.8780129404296875 0.8612047177734375 0.873366419921875 0.891606650390625 0.87212230859375 0.9039324931640625
1 0.8015535869140625 0.84983772265625 0.797939845703125 0.8505463671875 0.79628240625 0.8570770771484375 0.792190609375 0.8851735244140625 0.7925972041015625 0.89135440234375 0.79560235546875 0.8960371923828125 0.8110186376953125 0.8970780068359375 0.8197082958984375 0.9003165751953125 0.845370677734375 0.9038514033203126 0.8659234765625 0.9053677373046874 0.86851530078125 0.90425539453125 0.87063319921875 0.900819611328125 0.8764497666015625 0.8623350166015625 0.873938740234375 0.8588184345703125 0.864714556640625 0.8567281201171875 0.8472342421875 0.856037138671875 0.8334080673828125 0.85232305078125 0.81334939453125 0.85197292578125 0.8015535869140625 0.84983772265625
1 0.866177810546875 0.9497462197265625 0.872454837890625 0.9143565517578125 0.869496818359375 0.9069735556640625 0.8217386630859375 0.9018954599609375 0.801747322265625 0.8976878984375 0.79659733984375 0.8979838662109375 0.79343732421875 0.902173181640625 0.79137589453125 0.9318485146484375 0.789224330078125 0.937213015625 0.7907067060546875 0.9407116416015625 0.8466469287109375 0.948633583984375 0.866177810546875 0.9497462197265625
1 0.785590390625 0.939078890625 0.790374177734375 0.930287583984375 0.7934911904296875 0.8990872314453126 0.7899784462890626 0.8940097197265625 0.72011778515625 0.8877741015625 0.715922388671875 0.892331205078125 0.7139821552734374 0.9150631513671875 0.7137330283203125 0.9293356689453125 0.7167718447265625 0.9320897412109375 0.745547109375 0.934135458984375 0.757315984375 0.93781363671875 0.785590390625 0.939078890625
1 0.7327350419921875 0.842848572265625 0.72037104296875 0.843790341796875 0.71771188671875 0.84876012109375 0.7170696318359375 0.8560802744140625 0.715535994140625 0.88499309765625 0.7170251025390625 0.8881059794921875 0.7406773173828125 0.8889046923828124 0.775590814453125 0.892986861328125 0.7894708544921875 0.893614998046875 0.791034029296875 0.8924847001953125 0.7953210888671876 0.853201685546875 0.7907527626953125 0.849649193359375 0.7804729970703125 0.8490838984375 0.7738406376953125 0.845881240234375 0.771376744140625 0.839664453125 0.7662873603515625 0.8364887275390624 0.7595809365234375 0.8375292509765625 0.7553316728515626 0.8451723037109375 0.75326090625 0.845907880859375 0.7327350419921875 0.842848572265625
1 0.6967131728515625 0.931739615234375 0.7008345048828125 0.9314256923828125 0.70448864453125 0.9284025849609375 0.7080930498046875 0.898754185546875 0.7062108125 0.8886889384765625 0.7000725791015625 0.88665248828125 0.640525349609375 0.879053447265625 0.6373855341796875 0.88208553125 0.635573232421875 0.8974883466796875 0.6346818486328125 0.919081017578125 0.6361844248046875 0.921422412109375 0.6469179169921875 0.9254683779296875 0.6967131728515625 0.931739615234375
1 0.6192521005859375 0.9188116904296875 0.6295655322265625 0.9174482666015625 0.633650595703125 0.8897375625 0.6312944326171875 0.8773488759765625 0.565087912109375 0.8680901513671875 0.5609329130859375 0.8703327919921875 0.5603445234375 0.8745669951171875 0.5588176171875 0.9030940751953125 0.5612613125 0.91046809375 0.5971563271484375 0.9172684228515625 0.605913318359375 0.9166495546875 0.6192521005859375 0.9188116904296875
1 0.58146551171875 0.873006357421875 0.6040958095703125 0.8734013701171875 0.61176355078125 0.8762362412109375 0.6302590498046875 0.8777166650390625 0.6340141875 0.86890740234375 0.637733056640625 0.832701359375 0.6368660029296875 0.8234255546875 0.621496853515625 0.819684533203125 0.575274939453125 0.815019115234375 0.5685550498046875 0.816831125 0.563737595703125 0.827551150390625 0.5615617021484375 0.863784126953125 0.564546654296875 0.8696241484375 0.58146551171875 0.873006357421875
1 0.67645403125 0.88392505859375 0.713458494140625 0.8861144189453125 0.7172446943359375 0.8460509375 0.7157690517578125 0.842166568359375 0.705522951171875 0.8396725537109375 0.6900999365234375 0.8390174833984375 0.6757392373046875 0.8364516484375 0.6728687490234375 0.8240539853515625 0.6538656591796875 0.82217883984375 0.645589328125 0.824735404296875 0.6411919345703125 0.8408648203125 0.6430472392578125 0.8524730419921875 0.6405657490234375 0.8767389853515625 0.67645403125 0.88392505859375
1 0.55738650390625 0.8671839990234375 0.5633040693359375 0.822913248046875 0.5618957578125 0.8151714423828125 0.5449836337890624 0.81140348828125 0.497699404296875 0.8086488330078125 0.49198796484375 0.8116360302734374 0.487651169921875 0.824293751953125 0.4871057822265625 0.8555389921875 0.488588158203125 0.8590376181640625 0.5434929970703125 0.8673273486328125 0.547627796875 0.8662419384765625 0.55738650390625 0.8671839990234375
1 0.491633708984375 0.8614059462890625 0.486944185546875 0.8647968408203125 0.48519921484375 0.8763422197265625 0.4838002412109375 0.89754016796875 0.4878475087890625 0.90146942578125 0.5027157998046875 0.9044299814453125 0.53098347265625 0.9060809794921875 0.542759080078125 0.9093734130859376 0.5566593203125 0.9088443203125 0.558754416015625 0.8772402685546875 0.556831779296875 0.869489484375 0.5506868134765625 0.867838779296875 0.5475806640625 0.86894214453125 0.5403801142578125 0.8688164580078125 0.5368067734375 0.867210640625 0.533186298828125 0.8683050283203125 0.530140748046875 0.865936701171875 0.503402583984375 0.865084123046875 0.491633708984375 0.8614059462890625
1 0.4833708447265625 0.8631910224609375 0.4803522265625 0.859279720703125 0.4187476962890625 0.851644767578125 0.415655013671875 0.851976646484375 0.413557314453125 0.85425519921875 0.411909212890625 0.8897256650390625 0.4139261123046875 0.892076037109375 0.4616304033203125 0.90024008203125 0.4807008251953125 0.8982577900390625 0.4822909326171875 0.8955845166015625 0.4833708447265625 0.8631910224609375
1 0.4162905361328125 0.8450422373046875 0.41873423046875 0.852416255859375 0.4289803310546875 0.85491026953125 0.4521047529296875 0.8564714912109375 0.4602868203125 0.8593153388671875 0.4767721513671875 0.858059646484375 0.4803993583984375 0.8565795146484375 0.4830383154296875 0.85276696484375 0.4834557724609375 0.8288508544921875 0.492583087890625 0.8070160830078125 0.4684838798828125 0.8023509560546875 0.4438030166015625 0.8015342880859375 0.4299499091796875 0.7993631748046875 0.4232165517578125 0.8019466728515625 0.4168291904296875 0.814182740234375 0.4162905361328125 0.8450422373046875
1 0.344464236328125 0.804044796875 0.34401311328125 0.8298896259765625 0.34433217578125 0.8410851708984375 0.346328876953125 0.844592775390625 0.3689457080078125 0.845759275390625 0.377648833984375 0.84822635546875 0.4043667978515625 0.8502361650390625 0.4105992958984375 0.846872203125 0.4121759365234375 0.8449704169921874 0.41322218359375 0.8145056416015625 0.4216735771484375 0.801919740234375 0.4202046669921875 0.797649626953125 0.3611582958984375 0.7908310498046875 0.3575445556640625 0.7915396943359375 0.3460476103515625 0.801757267578125 0.344464236328125 0.804044796875
1 0.295466099609375 0.7815813017578125 0.2803621474609375 0.7921217763671875 0.2745699091796875 0.799737896484375 0.272919203125 0.8058828642578125 0.273029537109375 0.8290364638671875 0.276955607421875 0.8399091083984375 0.2903415224609375 0.8393710380859375 0.303179447265625 0.840752708984375 0.310853921875 0.843201833984375 0.3365432373046875 0.8451936875 0.3401637109375 0.8440992998046875 0.34279593359375 0.840672494140625 0.33896412890625 0.8243994384765625 0.341061828125 0.8221208857421874 0.3424069375 0.80400888671875 0.3487067666015625 0.7967874873046875 0.3539038818359375 0.7937913125 0.3544788046875 0.79032859765625 0.350431537109375 0.78639933984375 0.295466099609375 0.7815813017578125
1 0.288299216796875 0.7795268974609375 0.2821071171875 0.7805763974609375 0.2816197255859375 0.7790244453125 0.2466658291015625 0.7772567392578125 0.236846521484375 0.77978637109375 0.228664455078125 0.7769425244140625 0.221383107421875 0.78144576171875 0.2083027890625 0.7939508662109375 0.2071622783203125 0.829816052734375 0.2106615556640625 0.8356650517578125 0.2219834375 0.835476814453125 0.260477009765625 0.840779056640625 0.2661345849609375 0.840877810546875 0.2713115 0.8390388681640625 0.2734293984375 0.8356030849609375 0.2727374072265625 0.8162979443359375 0.2745362431640625 0.8016666162109375 0.27932003125 0.79287530859375 0.280863005859375 0.7929022412109376 0.28091687109375 0.789816291015625 0.29024878515625 0.78573470703125 0.292353216796875 0.7830704111328125 0.2913582333984375 0.78112373828125 0.288299216796875 0.7795268974609375
1 0.1732654912109375 0.7674865849609375 0.1634596513671875 0.769244728515625 0.154628595703125 0.7741067783203125 0.1494180146484375 0.777874439453125 0.1457167431640625 0.783597751953125 0.1462000048828125 0.8148609482421875 0.148630232421875 0.823006453125 0.1558375146484375 0.822746396484375 0.1686417724609375 0.8260567841796875 0.1902097548828125 0.8283625615234375 0.196835380859375 0.8319509638671875 0.20405612890625 0.83091941796875 0.2072161435546875 0.8267301025390625 0.205115841796875 0.7996831552734375 0.20679348046875 0.7919952138671875 0.221362908203125 0.782602994140625 0.222011896484375 0.7748970966796875 0.216909046875 0.772492859375 0.194826740234375 0.7701781044921875 0.1815081572265625 0.7668587373046875 0.1732654912109375 0.7674865849609375
1 0.09401231640625 0.768804244140625 0.090398576171875 0.7695128876953125 0.0867242373046875 0.7736932255859374 0.0856510576171875 0.8057009765625 0.0896444599609375 0.81271618359375 0.103537966796875 0.812572833984375 0.1091484091796875 0.81537179296875 0.1419844072265625 0.820575283203125 0.144075373046875 0.818682474609375 0.1435853779296875 0.7878050224609375 0.1457571416015625 0.7812832900390625 0.1593450517578125 0.769172908203125 0.1660043427734375 0.7708325908203125 0.17373268359375 0.770195767578125 0.166586 0.7669841318359375 0.1440230341796875 0.762731681640625 0.1142325859375 0.75989651953125 0.10032561328125 0.760811357421875 0.09401231640625 0.768804244140625
1 0.070482376953125 0.84942438671875 0.08232531640625 0.8488593837890624 0.08647358203125 0.847002486328125 0.08805022265625 0.8451007001953125 0.0878456240234375 0.82734751171875 0.0870189697265625 0.8157572451171875 0.0840003515625 0.8118459423828125 0.061918044921875 0.8095311884765625 0.0357952041015625 0.8029014326171875 0.0306452216796875 0.803197400390625 0.0263959580078125 0.8108404541015625 0.026620755859375 0.827436412109375 0.030506427734375 0.840623517578125 0.070482376953125 0.84942438671875
1 0.146629400390625 0.84921009375 0.1435071826171875 0.8217594462890625 0.137896740234375 0.8189604873046875 0.1214787412109375 0.8163587431640625 0.112735216796875 0.8162061240234375 0.094787708984375 0.812805958984375 0.0891166689453125 0.813478693359375 0.0895931982421875 0.8451276328125 0.0921042236328125 0.8486442138671875 0.14079003125 0.8595264208984374 0.1438961806640625 0.8584230537109375 0.146629400390625 0.84921009375
1 0.1725839130859375 0.86548344140625 0.1859428955078125 0.866488345703125 0.1956679375 0.8693591259765625 0.20542664453125 0.8703011875 0.20801846875 0.8691888447265625 0.207467875 0.8417830859375 0.2045502548828125 0.8320856279296875 0.1491580234375 0.8222439443359375 0.1465459990234375 0.824513517578125 0.1464745380859375 0.85808219921875 0.148484705078125 0.8608183154296875 0.16543049609375 0.8626575498046875 0.1725839130859375 0.86548344140625
1 0.272857078125 0.8683912998046875 0.272205486328125 0.846771697265625 0.267156501953125 0.841281509765625 0.252274744140625 0.8390924404296874 0.24563565234375 0.8362755263671875 0.2179025029296875 0.833476275390625 0.2106076904296875 0.8387510009765625 0.211117884765625 0.8684712216796875 0.251635091796875 0.8757380927734375 0.2680867568359375 0.876411119140625 0.2711929052734375 0.87530775390625 0.272857078125 0.8683912998046875
1 0.339615720703125 0.8460190400390625 0.311381712890625 0.8424393251953125 0.305256947265625 0.8396313876953125 0.29649322265625 0.840636 0.279574365234375 0.8372537900390625 0.277002740234375 0.83720890234375 0.2748579091796875 0.84218766015625 0.274312521484375 0.873432900390625 0.2758083642578125 0.8761600390625 0.3302392763671875 0.8821263310546875 0.337486958984375 0.879551810546875 0.339615720703125 0.8460190400390625
1 0.34216714453125 0.84722116015625 0.341574625 0.8811666064453125 0.343591525390625 0.883516978515625 0.35896067578125 0.887258 0.3682319912109375 0.8866481083984376 0.4041472060546875 0.89229120703125 0.4088030634765625 0.8908290302734375 0.41013470703125 0.8734885185546875 0.4076236806640625 0.8699719365234375 0.4072036201171875 0.8645625478515625 0.4119470087890625 0.858085703125 0.412027806640625 0.8534567783203125 0.407967072265625 0.8502990078125 0.3782102900390625 0.8455351279296875 0.3643033173828125 0.8464499638671875 0.3473709931640625 0.8438392421875 0.34216714453125 0.84722116015625
1 0.977329994140625 0.9188881826171875 0.959342087890625 0.91780248046875 0.9556138818359375 0.925068767578125 0.9513268232421875 0.964351783203125 0.9913364384765625 0.9712239326171875 0.99219828515625 0.92184873828125 0.977329994140625 0.9188881826171875
1 0 0.595509572265625 0.002839986328125 0.5982056025390625 0.033686015625 0.599515744140625 0.0357904482421875 0.5968514482421875 0.036292833984375 0.5385951708984374 0.0327531572265625 0.535060634765625 0.0013187373046875 0.5379846962890625 0.001139544921875 0.577725275390625 0 0.5804882431640624 0 0.595509572265625
1 0.0223921435546875 0.6865232490234375 0.0146234033203125 0.68947453515625 0.011483587890625 0.692506619140625 0.01139866015625 0.7268467861328125 0.015987185546875 0.7292420478515625 0.0288318427734375 0.7302379736328125 0.030395017578125 0.72910767578125 0.031427796875 0.6994143876953125 0.0362789169921875 0.6867656435546875 0.0223921435546875 0.6865232490234375
1 0 0.7280589658203125 0.0082790439453125 0.7287216396484375 0.0119197177734375 0.726470021484375 0.01048187109375 0.690945689453125 0.0084582373046875 0.688981060546875 0.001792212890625 0.68770712109375 0 0.688077630859375 0 0.7280589658203125
1 0 0.7985794462890625 0.02087978125 0.8026410830078125 0.0239993955078125 0.8007662294921875 0.0251357763671875 0.7946122861328125 0.024057390625 0.767969037109375 0.031399337890625 0.7599941044921875 0.04436519140625 0.7540466455078125 0.0418474326171875 0.7509158076171875 0.035201607421875 0.74848463671875 0.0254563662109375 0.746771087890625 0.0192710009765625 0.7474348447265625 0 0.7428974375 0 0.7985794462890625
1 0 0.8372848544921875 0.001737896484375 0.8381920556640625 0.0145825537109375 0.8391879814453125 0.0192384111328125 0.8377258046875 0.023332810546875 0.838954857421875 0.024909451171875 0.8370530712890625 0.0244329228515625 0.8054041318359375 0.0131918388671875 0.8009634443359375 0 0.798158580078125 0 0.8372848544921875
1 0.070535166015625 0.7579761943359375 0.04896718359375 0.75567041796875 0.0458341015625 0.7583167587890625 0.0427750849609375 0.7567199189453125 0.0412186435546875 0.75746447265625 0.04477851953125 0.759841779296875 0.044203595703125 0.763304494140625 0.0400687958984375 0.764389904296875 0.037423107421875 0.768588197265625 0.0270894755859375 0.7711088515625 0.0272200087890625 0.7931052216796876 0.0306654208984375 0.802040169921875 0.0445185283203125 0.8042112822265625 0.0521660712890625 0.8082033837890625 0.0695925205078125 0.811980314453125 0.08298516796875 0.8110565 0.0845618095703125 0.8091547138671875 0.0854733916015625 0.7864048125 0.083272091796875 0.7651440205078125 0.0791574921875 0.7650722001953125 0.070535166015625 0.7579761943359375
1 0.047712033203125 0.4149330361328125 0.05040485546875 0.408034537109375 0.0493642666015625 0.3497513271484375 0.043226033203125 0.3477148779296875 0.0236749521484375 0.3477594736328125 0.016420537109375 0.3507197373046875 0.0163584111328125 0.4132281728515625 0.047712033203125 0.4149330361328125
1 0.010173046875 0.4138919306640625 0.0143280439453125 0.4116492880859375 0.0147159658203125 0.359950654296875 0.0112907548828125 0.349858474609375 0.0077376123046875 0.34709542578125 0.0036297451171875 0.346637861328125 0.0014362548828125 0.4133535673828125 0.010173046875 0.4138919306640625
1 0.000022287109375 0.4943597470703125 0.018531251953125 0.49506868359375 0.023220775390625 0.4916777880859375 0.0230270400390625 0.44382761328125 0.0194604306640625 0.44183605078125 0.000944732421875 0.4415128583984375 0.000022287109375 0.4943597470703125
1 0.0245700146484375 0.4438545458984375 0.025251142578125 0.4932566728515625 0.031335509765625 0.4983790712890625 0.036303697265625 0.50849818359375 0.0599424453125 0.5100683837890625 0.0615190859375 0.50816659765625 0.061574478515625 0.44604390625 0.0302410546875 0.443181810546875 0.0245700146484375 0.4438545458984375
1 0.0754545185546875 0.44667204296875 0.0652016845703125 0.4445637744140625 0.063103986328125 0.4468423251953125 0.0625073359375 0.5104990146484375 0.070188544921875 0.5125623974609375 0.0958980595703125 0.5133970205078126 0.0984898828125 0.5122846767578125 0.09907306640625 0.449399474609375 0.096541841796875 0.4470401240234375 0.0754545185546875 0.44667204296875
1 0.1384026298828125 0.4952317392578125 0.1405205283203125 0.4917959560546875 0.13863155859375 0.482116453125 0.1398218046875 0.4728765595703125 0.1381617626953125 0.4500817705078125 0.114008689453125 0.44850259375 0.100616041015625 0.4494264072265625 0.100032857421875 0.512311609375 0.103599466796875 0.5143031708984375 0.114894416015625 0.515657908203125 0.1359884716796875 0.51564024609375 0.1384026298828125 0.4952317392578125
1 0.0056255458984375 0.6449434345703124 0.00479476171875 0.6630644111328124 0.0232498603515625 0.6668592978515625 0.026890533203125 0.664607677734375 0.028534505859375 0.658848455078125 0.028390505859375 0.6376235732421875 0.025587349609375 0.62136847265625 0.0230763251953125 0.617851890625 0.0133512822265625 0.614981111328125 0.005616208984375 0.6160036787109375 0.0024696611328125 0.6194215068359376 0.0014073447265625 0.62133226953125 0.0043451650390625 0.62987249609375 0.0056255458984375 0.6449434345703124
1 0.170959513671875 0.6343242060546875 0.165890330078125 0.6299912490234375 0.1622967890625 0.6295426630859375 0.1478956904296875 0.629291291015625 0.1442550166015625 0.63154291015625 0.1442744521484375 0.6599040498046875 0.1419377255859375 0.67587650390625 0.1531855419921875 0.679931447265625 0.1691363486328125 0.6798240087890625 0.172707087890625 0.6521043271484375 0.170959513671875 0.6343242060546875
0 0.1962890625 0.6865234375 0.2216796875 0.6884765625 0.2216796875 0.701171875 0.21875 0.703125 0.197265625 0.701171875 0.1953125 0.69921875 0.1962890625 0.6875
0 0.7548828125 0.34716796875 0.03515625 0.0185546875
0 0.7138671875 0.556640625 0.7177734375 0.55859375 0.7158203125 0.572265625 0.69140625 0.572265625 0.685546875 0.5712890625 0.6845703125 0.568359375 0.685546875 0.5576171875 0.6875 0.5556640625 0.712890625 0.556640625
0 0.6669921875 0.7294921875 0.6708984375 0.7314453125 0.6904296875 0.732421875 0.693359375 0.736328125 0.6904296875 0.75 0.6630859375 0.7451171875 0.662109375 0.732421875 0.666015625 0.7294921875
0 0.9501953125 0.3427734375 0.9677734375 0.3427734375 0.9677734375 0.357421875 0.96484375 0.359375 0.935546875 0.3583984375 0.9326171875 0.3564453125 0.9326171875 0.34375 0.94921875 0.3427734375
0 0.615234375 0.73291015625 0.03125 0.0185546875
0 0.8056640625 0.5791015625 0.806640625 0.564453125 0.8359375 0.5654296875 0.83984375 0.5693359375 0.837890625 0.58203125 0.806640625 0.5791015625
0 0.90283203125 0.76025390625 0.0341796875 0.0185546875
0 0.46875 0.9052734375 0.4892578125 0.908203125 0.490234375 0.9150390625 0.48828125 0.921875 0.4619140625 0.9189453125 0.4619140625 0.90625 0.4677734375 0.9052734375
0 0.0771484375 0.673828125 0.09375 0.67578125 0.095703125 0.677734375 0.095703125 0.6875 0.0927734375 0.689453125 0.0732421875 0.6875 0.0712890625 0.685546875 0.0712890625 0.6767578125 0.076171875 0.673828125
0 0.271484375 0.6923828125 0.291015625 0.6953125 0.291015625 0.708984375 0.2666015625 0.70703125 0.2646484375 0.705078125 0.2646484375 0.6953125 0.2705078125 0.6923828125
0 0.25390625 0.3271484375 0.251953125 0.3388671875 0.2490234375 0.3408203125 0.2275390625 0.3408203125 0.224609375 0.337890625 0.224609375 0.33203125 0.2275390625 0.326171875 0.2529296875 0.3271484375
0 0.365234375 0.771484375 0.3837890625 0.7734375 0.3857421875 0.779296875 0.3828125 0.7880859375 0.3583984375 0.78515625 0.357421875 0.7783203125 0.359375 0.7734375 0.3642578125 0.771484375
0 0.5673828125 0.3369140625 0.568359375 0.3486328125 0.56640625 0.3515625 0.5380859375 0.349609375 0.5380859375 0.3369140625 0.5400390625 0.3349609375 0.56640625 0.3369140625
0 0.8759765625 0.3427734375 0.8876953125 0.3427734375 0.8935546875 0.345703125 0.8955078125 0.35546875 0.8955078125 0.3662109375 0.8935546875 0.3681640625 0.8369140625 0.3662109375 0.8359375 0.3486328125 0.837890625 0.34375 0.84375 0.341796875 0.875 0.3427734375
0 0.119140625 0.3232421875 0.146484375 0.3232421875 0.1455078125 0.3359375 0.1435546875 0.3369140625 0.1201171875 0.3359375 0.1181640625 0.333984375 0.119140625 0.32421875
0 0.0927734375 0.8505859375 0.09765625 0.8525390625 0.0966796875 0.8662109375 0.0830078125 0.8662109375 0.0732421875 0.86328125 0.0732421875 0.8525390625 0.0751953125 0.8505859375 0.091796875 0.8505859375
0 0.220703125 0.5263671875 0.2451171875 0.5283203125 0.24609375 0.5400390625 0.244140625 0.5419921875 0.2197265625 0.541015625 0.216796875 0.5390625 0.216796875 0.5283203125 0.2197265625 0.5263671875
0 0 0.5166015625 0.0263671875 0.517578125 0.0234375 0.533203125 0.01953125 0.537109375 0 0.5361328125 0 0.517578125
0 0.916015625 0.830078125 0.943359375 0.8330078125 0.9521484375 0.8369140625 0.9560546875 0.8564453125 0.9560546875 0.8662109375 0.9541015625 0.8671875 0.9326171875 0.8642578125 0.912109375 0.8642578125 0.900390625 0.8603515625 0.8974609375 0.8408203125 0.8984375 0.83203125 0.90234375 0.830078125 0.9150390625 0.830078125
0 0.8916015625 0.34375 0.8955078125 0.3515625 0.8955078125 0.3662109375 0.892578125 0.369140625 0.87109375 0.3662109375 0.8720703125 0.3525390625 0.875 0.345703125 0.88671875 0.3427734375 0.890625 0.34375
0 0.6767578125 0.7490234375 0.6923828125 0.7509765625 0.6943359375 0.75390625 0.693359375 0.7666015625 0.6826171875 0.7685546875 0.6689453125 0.7666015625 0.6669921875 0.7646484375 0.6669921875 0.7509765625 0.67578125 0.7490234375
0 0.3779296875 0.7021484375 0.3857421875 0.7060546875 0.3857421875 0.71484375 0.3818359375 0.7177734375 0.3583984375 0.71484375 0.3583984375 0.705078125 0.3603515625 0.7021484375 0.376953125 0.7021484375
0 0.0234375 0.3125 0.0263671875 0.31640625 0.0234375 0.322265625 0.017578125 0.326171875 0.0166015625 0.330078125 0.0087890625 0.33203125 0.0029296875 0.3310546875 0.00390625 0.3134765625 0.0224609375 0.3125
0 0.443359375 0.708984375 0.4658203125 0.7119140625 0.466796875 0.72265625 0.4638671875 0.7255859375 0.443359375 0.724609375 0.439453125 0.72265625 0.4384765625 0.7119140625 0.4423828125 0.708984375
0 0.798828125 0.7451171875 0.8251953125 0.74609375 0.830078125 0.748046875 0.830078125 0.7587890625 0.82421875 0.76171875 0.7978515625 0.7578125 0.798828125 0.74609375
0 0.2060546875 0.7548828125 0.2265625 0.7578125 0.228515625 0.759765625 0.228515625 0.76953125 0.2265625 0.771484375 0.205078125 0.76953125 0.203125 0.767578125 0.203125 0.7568359375 0.205078125 0.755859375
0 0.7138671875 0.7529296875 0.73046875 0.7529296875 0.7431640625 0.7568359375 0.7421875 0.7666015625 0.7353515625 0.76953125 0.7216796875 0.767578125 0.71484375 0.763671875 0.712890625 0.7607421875 0.7138671875 0.75390625
0 0.35546875 0.5341796875 0.375 0.537109375 0.375 0.548828125 0.3701171875 0.55078125 0.349609375 0.5498046875 0.34765625 0.5478515625 0.3486328125 0.53515625 0.3544921875 0.5341796875
0 0.32421875 0.8857421875 0.3408203125 0.888671875 0.3408203125 0.90234375 0.3154296875 0.8994140625 0.3154296875 0.88671875 0.3232421875 0.8857421875
0 0.8837890625 0.826171875 0.8896484375 0.8271484375 0.89453125 0.8310546875 0.896484375 0.859375 0.89453125 0.861328125 0.869140625 0.85546875 0.845703125 0.85546875 0.8427734375 0.8525390625 0.8408203125 0.841796875 0.8427734375 0.8251953125 0.87109375 0.82421875 0.8828125 0.826171875
0 0.0703125 0.7392578125 0.087890625 0.7392578125 0.09375 0.7421875 0.09375 0.751953125 0.091796875 0.75390625 0.0859375 0.75390625 0.0712890625 0.751953125 0.0693359375 0.75 0.0703125 0.740234375
0 0.9345703125 0.96484375 0.94921875 0.9677734375 0.94921875 0.982421875 0.921875 0.9794921875 0.9140625 0.9765625 0.916015625 0.9638671875 0.93359375 0.96484375
0 0.390625 0.3310546875 0.412109375 0.3310546875 0.4130859375 0.3447265625 0.4111328125 0.3466796875 0.38671875 0.345703125 0.384765625 0.34375 0.384765625 0.333984375 0.38671875 0.3310546875 0.3896484375 0.3310546875
0 0.98486328125 0.69970703125 0.0234375 0.03515625
0 0.7802734375 0.818359375 0.7919921875 0.8173828125 0.82421875 0.8212890625 0.830078125 0.8251953125 0.83203125 0.83203125 0.8291015625 0.8515625 0.783203125 0.8486328125 0.77734375 0.8447265625 0.7802734375 0.8193359375
0 0.6923828125 0.8076171875 0.705078125 0.80859375 0.708984375 0.8115234375 0.7080078125 0.837890625 0.705078125 0.83984375 0.685546875 0.8388671875 0.6767578125 0.8359375 0.67578125 0.822265625 0.677734375 0.8115234375 0.6806640625 0.8076171875 0.69140625 0.8076171875
0 0.1953125 0.7529296875 0.1962890625 0.7626953125 0.193359375 0.7666015625 0.1865234375 0.7646484375 0.185546875 0.75390625 0.1884765625 0.751953125 0.1943359375 0.7529296875
0 0.4990234375 0.7138671875 0.5185546875 0.716796875 0.51953125 0.724609375 0.517578125 0.73046875 0.490234375 0.7275390625 0.4912109375 0.7158203125 0.498046875 0.7138671875
0 0.7373046875 0.8115234375 0.755859375 0.8134765625 0.76171875 0.8173828125 0.7568359375 0.8447265625 0.7392578125 0.8447265625 0.70703125 0.8388671875 0.708984375 0.8115234375 0.7109375 0.8095703125 0.736328125 0.8115234375
0 0.556640625 0.720703125 0.57421875 0.72265625 0.5732421875 0.7353515625 0.5712890625 0.736328125 0.546875 0.734375 0.5439453125 0.7314453125 0.546875 0.720703125 0.5556640625 0.720703125
0 0.4833984375 0.7841796875 0.498046875 0.78515625 0.505859375 0.7880859375 0.5068359375 0.8017578125 0.5009765625 0.802734375 0.4794921875 0.798828125 0.4794921875 0.7861328125 0.482421875 0.78515625
0 0.080078125 0.3212890625 0.1044921875 0.3212890625 0.1064453125 0.3232421875 0.1044921875 0.3349609375 0.0810546875 0.3349609375 0.078125 0.33203125 0.080078125 0.322265625
0 0.6591796875 0.3369140625 0.6943359375 0.3388671875 0.697265625 0.3427734375 0.6953125 0.3671875 0.642578125 0.365234375 0.640625 0.3583984375 0.6435546875 0.341796875 0.646484375 0.337890625 0.658203125 0.3369140625
0 0.7705078125 0.7412109375 0.7724609375 0.744140625 0.7724609375 0.7529296875 0.7705078125 0.755859375 0.7529296875 0.755859375 0.740234375 0.7529296875 0.7412109375 0.740234375 0.744140625 0.73828125 0.76953125 0.7412109375
0 0.6376953125 0.9248046875 0.64453125 0.92578125 0.6455078125 0.927734375 0.64453125 0.9423828125 0.615234375 0.9384765625 0.6162109375 0.9248046875 0.63671875 0.9248046875
0 0.84765625 0.341796875 0.8544921875 0.341796875 0.859375 0.3447265625 0.8701171875 0.34375 0.873046875 0.345703125 0.8701171875 0.365234375 0.861328125 0.3671875 0.8369140625 0.3662109375 0.8369140625 0.3447265625 0.8466796875 0.341796875
0 0.8916015625 0.568359375 0.916015625 0.5693359375 0.9189453125 0.5751953125 0.91796875 0.5830078125 0.916015625 0.583984375 0.890625 0.583984375 0.8857421875 0.58203125 0.884765625 0.572265625 0.8876953125 0.568359375 0.890625 0.568359375
0 0.2109375 0.87841796875 0.02734375 0.0166015625
0 0.9775390625 0.759765625 0.9951171875 0.76171875 0.9951171875 0.775390625 0.970703125 0.7734375 0.96875 0.771484375 0.96875 0.7626953125 0.9697265625 0.7607421875 0.9765625 0.759765625
0 0.328125 0.767578125 0.3466796875 0.7705078125 0.3486328125 0.7734375 0.3466796875 0.7841796875 0.33203125 0.7841796875 0.3212890625 0.78125 0.322265625 0.7685546875 0.3271484375 0.767578125