1 0.0910659091796875 0.28651808984375 0.117230638671875 0.28406024609375 0.1212491083984375 0.2812176552734375 0.119332283203125 0.2558061083984375 0.1041409248046875 0.2482298125 0.0927770888671875 0.2470824951171875 0.0373496259765625 0.251720328125 0.0276492392578125 0.25398926171875 0.0246589501953125 0.2567959482421875 0.02456225390625 0.2687664912109375 0.0320936748046875 0.292823859375 0.074249048828125 0.2913517607421875 0.0910659091796875 0.28651808984375
1 0.11825024609375 0.2542997431640625 0.1204008564453125 0.2569269052734375 0.122818306640625 0.28193493359375 0.12597016796875 0.2837550556640625 0.14804910546875 0.282211966796875 0.168139005859375 0.282668525390625 0.1742272998046875 0.28013969140625 0.191246125 0.2810895322265625 0.2076296806640625 0.278587216796875 0.2169102275390625 0.2790352080078125 0.2194268203125 0.2774031767578125 0.219335015625 0.260034689453125 0.21140823828125 0.2541348955078125 0.190602283203125 0.2479127783203125 0.120279677734375 0.253456798828125 0.11825024609375 0.2542997431640625
1 0.057484833984375 0.38613036328125 0.089304552734375 0.38347504296875 0.1036048203125 0.3802734033203125 0.09652261328125 0.3396007314453125 0.0926950908203125 0.3331717509765625 0.0891503193359375 0.3348396875 0.040298310546875 0.3361596005859375 0.02032958984375 0.3391731484375 0.0157970302734375 0.3420336923828125 0.0187554990234375 0.36779490234375 0.02500291796875 0.3845623935546875 0.0384500419921875 0.38640903515625 0.057484833984375 0.38613036328125
1 0.0932091806640625 0.3331537978515625 0.0938065029296875 0.3207797353515625 0.090360873046875 0.29580761328125 0.087574994140625 0.2897282958984375 0.040359505859375 0.2936933232421875 0.0316738349609375 0.2955407841796875 0.0276419013671875 0.29799780859375 0.031141388671875 0.3245122001953125 0.0340349814453125 0.333676056640625 0.03614519921875 0.3351465166015625 0.0536781142578125 0.336078404296875 0.0932091806640625 0.3331537978515625
1 0.095001146484375 0.2960316083984375 0.0994614921875 0.3205822587890625 0.09882377734375 0.331799619140625 0.1030442109375 0.3347405400390625 0.11389395703125 0.3359058095703125 0.173961693359375 0.3314919716796875 0.179035271484375 0.3293846103515625 0.1746716220703125 0.2928634169921875 0.1712100810546875 0.2821752431640625 0.1480356416015625 0.2818263994140625 0.104378390625 0.284509056640625 0.0971272734375 0.28321812109375 0.09309533984375 0.2856751455078125 0.090158908203125 0.2900241015625 0.095001146484375 0.2960316083984375
1 0.285876619140625 0.29361250390625 0.279478646484375 0.287273287109375 0.2653827890625 0.2815889228515625 0.2611219619140625 0.2774912998046875 0.194804361328125 0.279807162109375 0.1820598271484375 0.28334051171875 0.174335013671875 0.2832242314453125 0.179064646484375 0.3154862294921875 0.182526185546875 0.3261744033203125 0.1872607099609375 0.3290973720703125 0.2223130751953125 0.3305755791015625 0.2320269267578125 0.3286922138671875 0.259260228515625 0.32735516796875 0.261763357421875 0.3253375693359375 0.2807981484375 0.325058896484375 0.284883939453125 0.324144142578125 0.2883344609375 0.319777234375 0.29402984375 0.3207364599609375 0.29292332421875 0.3037894443359375 0.2856183505859375 0.30095623828125 0.285876619140625 0.29361250390625
1 0.1797109326171875 0.3339934677734375 0.151341736328125 0.3322818779296875 0.1457406044921875 0.3340216240234375 0.1267058125 0.334300296875 0.1000673857421875 0.3379327939453125 0.107582896484375 0.3762741103515625 0.1113565625 0.3811608193359375 0.117579498046875 0.38248766015625 0.1659712734375 0.382727970703125 0.1874553359375 0.3788894296875 0.1797109326171875 0.3339934677734375
1 0.0328415712890625 0.4321573271484375 0.0365209873046875 0.43434506640625 0.101810408203125 0.432065109375 0.1074384697265625 0.4310964970703125 0.1119710283203125 0.428235953125 0.1064984130859375 0.389437259765625 0.102711283203125 0.384164982421875 0.09552748828125 0.384801884765625 0.085867494140625 0.38822751953125 0.0678339541015625 0.38769915234375 0.05916174609375 0.3899321796875 0.0318341943359375 0.38857025390625 0.0252587392578125 0.3918881748046875 0.030556318359375 0.4256744912109375 0.0328415712890625 0.4321573271484375
1 0.1916549677734375 0.4254533291015625 0.188927837890625 0.3915772509765625 0.1855605478515625 0.383588048828125 0.112005294921875 0.384998541015625 0.10897461328125 0.386648525390625 0.1132709404296875 0.4212418818359375 0.1166651591796875 0.4300022197265625 0.129571265625 0.4310956787109375 0.161945466796875 0.4295791083984375 0.182996224609375 0.428071923828125 0.1916549677734375 0.4254533291015625
1 0.1963490986328125 0.4272195947265625 0.238544865234375 0.42690419921875 0.2498009873046875 0.4249669755859375 0.270892138671875 0.424616494140625 0.277507986328125 0.422455275390625 0.2726816591796875 0.4021638193359375 0.27194112109375 0.3809576103515625 0.2687488671875 0.3779807861328125 0.2270402607421875 0.37750709375 0.2075721650390625 0.380117123046875 0.1982781533203125 0.3792835634765625 0.1921763955078125 0.381426830078125 0.1897001962890625 0.384215564453125 0.1947395078125 0.4253456142578125 0.1963490986328125 0.4272195947265625
1 0.2540875078125 0.356102587890625 0.257376458984375 0.34710887109375 0.2594083359375 0.33159641015625 0.245988140625 0.33052090234375 0.193063806640625 0.33314113671875 0.1922106630859375 0.33818941796875 0.2043823564453125 0.3624707822265625 0.208602791015625 0.3654117021484375 0.242005171875 0.3638592275390625 0.249622271484375 0.3608909697265625 0.2540875078125 0.356102587890625
1 0.347464609375 0.42117044921875 0.3530792060546875 0.4198162705078125 0.3525565439453125 0.3901096240234375 0.350082791015625 0.3782288427734375 0.34744501953125 0.3763907685546875 0.3134612265625 0.376033357421875 0.284198494140625 0.37821334765625 0.2780698076171875 0.379585478515625 0.2760942333984375 0.381970693359375 0.2762264306640625 0.4004958837890625 0.2784149873046875 0.4189492626953125 0.280605990234375 0.42273312890625 0.347464609375 0.42117044921875
1 0.418262125 0.32604911328125 0.4151237275390625 0.3246145576171875 0.394059505859375 0.3257361748046875 0.381654025390625 0.3242391962890625 0.359047533203125 0.3254146689453125 0.35289191796875 0.326015666015625 0.3484670732421875 0.3319607490234375 0.3485454130859375 0.3489436689453125 0.3524378115234375 0.371970001953125 0.35457495703125 0.3742115966796875 0.357619103515625 0.3729471796875 0.3751520185546875 0.3738790673828125 0.4034135 0.3725061171875 0.41613110546875 0.3682016328125 0.42749494140625 0.36934894921875 0.43154033984375 0.3672774921875 0.433653001953125 0.3540784365234375 0.429852408203125 0.348420591796875 0.4290017109375 0.3387993583984375 0.4339675732421875 0.3336074580078125 0.432670107421875 0.325932013671875 0.4290310859375 0.324900978515625 0.418262125 0.32604911328125
1 0.4156782109375 0.32575330859375 0.4160013544921875 0.3350069267578125 0.43260033984375 0.33867369140625 0.43557471875 0.350150953125 0.4344498427734375 0.3621574013671875 0.4376959541015625 0.36667649609375 0.44804507421875 0.36824528515625 0.4675939560546875 0.3679486611328125 0.49792526171875 0.36688946875 0.50659746875 0.364656439453125 0.5084518642578125 0.3588011181640625 0.5090516318359375 0.3317575400390625 0.5087688818359375 0.323660623046875 0.5060637890625 0.3198947109375 0.4408012958984375 0.322945802734375 0.4301265869140625 0.3267929111328125 0.4156782109375 0.32575330859375
1 0.5142280322265625 0.3620737490234375 0.5231425966796875 0.3667809345703125 0.5385518310546875 0.3658567939453125 0.543625408203125 0.36374943359375 0.5596968388671875 0.3670485830078125 0.5807206689453125 0.364770263671875 0.584739138671875 0.3619276728515625 0.585094103515625 0.3426133955078125 0.5829190107421875 0.32454558203125 0.578698576171875 0.3216046630859375 0.5714609248046875 0.32069929296875 0.5216211298828125 0.3232118134765625 0.5150726044921875 0.327300869140625 0.515436140625 0.3377111904296875 0.5129868701171875 0.34127105859375 0.5142280322265625 0.3620737490234375
1 0.6677536337890625 0.2629053720703125 0.6656299521484375 0.2610493447265625 0.663019109375 0.259982404296875 0.5935900400390625 0.2616348447265625 0.583956974609375 0.2658316162109375 0.5851687626953125 0.300532685546875 0.5874001591796875 0.30547325390625 0.591620591796875 0.308414173828125 0.6585330703125 0.3083937646484375 0.6692212431640625 0.3049322236328125 0.6677536337890625 0.2629053720703125
1 0.42450465234375 0.3721556357421875 0.4105972958984375 0.3718692158203125 0.4050096279296875 0.3739945302734375 0.394186810546875 0.373600396484375 0.3809012578125 0.3763805634765625 0.3546018857421875 0.374982732421875 0.3536140986328125 0.3761753388671875 0.35564965625 0.4197265078125 0.407626595703125 0.419455583984375 0.434305416015625 0.4169797880859375 0.43141671484375 0.378476900390625 0.42450465234375 0.3721556357421875
1 0.512460548828125 0.4146365888671875 0.5126649599609375 0.4057505849609375 0.5103123857421875 0.3973399111328125 0.511235296875 0.3795499501953125 0.507773755859375 0.3688617763671875 0.4373165068359375 0.370550123046875 0.432824341796875 0.374567369140625 0.4374866513671875 0.4049015302734375 0.4358476845703125 0.416925931640625 0.46367586328125 0.4178843388671875 0.4944270087890625 0.4141082216796875 0.512460548828125 0.4146365888671875
1 0.51913025390625 0.4140176396484375 0.5325369853515625 0.4147075791015625 0.5777095771484375 0.4111999296875 0.5890464853515625 0.411576111328125 0.5925912578125 0.4099081748046875 0.590528771484375 0.3655858701171875 0.5868762841796875 0.364169267578125 0.5602782509765625 0.3689584677734375 0.5447478388671875 0.3664125009765625 0.518542716796875 0.3677136416015625 0.5149979443359375 0.369381578125 0.511493564453125 0.3722062177734375 0.5148424990234375 0.4091488828125 0.51913025390625 0.4140176396484375
1 0.6249385302734375 0.4076204697265625 0.6584486259765625 0.40915253515625 0.672762357421875 0.406336462890625 0.6741969130859375 0.40319806640625 0.672643625 0.38819683984375 0.6744062158203125 0.36497303125 0.671701123046875 0.3612071181640625 0.6001618369140626 0.361389099609375 0.5946145615234375 0.3646711162109375 0.5968940029296875 0.3857270771484375 0.5966231904296875 0.4074511513671875 0.59927442578125 0.40967479296875 0.6249385302734375 0.4076204697265625
1 0.753447548828125 0.402746798828125 0.7574929462890625 0.4006753427734375 0.75887364453125 0.39599467578125 0.7581220888671875 0.3597333828125 0.75488944140625 0.35559985546875 0.729766357421875 0.358407361328125 0.6835117265625 0.360408646484375 0.6774099697265625 0.362551912109375 0.676029271484375 0.3672325791015625 0.6766327197265625 0.3992526298828125 0.6783769541015625 0.404982283203125 0.74523557421875 0.4034196044921875 0.753447548828125 0.402746798828125
1 0.755263974609375 0.2189294541015625 0.754561384765625 0.2135494619140625 0.751869755859375 0.2101691181640625 0.678734341796875 0.208862685546875 0.672659513671875 0.211777087890625 0.6677205791015625 0.217740123046875 0.665174611328125 0.2332705361328125 0.665454916015625 0.2560369677734375 0.670216369140625 0.2597310703125 0.7483580390625 0.257002302734375 0.7534046875 0.254123806640625 0.755263974609375 0.2189294541015625
1 0.8367215234375 0.207978103515625 0.8227333798828125 0.205378279296875 0.7676853642578125 0.2061424853515625 0.755387599609375 0.2077300458984375 0.7549408310546875 0.2096758359375 0.7570033173828125 0.2539981396484375 0.8053816279296875 0.2538528828125 0.830031015625 0.25222003125 0.83510459375 0.2501126708984375 0.838912525390625 0.2117619677734375 0.8367215234375 0.207978103515625
1 0.7548637255859375 0.266426060546875 0.7525380791015625 0.258786521484375 0.687708890625 0.259506255859375 0.676425841796875 0.26067234375 0.6724208359375 0.2639005029296875 0.6733608916015625 0.305559740234375 0.674997412109375 0.3082048544921875 0.6956148662109375 0.3090290283203125 0.7490128974609375 0.305234138671875 0.754099939453125 0.3035123447265625 0.7548637255859375 0.266426060546875
1 0.8400276171875 0.2584335830078125 0.8367949716796875 0.2543000556640625 0.7607096611328125 0.2569570126953125 0.7592481767578125 0.2593242744140625 0.7611490908203125 0.29901976953125 0.764963150390625 0.305063181640625 0.7819550458984375 0.30524188671875 0.8261129228515625 0.302155708984375 0.8399260302734375 0.2997431572265625 0.8400276171875 0.2584335830078125
1 0.764062275390625 0.3529633076171875 0.795949314453125 0.3522358251953125 0.803200431640625 0.35352676171875 0.82936516015625 0.35106891796875 0.8401879775390625 0.3514630517578125 0.8447205361328125 0.3486025078125 0.845904162109375 0.308799298828125 0.841562548828125 0.302388271484375 0.76603172265625 0.3061839794921875 0.7630145048828125 0.3082195302734375 0.76210750390625 0.31172554296875 0.759830822265625 0.3349673046875 0.7608700205078125 0.349986482421875 0.764062275390625 0.3529633076171875
1 0.6818286875 0.31221271484375 0.6767685751953125 0.3147056435546875 0.674561662109375 0.3252057275390625 0.675030466796875 0.353370103515625 0.6772753271484375 0.3586962373046875 0.7471242353515625 0.35432687109375 0.7552284951171875 0.3505695263671875 0.7529750634765625 0.3155187939453125 0.7491744697265625 0.3098609482421875 0.6818286875 0.31221271484375
1 0.640133546875 0.3121245908203125 0.638117580078125 0.3133531025390625 0.622483296875 0.312740951171875 0.6164046240234375 0.3106369970703125 0.6066907724609375 0.3125203623046875 0.6025107314453125 0.3107361455078125 0.5933378984375 0.313372693359375 0.5886303037109375 0.3112208603515625 0.5866681943359375 0.313991642578125 0.58486765625 0.3213892333984375 0.5868946416015625 0.3352158046875 0.5890452509765625 0.337842966796875 0.5893414658203125 0.3463254501953125 0.59397929296875 0.3612189609375 0.6007163193359375 0.362527849609375 0.6063174521484375 0.360788103515625 0.62950535546875 0.3615225146484375 0.6350930234375 0.359397201171875 0.6463895380859375 0.3586166806640625 0.656224568359375 0.360203421875 0.6706190859375 0.3597007548828125 0.67362283984375 0.357279634765625 0.673845607421875 0.31944016796875 0.6709789423828125 0.3110474462890625 0.640133546875 0.3121245908203125
1 0.8440289638671875 0.3582775986328125 0.8423655166015624 0.354861349609375 0.832002931640625 0.3529069931640625 0.7723819638671875 0.355375041015625 0.767254529296875 0.3559401328125 0.7632495244140625 0.3591682919921875 0.7623425224609375 0.362674302734375 0.762687703125 0.4020380869140625 0.8238644052734375 0.39990175 0.8377044404296875 0.39826033203125 0.8422504638671875 0.3957853564453125 0.8440289638671875 0.3582775986328125
1 0.839547794921875 0.215214123046875 0.840831796875 0.222504 0.839489044921875 0.2430108837890625 0.84159926171875 0.24448134375 0.8960793310546875 0.2421928212890625 0.902208017578125 0.240820689453125 0.912043046875 0.2424074306640625 0.9305233564453125 0.240990009765625 0.93559693359375 0.2388826474609375 0.937437865234375 0.2326417587890625 0.9363900947265625 0.187897982421875 0.9276101728515626 0.1870464716796875 0.8849676376953125 0.18930765625 0.8515113994140625 0.189317861328125 0.847953162109375 0.19060023046875 0.8455442841796875 0.1953168017578125 0.839547794921875 0.215214123046875
1 0.8534233310546875 0.2440684384765625 0.840867296875 0.252999732421875 0.8412846904296875 0.26495232421875 0.843543015625 0.2706640263671875 0.8433630869140625 0.2949906806640625 0.8475969853515625 0.29831716796875 0.85218340234375 0.2969988935546875 0.855335263671875 0.2988190166015625 0.877427666015625 0.2976614951171875 0.89278304296875 0.2951950849609375 0.9302981435546875 0.2934989921875 0.936913990234375 0.2913377734375 0.938375474609375 0.28897051171875 0.938609259765625 0.266186126953125 0.935215041015625 0.2574257900390625 0.934716861328125 0.243159794921875 0.9032900546875 0.2423270546875 0.8534233310546875 0.2440684384765625
1 0.889211341796875 0.2960918876953125 0.880525669921875 0.2979393486328125 0.8614774130859375 0.2978324521484375 0.855849353515625 0.298801064453125 0.8477989501953125 0.3041006796875 0.845376607421875 0.30843168359375 0.8472689501953125 0.318402580078125 0.845874787109375 0.3226976787109375 0.8487953095703125 0.3326326708984375 0.84869861328125 0.34460321484375 0.8519177958984375 0.348351173828125 0.9105375126953125 0.3466901669921875 0.9305331630859375 0.3444477529296875 0.9335099873046875 0.341255498046875 0.9370816884765625 0.340358697265625 0.93672059765625 0.315278859375 0.939075619140625 0.3090200185546875 0.9366287939453125 0.2979103720703125 0.9334634677734375 0.295704681640625 0.9226271875 0.29492498046875 0.889211341796875 0.2960918876953125
1 0.0903107177734375 0.51546477734375 0.0887145908203125 0.513976365234375 0.065526685546875 0.5132419541015625 0.044475927734375 0.514749138671875 0.0409311552734375 0.5164170751953125 0.048185951171875 0.576771640625 0.052729529296875 0.5889661787109375 0.0805442431640625 0.5895390185546875 0.097982908203125 0.58777193359375 0.1020013759765625 0.5849293427734376 0.0903107177734375 0.51546477734375
1 0.1501911875 0.5793861416015625 0.1396094931640625 0.512199076171875 0.1374992763671875 0.510728615234375 0.1276911748046875 0.509913009765625 0.1091839375 0.510559296875 0.0989156025390625 0.511303912109375 0.0918125947265625 0.51425421875 0.0969192275390625 0.5573121064453125 0.10182633984375 0.5799169658203125 0.1081704560546875 0.5847139140625 0.1467541298828125 0.5841386171875 0.1501911875 0.5793861416015625
1 0.1986502841796875 0.5815542880859375 0.200111767578125 0.5791870263671876 0.199425087890625 0.5595230869140625 0.1930748466796875 0.5103320244140624 0.1888813408203125 0.5081622392578125 0.1816706181640625 0.508028005859375 0.16268968359375 0.509848947265625 0.1487553984375 0.508791392578125 0.14522408984375 0.5108448974609375 0.1443574814453125 0.515507611328125 0.1534103701171875 0.5831341005859375 0.1570628564453125 0.5845507041015625 0.1986502841796875 0.5815542880859375
1 0.2161562705078125 0.581715041015625 0.2474618984375 0.5790776748046875 0.2489233828125 0.576710412109375 0.2468584501953125 0.547057623046875 0.243076212890625 0.5124463154296875 0.240317263671875 0.5071381328125 0.2376794921875 0.5053000576171875 0.2058193798828125 0.5067986748046875 0.1950773486328125 0.5087179453125 0.1974923525390625 0.5483954873046875 0.2027226103515625 0.580253966796875 0.2058610078125 0.5816885224609375 0.2161562705078125 0.581715041015625
1 0.2978549423828125 0.503970759765625 0.296786369140625 0.502849962890625 0.290103201171875 0.50308334375 0.273245947265625 0.5067603134765625 0.26544034765625 0.5043306279296875 0.2587571796875 0.5045640087890625 0.25419769140625 0.5066534169921875 0.261073041015625 0.570881609375 0.267363298828125 0.5741362880859375 0.3059065791015625 0.5724042890625 0.3015857685546875 0.522370283203125 0.2978549423828125 0.503970759765625
1 0.3026678056640625 0.5238766474609375 0.30790908203125 0.5707902099609375 0.3095186728515625 0.5726641904296875 0.3275522138671875 0.5731925576171875 0.3475343994140625 0.570564576171875 0.3490362763671875 0.5693540166015625 0.34922722265625 0.5600824453125 0.34656496875 0.5428037197265625 0.348906525390625 0.536159310546875 0.3453127880859375 0.506945947265625 0.3425134453125 0.5004810625 0.3393885126953125 0.49943207421875 0.322423544921875 0.50002450390625 0.307027775390625 0.5013342119140625 0.3024548232421875 0.5030380537109375 0.3026678056640625 0.5238766474609375
1 0.406291205078125 0.5580897265625 0.402304556640625 0.5323644228515625 0.4023633056640625 0.5045676611328125 0.40075371484375 0.502693681640625 0.38472267578125 0.5005512333984375 0.3647135625 0.5024080810546875 0.3621969697265625 0.50404011328125 0.3638959189453125 0.537952095703125 0.3680576044921875 0.56868977734375 0.395845388671875 0.5684914814453125 0.403909255859375 0.56357743359375 0.406291205078125 0.5580897265625
1 0.487893181640625 0.4923159892578125 0.4801549033203125 0.491814140625 0.471969857421875 0.4932580810546875 0.452867744140625 0.491608916015625 0.4451967880859375 0.493034904296875 0.44733516796875 0.56900964453125 0.448403740234375 0.5701304423828125 0.461269453125 0.57006719921875 0.4936167255859375 0.567779494140625 0.491071970703125 0.4949072470703125 0.487893181640625 0.4923159892578125
1 0.538369478515625 0.56698876953125 0.5408726064453125 0.564971169921875 0.541063552734375 0.5556995986328125 0.5367586533203125 0.49138164453125 0.535690080078125 0.4902608466796875 0.5306030380859375 0.491982640625 0.492614240234375 0.4948533896484375 0.49564615625 0.5669365498046876 0.4967147294921875 0.56805734765625 0.5116233369140625 0.5675367275390625 0.51991609765625 0.569177326171875 0.538369478515625 0.56698876953125
1 0.5919474384765625 0.5388672265625 0.5881811103515625 0.489971970703125 0.5773582939453125 0.4895778359375 0.5594324677734375 0.4921340078125 0.546526361328125 0.491040548828125 0.5446450380859374 0.4961247353515625 0.54460219921875 0.5096375478515625 0.547041685546875 0.5647557412109375 0.5666309599609375 0.565615818359375 0.5902521689453125 0.564018873046875 0.5922008134765625 0.5608625234375 0.5919474384765625 0.5388672265625
1 0.5912925791015625 0.490635390625 0.59379694140625 0.5623509365234375 0.6149554140625 0.5639282919921875 0.63704781640625 0.5627707705078125 0.6395644091796875 0.5611387392578125 0.64037716015625 0.5549337548828125 0.63654595703125 0.4894411455078125 0.6333402392578125 0.48607875390625 0.5912925791015625 0.490635390625
1 0.6905131689453124 0.56090371875 0.6920040283203125 0.5446380771484375 0.690240203125 0.494128740234375 0.6883613251953125 0.484543412109375 0.6713290361328125 0.4832080048828125 0.664713189453125 0.48536922265625 0.6461520947265625 0.484473240234375 0.64263425 0.4869123125 0.6419426787109375 0.4965874033203125 0.6442046826171876 0.561362734375 0.645787345703125 0.5624655791015625 0.6694624111328125 0.5624109033203125 0.6905131689453124 0.56090371875
1 0.7383100693359375 0.5588485771484375 0.740557375 0.5495051962890625 0.73913505078125 0.479296015625 0.7349684736328125 0.477897365234375 0.69800785546875 0.480732208984375 0.6899305234375 0.4852606904296875 0.6874677880859374 0.4884349921875 0.690671060546875 0.5064668994140625 0.6920150458984375 0.5596931591796875 0.696181623046875 0.5610918095703125 0.718815044921875 0.5606874716796875 0.7383100693359375 0.5588485771484375
1 0.7911903310546875 0.49600801171875 0.7892845244140625 0.4856515478515625 0.781817978515625 0.4781915322265625 0.761889650390625 0.4823617841796875 0.7438830380859375 0.48260455078125 0.7420690361328125 0.48961657421875 0.741590447265625 0.5201302607421875 0.742355466796875 0.5567771201171875 0.7537596953125 0.5590811396484375 0.7902466162109375 0.5574209501953125 0.7916946357421875 0.55466812109375 0.7911903310546875 0.49600801171875
1 0.79487342578125 0.5572593779296875 0.8370287998046875 0.5557872802734375 0.840005625 0.55259502734375 0.8411574296875 0.5413597138671875 0.8421525556640626 0.4961585595703125 0.8401390341796875 0.482717556640625 0.8322526494140625 0.4779744658203125 0.83114368359375 0.4756969658203125 0.82236376171875 0.474845455078125 0.8091186025390625 0.47878232421875 0.7993105009765625 0.4779667177734375 0.7927485107421876 0.48167020703125 0.7918280458984375 0.4847906513671875 0.7927362802734375 0.555017783203125 0.79487342578125 0.5572593779296875
1 0.8425895390625 0.55289083203125 0.8509092275390625 0.5553025654296875 0.8878967744140625 0.5532388564453125 0.891293439453125 0.547329677734375 0.8929691181640625 0.4773983505859375 0.886178234375 0.47454719140625 0.8444561650390625 0.47368793359375 0.8393825869140625 0.475795294921875 0.8395172294921875 0.47965096875 0.8432505029296875 0.4833809765625 0.844195451171875 0.4957011826171875 0.8425895390625 0.55289083203125
1 0.919283189453125 0.5529148935546875 0.934678958984375 0.5516051865234375 0.943851791015625 0.548968638671875 0.9454307744140625 0.491007853515625 0.943864021484375 0.475621060546875 0.9335149013671875 0.4740522724609375 0.915061521484375 0.4762408291015625 0.9067283671875 0.4734435283203125 0.8996388232421875 0.47677940234375 0.8955126396484375 0.4765374541015625 0.893577458984375 0.4800793701171875 0.892943423828125 0.5503603603515625 0.89556773046875 0.5518128681640625 0.919283189453125 0.5529148935546875
1 0.9927441923828125 0.5488054296875 0.9942326044921875 0.5472093017578125 0.9959976416015625 0.5093159775390625 0.995706318359375 0.471494462890625 0.9904846328125 0.46936058203125 0.9714902353515625 0.4707959560546875 0.951847103515625 0.4683936083984375 0.94734147265625 0.4720252880859375 0.9464344716796875 0.475531298828125 0.9464222412109375 0.548878876953125 0.9485324580078125 0.5503493369140625 0.9640090126953125 0.551353033203125 0.9927441923828125 0.5488054296875
1 0.84954197265625 0.398232994140625 0.852166279296875 0.399685501953125 0.926655462890625 0.3955401318359375 0.934786650390625 0.392553921875 0.933028953125 0.38643869921875 0.9353864189453125 0.3655103427734375 0.9343606845703125 0.3508767314453125 0.930126787109375 0.347550244140625 0.85458249609375 0.3509603837890625 0.8495897041015625 0.355381150390625 0.8485186845703125 0.368929869140625 0.849504025390625 0.3824067763671875 0.8477842734375 0.3921177724609375 0.84954197265625 0.398232994140625
1 0.942938642578125 0.345944732421875 0.9383522255859374 0.347263005859375 0.935388865234375 0.3508408271484375 0.935300740234375 0.39253596875 0.94104998046875 0.39503746484375 0.9739652001953125 0.3942740771484375 0.9913634716796875 0.3913502900390625 0.99559981640625 0.3800072626953125 0.994374564453125 0.344920625 0.942938642578125 0.345944732421875
1 0.992597275390625 0.2940257216796875 0.9899864326171876 0.2929587822265625 0.9837769609375 0.2920175078125 0.9472765751953125 0.29329212890625 0.941675443359375 0.2950318759765625 0.938251849609375 0.300169919921875 0.9368552412109376 0.31913453515625 0.93606697265625 0.34078016796875 0.94030087109375 0.34410665625 0.9686027451171875 0.343890408203125 0.994266849609375 0.3418360849609375 0.992597275390625 0.2940257216796875
1 0.95857308984375 0.292511609375 0.986807642578125 0.2903675244140625 0.9924087744140625 0.28862777734375 0.9906718779296875 0.2388895771484375 0.94646014453125 0.240433484375 0.94140003125 0.2429264130859375 0.9405603515625 0.24836026171875 0.94278930078125 0.2679703447265625 0.9418259970703124 0.2846036025390625 0.9435567666015625 0.289947689453125 0.94773680859375 0.291731908203125 0.95857308984375 0.292511609375
1 0.9442960703125 0.2374207548828125 0.9530894560546875 0.2386578330078125 0.9905372353515625 0.2350339013671875 0.988786875 0.1849101337890625 0.9425322451171875 0.18691141796875 0.940610529296875 0.1908389033203125 0.9413890126953125 0.2278713310546875 0.9442960703125 0.2374207548828125
0 0.533203125 0.435546875 0.5380859375 0.4365234375 0.5400390625 0.44921875 0.5380859375 0.451171875 0.5244140625 0.453125 0.48828125 0.453125 0.4853515625 0.4404296875 0.4873046875 0.4384765625 0.5322265625 0.435546875
0 0.568359375 0.595703125 0.5859375 0.59375 0.619140625 0.5947265625 0.619140625 0.6064453125 0.6025390625 0.6083984375 0.5869140625 0.607421875 0.5849609375 0.609375 0.5693359375 0.6083984375 0.5673828125 0.60546875 0.568359375 0.5966796875
0 0.96875 0.4150390625 0.9697265625 0.4267578125 0.9677734375 0.4287109375 0.947265625 0.431640625 0.91796875 0.431640625 0.9150390625 0.4296875 0.916015625 0.4169921875 0.9404296875 0.416015625 0.955078125 0.4130859375 0.9677734375 0.4150390625
0 0.2841796875 0.603515625 0.287109375 0.60546875 0.2880859375 0.6171875 0.2509765625 0.62109375 0.2353515625 0.619140625 0.2353515625 0.607421875 0.283203125 0.603515625
0 0.2998046875 0.4453125 0.3037109375 0.4482421875 0.302734375 0.4609375 0.2763671875 0.4619140625 0.251953125 0.4609375 0.25 0.44921875 0.2529296875 0.4462890625 0.2744140625 0.447265625 0.2802734375 0.4453125 0.298828125 0.4453125
0 0.787109375 0.4248046875 0.7880859375 0.4375 0.7509765625 0.44140625 0.7353515625 0.44140625 0.7333984375 0.439453125 0.7333984375 0.427734375 0.7353515625 0.42578125 0.779296875 0.4228515625 0.7861328125 0.4248046875
0 0.1474609375 0.4501953125 0.1552734375 0.4521484375 0.15625 0.46484375 0.1083984375 0.4677734375 0.1025390625 0.4658203125 0.1025390625 0.453125 0.146484375 0.4501953125