1 0.0615234375 0.20166015625 0.078125 0.0576171875
1 0.1484375 0.20458984375 0.0947265625 0.0576171875
1 0.0654296875 0.2548828125 0.0908203125 0.0576171875
1 0.1484375 0.25537109375 0.0908203125 0.0576171875
1 0.0625 0.3037109375 0.09765625 0.056640625
1 0.14990234375 0.3076171875 0.09375 0.0576171875
1 0.14990234375 0.35986328125 0.0986328125 0.05859375
1 0.0654296875 0.35595703125 0.1025390625 0.0595703125
1 0.2314453125 0.169921875 0.091796875 0.060546875
1 0.23095703125 0.21728515625 0.0966796875 0.060546875
1 0.31103515625 0.220703125 0.0859375 0.0595703125
1 0.39599609375 0.22802734375 0.0908203125 0.060546875
1 0.4775390625 0.23193359375 0.0849609375 0.060546875
1 0.5537109375 0.2919921875 0.0888671875 0.05078125
1 0.5615234375 0.3388671875 0.09375 0.0556640625
1 0.55322265625 0.384765625 0.0869140625 0.0517578125
1 0.474609375 0.3798828125 0.0869140625 0.0537109375
1 0.3935546875 0.3740234375 0.0830078125 0.052734375
1 0.3134765625 0.36865234375 0.08984375 0.052734375
1 0.22900390625 0.3642578125 0.0888671875 0.0537109375
1 0.23193359375 0.31494140625 0.0869140625 0.0537109375
1 0.23388671875 0.267578125 0.0859375 0.0537109375
1 0.31298828125 0.27294921875 0.083984375 0.0517578125
1 0.39404296875 0.2783203125 0.0888671875 0.0556640625
1 0.478515625 0.2861328125 0.0869140625 0.0576171875
1 0.3125 0.31982421875 0.0859375 0.052734375
1 0.39599609375 0.3251953125 0.0869140625 0.060546875
1 0.47705078125 0.333984375 0.083984375 0.056640625
1 0.702015158203125 0.17996921484375 0.6697310712890625 0.17714472265625 0.66440486328125 0.179002396484375 0.657751140625 0.1842294140625 0.6574485166015624 0.187688423828125 0.6502487216796875 0.19325494140625 0.6485338515625 0.212855994140625 0.6462486943359375 0.2153670029296875 0.6512050283203125 0.2177370068359375 0.647315283203125 0.22088218359375 0.6504989052734375 0.225808029296875 0.661293892578125 0.22636519140625 0.664746513671875 0.228216361328125 0.7078928388671875 0.23082934765625 0.7131517958984375 0.229740341796875 0.727021458984375 0.23056650390625 0.7328264873046875 0.2291379970703125 0.737960353515625 0.2117724482421875 0.74004509765625 0.1879437177734375 0.7381970634765626 0.1854583779296875 0.71769923046875 0.1836650498046875 0.702015158203125 0.17996921484375
1 0.775390625 0.21044921875 0.0830078125 0.0556640625
1 0.85302734375 0.2177734375 0.0810546875 0.056640625
1 0.9267578125 0.22021484375 0.076171875 0.05859375
1 0.9794921875 0.22412109375 0.041015625 0.0517578125
1 0.6923828125 0.25439453125 0.0859375 0.052734375
1 0.77099609375 0.25634765625 0.08203125 0.0537109375
1 0.84716796875 0.26318359375 0.078125 0.0615234375
1 0.92236328125 0.2685546875 0.078125 0.052734375
1 0.97900390625 0.271484375 0.0419921875 0.052734375
1 0.6884765625 0.298828125 0.08203125 0.0556640625
1 0.767578125 0.30419921875 0.0810546875 0.0634765625
1 0.8427734375 0.310546875 0.0810546875 0.05859375
1 0.91748046875 0.31591796875 0.07421875 0.056640625
1 0.974609375 0.3193359375 0.05078125 0.0546875
1 0.68896484375 0.34423828125 0.08203125 0.052734375
1 0.76416015625 0.3505859375 0.0732421875 0.0546875
1 0.84130859375 0.3564453125 0.07421875 0.0556640625
1 0.91552734375 0.3623046875 0.0732421875 0.046875
1 0.97412109375 0.36474609375 0.0517578125 0.0517578125
1 0.685546875 0.392578125 0.0830078125 0.0546875
1 0.75927734375 0.3974609375 0.0810546875 0.0517578125
1 0.83544921875 0.400390625 0.076171875 0.0498046875
1 0.90771484375 0.40576171875 0.078125 0.05078125
1 0.97216796875 0.41162109375 0.0556640625 0.0517578125
1 1 0.4985105048828125 0.971150212890625 0.497458095703125 0.968318984375 0.5003086044921875 0.966352595703125 0.5109802998046875 0.9596370234375 0.5700332939453125 0.96254357421875 0.5722239658203125 0.994693162109375 0.576585794921875 1 0.515928357421875 1 0.4985105048828125
1 0.960690138671875 0.516681318359375 0.9608084931640625 0.503524283203125 0.9580364423828125 0.4997962744140625 0.9337833642578125 0.4996107861328125 0.929994494140625 0.501602958984375 0.926508248046875 0.5001361240234375 0.9201571494140625 0.5019041318359375 0.916855171875 0.5101353212890625 0.910240474609375 0.5680353125 0.913726720703125 0.5695021494140625 0.9347706240234375 0.5709559755859375 0.95239553125 0.570174298828125 0.960690138671875 0.516681318359375
1 0.91605758203125 0.5015454658203125 0.914721994140625 0.4991049599609375 0.899483119140625 0.496222626953125 0.8967863896484375 0.497535798828125 0.892275251953125 0.495979296875 0.87837196484375 0.49553746875 0.870557513671875 0.52583588671875 0.866615328125 0.56499316015625 0.871571662109375 0.5673631640625 0.906586103515625 0.5684901494140625 0.9147125859375 0.516918841796875 0.91605758203125 0.5015454658203125
1 0.578796966796875 0.5436850771484375 0.580460732421875 0.536472390625 0.585131921875 0.5302973720703125 0.588645056640625 0.501946294921875 0.58800751953125 0.48562491796875 0.5820518466796875 0.476971064453125 0.569685896484375 0.4766637373046875 0.5656872041015625 0.4751520673828125 0.5619319599609375 0.4767599072265625 0.556761796875 0.54175725 0.56018079296875 0.5439927548828125 0.5755541689453125 0.5453377509765625 0.578796966796875 0.5436850771484375
1 0.5549554599609375 0.54469742578125 0.5578203134765625 0.54146258203125 0.5584255625 0.5345445634765625 0.556703955078125 0.5247120380859375 0.5590671064453125 0.4799947509765625 0.5561941806640625 0.4774197451171875 0.538426701171875 0.473928912109375 0.52083541796875 0.47432625390625 0.5175926181640625 0.475978927734375 0.5148690009765625 0.50711001171875 0.514984685546875 0.541200435546875 0.5179248603515625 0.5430067724609375 0.5549554599609375 0.54469742578125
1 0.4645753232421875 0.4740514482421875 0.461933765625 0.539657291015625 0.47413158984375 0.541886291015625 0.5014257197265625 0.54272511328125 0.50576066015625 0.5403934384765625 0.5089725068359375 0.491877640625 0.5079233974609375 0.474358427734375 0.468364193359375 0.4720592744140625 0.4645753232421875 0.4740514482421875
1 0.46204671875 0.473442947265625 0.452444748046875 0.471053779296875 0.4339630732421875 0.4698241181640625 0.420538607421875 0.4698114580078125 0.419858037109375 0.471688296875 0.4171828525390625 0.5376784736328125 0.41913176171875 0.539010810546875 0.43501758203125 0.5404006396484375 0.460329177734375 0.5402914599609375 0.463095828125 0.49096216015625 0.46204671875 0.473442947265625
1 0.266552001953125 0.47105587109375 0.2728775498046875 0.4754820458984375 0.27318824609375 0.4778328857421875 0.27087753515625 0.486538076171875 0.2686596279296875 0.488280416015625 0.269127705078125 0.5301471943359375 0.2740167880859375 0.5332858662109375 0.28884409375 0.5349703642578125 0.3183225048828125 0.534451181640625 0.320742162109375 0.5304028359375 0.321140259765625 0.4727335146484375 0.3186035830078125 0.4663151650390625 0.3125551083984375 0.4646241640625 0.2795904501953125 0.46367651171875 0.267400697265625 0.4672573603515625 0.266552001953125 0.47105587109375
1 0.26407183203125 0.5053064638671875 0.2628223095703125 0.46646952734375 0.2574207802734375 0.463286021484375 0.2224399638671875 0.461774701171875 0.2168447568359375 0.46670705078125 0.215054564453125 0.481266923828125 0.2190586572265625 0.535835900390625 0.2631962490234375 0.53892288671875 0.26554865625 0.5356432109375 0.2661296875 0.5112956455078125 0.26407183203125 0.5053064638671875
1 0.2030047119140625 0.5363677421875 0.2144130205078125 0.5358167353515625 0.217412373046875 0.5310445546875 0.214332296875 0.477718248046875 0.210040388671875 0.46185170703125 0.1885176640625 0.459968712890625 0.175874642578125 0.4569262109375 0.170582060546875 0.45839955078125 0.1687420986328125 0.4617240615234375 0.1668416240234375 0.495250818359375 0.1688389658203125 0.5314422470703125 0.180457095703125 0.53439508203125 0.2030047119140625 0.5363677421875
1 0.1652894775390625 0.4598728916015625 0.160366767578125 0.457118552734375 0.13932286328125 0.4556647255859375 0.125654951171875 0.452532556640625 0.119379173828125 0.4593417451171875 0.11883850390625 0.5127385546875 0.1208452548828125 0.5311161025390625 0.165495291015625 0.534247921875 0.16720075390625 0.53246075 0.1676970546875 0.5208858857421875 0.1652894775390625 0.4598728916015625
1 0.1113481650390625 0.4567027431640625 0.0939250068359375 0.4551784140625 0.07483001171875 0.455056921875 0.066219306640625 0.4531417548828125 0.0650935400390625 0.4542050908203125 0.0701131171875 0.5266776162109374 0.089964005859375 0.5299634482421876 0.1136710126953125 0.5304884375 0.1176280078125 0.526574591796875 0.11380951953125 0.458079912109375 0.1113481650390625 0.4567027431640625
1 0.0692065810546875 0.5134309140625 0.0631110078125 0.45325708984375 0.05292933984375 0.4515917578125 0.02085507421875 0.4522711083984375 0.01962843359375 0.454487447265625 0.0184260087890625 0.4741333349609375 0.0229008515625 0.5233216298828125 0.025294955078125 0.5254674677734374 0.0669039423828125 0.5279459541015625 0.0690882255859375 0.52658794921875 0.0692065810546875 0.5134309140625
0 0.8388671875 0.439453125 0.8837890625 0.443359375 0.8837890625 0.4560546875 0.8720703125 0.45703125 0.8359375 0.453125 0.833984375 0.4482421875 0.837890625 0.4404296875
0 0.76953125 0.58203125 0.771484375 0.583984375 0.771484375 0.5908203125 0.767578125 0.595703125 0.724609375 0.5927734375 0.72265625 0.591796875 0.72265625 0.58203125 0.724609375 0.580078125 0.7685546875 0.58203125
0 0.36328125 0.56640625 0.3857421875 0.56640625 0.3896484375 0.568359375 0.3896484375 0.580078125 0.3798828125 0.58203125 0.341796875 0.580078125 0.3388671875 0.57421875 0.33984375 0.568359375 0.3623046875 0.56640625
0 0.0791015625 0.3984375 0.1240234375 0.400390625 0.130859375 0.40234375 0.1328125 0.4052734375 0.1318359375 0.4140625 0.12890625 0.416015625 0.08984375 0.4140625 0.078125 0.4111328125 0.0791015625 0.3994140625
0 0.4765625 0.4228515625 0.4921875 0.421875 0.5263671875 0.4248046875 0.52734375 0.4267578125 0.525390625 0.4384765625 0.4921875 0.4384765625 0.4765625 0.435546875 0.4765625 0.423828125
0 0.2802734375 0.4091796875 0.3193359375 0.4130859375 0.3203125 0.4248046875 0.31640625 0.427734375 0.271484375 0.4248046875 0.2685546875 0.4228515625 0.267578125 0.4130859375 0.26953125 0.41015625 0.279296875 0.4091796875