1 0.1286458330078125 0.1265625 0.1510416669921875 0.12421875 0.153125 0.123046875 0.1536458330078125 0.116796875 0.153125 0.065625 0.15 0.041015625 0.1510416669921875 0.029296875 0.1473958330078125 0.02734375 0.1401041669921875 0.028125 0.1338541669921875 0.026171875 0.109375 0.025 0.0916666669921875 0.0265625 0.090625 0.033203125 0.0973958330078125 0.123046875 0.1078125 0.125390625 0.1286458330078125 0.1265625
1 0.05625 0.123828125 0.0916666669921875 0.123828125 0.0942708330078125 0.121484375 0.0947916669921875 0.1125 0.0921875 0.046875 0.0890625 0.026171875 0.0848958330078125 0.024609375 0.0328125 0.024609375 0.0322916669921875 0.059375 0.0359375 0.123046875 0.0458333330078125 0.1265625 0.05625 0.123828125
1 0.2166666669921875 0.12578125 0.2197916669921875 0.122265625 0.2177083330078125 0.042578125 0.215625 0.028515625 0.2109375 0.02578125 0.1817708330078125 0.025 0.1708333330078125 0.026171875 0.1619791669921875 0.024609375 0.1541666669921875 0.02578125 0.1567708330078125 0.123046875 0.1614583330078125 0.125 0.1828125 0.126171875 0.2166666669921875 0.12578125
1 0.2369791669921875 0.128125 0.2802083330078125 0.127734375 0.2828125 0.125390625 0.2828125 0.105078125 0.2796875 0.083984375 0.2802083330078125 0.04453125 0.2776041669921875 0.030859375 0.2760416669921875 0.02890625 0.2583333330078125 0.027734375 0.2392359375 0.029296875 0.2234375 0.028515625 0.2213541669921875 0.0296875 0.2192708330078125 0.03515625 0.2192708330078125 0.07890625 0.2223958330078125 0.125 0.2369791669921875 0.128125
1 0.3380208330078125 0.129296875 0.3427083330078125 0.124609375 0.3442708330078125 0.105859375 0.3432291669921875 0.0328125 0.325 0.0296875 0.3072916669921875 0.0296875 0.3 0.025390625 0.2932291669921875 0.02578125 0.2838541669921875 0.0328125 0.2854166669921875 0.124609375 0.2885416669921875 0.126953125 0.296875 0.128125 0.3380208330078125 0.129296875
1 0.4036458330078125 0.1265625 0.4057291669921875 0.11015625 0.4041666669921875 0.089453125 0.40625 0.0359375 0.4026041669921875 0.032421875 0.3802083330078125 0.029296875 0.3708333330078125 0.03125 0.3661458330078125 0.02890625 0.3494791669921875 0.030859375 0.3447916669921875 0.035546875 0.3473958330078125 0.1265625 0.3546875 0.130078125 0.3979166669921875 0.13046875 0.4036458330078125 0.1265625
1 0.4619791669921875 0.130859375 0.4645833330078125 0.127734375 0.4661458330078125 0.03671875 0.4635416669921875 0.03515625 0.4416666669921875 0.034765625 0.4197916669921875 0.029296875 0.409375 0.034765625 0.4067708330078125 0.044140625 0.4067708330078125 0.092578125 0.4104166669921875 0.126953125 0.4171875 0.130078125 0.4619791669921875 0.130859375
1 0.5192708330078125 0.133203125 0.5244791669921876 0.130078125 0.5255208330078125 0.120703125 0.5270833330078125 0.0390625 0.525 0.037109375 0.5197916669921875 0.036328125 0.4734375 0.03515625 0.46875 0.03671875 0.4677083330078125 0.046484375 0.4661458330078125 0.083203125 0.4677083330078125 0.129296875 0.4765625 0.132421875 0.5192708330078125 0.133203125
1 0.5494791669921875 0.134765625 0.58125 0.134375 0.5838541669921875 0.123046875 0.5875 0.040625 0.5854166669921875 0.0390625 0.553125 0.03828125 0.5473958330078125 0.0328125 0.5395833330078125 0.03203125 0.5348958330078125 0.037890625 0.5296875 0.041015625 0.528125 0.0484375 0.5265625 0.086328125 0.5286458330078125 0.132421875 0.5317708330078125 0.133984375 0.5494791669921875 0.134765625
1 0.634375 0.137109375 0.6385416669921875 0.134375 0.6432291669921875 0.120703125 0.6432291669921875 0.08984375 0.646875 0.068359375 0.6479166669921875 0.0421875 0.6442708330078125 0.039453125 0.621875 0.039453125 0.6140625 0.03828125 0.6057291669921875 0.0328125 0.5989583330078125 0.03359375 0.5947916669921876 0.036328125 0.590625 0.043359375 0.5880208330078125 0.063671875 0.5848958330078124 0.105078125 0.5864583330078125 0.1328125 0.5901041669921875 0.134765625 0.634375 0.137109375
1 0.7015625 0.137109375 0.70625 0.043359375 0.6979166669921875 0.041796875 0.6786458330078124 0.041796875 0.6578125 0.03515625 0.65 0.042578125 0.6484375 0.056640625 0.6432291669921875 0.13359375 0.646875 0.136328125 0.6994791669921875 0.138671875 0.7015625 0.137109375
1 0.7552083330078125 0.13984375 0.7588541669921876 0.13359375 0.7619791669921875 0.098828125 0.7625 0.046484375 0.7557291669921875 0.04296875 0.7328125 0.04375 0.7255208330078124 0.04140625 0.7234375 0.038671875 0.7171875 0.0375 0.7125 0.0390625 0.7072916669921875 0.046875 0.7041666669921876 0.1375 0.7067708330078125 0.139453125 0.7135416669921875 0.140234375 0.7552083330078125 0.13984375
1 0.0432291669921875 0.263671875 0.053125 0.265625 0.0734375 0.263671875 0.0921875 0.2640625 0.0947916669921875 0.262109375 0.0947916669921875 0.257421875 0.0916666669921875 0.233203125 0.0890625 0.2265625 0.0885416669921875 0.195703125 0.0838541669921875 0.181640625 0.0848958330078125 0.167578125 0.08125 0.166015625 0.0322916669921875 0.166796875 0.0302083330078125 0.168359375 0.0302083330078125 0.1859375 0.0385416669921875 0.258984375 0.0432291669921875 0.263671875
1 0.8609375 0.13359375 0.8541666669921875 0.087890625 0.8541666669921875 0.05 0.8520833330078125 0.0375 0.8447916669921876 0.036328125 0.8192708330078124 0.04453125 0.7635416669921875 0.046875 0.7609375 0.13828125 0.7671875 0.139453125 0.859375 0.140234375 0.8609375 0.13359375
1 0.8791666669921875 0.140234375 0.9052083330078124 0.13984375 0.9739583330078125 0.143359375 0.9776041669921876 0.140234375 0.9833333330078124 0.12578125 0.9734375 0.0671875 0.9640625 0.05390625 0.9645833330078125 0.0359375 0.9546875 0.0328125 0.909375 0.03359375 0.8713541669921875 0.0359375 0.865625 0.037109375 0.8625 0.040625 0.8583333330078124 0.07265625 0.8625 0.131640625 0.8645833330078125 0.137109375 0.8791666669921875 0.140234375
1 0.1125 0.267578125 0.1541666669921875 0.266796875 0.1572916669921875 0.265625 0.159375 0.26015625 0.15625 0.191015625 0.1546875 0.1765625 0.1515625 0.168359375 0.1411458330078125 0.163671875 0.1244791669921875 0.165625 0.0984375 0.165234375 0.0901041669921875 0.166015625 0.0869791669921875 0.16796875 0.090625 0.230078125 0.0973958330078125 0.26328125 0.1015625 0.265625 0.1125 0.267578125
1 0.1822916669921875 0.2671875 0.2125 0.266796875 0.2192708330078125 0.265234375 0.2208333330078125 0.26171875 0.2208333330078125 0.2375 0.2177083330078125 0.171484375 0.2135416669921875 0.169140625 0.1885416669921875 0.16875 0.175 0.165625 0.1682291669921875 0.165625 0.1598958330078125 0.169140625 0.1578125 0.17578125 0.1578125 0.209765625 0.1614583330078125 0.258203125 0.1666666669921875 0.26328125 0.1822916669921875 0.2671875
1 0.2786458330078125 0.266796875 0.2802083330078125 0.2203125 0.2770833330078125 0.173828125 0.2723958330078125 0.1703125 0.2541666669921875 0.17109375 0.2411458330078125 0.169140625 0.2234375 0.169140625 0.2203125 0.17109375 0.2234375 0.2640625 0.2286458330078125 0.26640625 0.2583333330078125 0.26875 0.2786458330078125 0.266796875
1 0.2932291669921875 0.26953125 0.3385416669921875 0.270703125 0.3411458330078125 0.26875 0.3416666669921875 0.264453125 0.3395833330078125 0.175 0.3286458330078125 0.17265625 0.309375 0.172265625 0.296875 0.1671875 0.2932291669921875 0.1671875 0.2802083330078125 0.175390625 0.2822916669921875 0.218359375 0.28125 0.248046875 0.2854166669921875 0.2671875 0.2932291669921875 0.26953125
1 0.3578125 0.2703125 0.39375 0.270703125 0.3979166669921875 0.26796875 0.3989583330078125 0.252734375 0.3989583330078125 0.18203125 0.3973958330078125 0.17578125 0.39375 0.17421875 0.3651041669921875 0.17421875 0.3515625 0.168359375 0.3421875 0.176171875 0.3427083330078125 0.247265625 0.3458333330078125 0.265625 0.3484375 0.26875 0.3578125 0.2703125
1 0.4567708330078125 0.27109375 0.4598958330078125 0.26875 0.4588541669921875 0.2515625 0.4609375 0.242578125 0.4583333330078125 0.178125 0.4505208330078125 0.175 0.428125 0.175 0.41875 0.17109375 0.4109375 0.170703125 0.4078125 0.170703125 0.4005208330078125 0.177734375 0.4020833330078125 0.269140625 0.4046875 0.271484375 0.4171875 0.273046875 0.4567708330078125 0.27109375
1 0.4734375 0.2734375 0.4848958330078125 0.27265625 0.4890625 0.27421875 0.4994791669921875 0.27421875 0.5119791669921875 0.273046875 0.5166666669921876 0.2703125 0.5182291669921875 0.265625 0.5203125 0.18046875 0.5177083330078125 0.178515625 0.4911458330078125 0.178125 0.4776041669921875 0.17421875 0.4708333330078125 0.173828125 0.4614583330078125 0.17890625 0.4630208330078125 0.2546875 0.4609375 0.26875 0.4630208330078125 0.271484375 0.4734375 0.2734375
1 0.5489583330078125 0.275 0.5713541669921876 0.273828125 0.5739583330078125 0.272265625 0.5755208330078125 0.259375 0.5776041669921875 0.182421875 0.5755208330078125 0.18046875 0.5421875 0.179296875 0.53125 0.174609375 0.521875 0.180859375 0.5208333330078125 0.184765625 0.5197916669921875 0.262109375 0.5213541669921875 0.271875 0.5302083330078124 0.27421875 0.5489583330078125 0.275
1 0.6296875 0.275 0.6317708330078124 0.273046875 0.634375 0.255078125 0.6375 0.181640625 0.6333333330078125 0.179296875 0.6234375 0.178515625 0.5833333330078125 0.179296875 0.5802083330078125 0.182421875 0.578125 0.2125 0.5776041669921875 0.273046875 0.5833333330078125 0.275390625 0.61875 0.27734375 0.6296875 0.275
1 0.6395833330078124 0.27578125 0.6796875 0.276953125 0.6885416669921876 0.275390625 0.6927083330078125 0.259375 0.696875 0.189453125 0.69375 0.18203125 0.6489583330078125 0.1796875 0.6416666669921876 0.18203125 0.6369791669921875 0.229296875 0.6380208330078125 0.240234375 0.6359375 0.26015625 0.6375 0.27265625 0.6395833330078124 0.27578125
1 0.7411458330078124 0.277734375 0.7447916669921875 0.27578125 0.746875 0.262109375 0.7510416669921876 0.1875 0.7479166669921875 0.18515625 0.7192708330078125 0.184765625 0.715625 0.183984375 0.7104166669921875 0.178515625 0.703125 0.178515625 0.6989583330078125 0.182421875 0.6973958330078125 0.191796875 0.6927083330078125 0.275390625 0.6953125 0.276953125 0.7088541669921875 0.277734375 0.7411458330078124 0.277734375
1 0.803125 0.274609375 0.8046875 0.262109375 0.80625 0.21015625 0.8098958330078125 0.19140625 0.8083333330078125 0.184765625 0.7916666669921875 0.18203125 0.7578125 0.18359375 0.7536458330078125 0.185546875 0.7494791669921875 0.233984375 0.7489583330078124 0.27578125 0.7510416669921876 0.27734375 0.8005208330078125 0.277734375 0.803125 0.274609375
1 0.8552083330078125 0.279296875 0.8583333330078124 0.278125 0.8609375 0.273046875 0.8635416669921875 0.208203125 0.8677083330078125 0.19375 0.8661458330078124 0.185546875 0.8520833330078125 0.182421875 0.8229166669921875 0.183203125 0.8140625 0.184765625 0.8119791669921875 0.18828125 0.8083333330078125 0.225390625 0.809375 0.245703125 0.8057291669921876 0.256640625 0.80625 0.2765625 0.8552083330078125 0.279296875
1 0.8796875 0.280859375 0.9130208330078124 0.27890625 0.915625 0.27421875 0.9213541669921875 0.19609375 0.9203125 0.1890625 0.9015625 0.18671875 0.8697916669921875 0.18671875 0.8635416669921875 0.229296875 0.8651041669921875 0.2484375 0.8614583330078125 0.261328125 0.8619791669921875 0.276953125 0.8796875 0.280859375
1 0.9828125 0.19921875 0.9833333330078124 0.1890625 0.9807291669921875 0.187109375 0.9737848955078126 0.1875 0.9630208330078125 0.18515625 0.9385416669921876 0.185546875 0.9317708330078125 0.1859375 0.9255208330078125 0.1890625 0.9208333330078124 0.2171875 0.91875 0.248046875 0.9171875 0.27265625 0.91875 0.279296875 0.9708333330078125 0.28046875 0.9828125 0.19921875
1 0.9994791669921875 0.187890625 0.990625 0.18671875 0.9838541669921875 0.18828125 0.975 0.2625 0.9744791669921875 0.280078125 0.9765625 0.28125 0.9994791669921875 0.28125 0.9994791669921875 0.187890625
1 0.9994791669921875 0.409375 0.9994791669921875 0.319921875 0.9942708330078125 0.31875 0.9869791669921875 0.3140625 0.9770833330078125 0.315234375 0.96875 0.324609375 0.9640625 0.3703125 0.9630208330078125 0.3984375 0.965625 0.4078125 0.9723958330078125 0.409375 0.9994791669921875 0.409375
1 0.9598958330078124 0.4078125 0.9682291669921875 0.32265625 0.9640625 0.3203125 0.9390625 0.3203125 0.925 0.31640625 0.9182291669921875 0.31640625 0.9135416669921875 0.320703125 0.9104166669921875 0.33828125 0.9052083330078124 0.407421875 0.9166666669921875 0.408984375 0.9567708330078125 0.408984375 0.9598958330078124 0.4078125
1 0.9015625 0.4078125 0.9041666669921875 0.3984375 0.909375 0.348828125 0.9109375 0.323828125 0.9083333330078125 0.319140625 0.8796875 0.319140625 0.8734375 0.31796875 0.8661458330078124 0.3140625 0.8552083330078125 0.319921875 0.8515625 0.334765625 0.8473958330078125 0.380078125 0.846875 0.404296875 0.8484375 0.408203125 0.8989583330078125 0.408984375 0.9015625 0.4078125
1 0.8510416669921875 0.329296875 0.85 0.32109375 0.8421875 0.31875 0.8265625 0.319140625 0.8140625 0.31640625 0.8104166669921875 0.31328125 0.8036458330078124 0.3140625 0.7953125 0.3203125 0.7901041669921876 0.327734375 0.7911458330078125 0.3296875 0.7848958330078125 0.34296875 0.78125 0.362109375 0.7822916669921876 0.37265625 0.7791666669921875 0.37890625 0.7796875 0.400390625 0.7916666669921875 0.4078125 0.84375 0.4078125 0.8510416669921875 0.329296875
1 0.7510416669921876 0.408984375 0.7734375 0.4078125 0.7760416669921875 0.4 0.7828125 0.323046875 0.7828125 0.30625 0.7791666669921875 0.304296875 0.7661458330078125 0.30234375 0.7432291669921876 0.30234375 0.7390625 0.3046875 0.7338541669921875 0.376171875 0.7333333330078124 0.4046875 0.7348958330078125 0.40703125 0.7375 0.40859375 0.7510416669921876 0.408984375
1 0.7302083330078125 0.40625 0.734375 0.3984375 0.7333333330078124 0.372265625 0.7390625 0.3109375 0.7375 0.30078125 0.734375 0.298828125 0.6958333330078125 0.298828125 0.6885416669921876 0.372265625 0.6890625 0.405859375 0.6932291669921875 0.407421875 0.7276041669921876 0.407421875 0.7302083330078125 0.40625
1 0.675 0.40546875 0.6817708330078125 0.406640625 0.6854166669921875 0.40078125 0.6901041669921875 0.30703125 0.6869791669921875 0.3046875 0.671875 0.3 0.6505208330078125 0.3046875 0.646875 0.30859375 0.6458333330078125 0.320703125 0.6411458330078125 0.402734375 0.6432291669921875 0.4046875 0.6572916669921876 0.40625 0.675 0.40546875
1 0.6401041669921875 0.4015625 0.6453125 0.307421875 0.64375 0.3046875 0.6302083330078125 0.3015625 0.6203125 0.303125 0.6161458330078124 0.301953125 0.6072916669921875 0.302734375 0.6041666669921875 0.303515625 0.6020833330078125 0.306640625 0.6 0.40234375 0.6083333330078124 0.405078125 0.6354166669921875 0.405859375 0.6401041669921875 0.4015625
1 0.5958333330078125 0.4046875 0.6 0.401171875 0.5989583330078125 0.382421875 0.6015625 0.32109375 0.5989583330078125 0.30625 0.5947916669921876 0.302734375 0.5734375 0.299609375 0.5614583330078124 0.303515625 0.5588541669921875 0.306640625 0.5604166669921875 0.31953125 0.5583333330078125 0.401953125 0.5635416669921876 0.4046875 0.5958333330078125 0.4046875
1 0.5583333330078125 0.40078125 0.559375 0.325390625 0.5567708330078125 0.30390625 0.5505208330078125 0.301953125 0.5328125 0.300390625 0.5255208330078125 0.300390625 0.5182291669921875 0.302734375 0.51875 0.39921875 0.5213541669921875 0.404296875 0.5536458330078124 0.40546875 0.5583333330078125 0.40078125
1 0.5151041669921875 0.404296875 0.5171875 0.401171875 0.51875 0.334765625 0.5161458330078125 0.315625 0.5130208330078125 0.3140625 0.4893229169921875 0.31328125 0.4807291669921875 0.309765625 0.4739583330078125 0.309375 0.4640625 0.3140625 0.4619791669921875 0.327734375 0.4614583330078125 0.402734375 0.4661458330078125 0.405859375 0.4953125 0.406640625 0.5151041669921875 0.404296875
1 0.459375 0.39765625 0.4598958330078125 0.319921875 0.4583333330078125 0.314453125 0.4536458330078125 0.3125 0.4072916669921875 0.311328125 0.4041666669921875 0.3140625 0.4036458330078125 0.334375 0.4036458330078125 0.401171875 0.409375 0.403515625 0.4567708330078125 0.404296875 0.459375 0.39765625
1 0.3973958330078125 0.403125 0.4010416669921875 0.400390625 0.4015625 0.39296875 0.4010416669921875 0.3140625 0.3973958330078125 0.3109375 0.378125 0.31171875 0.3682291669921875 0.309375 0.3484375 0.309375 0.3442708330078125 0.313671875 0.3442708330078125 0.370703125 0.3421875 0.40078125 0.3510416669921875 0.402734375 0.3973958330078125 0.403125
1 0.3411458330078125 0.40078125 0.3411458330078125 0.383203125 0.34375 0.3734375 0.3432291669921875 0.31953125 0.340625 0.310546875 0.33125 0.308203125 0.3222223955078125 0.311328125 0.2916666669921875 0.31015625 0.2875 0.31171875 0.2859375 0.315234375 0.2864583330078125 0.39765625 0.2927083330078125 0.401171875 0.3380208330078125 0.40234375 0.3411458330078125 0.40078125
1 0.2291666669921875 0.400390625 0.2791666669921875 0.401171875 0.2817708330078125 0.3984375 0.2848958330078125 0.380859375 0.2838541669921875 0.323828125 0.2807291669921875 0.311328125 0.2760416669921875 0.308203125 0.265625 0.30859375 0.2380208330078125 0.303515625 0.2302083330078125 0.30390625 0.228125 0.3078125 0.2223958330078125 0.31015625 0.225 0.398046875 0.2291666669921875 0.400390625
1 0.221875 0.4 0.2234375 0.39921875 0.2239583330078125 0.368359375 0.2208333330078125 0.31015625 0.21875 0.30859375 0.1869791669921875 0.306640625 0.1822916669921875 0.303125 0.175 0.30234375 0.165625 0.31015625 0.16875 0.396875 0.1713541669921875 0.39921875 0.2166666669921875 0.398828125 0.221875 0.4
1 0.1645833330078125 0.3984375 0.1661458330078125 0.397265625 0.165625 0.347265625 0.1625 0.307421875 0.1609375 0.305859375 0.1416666669921875 0.307421875 0.1119791669921875 0.306640625 0.1078125 0.310546875 0.1104166669921875 0.395703125 0.1125 0.398046875 0.125 0.398828125 0.1645833330078125 0.3984375
1 0.1088541669921875 0.397265625 0.1057291669921875 0.307421875 0.1026041669921875 0.305859375 0.0864583330078125 0.30546875 0.0536458330078125 0.30625 0.0510416669921875 0.308203125 0.0567708330078125 0.39609375 0.0588541669921875 0.397265625 0.1 0.3984375 0.1088541669921875 0.397265625
1 0.1114583330078125 0.524609375 0.1135416669921875 0.522265625 0.1135416669921875 0.5078125 0.1088541669921875 0.4390625 0.10625 0.437109375 0.0833333330078125 0.435546875 0.0723958330078125 0.433203125 0.0671875 0.43046875 0.0604166669921875 0.43046875 0.0520833330078125 0.4390625 0.0541666669921875 0.48125 0.0604166669921875 0.523828125 0.0640625 0.525390625 0.1114583330078125 0.524609375
1 0.1166666669921875 0.64765625 0.1203125 0.64453125 0.1203125 0.63515625 0.1161458330078125 0.56328125 0.0984375 0.55703125 0.0890625 0.55625 0.0744791669921875 0.55703125 0.0609375 0.562890625 0.0598958330078125 0.573046875 0.0661458330078125 0.6453125 0.06875 0.64765625 0.1166666669921875 0.64765625
1 0.0776041669921875 0.78359375 0.1130208330078125 0.7828125 0.1151041669921875 0.78046875 0.1151041669921875 0.7734375 0.1114583330078125 0.72265625 0.1109375 0.696875 0.1125 0.692578125 0.1104166669921875 0.687890625 0.1057291669921875 0.68359375 0.1020833330078125 0.68359375 0.0864583330078125 0.68828125 0.0817708330078125 0.687109375 0.0677083330078125 0.68828125 0.0567708330078125 0.692578125 0.0494791669921875 0.70078125 0.0489583330078125 0.71015625 0.0578125 0.783984375 0.0677083330078125 0.78515625 0.0776041669921875 0.78359375
1 0.0625 0.89609375 0.0677083330078125 0.897265625 0.0807291669921875 0.895703125 0.1380208330078125 0.895703125 0.1510416669921875 0.890234375 0.1520833330078125 0.88125 0.1494791669921875 0.844140625 0.1567708330078125 0.83203125 0.1552083330078125 0.828125 0.078125 0.83125 0.0671875 0.834765625 0.05625 0.84609375 0.0546875 0.848828125 0.05625 0.866015625 0.0604166669921875 0.894140625 0.0625 0.89609375
1 0.1614583330078125 0.8921875 0.1677083330078125 0.89375 0.1770833330078125 0.8921875 0.228125 0.892578125 0.2307291669921875 0.89375 0.2411458330078125 0.88828125 0.2421875 0.848828125 0.2473958330078125 0.828515625 0.2447916669921875 0.826171875 0.228125 0.82421875 0.2151041669921875 0.826171875 0.1880208330078125 0.82578125 0.1635416669921875 0.827734375 0.153125 0.837890625 0.1515625 0.8484375 0.1536458330078125 0.88046875 0.1557291669921875 0.8859375 0.1614583330078125 0.8921875
1 0.2895833330078125 0.89296875 0.2921875 0.894140625 0.3083333330078125 0.89453125 0.3151041669921875 0.89296875 0.3213541669921875 0.894140625 0.334375 0.89140625 0.3359375 0.88984375 0.3375 0.82734375 0.3354166669921875 0.825390625 0.3208333330078125 0.824609375 0.3098958330078125 0.8265625 0.284375 0.8265625 0.2770833330078125 0.828125 0.2770833330078125 0.831640625 0.2723958330078125 0.83359375 0.26875 0.8328125 0.2651041669921875 0.829296875 0.2578125 0.82890625 0.2489583330078125 0.83359375 0.2447916669921875 0.84609375 0.2442708330078125 0.875390625 0.2479166669921875 0.892578125 0.2791666669921875 0.89453125 0.2895833330078125 0.89296875
1 0.1723958330078125 0.778125 0.171875 0.6953125 0.1744791669921875 0.6890625 0.1734375 0.685546875 0.1661458330078125 0.680078125 0.1567708330078125 0.681640625 0.1526041669921875 0.681640625 0.1473958330078125 0.67890625 0.1354166669921875 0.680078125 0.1182291669921875 0.690625 0.1114583330078125 0.69921875 0.1171875 0.78125 0.1192708330078125 0.7828125 0.1703125 0.7828125 0.1723958330078125 0.778125
1 0.2026041669921875 0.7828125 0.2171875 0.7796875 0.2270833330078125 0.78046875 0.2291666669921875 0.769921875 0.2291666669921875 0.698046875 0.2270833330078125 0.69140625 0.221875 0.6890625 0.1786458330078125 0.6890625 0.1708333330078125 0.7 0.1734375 0.777734375 0.175 0.78125 0.1828125 0.783203125 0.2026041669921875 0.7828125
1 0.2359375 0.78203125 0.2833333330078125 0.780078125 0.2875 0.776171875 0.2885416669921875 0.740234375 0.2864583330078125 0.708984375 0.2880208330078125 0.693359375 0.290625 0.68828125 0.2864583330078125 0.68515625 0.2583333330078125 0.684765625 0.2411458330078125 0.686328125 0.234375 0.6890625 0.2307291669921875 0.6984375 0.2307291669921875 0.7671875 0.2322916669921875 0.7703125 0.2307291669921875 0.7796875 0.2359375 0.78203125
1 0.171875 0.647265625 0.175 0.644140625 0.1723958330078125 0.562890625 0.16875 0.560546875 0.1432291669921875 0.56015625 0.1307291669921875 0.556640625 0.125 0.55703125 0.1182291669921875 0.561328125 0.1171875 0.575 0.1213541669921875 0.64453125 0.125 0.646875 0.171875 0.647265625
1 0.2026041669921875 0.52265625 0.20625 0.52421875 0.2244791669921875 0.525390625 0.2286458330078125 0.51171875 0.2276041669921875 0.438671875 0.221875 0.43203125 0.2130208330078125 0.436328125 0.1916666669921875 0.434375 0.184375 0.431640625 0.1791666669921875 0.4359375 0.1692708330078125 0.437890625 0.1703125 0.523046875 0.1734375 0.525390625 0.1973958330078125 0.525390625 0.2026041669921875 0.52265625
1 0.1671875 0.525390625 0.1692708330078125 0.515234375 0.1666666669921875 0.438671875 0.1614583330078125 0.43671875 0.13125 0.43671875 0.1229166669921875 0.43203125 0.1161458330078125 0.43359375 0.1104166669921875 0.4390625 0.1140625 0.52265625 0.1166666669921875 0.52578125 0.1671875 0.525390625
1 0.2645833330078125 0.5234375 0.2828125 0.52421875 0.2854166669921875 0.522265625 0.2875 0.516015625 0.2869791669921875 0.479296875 0.284375 0.455078125 0.2661458330078125 0.44921875 0.2625 0.4375 0.2505208330078125 0.434375 0.2484375 0.43203125 0.2359375 0.43203125 0.2296875 0.443359375 0.2302083330078125 0.52265625 0.2375 0.525390625 0.2515625 0.526171875 0.2645833330078125 0.5234375
1 0.3088541669921875 0.524609375 0.3104166669921875 0.526171875 0.3260416669921875 0.5234375 0.3395833330078125 0.52421875 0.3421875 0.508203125 0.3411458330078125 0.439453125 0.328125 0.4390625 0.3270833330078125 0.45 0.3203125 0.455078125 0.2921875 0.454296875 0.2880208330078125 0.456640625 0.2911458330078125 0.52265625 0.2958333330078125 0.524609375 0.2994791669921875 0.5234375 0.3088541669921875 0.524609375
1 0.3479166669921875 0.525390625 0.3651041669921875 0.5265625 0.3802083330078125 0.526171875 0.3822916669921875 0.523828125 0.39375 0.525 0.396875 0.5203125 0.3979166669921875 0.4984375 0.3979166669921875 0.448828125 0.3963541669921875 0.44140625 0.3880208330078125 0.43515625 0.3776041669921875 0.438671875 0.3447916669921875 0.437890625 0.3432291669921875 0.440234375 0.3427083330078125 0.491015625 0.3447916669921875 0.505859375 0.3427083330078125 0.522265625 0.3479166669921875 0.525390625
1 0.4515625 0.52265625 0.4510416669921875 0.44296875 0.44375 0.440625 0.425 0.440234375 0.4083333330078125 0.43671875 0.3994791669921875 0.4421875 0.3984375 0.52265625 0.4041666669921875 0.526171875 0.45 0.52578125 0.4515625 0.52265625
1 0.5046875 0.52421875 0.5057291669921875 0.498828125 0.5041666669921875 0.4890625 0.50625 0.459765625 0.5057291669921875 0.445703125 0.5036458330078125 0.44140625 0.5015625 0.4390625 0.4630208330078125 0.43828125 0.45625 0.439453125 0.4526041669921875 0.4421875 0.4536458330078125 0.523828125 0.4572916669921875 0.52578125 0.4744791669921875 0.526171875 0.5046875 0.52421875
1 0.55 0.519140625 0.5526041669921875 0.431640625 0.5473958330078125 0.42734375 0.5145833330078124 0.42734375 0.5119791669921875 0.427734375 0.5098958330078125 0.430859375 0.5083333330078125 0.521484375 0.5140625 0.525 0.546875 0.525390625 0.55 0.519140625
1 0.5567708330078125 0.524609375 0.5776041669921875 0.52421875 0.590625 0.52578125 0.5947916669921876 0.43203125 0.5890625 0.4296875 0.565625 0.42890625 0.5567708330078125 0.430078125 0.553125 0.45234375 0.5510416669921875 0.490234375 0.553125 0.512890625 0.5515625 0.522265625 0.5567708330078125 0.524609375
1 0.6369791669921875 0.455859375 0.6369791669921875 0.432421875 0.6354166669921875 0.430859375 0.6239583330078124 0.429296875 0.5979166669921875 0.430859375 0.5942708330078125 0.4734375 0.5921875 0.523046875 0.5984375 0.52578125 0.6317708330078124 0.526171875 0.6369791669921875 0.455859375
1 0.6744791669921875 0.524609375 0.6755208330078125 0.512890625 0.6802083330078125 0.43984375 0.6791666669921875 0.43203125 0.675 0.430078125 0.6557291669921875 0.429296875 0.640625 0.430078125 0.6385416669921875 0.43203125 0.6333333330078125 0.524609375 0.659375 0.52734375 0.6708333330078124 0.526953125 0.6744791669921875 0.524609375
1 0.7213541669921875 0.526171875 0.725 0.446875 0.7286458330078125 0.435546875 0.7208333330078125 0.43046875 0.6848958330078125 0.431640625 0.6822916669921875 0.434765625 0.6807291669921876 0.450390625 0.6770833330078125 0.52578125 0.6838541669921875 0.52734375 0.7197916669921876 0.527734375 0.7213541669921875 0.526171875
1 0.7630208330078125 0.529296875 0.7661458330078125 0.5265625 0.7713541669921875 0.45 0.771875 0.434765625 0.76875 0.43046875 0.734375 0.430859375 0.7291666669921875 0.433203125 0.7265625 0.441796875 0.7234375 0.476953125 0.721875 0.5015625 0.7234375 0.527734375 0.7432291669921876 0.5296875 0.7630208330078125 0.529296875
1 0.8234375 0.529296875 0.8265625 0.525390625 0.8276041669921875 0.519140625 0.8317708330078125 0.444921875 0.8291666669921876 0.44375 0.8015625 0.44375 0.79375 0.44140625 0.7828125 0.440625 0.7802083330078124 0.441796875 0.775 0.44765625 0.7708333330078125 0.483984375 0.7697916669921875 0.51953125 0.7713541669921875 0.527734375 0.7817708330078125 0.529296875 0.8234375 0.529296875
1 0.8932291669921875 0.469921875 0.8942708330078125 0.445703125 0.8697916669921875 0.442578125 0.8354166669921875 0.44453125 0.8333333330078125 0.446484375 0.83125 0.47265625 0.828125 0.52578125 0.8416666669921875 0.53046875 0.8854166669921875 0.52890625 0.8932291669921875 0.469921875
1 0.9416666669921875 0.527734375 0.9432291669921875 0.5234375 0.9510416669921875 0.44609375 0.9322916669921875 0.4421875 0.9041666669921875 0.44375 0.896875 0.446484375 0.8953125 0.453515625 0.8880208330078125 0.527734375 0.8901041669921875 0.5296875 0.9380208330078125 0.5296875 0.9416666669921875 0.527734375
1 0.9463541669921876 0.52578125 0.9557291669921875 0.52890625 0.9994791669921875 0.528515625 0.9994791669921875 0.444921875 0.9947916669921875 0.44375 0.9677083330078124 0.444140625 0.9619791669921876 0.442578125 0.9572916669921875 0.44375 0.953125 0.451953125 0.9484375 0.48046875 0.95 0.486328125 0.9489583330078125 0.50546875 0.9453125 0.51875 0.9463541669921876 0.52578125
1 0.23125 0.637109375 0.2291666669921875 0.562109375 0.2270833330078125 0.56015625 0.2072916669921875 0.560546875 0.1848958330078125 0.555859375 0.1807291669921875 0.557421875 0.1739583330078125 0.566015625 0.1770833330078125 0.644140625 0.18125 0.64609375 0.2270833330078125 0.646875 0.23125 0.637109375
1 0.2479166669921875 0.64453125 0.2510416669921875 0.64609375 0.2822916669921875 0.645703125 0.284375 0.64375 0.2869791669921875 0.631640625 0.2854166669921875 0.579296875 0.2833333330078125 0.578125 0.265625 0.57890625 0.2515625 0.5765625 0.2479166669921875 0.57109375 0.2484375 0.5625 0.2453125 0.560546875 0.2348958330078125 0.560546875 0.2317708330078125 0.5640625 0.23125 0.598828125 0.2354166669921875 0.64375 0.2369791669921875 0.6453125 0.2479166669921875 0.64453125
1 0.3135416669921875 0.64453125 0.3380208330078125 0.6453125 0.340625 0.643359375 0.3416666669921875 0.637109375 0.3411458330078125 0.5625 0.3291666669921875 0.559765625 0.3140625 0.561328125 0.3104166669921875 0.565234375 0.3098958330078125 0.57265625 0.3010416669921875 0.57890625 0.2916666669921875 0.57890625 0.2885416669921875 0.58359375 0.2880208330078125 0.612890625 0.290625 0.644140625 0.2963541669921875 0.645703125 0.3135416669921875 0.64453125
1 0.39375 0.645703125 0.396875 0.64375 0.3958333330078125 0.562109375 0.3927083330078125 0.56015625 0.3703125 0.559375 0.3520833330078125 0.55625 0.3489583330078125 0.55703125 0.3427083330078125 0.567578125 0.3432291669921875 0.64375 0.3479166669921875 0.646484375 0.3619791669921875 0.647265625 0.39375 0.645703125
1 0.4489583330078125 0.644921875 0.4510416669921875 0.64375 0.4510416669921875 0.56015625 0.4453125 0.5546875 0.4390625 0.5546875 0.4234375 0.5578125 0.4041666669921875 0.558984375 0.4005208330078125 0.5609375 0.3984375 0.565234375 0.3979166669921875 0.624609375 0.4 0.644140625 0.4041666669921875 0.64609375 0.4489583330078125 0.644921875
1 0.3453125 0.779296875 0.34375 0.699609375 0.3458333330078125 0.68828125 0.3411458330078125 0.686328125 0.3 0.687109375 0.2932291669921875 0.690234375 0.2885416669921875 0.701953125 0.2901041669921875 0.779296875 0.2932291669921875 0.7828125 0.3416666669921875 0.7828125 0.3453125 0.779296875
1 0.5010416669921876 0.64453125 0.5046875 0.640625 0.5046875 0.5640625 0.4979166669921875 0.55703125 0.4875 0.55546875 0.4752604169921875 0.558984375 0.45625 0.559375 0.453125 0.562109375 0.4526041669921875 0.565625 0.4510416669921875 0.626171875 0.4526041669921875 0.64375 0.459375 0.644921875 0.5010416669921876 0.64453125
1 0.3619791669921875 0.784375 0.3989583330078125 0.783984375 0.4015625 0.78125 0.403125 0.75625 0.4020833330078125 0.691796875 0.4010416669921875 0.690234375 0.3869791669921875 0.688671875 0.3520833330078125 0.688671875 0.3473958330078125 0.694921875 0.3447916669921875 0.702734375 0.3473958330078125 0.782421875 0.3510416669921875 0.783984375 0.3619791669921875 0.784375
1 0.5453125 0.644140625 0.5489583330078125 0.561328125 0.5473958330078125 0.55 0.5395833330078125 0.548828125 0.5083333330078125 0.55 0.50625 0.591796875 0.5057291669921875 0.637890625 0.5078125 0.642578125 0.5166666669921876 0.64453125 0.5453125 0.644140625
1 0.4182291669921875 0.78203125 0.4572916669921875 0.780859375 0.459375 0.7796875 0.4598958330078125 0.694140625 0.4557291669921875 0.685546875 0.453125 0.6828125 0.4489583330078125 0.68203125 0.428125 0.68671875 0.4109375 0.6875 0.4078125 0.688671875 0.4046875 0.695703125 0.4041666669921875 0.779296875 0.4067708330078125 0.781640625 0.415625 0.780859375 0.4182291669921875 0.78203125
1 0.5119791669921875 0.779296875 0.5161458330078125 0.77578125 0.5140625 0.7146484375 0.515625 0.695703125 0.5104166669921875 0.68515625 0.50625 0.68359375 0.4859375 0.6890625 0.4838541669921875 0.6875 0.4697916669921875 0.688671875 0.4635416669921875 0.691015625 0.4619791669921875 0.696875 0.4604166669921875 0.776953125 0.4666666669921875 0.78046875 0.4791666669921875 0.781640625 0.5119791669921875 0.779296875
1 0.63125 0.647265625 0.6354166669921875 0.6421875 0.6390625 0.5640625 0.6390625 0.553125 0.6364583330078125 0.55 0.5958333330078125 0.550390625 0.5921875 0.594140625 0.5927083330078124 0.643359375 0.5947916669921876 0.646875 0.5989583330078125 0.6484375 0.63125 0.647265625
1 0.5890625 0.64453125 0.5901041669921875 0.639453125 0.5921875 0.5765625 0.5921875 0.553125 0.590625 0.55 0.5536458330078124 0.549609375 0.5515625 0.55078125 0.5484375 0.58515625 0.5479166669921876 0.64375 0.55625 0.646484375 0.5859375 0.647265625 0.5890625 0.64453125
1 0.6817708330078125 0.64765625 0.6854166669921875 0.64296875 0.690625 0.57890625 0.6875 0.55390625 0.68125 0.552734375 0.6708333330078124 0.554296875 0.6598958330078125 0.55078125 0.6442708330078125 0.5515625 0.6401041669921875 0.556640625 0.6390625 0.571875 0.6369791669921875 0.6171875 0.6390625 0.644140625 0.646875 0.649609375 0.6817708330078125 0.64765625
1 0.7208333330078125 0.644140625 0.7229166669921875 0.63828125 0.7244791669921875 0.6109375 0.7244791669921875 0.556640625 0.7203125 0.5515625 0.6958333330078125 0.551171875 0.6895833330078125 0.55390625 0.6911458330078125 0.58203125 0.6869791669921875 0.644140625 0.6885416669921876 0.645703125 0.7208333330078125 0.644140625
1 0.765625 0.644140625 0.7713541669921875 0.5578125 0.76875 0.55234375 0.7546875 0.55078125 0.73125 0.551953125 0.7296875 0.553125 0.7296875 0.561328125 0.7265625 0.5703125 0.725 0.599609375 0.725 0.643359375 0.7364583330078125 0.6453125 0.7619791669921875 0.6453125 0.765625 0.644140625
1 0.8265625 0.620703125 0.8291666669921876 0.575 0.8291666669921876 0.56640625 0.8270833330078124 0.562890625 0.8161458330078125 0.56015625 0.7791666669921875 0.56015625 0.775 0.562890625 0.7729166669921875 0.57109375 0.7713541669921875 0.605859375 0.771875 0.64375 0.8145833330078125 0.64453125 0.8223958330078125 0.643359375 0.8265625 0.620703125
1 0.8760416669921876 0.64453125 0.878125 0.641796875 0.8817708330078124 0.622265625 0.8848958330078125 0.57578125 0.8833333330078125 0.56328125 0.8697916669921875 0.5609375 0.8380208330078125 0.56171875 0.8333333330078125 0.565234375 0.83125 0.56796875 0.8276041669921875 0.60625 0.8265625 0.640234375 0.828125 0.64375 0.834375 0.644921875 0.8760416669921876 0.64453125
1 0.934375 0.638671875 0.9395833330078125 0.58046875 0.9395833330078125 0.56953125 0.9369791669921875 0.563671875 0.9260416669921875 0.560546875 0.8901041669921875 0.561328125 0.8859375 0.5640625 0.8833333330078125 0.587890625 0.8791666669921875 0.644140625 0.8890625 0.6453125 0.9317708330078125 0.644921875 0.934375 0.638671875
1 0.9875 0.598828125 0.9927083330078125 0.57109375 0.9911458330078124 0.5640625 0.9708333330078125 0.561328125 0.9432291669921875 0.5625 0.9385416669921876 0.5953125 0.9354166669921875 0.644140625 0.9380208330078125 0.645703125 0.984375 0.644140625 0.9875 0.598828125
1 0.5208333330078125 0.777734375 0.5546875 0.776953125 0.5567708330078125 0.771484375 0.5578125 0.706640625 0.5552083330078125 0.66796875 0.5182291669921875 0.66640625 0.5145833330078124 0.66875 0.5166666669921876 0.6921875 0.5161458330078125 0.762109375 0.5177083330078125 0.77578125 0.5208333330078125 0.777734375
1 0.5739583330078125 0.778515625 0.5953125 0.778125 0.5984375 0.776171875 0.5989583330078125 0.77109375 0.6015625 0.703515625 0.5989583330078125 0.671875 0.5958333330078125 0.66796875 0.5822916669921875 0.669140625 0.5765625 0.67109375 0.5671875 0.6671875 0.5578125 0.667578125 0.5572916669921875 0.775390625 0.5604166669921875 0.77734375 0.56875 0.776953125 0.5739583330078125 0.778515625
1 0.6151041669921875 0.780078125 0.6395833330078124 0.778125 0.6421875 0.775 0.6453125 0.730078125 0.6458333330078125 0.68515625 0.64375 0.675 0.6375 0.668359375 0.6072916669921875 0.6671875 0.6005208330078124 0.668359375 0.6015625 0.72265625 0.5994791669921875 0.776171875 0.6020833330078125 0.778515625 0.6151041669921875 0.780078125
1 0.6453125 0.778515625 0.684375 0.77890625 0.6875 0.7765625 0.6901041669921875 0.710546875 0.6927083330078125 0.691015625 0.6911458330078125 0.682421875 0.6875 0.673828125 0.6828125 0.66953125 0.6645833330078125 0.66640625 0.6614583330078125 0.66796875 0.6432291669921875 0.668359375 0.6463541669921875 0.683984375 0.646875 0.709765625 0.6427083330078125 0.77578125 0.6453125 0.778515625
1 0.6927083330078125 0.779296875 0.7125 0.78203125 0.7291666669921875 0.78203125 0.7317708330078125 0.780859375 0.734375 0.775 0.734375 0.740625 0.7364583330078125 0.730859375 0.7375 0.69296875 0.7328125 0.67578125 0.7307291669921875 0.67265625 0.7260416669921875 0.67109375 0.7 0.669140625 0.6916666669921875 0.6703125 0.6885416669921876 0.673828125 0.6927083330078125 0.68984375 0.6885416669921876 0.73671875 0.6880208330078125 0.776953125 0.6927083330078125 0.779296875
1 0.7510416669921876 0.784765625 0.7755208330078125 0.78359375 0.78125 0.780859375 0.7838541669921875 0.772265625 0.7895833330078125 0.6890625 0.7729166669921875 0.67109375 0.7515625 0.67109375 0.7401041669921875 0.673828125 0.7364583330078125 0.676171875 0.7359375 0.748828125 0.7385416669921875 0.778515625 0.7427083330078125 0.7828125 0.7510416669921876 0.784765625
1 0.8583333330078124 0.781640625 0.8614583330078125 0.76875 0.8671875 0.70859375 0.8671875 0.698828125 0.8625 0.6921875 0.8385416669921875 0.687109375 0.8057291669921876 0.691015625 0.7994791669921875 0.715625 0.796875 0.744140625 0.796875 0.76484375 0.809375 0.78203125 0.8557291669921875 0.783203125 0.8583333330078124 0.781640625
1 0.86875 0.78203125 0.9119791669921875 0.78046875 0.9145833330078125 0.776953125 0.91875 0.713541796875 0.921875 0.704296875 0.9213541669921875 0.69921875 0.9177083330078125 0.694921875 0.9010416669921875 0.688671875 0.8869791669921875 0.688671875 0.8828125 0.690234375 0.8796875 0.68828125 0.8729166669921875 0.68828125 0.8666666669921875 0.690625 0.8677083330078125 0.713671875 0.8614583330078125 0.780078125 0.8625 0.781640625 0.86875 0.78203125
1 0.9666666669921875 0.782421875 0.9708333330078125 0.776953125 0.978125 0.728515625 0.9791666669921875 0.701171875 0.9604166669921875 0.688671875 0.9484375 0.690625 0.934375 0.690625 0.9239583330078125 0.69921875 0.9208333330078124 0.714453125 0.9161458330078125 0.770703125 0.9171875 0.780859375 0.921875 0.7828125 0.9666666669921875 0.782421875
1 0.9760416669921875 0.756640625 0.971875 0.76875 0.9713541669921875 0.7796875 0.9765625 0.783203125 0.9994791669921875 0.7828125 0.9994791669921875 0.686328125 0.99375 0.684765625 0.9791666669921875 0.687890625 0.9703125 0.687890625 0.9697916669921876 0.692578125 0.9817708330078125 0.702734375 0.9770833330078125 0.7234375 0.9760416669921875 0.756640625
1 0.4057291669921875 0.886328125 0.425 0.88828125 0.4270833330078125 0.875390625 0.425 0.85625 0.428125 0.846484375 0.425 0.82578125 0.3473958330078125 0.823828125 0.3432291669921875 0.825390625 0.3401041669921875 0.8296875 0.3385416669921875 0.84140625 0.3380208330078125 0.886328125 0.3401041669921875 0.890234375 0.3817708330078125 0.891015625 0.4057291669921875 0.886328125
1 0.0848958330078125 0.942578125 0.1328125 0.94375 0.1479166669921875 0.943359375 0.1526041669921875 0.94140625 0.159375 0.928515625 0.1536458330078125 0.897265625 0.1494791669921875 0.894140625 0.13125 0.896484375 0.1072916669921875 0.894921875 0.0640625 0.89921875 0.0625 0.9015625 0.0666666669921875 0.932421875 0.0708333330078125 0.93984375 0.0848958330078125 0.942578125
1 0.203125 0.943359375 0.221875 0.93984375 0.2333333330078125 0.942578125 0.2458333330078125 0.9421875 0.2473958330078125 0.919140625 0.2463541669921875 0.8984375 0.2442708330078125 0.893359375 0.240625 0.8921875 0.2328125 0.894140625 0.2234375 0.893359375 0.2109375 0.894921875 0.1677083330078125 0.89375 0.1614583330078125 0.894140625 0.1598958330078125 0.895703125 0.1609375 0.9296875 0.1619791669921875 0.93828125 0.1645833330078125 0.941796875 0.203125 0.943359375
1 0.3135416669921875 0.942578125 0.334375 0.943359375 0.3380208330078125 0.941796875 0.3390625 0.9078125 0.3380208330078125 0.897265625 0.3348958330078125 0.89453125 0.2572916669921875 0.894140625 0.2479166669921875 0.895703125 0.2484375 0.940234375 0.2515625 0.944921875 0.3036458330078125 0.944921875 0.3135416669921875 0.942578125
1 0.3692708330078125 0.94296875 0.3848958330078125 0.942578125 0.415625 0.9390625 0.4171875 0.936328125 0.4171875 0.896875 0.4151041669921875 0.894921875 0.4114583330078125 0.89375 0.4078125 0.895703125 0.4010416669921875 0.89609375 0.3953125 0.89453125 0.3921875 0.891796875 0.371875 0.89140625 0.3583333330078125 0.89296875 0.3515625 0.89140625 0.3416666669921875 0.893359375 0.3395833330078125 0.89609375 0.3411458330078125 0.937109375 0.3432291669921875 0.94140625 0.3572916669921875 0.940234375 0.3692708330078125 0.94296875
1 0.4390625 0.894140625 0.5020833330078125 0.890234375 0.5119791669921875 0.8890625 0.5151041669921875 0.887109375 0.5161458330078125 0.841796875 0.5125 0.83125 0.5083333330078125 0.826171875 0.5010416669921876 0.825 0.496875 0.828515625 0.4859375 0.82890625 0.4807291669921875 0.82578125 0.4776041669921875 0.826171875 0.4588541669921875 0.83125 0.4583333330078125 0.834375 0.4515625 0.838671875 0.440625 0.840234375 0.4390625 0.837109375 0.4375 0.843359375 0.4322916669921875 0.847265625 0.4317708330078125 0.850390625 0.43125 0.885546875 0.4322916669921875 0.889453125 0.4380208330078125 0.891796875 0.4390625 0.894140625
1 0.6015625 0.8875 0.6026041669921876 0.84296875 0.6010416669921875 0.834765625 0.5916666669921875 0.825390625 0.5447916669921875 0.823046875 0.5223958330078124 0.82421875 0.5171875 0.826171875 0.5192708330078125 0.88828125 0.58125 0.890234375 0.5989583330078125 0.8890625 0.6015625 0.8875
1 0.5140625 0.9421875 0.5161458330078125 0.9359375 0.5161458330078125 0.906640625 0.5151041669921875 0.893359375 0.5125 0.890625 0.4692708330078125 0.892578125 0.4317708330078125 0.896484375 0.4307291669921875 0.903125 0.4296875 0.933203125 0.4322916669921875 0.94375 0.5020833330078125 0.944140625 0.5140625 0.9421875
1 0.5989583330078125 0.93671875 0.6005208330078124 0.890234375 0.51875 0.8890625 0.5161458330078125 0.893359375 0.515625 0.92578125 0.5161458330078125 0.9359375 0.5182291669921875 0.9390625 0.5989583330078125 0.93671875
1 0.6348958330078125 0.840625 0.6598958330078125 0.839453125 0.6703125 0.841796875 0.6869791669921875 0.841015625 0.690625 0.839453125 0.6895833330078125 0.8078125 0.6859375 0.802734375 0.6755208330078125 0.79765625 0.6713541669921875 0.799609375 0.6697916669921875 0.803515625 0.6536458330078125 0.80703125 0.6161458330078124 0.806640625 0.6109375 0.808203125 0.6083333330078124 0.80703125 0.6052083330078125 0.808984375 0.6052083330078125 0.83203125 0.6078125 0.838671875 0.6255208330078125 0.838671875 0.6348958330078125 0.840625
1 0.7411458330078124 0.8421875 0.7625 0.8421875 0.771875 0.841015625 0.7760416669921875 0.837890625 0.778125 0.824609375 0.778125 0.810546875 0.7760416669921875 0.809375 0.6953125 0.808984375 0.6916666669921875 0.81171875 0.6921875 0.834765625 0.6958333330078125 0.84140625 0.7166666669921875 0.83984375 0.7411458330078124 0.8421875
1 0.6859375 0.889453125 0.6890625 0.887109375 0.6901041669921875 0.841796875 0.6885416669921876 0.840625 0.6635416669921875 0.841015625 0.6473958330078124 0.838671875 0.60625 0.840625 0.6036458330078125 0.85859375 0.603125 0.878515625 0.6057291669921875 0.887109375 0.678125 0.88984375 0.6859375 0.889453125
1 0.6177083330078125 0.937890625 0.63125 0.9390625 0.6416666669921876 0.9375 0.6614583330078125 0.93828125 0.6817708330078125 0.934765625 0.6838541669921875 0.905078125 0.6869791669921875 0.894140625 0.6854166669921875 0.8921875 0.6697916669921875 0.890234375 0.6609375 0.892578125 0.6578125 0.88984375 0.6432291669921875 0.88984375 0.6333333330078125 0.8921875 0.6234375 0.88984375 0.6078125 0.889453125 0.6052083330078125 0.890625 0.603125 0.903515625 0.6020833330078125 0.934765625 0.6052083330078125 0.937890625 0.6119791669921875 0.9390625 0.6177083330078125 0.937890625
1 0.7651041669921875 0.9359375 0.7697916669921875 0.93359375 0.7713541669921875 0.9296875 0.7734375 0.89296875 0.7692708330078125 0.889453125 0.6916666669921875 0.889453125 0.6875 0.893359375 0.6859375 0.909765625 0.6859375 0.93359375 0.6875 0.93671875 0.6916666669921875 0.938671875 0.7651041669921875 0.9359375
1 0.9994791669921875 0.926953125 0.9994791669921875 0.8859375 0.9640625 0.88125 0.9515625 0.8828125 0.9463541669921876 0.887890625 0.9421875 0.916796875 0.9416666669921875 0.928515625 0.9453125 0.93203125 0.9953125 0.9296875 0.9994791669921875 0.926953125
1 0.7723958330078124 0.88828125 0.7755208330078125 0.8625 0.775 0.841796875 0.7098958330078124 0.83984375 0.6927083330078125 0.8421875 0.690625 0.848046875 0.6890625 0.881640625 0.6895833330078125 0.887109375 0.6916666669921875 0.888671875 0.7723958330078124 0.88828125
1 0.8203125 0.8642578125 0.08837890625 0.0595703125
1 0.818359375 0.9140625 0.095703125 0.06201171875
1 0.908203125 0.90625 0.076171875 0.0595703125
1 0.90625 0.85400390625 0.080078125 0.0595703125
1 0.96923828125 0.8486328125 0.0615234375 0.068359375
1 0.8203125 0.82080078125 0.0849609375 0.03466796875
1 0.91064453125 0.818359375 0.08837890625 0.0400390625
1 0.9755859375 0.81640625 0.048828125 0.0361328125
0 0.9853515625 0.2822265625 0.9990234375 0.283203125 0.9990234375 0.3017578125 0.9736328125 0.30078125 0.9716796875 0.298828125 0.9716796875 0.283203125 0.984375 0.2822265625
0 0.5283203125 0.408203125 0.5712890625 0.408203125 0.5751953125 0.41015625 0.57421875 0.42578125 0.5556640625 0.4267578125 0.5263671875 0.42578125 0.5283203125 0.4091796875
0 0.115234375 0.4013671875 0.1435546875 0.404296875 0.1435546875 0.4169921875 0.1416015625 0.419921875 0.091796875 0.4189453125 0.0908203125 0.4091796875 0.09375 0.40234375 0.1142578125 0.4013671875
0 0.8857421875 0.2822265625 0.8916015625 0.2841796875 0.8916015625 0.2978515625 0.8896484375 0.2998046875 0.8564453125 0.2998046875 0.841796875 0.2958984375 0.841796875 0.2841796875 0.845703125 0.28125 0.884765625 0.2822265625
0 0.3076171875 0.2724609375 0.3154296875 0.275390625 0.314453125 0.283203125 0.30859375 0.2861328125 0.2998046875 0.2861328125 0.296875 0.2802734375 0.2978515625 0.2734375 0.306640625 0.2724609375
0 0.919921875 0.9365234375 0.9228515625 0.939453125 0.9248046875 0.953125 0.9150390625 0.9560546875 0.8818359375 0.9560546875 0.8779296875 0.939453125 0.87890625 0.9375 0.8896484375 0.935546875 0.9189453125 0.9365234375
0 0.36328125 0.9501953125 0.3662109375 0.953125 0.3662109375 0.9677734375 0.3642578125 0.9697265625 0.33984375 0.9716796875 0.32421875 0.9716796875 0.3193359375 0.9697265625 0.318359375 0.955078125 0.3212890625 0.951171875 0.3408203125 0.94921875 0.3623046875 0.9501953125
0 0.5986328125 0.9453125 0.6025390625 0.94921875 0.603515625 0.962890625 0.583984375 0.9658203125 0.5595703125 0.9658203125 0.556640625 0.9619140625 0.5576171875 0.947265625 0.5673828125 0.9453125 0.59765625 0.9453125
0 0.2080078125 0.953125 0.2119140625 0.9560546875 0.2099609375 0.9716796875 0.197265625 0.9736328125 0.162109375 0.9736328125 0.16015625 0.970703125 0.1611328125 0.95703125 0.1689453125 0.953125 0.20703125 0.953125
0 0.2373046875 0.26953125 0.240234375 0.2724609375 0.240234375 0.2861328125 0.23828125 0.2880859375 0.22265625 0.2890625 0.19140625 0.2880859375 0.189453125 0.287109375 0.189453125 0.2744140625 0.1923828125 0.271484375 0.2060546875 0.26953125 0.236328125 0.26953125
0 0.28515625 0.525390625 0.3154296875 0.529296875 0.314453125 0.541015625 0.310546875 0.552734375 0.3095703125 0.572265625 0.306640625 0.578125 0.2587890625 0.578125 0.2490234375 0.5751953125 0.2490234375 0.5517578125 0.2548828125 0.5283203125 0.2578125 0.525390625 0.2841796875 0.525390625
0 0.7275390625 0.53125 0.7646484375 0.5322265625 0.76953125 0.537109375 0.76953125 0.548828125 0.7265625 0.5498046875 0.72265625 0.546875 0.72265625 0.533203125 0.7265625 0.5322265625
0 0.38671875 0.275390625 0.4326171875 0.275390625 0.4384765625 0.28125 0.4384765625 0.2880859375 0.43359375 0.2939453125 0.3896484375 0.2919921875 0.38671875 0.2890625 0.38671875 0.2763671875
0 0.8427734375 0.9384765625 0.8486328125 0.94140625 0.8505859375 0.9541015625 0.849609375 0.95703125 0.841796875 0.9580078125 0.8076171875 0.9580078125 0.8037109375 0.9443359375 0.8046875 0.9404296875 0.8095703125 0.939453125 0.841796875 0.9384765625
0 0.462890625 0.4072265625 0.46484375 0.408203125 0.4638671875 0.4248046875 0.4208984375 0.423828125 0.4169921875 0.421875 0.416015625 0.416015625 0.4169921875 0.408203125 0.4208984375 0.40625 0.4619140625 0.4072265625
0 0.7421875 0.94140625 0.7451171875 0.9453125 0.74609375 0.958984375 0.73046875 0.9609375 0.7021484375 0.9609375 0.69921875 0.943359375 0.7021484375 0.94140625 0.7412109375 0.94140625
0 0.6044921875 0.287109375 0.05126953125 0.01904296875
0 0.7646484375 0.4111328125 0.7685546875 0.4140625 0.7685546875 0.4267578125 0.7666015625 0.4287109375 0.7236328125 0.4287109375 0.720703125 0.42578125 0.720703125 0.4130859375 0.7333984375 0.41015625 0.763671875 0.412109375
0 0.27734375 0.40234375 0.326171875 0.404296875 0.328125 0.4072265625 0.3271484375 0.4501953125 0.3232421875 0.4541015625 0.298828125 0.4541015625 0.271484375 0.4521484375 0.267578125 0.4501953125 0.263671875 0.43359375 0.265625 0.404296875 0.2763671875 0.40234375
0 0.8671875 0.41015625 0.8798828125 0.412109375 0.9072265625 0.4111328125 0.9111328125 0.4140625 0.912109375 0.41796875 0.912109375 0.427734375 0.9091796875 0.4296875 0.865234375 0.4287109375 0.86328125 0.42578125 0.86328125 0.412109375 0.8662109375 0.41015625