1 0.044241314453125 0.202978029296875 0.04549081640625 0.1987938623046875 0.0445714619140625 0.137705236328125 0.039535435546875 0.1355096494140625 0.02926146875 0.1349712138671875 0.01845361328125 0.134791130859375 0.01473840625 0.2056814990234375 0.0188278017578125 0.206282146484375 0.040504087890625 0.2054864931640625 0.044241314453125 0.202978029296875
1 0.0400124091796875 0.2738414755859375 0.04677125390625 0.2726503642578125 0.04628483203125 0.213129755859375 0.0439384443359375 0.2087571357421875 0.0398288583984375 0.20854176171875 0.01459706640625 0.2083784150390625 0.0113260693359375 0.2707927607421875 0.0246216513671875 0.2726485478515625 0.0349965751953125 0.2712606162109375 0.0400124091796875 0.2738414755859375
1 0.023616275390625 0.340976609375 0.033194822265625 0.3449555869140625 0.052796123046875 0.3444375205078125 0.0554655712890625 0.342645759765625 0.0563427138671875 0.3357377548828125 0.0509301376953125 0.2817539560546875 0.0418047158203125 0.2789577216796875 0.023311576171875 0.2779885380859375 0.0185469521484375 0.280443158203125 0.019569625 0.319902609375 0.021370845703125 0.33467762109375 0.02474462890625 0.3391040849609375 0.023616275390625 0.340976609375
1 0.022023521484375 0.3517104306640625 0.0168259638671875 0.3525970341796875 0.011276240234375 0.350374525390625 0.0071060791015625 0.3513149716796875 0.0041379521484375 0.4079502119140625 0.0195287099609375 0.4091431396484375 0.026861826171875 0.40682312890625 0.0229297705078125 0.3540759169921875 0.022023521484375 0.3517104306640625
1 0.0575625771484375 0.410750078125 0.060232025390625 0.408958318359375 0.0609476376953125 0.4051325029296875 0.0596624765625 0.370681609375 0.0565018828125 0.352358369140625 0.054094921875 0.3491415703125 0.05002571875 0.3481556484375 0.0294575947265625 0.34746405078125 0.025226859375 0.349560318359375 0.0257560263671875 0.388607576171875 0.0288964287109375 0.40731608984375 0.03904924609375 0.4101661669921875 0.0575625771484375 0.410750078125
1 0.012483529296875 0.2781937275390625 0.01094243359375 0.2781129619140625 0.0074695234375 0.344380044921875 0.013160587890625 0.3439056376953125 0.018992990234375 0.3407343134765625 0.0179121064453125 0.2827278779296875 0.0165527333984375 0.2791796484375 0.012483529296875 0.2781937275390625
1 0.1974427333984375 0.1399219013671875 0.17894959375 0.138952716796875 0.17013595703125 0.1400361416015625 0.167755740234375 0.165795638671875 0.16789235546875 0.2025043310546875 0.1723339189453125 0.2062140908203125 0.2005267529296875 0.208850611328125 0.2058656484375 0.2052670908203125 0.2055811416015625 0.1418937451171875 0.1974427333984375 0.1399219013671875
1 0.239052296875 0.14210256640625 0.2282646318359375 0.141537208984375 0.2060948388671875 0.1419206669921875 0.2050336123046875 0.1719989404296875 0.207265404296875 0.2080447724609375 0.21749898828125 0.209353755859375 0.238641384765625 0.2089164541015625 0.2413714072265625 0.205968873046875 0.240532818359375 0.1433391533203125 0.239052296875 0.14210256640625
1 0.275881236328125 0.1961874990234375 0.277785775390625 0.1893333369140625 0.27715565234375 0.15221244921875 0.2748496494140625 0.14706928125 0.2713749091796875 0.1445691865234375 0.256024533203125 0.1426057119140625 0.2415804052734375 0.14300772265625 0.2413512158203125 0.2063541474609375 0.2448461474609375 0.20846896875 0.2731803212890625 0.208408572265625 0.2765249970703125 0.2035615439453125 0.275881236328125 0.1961874990234375
1 0.207415658203125 0.2150066220703125 0.2023796318359375 0.21281103515625 0.183292029296875 0.2133560244140625 0.1761608271484375 0.2118232978515625 0.1714163935546875 0.2138926435546875 0.1722751748046875 0.27613708984375 0.1788119140625 0.2791839892578125 0.2045775947265625 0.278988984375 0.208254248046875 0.2776363427734375 0.2087590322265625 0.268004498046875 0.207415658203125 0.2150066220703125
1 0.225475865234375 0.2144077900390625 0.210064916015625 0.2136001357421875 0.207435849609375 0.21462134765625 0.2098155341796875 0.277331833984375 0.2292956884765625 0.2791254091796875 0.241725404296875 0.2778451630859375 0.2443948525390625 0.2760534033203125 0.2450902734375 0.272612861328125 0.2418334462890625 0.2168103818359375 0.225475865234375 0.2144077900390625
1 0.2766972724609375 0.278905296875 0.279407103515625 0.276342990234375 0.2797236123046875 0.240817041015625 0.2773392041015625 0.2175121630859375 0.2738644638671875 0.215012068359375 0.2625832919921875 0.214034515625 0.2439286220703125 0.216147521484375 0.24230676171875 0.2176078505859375 0.2459359482421875 0.2761341689453125 0.248403482421875 0.278195146484375 0.2555750673828125 0.2789573251953125 0.2766972724609375 0.278905296875
1 0.2485739287109375 0.2847717216796875 0.2462970302734375 0.2889020458984375 0.2494327080078125 0.34701616796875 0.251386544921875 0.349050224609375 0.2600588427734375 0.3506637158203125 0.27957937890625 0.3516867431640625 0.283951453125 0.3468935595703125 0.2798085693359375 0.2883403203125 0.2485739287109375 0.2847717216796875
1 0.2163944853515625 0.34837536328125 0.245181783203125 0.3494977099609375 0.249019966796875 0.3450628779296875 0.2448770830078125 0.286509638671875 0.2227880546875 0.2853520009765625 0.2118186689453125 0.288254107421875 0.214400265625 0.34711185546875 0.2163944853515625 0.34837536328125
1 0.213453634765625 0.3455169169921875 0.2137766962890625 0.339352537109375 0.2107710810546875 0.288585537109375 0.204294916015625 0.2843828173828125 0.1966096328125 0.2835937158203125 0.1821655048828125 0.2839957275390625 0.177421072265625 0.28606507421875 0.1761288271484375 0.3107225927734375 0.1784413837890625 0.345227330078125 0.182429822265625 0.3477543466796875 0.2107438046875 0.3480792236328125 0.213453634765625 0.3455169169921875
1 0.20844671484375 0.352594822265625 0.1889463701171875 0.3511865205078125 0.1821471435546875 0.3531481796875 0.18421504296875 0.411979005859375 0.1882034814453125 0.4145060224609375 0.21752466796875 0.4152700166015625 0.21972080078125 0.4126807880859375 0.2164503359375 0.3866251513671875 0.2155577255859375 0.354512822265625 0.20844671484375 0.352594822265625
1 0.216071423828125 0.354539744140625 0.220153734375 0.4142488046875 0.252003029296875 0.4159179560546875 0.254279927734375 0.4117876318359375 0.249482005859375 0.3559043857421875 0.24648058203125 0.3542017607421875 0.237254203125 0.35333189453125 0.2223367607421875 0.3529364365234375 0.216071423828125 0.354539744140625
1 0.2639867080078125 0.3543465537109375 0.2567949306640625 0.3539696494140625 0.2510231005859375 0.3559851513671875 0.2551659853515625 0.4145383916015625 0.2859676923828125 0.41653897265625 0.2886573330078125 0.4143619384765625 0.2888794375 0.410123927734375 0.285420697265625 0.358174185546875 0.2829531630859375 0.35611320703125 0.2639867080078125 0.3543465537109375
1 0.2949575625 0.205686548828125 0.30471783203125 0.2061980625 0.3166944228515625 0.2037350751953125 0.325860228515625 0.2057607607421875 0.3280159775390625 0.203942080078125 0.328514208984375 0.1649486669921875 0.3261499921875 0.1412585166015625 0.3221615537109375 0.1387314990234375 0.312914984375 0.1382469072265625 0.2943410791015625 0.1388188173828125 0.291651439453125 0.1409958515625 0.2899933876953125 0.1922911025390625 0.292016712890625 0.2028281025390625 0.2949575625 0.205686548828125
1 0.3310981669921875 0.204103611328125 0.3335455107421875 0.2065498623046875 0.3396291259765625 0.2084140185546875 0.36428664453125 0.2097062646484375 0.366211375 0.202466828125 0.363039505859375 0.1941876279296875 0.3650651923828125 0.1850218232421875 0.36404251953125 0.14556237109375 0.35699208203125 0.1424885498046875 0.3435955439453125 0.142559130859375 0.33956672265625 0.140802662109375 0.3328684521484375 0.1408379521484375 0.3285973359375 0.143704767578125 0.3285118466796875 0.184651470703125 0.3310981669921875 0.204103611328125
1 0.3988481337890625 0.1891103037109375 0.400469994140625 0.187649974609375 0.401481923828125 0.148683482421875 0.3950865234375 0.1429396669921875 0.367245857421875 0.143412259765625 0.3679341923828125 0.199080130859375 0.3706327470703125 0.2065618623046875 0.385529998046875 0.2073425947265625 0.389540990234375 0.189781533203125 0.3932378349609375 0.1880436162109375 0.3988481337890625 0.1891103037109375
1 0.3792735771484375 0.218604666015625 0.3632883544921875 0.2189259130859375 0.3581109892578125 0.2194272421875 0.3596069775390625 0.2596841640625 0.361358900390625 0.26557095703125 0.36034041796875 0.27517587890625 0.3638353505859375 0.2772907001953125 0.3771713154296875 0.278375939453125 0.3813414755859375 0.2774354931640625 0.3909604052734375 0.2806439228515625 0.3958057939453125 0.2766482080078125 0.392122587890625 0.24863928125 0.3938454052734375 0.24525258203125 0.391972333984375 0.2416774326171875 0.393816298828125 0.235979091796875 0.39211603515625 0.2192777109375 0.3876138974609375 0.2167237724609375 0.3792735771484375 0.218604666015625
1 0.3593130224609375 0.27512203515625 0.3581555634765625 0.267721068359375 0.3596473603515625 0.2589136162109375 0.358099712890625 0.22947128125 0.3604977587890625 0.2230293154296875 0.3555223056640625 0.2196779072265625 0.3376438212890625 0.216809275390625 0.327903744140625 0.2159124873046875 0.3211045185546875 0.2178741474609375 0.3238678388671875 0.273264431640625 0.3279168505859375 0.274635626953125 0.357711353515625 0.2761970908203125 0.3593130224609375 0.27512203515625
1 0.29849470703125 0.2757980009765625 0.30687541015625 0.2731465595703125 0.32076545703125 0.2734881748046875 0.32262961328125 0.267404560546875 0.3225042744140625 0.2206518291015625 0.3180627109375 0.216942068359375 0.2965277646484375 0.215040806640625 0.290444150390625 0.2131766494140625 0.2867473046875 0.21491456640625 0.2863904140625 0.2512110625 0.28936928515625 0.2730017666015625 0.2908094228515625 0.275008900390625 0.29849470703125 0.2757980009765625
1 0.29305668359375 0.350075068359375 0.32184398046875 0.3511974140625 0.32399973046875 0.349378732421875 0.324816298828125 0.3436265478515625 0.3244890458984375 0.3007265546875 0.322526294921875 0.2890337333984375 0.313481638671875 0.2846964033203125 0.2970432919921875 0.28383490625 0.288723162109375 0.2853305263671875 0.28889124609375 0.31160990625 0.2915179501953125 0.330291498046875 0.2900552587890625 0.3483724423828125 0.29305668359375 0.350075068359375
1 0.338118966796875 0.2863739228515625 0.3282577412109375 0.2877887783203125 0.3260414169921875 0.29076328125 0.327555236328125 0.350337732421875 0.3572891640625 0.353055017578125 0.3614795166015625 0.351729296875 0.3620876181640625 0.3204682802734375 0.35909983203125 0.2890188115234375 0.3566322978515625 0.2869578330078125 0.338118966796875 0.2863739228515625
1 0.396106302734375 0.29057190625 0.39261137109375 0.2884570849609375 0.365838484375 0.2882129736328125 0.3596135302734375 0.2890457333984375 0.3624017646484375 0.304645134765625 0.3614795166015625 0.351729296875 0.36912441796875 0.3532889443359375 0.391767525390625 0.3537029560546875 0.3960386435546875 0.350836140625 0.396106302734375 0.29057190625
1 0.395093841796875 0.418008380859375 0.396978189453125 0.4115394921875 0.3956390078125 0.4076059892578125 0.396561255859375 0.3605218271484375 0.3925728173828125 0.357994810546875 0.3693554375 0.35870969921875 0.3646311953125 0.360393771484375 0.3664276923828125 0.4145743916015625 0.3765603193359375 0.4178097431640625 0.38280546484375 0.4165917099609375 0.3909438720703125 0.4185635537109375 0.395093841796875 0.418008380859375
1 0.330287087890625 0.416157330078125 0.336904591796875 0.417663134765625 0.3539979755859375 0.4158546376953125 0.3631435888671875 0.41826559765625 0.3651087021484375 0.410255615234375 0.363502841796875 0.362266296875 0.3615893876953125 0.359461693359375 0.3570266767578125 0.3580635771484375 0.329800666015625 0.3566367216796875 0.327705490234375 0.35729958203125 0.329111798828125 0.3894388330078125 0.3312360810546875 0.3980494638671875 0.330287087890625 0.416157330078125
1 0.327685298828125 0.35768485546875 0.325197572265625 0.3560091513671875 0.29326751171875 0.355881095703125 0.2910108046875 0.3596261455078125 0.2917597138671875 0.4141381962890625 0.2967553583984375 0.417104330078125 0.32710394140625 0.41792216796875 0.3297935810546875 0.415745134765625 0.3266466259765625 0.3676750517578125 0.327685298828125 0.35768485546875
1 0.4420368134765625 0.2103039912109375 0.4421805146484375 0.18790426953125 0.4462746337890625 0.1490993095703125 0.440745099609375 0.14649152734375 0.418676263671875 0.1449486171875 0.4118164638671875 0.14806609765625 0.4108989384765625 0.155744650390625 0.4083055322265625 0.195400923828125 0.410227900390625 0.2078642919921875 0.4156766689453125 0.2120131689453125 0.4387527099609375 0.213995197265625 0.4420368134765625 0.2103039912109375
1 0.460860099609375 0.1460003818359375 0.4494577802734375 0.1473344716796875 0.4456979990234375 0.169931013671875 0.443930076171875 0.2134938671875 0.4582530546875 0.2154035 0.4778543564453125 0.2148854326171875 0.4800504892578125 0.212296203125 0.48229408984375 0.149828013671875 0.4782854599609375 0.1476862705078125 0.460860099609375 0.1460003818359375
1 0.512806033203125 0.21633083984375 0.5153656103515625 0.20680668359375 0.5145222978515624 0.183582572265625 0.519410431640625 0.1591135048828125 0.519652728515625 0.154490220703125 0.5172659580078125 0.1508881474609375 0.5096210576171875 0.1493285 0.4853964716796875 0.1496042705078125 0.482361216796875 0.1780337626953125 0.4803937421875 0.2057465498046875 0.4815108193359375 0.2139180634765625 0.486587228515625 0.2153431025390625 0.512806033203125 0.21633083984375
1 0.5251620703125 0.1574832763671875 0.5214985224609375 0.2175590576171875 0.5228377041015625 0.2214925615234375 0.5541733017578125 0.2231347900390625 0.5574574052734375 0.2194435830078125 0.5624512197265625 0.1536425390625 0.532183400390625 0.15128360546875 0.526371189453125 0.15406965625 0.5251620703125 0.1574832763671875
1 0.5973019404296875 0.1570143154296875 0.5809847412109375 0.15384117578125 0.5665608056640625 0.1538579130859375 0.5643848642578125 0.1560618681640625 0.5612688447265625 0.186032455078125 0.5595121982421875 0.21955126953125 0.5697053994140625 0.22163080078125 0.5898002080078125 0.2215249296875 0.5930641201171875 0.2182189970703125 0.5938806884765625 0.2124668125 0.5973019404296875 0.1570143154296875
1 0.62372448828125 0.2229164931640625 0.6274415244140625 0.2207933037109375 0.628863833984375 0.2034829072265625 0.6327334853515625 0.1886187626953125 0.634207453125 0.160493779296875 0.631286794921875 0.15725005859375 0.60307376953125 0.1549988125 0.5998300478515625 0.1579194716796875 0.5981161455078124 0.170964935546875 0.59757989453125 0.191026091796875 0.5934162880859375 0.2213281083984375 0.598986203125 0.2231653427734375 0.62372448828125 0.2229164931640625
1 0.478991625 0.222671671875 0.460660015625 0.2186202978515625 0.446729587890625 0.2190492314453125 0.44512791796875 0.220124287109375 0.4441159892578125 0.2590907783203125 0.4454326181640625 0.2831123583984375 0.475166546875 0.28582964453125 0.478410267578125 0.2829089853515625 0.4800861484375 0.250931263671875 0.478991625 0.222671671875
1 0.4111181494140625 0.2596794267578125 0.4101287734375 0.2785578388671875 0.411528529296875 0.2813355205078125 0.4150638427734375 0.282679794921875 0.433556982421875 0.2836489794921875 0.4398425107421875 0.2816603974609375 0.4420992177734375 0.27791534765625 0.444080330078125 0.220455716796875 0.4431135078125 0.2192460517578125 0.41438678515625 0.216967884765625 0.4100954755859375 0.2202199736328125 0.408724826171875 0.2267157841796875 0.40903425 0.2502982470703125 0.4111181494140625 0.2596794267578125
1 0.51248297265625 0.222495220703125 0.504777498046875 0.2220913935546875 0.4948960810546875 0.223891521484375 0.48573027734375 0.221865833984375 0.4815803076171875 0.2224210068359375 0.47933670703125 0.2848891962890625 0.4838590361328125 0.287057861328125 0.51057134765625 0.288457794921875 0.5132811787109375 0.2858954873046875 0.514457 0.224144001953125 0.51248297265625 0.222495220703125
1 0.5318823603515626 0.225829890625 0.5272590751953125 0.22558759375 0.5225146435546875 0.2276569404296875 0.5198784921875 0.2877865654296875 0.522839533203125 0.29025973828125 0.547537435546875 0.2907814375 0.5517883623046875 0.2882998955078125 0.5558848427734375 0.229792130859375 0.553951197265625 0.22737280078125 0.5318823603515626 0.225829890625
1 0.5699566103515625 0.22666628125 0.560155958984375 0.226925314453125 0.5558848427734375 0.229792130859375 0.552281869140625 0.2887120908203125 0.5542357060546875 0.290746146484375 0.585631876953125 0.2912325546875 0.5903833955078125 0.230054794921875 0.58842955859375 0.2280207392578125 0.5770878125 0.2281990078125 0.5699566103515625 0.22666628125
1 0.5913502177734375 0.2312644599609375 0.587727052734375 0.2905696943359375 0.6153658046875 0.29394983984375 0.621299166015625 0.2888521474609375 0.6268357841796875 0.2323515166015625 0.6244086318359375 0.2295199912109375 0.60182609765625 0.227950158203125 0.5951278271484375 0.22798544921875 0.5913502177734375 0.2312644599609375
1 0.6352925302734375 0.267564587890625 0.6439244453125 0.2699486279296875 0.662971666015625 0.2701741865234375 0.668804068359375 0.2670028623046875 0.6701949091796875 0.2601217783203125 0.6718820673828125 0.21810001953125 0.670513779296875 0.2048930244140625 0.664037615234375 0.2006903037109375 0.66025108984375 0.1943105498046875 0.6526061884765625 0.19275090234375 0.6452932646484375 0.1946856396484375 0.6423613291015625 0.20148595703125 0.6355015283203125 0.2046034384765625 0.6328451865234375 0.2651183369140625 0.6352925302734375 0.267564587890625
1 0.6793677998046875 0.203039052734375 0.674129859375 0.204696203125 0.6714646025390625 0.2555523369140625 0.6726624443359375 0.2621827568359375 0.6708588623046875 0.2671105498046875 0.6804172177734376 0.27147480078125 0.70837903125 0.2686905654296875 0.7126501484375 0.26582375 0.713215505859375 0.2550360859375 0.7118181123046875 0.2325556005859375 0.7134714404296875 0.22066595703125 0.711217095703125 0.204708203125 0.7087899423828125 0.201876677734375 0.703713533203125 0.200451638671875 0.699433501953125 0.193659689453125 0.6938635859375 0.191822455078125 0.6845160595703125 0.1932642314453125 0.6793677998046875 0.203039052734375
1 0.7561642509765625 0.2611502529296875 0.7573691787109375 0.2086722587890625 0.7551439404296875 0.2019879970703125 0.7537038017578125 0.1999808623046875 0.7290462822265625 0.1986886162109375 0.721793931640625 0.1994675322265625 0.7169485419921875 0.203463248046875 0.7152257255859376 0.2068499462890625 0.713637162109375 0.2666481416015625 0.722742392578125 0.269829650390625 0.750684015625 0.267430689453125 0.7561642509765625 0.2611502529296875
1 0.405352873046875 0.291056498046875 0.404237625 0.3516521630859375 0.408185681640625 0.3549497275390625 0.4349181845703125 0.35596438671875 0.4386554130859375 0.3534559228515625 0.440939396484375 0.290217185546875 0.411820123046875 0.285600453125 0.4065417998046875 0.28802815234375 0.405352873046875 0.291056498046875
1 0.459573875 0.2884894541015625 0.4467112255859375 0.2882016826171875 0.443014380859375 0.289939599609375 0.440236890625 0.352766140625 0.4483551064453125 0.3551232578125 0.4709982158203125 0.3555372685546875 0.474836400390625 0.3511024375 0.4768780869140625 0.292486984375 0.4749040595703125 0.2908382021484375 0.459573875 0.2884894541015625
1 0.5137634091796875 0.29635172265625 0.50884853125 0.2918444931640625 0.4841910107421875 0.290552248046875 0.48000066015625 0.29187796875 0.4793052392578125 0.295318509765625 0.47568207421875 0.354623744140625 0.4786633076171875 0.3567116435546875 0.4873557958984375 0.357939861328125 0.508478001953125 0.3578878330078125 0.5107145166015625 0.3545280576171875 0.5137634091796875 0.29635172265625
1 0.5176710830078125 0.300419833984375 0.5142296396484375 0.3562576044921875 0.5161834765625 0.35829166015625 0.5433892958984375 0.3601037890625 0.5466330166015625 0.3571831298828125 0.550215798828125 0.2986484423828125 0.54466607421875 0.2964259345703125 0.5226376201171875 0.2941124765625 0.5176710830078125 0.300419833984375
1 0.5779888056640625 0.3584400849609375 0.5801647470703125 0.3562361298828125 0.58006615234375 0.3384596943359375 0.5820514560546876 0.3300644365234375 0.5816523525390624 0.2983643037109375 0.5781574208984375 0.2962494814453125 0.5673899482421875 0.2952988505859375 0.5560280107421876 0.295862392578125 0.55122300390625 0.2990875595703125 0.5481337294921875 0.3580344423828125 0.5506214560546875 0.3597101455078125 0.555839203125 0.35843826953125 0.5779888056640625 0.3584400849609375
1 0.6176718095703125 0.2990930078125 0.6167049873046875 0.297883341796875 0.590526564453125 0.2961250576171875 0.5853088154296875 0.2973969345703125 0.5840996962890626 0.3008105546875 0.5811719521484375 0.3566752470703125 0.5836192958984375 0.359121498046875 0.6103719912109375 0.3597508837890625 0.613041439453125 0.3579591240234375 0.61570197265625 0.3465085986328125 0.6176718095703125 0.2990930078125
1 0.6600011767578124 0.34651223046875 0.6617512705078125 0.283631845703125 0.656221736328125 0.2810240634765625 0.648899896484375 0.27330003515625 0.6432694072265625 0.2726186220703125 0.62832049609375 0.2826524765625 0.62661787109375 0.285653900390625 0.6219269267578125 0.3456758388671875 0.6254016669921875 0.34817593359375 0.632593443359375 0.3485528388671875 0.65841969921875 0.3472020126953125 0.6600011767578124 0.34651223046875
1 0.69803504296875 0.3481191689453125 0.7022859697265625 0.345637626953125 0.7036007685546875 0.300892029296875 0.7012858486328125 0.2860900966796875 0.6928558486328125 0.2798533203125 0.69052965234375 0.2750954267578125 0.683418640625 0.27317742578125 0.67509851171875 0.274673046875 0.669517318359375 0.2828798505859375 0.6658810478515625 0.2834619453125 0.664178421875 0.2864633701171875 0.661028572265625 0.34656607421875 0.6778998515625 0.348995587890625 0.69803504296875 0.3481191689453125
1 0.723841107421875 0.3471536162109375 0.735162662109375 0.34736062109375 0.7386979765625 0.3487048955078125 0.741448189453125 0.345372041015625 0.743414654296875 0.2980207890625 0.745645626953125 0.28493790625 0.7390886962890625 0.28227628125 0.7242722109375 0.2799544541015625 0.718370318359375 0.274622833984375 0.7080357783203125 0.2752402197265625 0.705325947265625 0.27780252734375 0.7033133662109375 0.345691470703125 0.7067881064453125 0.3481915654296875 0.723841107421875 0.3471536162109375
1 0.7260277939453125 0.4233756044921875 0.7298707001953125 0.3795351630859375 0.7276365478515625 0.3631921357421875 0.7195587138671875 0.3600644697265625 0.714150328125 0.3551450458984375 0.7069181689453125 0.3555386884765625 0.7015186982421875 0.360278029296875 0.6942057744140625 0.3622127666015625 0.6911728818359375 0.3709394541015625 0.689052791015625 0.4113931962890625 0.691630197265625 0.4211865703125 0.69925490625 0.4231314921875 0.7260277939453125 0.4233756044921875
1 0.6586121650390625 0.4221604931640625 0.6833100673828125 0.4226821904296875 0.6875609931640625 0.4202006484375 0.688887068359375 0.3654110126953125 0.6839116162109375 0.3620596044921875 0.6810919130859375 0.3568895146484375 0.6760962705078125 0.353923380859375 0.666235044921875 0.355338236328125 0.659767794921875 0.3607942802734375 0.658085361328125 0.363410431640625 0.65816140234375 0.4012749443359375 0.6556713154296875 0.419302044921875 0.6586121650390625 0.4221604931640625
1 0.6561719072265625 0.360605828125 0.64274626171875 0.35140291796875 0.63818355078125 0.35000480078125 0.6226805595703125 0.3607822802734375 0.6209375517578125 0.3645542529296875 0.6200646005859375 0.4205266318359375 0.6307916904296875 0.422247810546875 0.6519340869140625 0.421810509765625 0.65513742578125 0.4196603974609375 0.65735847265625 0.3772802861328125 0.6561719072265625 0.360605828125
1 0.435844625 0.357944599609375 0.408064533203125 0.3572613701171875 0.4048611953125 0.3594114814453125 0.4025795732421875 0.4029474140625 0.4048339189453125 0.4189051689453125 0.4063144384765625 0.4201417548828125 0.4325736279296875 0.4203589453125 0.4368043623046875 0.4182626767578125 0.4378388447265625 0.359208107421875 0.435844625 0.357944599609375
1 0.4724110771484375 0.41703808984375 0.4732840283203125 0.3610657109375 0.4708164931640625 0.359004732421875 0.4640576494140625 0.3601958447265625 0.450268560546875 0.357927861328125 0.4430364013671875 0.35832150390625 0.44034676171875 0.360498537109375 0.4383454580078125 0.41834344140625 0.439805787109375 0.4199653017578125 0.4680591943359375 0.421446 0.471222150390625 0.4200664365234375 0.4724110771484375 0.41703808984375
1 0.5057479794921875 0.3608354140625 0.477454189453125 0.360125263671875 0.4758525205078125 0.3612003193359375 0.473377900390625 0.41824775390625 0.4778396533203125 0.421572240234375 0.5056399375 0.4218701962890625 0.50736275390625 0.418483498046875 0.5063579111328125 0.398341576171875 0.5092025283203125 0.363720783203125 0.5057479794921875 0.3608354140625
1 0.544315736328125 0.3620840009765625 0.5190435615234374 0.3626912021484375 0.51471187109375 0.3667138388671875 0.5125603115234375 0.41759689453125 0.514987462890625 0.4204284189453125 0.5381644619140625 0.420484078125 0.542354814453125 0.419158357421875 0.544158396484375 0.4142305654296875 0.54777028515625 0.3649693701171875 0.544315736328125 0.3620840009765625
1 0.564430736328125 0.3615928564453125 0.550973623046875 0.3628192578125 0.54777028515625 0.3649693701171875 0.5438757177734375 0.4196243974609375 0.573629837890625 0.4219564091796875 0.5763598603515625 0.419008828125 0.578093953125 0.40557808984375 0.579700345703125 0.36509742578125 0.5757320986328125 0.3621851357421875 0.564430736328125 0.3615928564453125
1 0.6140777509765625 0.367671732421875 0.6127385693359375 0.36373823046875 0.584464970703125 0.3626428056640625 0.58122125 0.36556346484375 0.5799402802734375 0.3801769453125 0.5772862998046875 0.4209890390625 0.5817884365234375 0.423542978515625 0.6059928310546875 0.4236524814453125 0.609216361328125 0.4211170947265625 0.61191727734375 0.4088960234375 0.6140777509765625 0.367671732421875
1 0.7409132353515625 0.522670357421875 0.7382996376953125 0.5627119052734375 0.7397463291015625 0.5940806083984375 0.7432614521484375 0.59581015625 0.7745364755859375 0.59860820703125 0.7788681669921875 0.5945855693359375 0.78015805078125 0.5896308544921876 0.7804128046875 0.56511212890625 0.7875701025390625 0.5170025703125 0.791237841796875 0.5059911630859375 0.7829491796875 0.49705746875 0.777399455078125 0.4948349619140625 0.76044741015625 0.4939465419921875 0.7444016142578125 0.495423609375 0.7381160869140625 0.4974121904296875 0.7409132353515625 0.522670357421875
1 0.6918108544921875 0.594659072265625 0.7052679677734375 0.593432669921875 0.72010464453125 0.59536922265625 0.736623755859375 0.594689625 0.7382052333984375 0.59399984375 0.738669634765625 0.585138546875 0.7367876494140625 0.571904630859375 0.740330048828125 0.5141404921875 0.7359199541015625 0.500001419921875 0.73145819921875 0.49667693359375 0.71818280859375 0.4944358720703125 0.7032653662109375 0.4940404140625 0.6866452978515625 0.4966463798828125 0.6893029365234375 0.5933686416015626 0.6918108544921875 0.594659072265625
1 0.6553382734375 0.5927476259765625 0.6799554111328125 0.5948104189453125 0.6851529677734375 0.5939238154296875 0.6873491005859375 0.5913345869140625 0.688179306640625 0.55583555859375 0.686382810546875 0.501654939453125 0.681528505859375 0.495991888671875 0.6683742626953125 0.4914391845703125 0.65294312109375 0.4910168046875 0.640946337890625 0.4938650673828125 0.6392840947265624 0.4960959443359375 0.6369662822265625 0.5894667978515625 0.6419215439453125 0.59320348046875 0.6553382734375 0.5927476259765625
1 0.594127408203125 0.59108502734375 0.610464798828125 0.5938728935546875 0.632141083984375 0.5930772392578125 0.6348307236328125 0.5909002060546875 0.6367352626953126 0.5840460439453125 0.637659873046875 0.517259078125 0.6350937431640625 0.4974216650390625 0.6306723720703125 0.4933266318359375 0.5884683447265625 0.4926601396484375 0.58699673828125 0.501082318359375 0.5871197158203125 0.5675378544921875 0.5906526689453125 0.5885849326171875 0.594127408203125 0.59108502734375
1 0.5549971884765625 0.492451318359375 0.5402008935546875 0.48974421875 0.5380855263671875 0.4907923525390625 0.5335631982421875 0.4886236875 0.5204178701171875 0.493729748046875 0.5197759384765624 0.5551228828125 0.5230351259765625 0.59122255859375 0.5245156474609375 0.59245914453125 0.5672131826171875 0.59353783203125 0.5812445673828125 0.5911825302734375 0.5834205087890625 0.5889785751953125 0.5842976513671875 0.5820705693359375 0.5826579619140625 0.5642133681640625 0.583028490234375 0.49817002734375 0.5812159931640625 0.493439056640625 0.5679607939453125 0.490812720703125 0.56381082421875 0.4913678935546875 0.5619579453125 0.4874074697265625 0.5578685498046875 0.4868068212890625 0.5570923642578125 0.4917884580078125 0.5549971884765625 0.492451318359375
1 0.5202558076171875 0.585281921875 0.5182015458984375 0.4967042509765625 0.50913669921875 0.4927521953125 0.500816568359375 0.4942478154296875 0.4947733359375 0.4916131123046875 0.467547326171875 0.4901862568359375 0.4579978857421875 0.495480771484375 0.457008509765625 0.51435918359375 0.4612903720703125 0.5899183115234375 0.4827849365234375 0.5925901220703125 0.5179183349609375 0.59056806640625 0.5202558076171875 0.585281921875
1 0.4306620029296875 0.48632151953125 0.4110808935546875 0.4864543125 0.40578237890625 0.48926728515625 0.394934140625 0.489857748046875 0.390169515625 0.4923123681640625 0.3885452939453125 0.513475501953125 0.3908061923828125 0.558794826171875 0.3930112392578125 0.5658643623046875 0.3928675390625 0.5882640830078125 0.3994446591796875 0.590540435546875 0.4199320185546875 0.5927731279296875 0.44158811328125 0.592362748046875 0.451469529296875 0.5905626201171875 0.453645470703125 0.5883586640625 0.455671158203125 0.5791928603515625 0.45299515625 0.5516230498046875 0.45449823046875 0.5327715576171875 0.45212273828125 0.519125447265625 0.451663060546875 0.4885811337890625 0.435920134765625 0.484279095703125 0.4306620029296875 0.48632151953125
1 0.3909137021484375 0.5862300263671875 0.3912973369140625 0.578909826171875 0.3865534365234375 0.492509189453125 0.380530396484375 0.4894892119140625 0.3395354873046875 0.4854091005859375 0.32809278515625 0.4875137373046875 0.3254233369140625 0.4893054970703125 0.3240010283203125 0.5066158935546875 0.3280405927734375 0.586798306640625 0.3638985185546875 0.5906092001953125 0.386622392578125 0.5894821162109375 0.3909137021484375 0.5862300263671875
1 0.315209943359375 0.487611240234375 0.311201314453125 0.4854694970703125 0.279724376953125 0.48652418359375 0.2765614228515625 0.487903748046875 0.26530044140625 0.486540921875 0.255439216796875 0.487955775390625 0.2527293857421875 0.490518083984375 0.254933900390625 0.5860576015625 0.3140092080078125 0.589153607421875 0.3172529287109375 0.58623294921875 0.3180807734375 0.5704367255859375 0.315209943359375 0.487611240234375
1 0.188436330078125 0.4886939541015625 0.1873459970703125 0.5094987373046875 0.1892190693359375 0.5130738876953125 0.189342046875 0.579529423828125 0.1910939697265625 0.5854162177734376 0.2116217119140625 0.5868783623046875 0.22715380859375 0.585374373046875 0.24973634375 0.5869442060546874 0.253060830078125 0.5824824521484375 0.253139765625 0.512174177734375 0.251147908203125 0.491207865234375 0.248680373046875 0.4891468876953125 0.2245365517578125 0.4878815634765625 0.2133563369140625 0.484977642578125 0.2029410322265625 0.4871361220703125 0.192667064453125 0.4865976865234375 0.188436330078125 0.4886939541015625
1 0.1180798515625 0.484620396484375 0.115309447265625 0.4883385244140625 0.1147238984375 0.499511462890625 0.1216348251953125 0.57404937890625 0.1207576826171875 0.580957384765625 0.121704314453125 0.5825523232421875 0.13345880078125 0.5843273447265624 0.1746152412109375 0.585325267578125 0.18044764453125 0.5821539423828125 0.181636572265625 0.5791255966796875 0.1838867265625 0.5460189765625 0.18112340625 0.4906286923828125 0.1787972099609375 0.485870798828125 0.1717871552734375 0.4820264306640625 0.155126705078125 0.4854029443359375 0.1197017119140625 0.48316006640625 0.1180798515625 0.484620396484375
1 0.06458284375 0.581490373046875 0.101589314453125 0.5830434677734375 0.1139988388671875 0.58214849609375 0.1162353544921875 0.57878871875 0.1146449619140625 0.569819736328125 0.11747594140625 0.5649457861328125 0.112841912109375 0.486277546875 0.1021148212890625 0.4845563681640625 0.092767294921875 0.48599814453125 0.061321826171875 0.4766235185546875 0.0495156787109375 0.4856630830078125 0.048225794921875 0.490617798828125 0.0549437236328125 0.578667216796875 0.06458284375 0.581490373046875
1 0 0.5796610048828125 0.0187021630859375 0.5821765234375 0.048104115234375 0.5813994228515625 0.05087451953125 0.577681294921875 0.04808628515625 0.5620818935546875 0.0495175087890625 0.55443026171875 0.047288078125 0.498681625 0.0441274853515625 0.480358384765625 0.0402198125 0.4762902734375 0.0325345283203125 0.4755011728515625 0.0190976064453125 0.4763423017578125 0.021112017578125 0.47722053515625 0.0193892001953125 0.480607234375 0.0111700263671875 0.4801764853515625 0.00676884765625 0.4756961787109375 0.003172958984375 0.4755077255859375 0.0005438935546875 0.4765289375 0 0.48690704296875 0 0.5796610048828125
1 0.046963953125 0.681785970703125 0.032398677734375 0.6844996240234374 0.018609587890625 0.682231640625 0.0082750478515625 0.682849025390625 0.0061394892578125 0.68428243359375 0.0049303701171875 0.6876960537109374 0.008705619140625 0.7041198466796875 0.006448912109375 0.7078648974609375 0.0063770615234375 0.7190647578125 0.0114018125 0.7313043828125 0.009003765625 0.737746349609375 0.012850865234375 0.7429702822265625 0.0147821484375 0.7650924169921876 0.0199886201171875 0.7738645791015625 0.02399725 0.7760063212890626 0.0378267216796875 0.7775037568359375 0.06612051171875 0.7782139072265625 0.0702009921875 0.769155791015625 0.0687251953125 0.7285135947265625 0.0607934248046875 0.68328340625 0.046963953125 0.681785970703125
1 0 0.8964003603515625 0.015088677734375 0.8968476669921875 0.02034680859375 0.8948052421875 0.0232787451171875 0.8880049248046875 0.0218095 0.876724298828125 0.0127963115234375 0.86195765625 0.0150328271484375 0.8585978798828126 0.0120919765625 0.8557394326171875 0.015376080078125 0.8520482265625 0.0120224873046875 0.84723648828125 0.018261080078125 0.8166568857421875 0.0163476259765625 0.8138522822265625 0.0127921201171875 0.8128932822265625 0 0.8125853740234374 0 0.8964003603515625
1 0.00979488671875 0.8602550302734375 0.018455908203125 0.8719125615234375 0.021235228515625 0.8778531982421875 0.0226438984375 0.89028964453125 0.0279311357421875 0.8975207119140625 0.0494055078125 0.9005777958984374 0.077246173828125 0.900105203125 0.0806716162109375 0.8937170810546875 0.0817708642578125 0.882571064453125 0.0800236640625 0.8372786611328125 0.0769640283203125 0.8170290537109375 0.0718876181640625 0.815604013671875 0.022532197265625 0.8137900703125 0.0198627490234375 0.8155818291015625 0.0144923837890625 0.8295946611328125 0.00979488671875 0.8602550302734375
1 0 0.974095951171875 0.0212839921875 0.9752113984375 0.0181595908203125 0.907053236328125 0.0111899189453125 0.9024383203125 0 0.902355623046875 0 0.974095951171875
1 0.077537767578125 0.9043701357421875 0.0738409228515625 0.906108052734375 0.0517115126953125 0.905720962890625 0.0450940078125 0.904215158203125 0.039876259765625 0.9054870361328125 0.0280611982421875 0.9048678349609375 0.01910622265625 0.9086481748046875 0.0173834052734375 0.9120348740234375 0.0233387861328125 0.9753190849609376 0.0813866962890625 0.9783612470703125 0.08120314453125 0.9130615322265625 0.077537767578125 0.9043701357421875
1 0.26673662109375 0.7736608076171875 0.26454546484375 0.7466684765625 0.2654068876953125 0.690916087890625 0.2557677666015625 0.688092931640625 0.2270006611328125 0.6865853115234375 0.20949453515625 0.686440517578125 0.20526380078125 0.6885367861328126 0.205265630859375 0.7573039638671875 0.2081839267578125 0.7802504892578125 0.2379582392578125 0.7821972265625 0.26479169921875 0.781285517578125 0.26673662109375 0.7736608076171875
1 0.268407779296875 0.7810886962890625 0.2780670908203125 0.783526578125 0.2904160419921875 0.783787427734375 0.29851406640625 0.786529818359375 0.3120519453125 0.783762322265625 0.3233331171875 0.784739875 0.3271511103515625 0.78069031640625 0.324603341796875 0.691700451171875 0.3211487919921875 0.6888150830078125 0.30148691796875 0.690488970703125 0.27432148046875 0.687906294921875 0.2691441142578125 0.6884076240234375 0.2675020625 0.6902532275390625 0.2652519091796875 0.7233598466796874 0.268407779296875 0.7810886962890625
1 0.3356618759765625 0.7853859970703125 0.3371423974609375 0.786622583984375 0.3448882548828125 0.78625586328125 0.355574962890625 0.78874758984375 0.393297044921875 0.7864748701171875 0.395432603515625 0.7850414619140625 0.3959373876953125 0.7754096181640625 0.3929857919921875 0.6941252275390625 0.391565845703125 0.6917328193359376 0.389571626953125 0.6904693115234375 0.3459880341796875 0.6866398642578125 0.3413243662109375 0.6871681162109375 0.33276194140625 0.6932870205078125 0.332873642578125 0.769786595703125 0.3356618759765625 0.7853859970703125
1 0.4555151162109375 0.788576583984375 0.4583864775390625 0.782932087890625 0.4585221962890625 0.73569969140625 0.4567045751953125 0.697078255859375 0.4543581884765625 0.6927056357421875 0.4497954775390625 0.6913075185546875 0.411207529296875 0.690444205078125 0.3987576220703125 0.692109724609375 0.395574474609375 0.6938745625 0.3966328076171875 0.771969076171875 0.399068875 0.7844593662109375 0.4168262109375 0.7896396396484375 0.4555151162109375 0.788576583984375
1 0.5245122216796875 0.7891019140625 0.52604440234375 0.7795239140625 0.52420096875 0.6967522724609375 0.522740638671875 0.695130412109375 0.514068341796875 0.693516919921875 0.4909317265625 0.6926907138671875 0.47034341015625 0.6923843896484375 0.467220837890625 0.69299340625 0.465024705078125 0.695582634765625 0.463967669921875 0.774725283203125 0.46595061328125 0.7860328310546875 0.4719938447265625 0.7886675341796875 0.5245122216796875 0.7891019140625
1 0.52674926953125 0.697272154296875 0.52530676953125 0.7149678251953125 0.52778321875 0.726687568359375 0.5257575322265625 0.7358533720703125 0.527654986328125 0.788107623046875 0.5459664033203125 0.792544271484375 0.56600063671875 0.7935942216796875 0.569697482421875 0.7918563046875 0.5867101005859375 0.7915889033203125 0.584870859375 0.7578816357421875 0.587421521484375 0.738698712890625 0.5854522177734375 0.697644322265625 0.583457998046875 0.696380814453125 0.5566851103515625 0.6961367021484375 0.5357042451171875 0.693491814453125 0.5294591005859375 0.69470984765625 0.52674926953125 0.697272154296875
1 0.5904877109375 0.788309892578125 0.5958064169921875 0.785111646484375 0.6220252216796875 0.7860993828125 0.625188177734375 0.7847198193359375 0.63289365234375 0.7851236455078126 0.6368126025390625 0.77914771875 0.63756912890625 0.686081373046875 0.631294876953125 0.6780259150390625 0.6241031015625 0.6776490107421875 0.6209401455078125 0.6790285751953125 0.6096791650390625 0.6776657470703125 0.600120810546875 0.67330149609375 0.5902393935546875 0.6751016240234375 0.5885700654296875 0.7364409150390625 0.5904877109375 0.788309892578125
1 0.64789475390625 0.67580522265625 0.64156884375 0.6785643515625 0.6364520517578125 0.677909859375 0.63886556640625 0.7104882275390625 0.638151783203125 0.7830812216796875 0.639591921875 0.7850883564453125 0.6462296171875 0.78620888671875 0.6750169140625 0.787331232421875 0.6834178095703125 0.784294517578125 0.6843959091796875 0.7754601435546875 0.6827570576171875 0.7674158173828125 0.6853561787109375 0.74730823828125 0.683696296875 0.7298363115234375 0.68536090234375 0.707902630859375 0.6836202548828125 0.6919717978515625 0.6800760263671874 0.6809687587890625 0.6628121962890625 0.6762006806640625 0.6580879560546875 0.6778847529296875 0.64789475390625 0.67580522265625
1 0.685512986328125 0.7836316572265625 0.687919947265625 0.7868484560546875 0.7301037822265625 0.7879002216796875 0.734374900390625 0.78503340625 0.7333385888671875 0.775320796875 0.7366588837890625 0.7217946689453125 0.7343754326171875 0.6965634228515625 0.7249495029296875 0.6798434912109375 0.7069902529296875 0.6785159541015625 0.6991434375 0.68080904296875 0.6842259951171875 0.6804135859375 0.682936111328125 0.6853682998046875 0.6851209677734375 0.6928231103515625 0.685512986328125 0.7836316572265625
1 0.770607546875 0.771865333984375 0.77336720703125 0.68972126171875 0.765944412109375 0.6839236015625 0.75988098828125 0.6816741728515625 0.7306001845703125 0.680139630859375 0.729864380859375 0.6843507197265625 0.7367420107421875 0.7005507705078124 0.7348684072265625 0.7854456015625 0.736822244140625 0.787479658203125 0.7681982236328125 0.7883513388671874 0.770607546875 0.771865333984375
1 0.5848044443359375 1 0.589263890625 0.9984103203125 0.5920342939453125 0.9946921923828125 0.5940154072265625 0.9372325615234375 0.5909872392578125 0.906553640625 0.584995666015625 0.893104349609375 0.5514841279296875 0.8936660751953125 0.54365750390625 0.8955738916015625 0.54235634375 0.9105726455078125 0.5447116455078125 0.9246040302734375 0.5432489541015625 0.942684974609375 0.546294953125 0.9926814267578125 0.5481680244140625 0.996256578125 0.554538408203125 1 0.5848044443359375 1
1 0.6062699560546875 0.9687813486328125 0.611797126953125 0.991091935546875 0.6218893720703125 0.995097833984375 0.65554225 0.9918391923828125 0.658393419921875 0.98657996875 0.657319087890625 0.957935103515625 0.659952876953125 0.9175082822265626 0.65657909375 0.913081818359375 0.6489365546875 0.8918193662109375 0.645069263671875 0.88698070703125 0.6047584990234375 0.8895040927734374 0.604150396484375 0.9207651083984375 0.6074208623046875 0.94682074609375 0.6062699560546875 0.9687813486328125
1 0.68460148046875 0.9091417626953125 0.68802875390625 0.9715208173828125 0.691824193359375 0.9875593369140625 0.6981186357421875 0.995229521484375 0.7037087431640625 0.996681482421875 0.7330703134765625 0.9966749296875 0.7379762763671875 0.9915233935546875 0.74056968359375 0.9518671201171875 0.7411867001953125 0.9302648681640625 0.73676769140625 0.90646703125 0.7310475205078125 0.897667947265625 0.7256462666015625 0.90047553515625 0.699530201171875 0.899493181640625 0.696015078125 0.897763634765625 0.6860730869140625 0.900719583984375 0.68460148046875 0.9091417626953125
1 0.386676115234375 0.981611833984375 0.3903729599609375 0.9798739189453125 0.3911087626953125 0.9756628291015625 0.3903485771484375 0.931194818359375 0.387028814453125 0.896250962890625 0.3840475810546875 0.894163064453125 0.3743075048828125 0.8932662763671875 0.3608907744140625 0.893722130859375 0.3452779111328125 0.89676721484375 0.343673880859375 0.9175450751953125 0.348269888671875 0.9772810576171875 0.3512107392578125 0.9801395048828125 0.386676115234375 0.981611833984375
1 0.4355493056640625 0.9729695439453125 0.43286911328125 0.8963353603515625 0.4299484541015625 0.8930916396484375 0.4073255361328125 0.8922923544921875 0.3943619306640625 0.8939309521484375 0.391692482421875 0.8957227119140625 0.3907434892578125 0.913830578125 0.392981833984375 0.9792379794921875 0.4320632880859375 0.98051348828125 0.4347529287109375 0.9783364541015624 0.4355493056640625 0.9729695439453125
1 0.4619878544921875 0.9894220751953124 0.489335013671875 0.988537287109375 0.4914818486328125 0.97705983984375 0.491244275390625 0.9422775166015624 0.48874999609375 0.9112402421875 0.48679616015625 0.9092061875 0.4625513828125 0.9098672314453125 0.4516425693359375 0.9116135166015625 0.4472906875 0.916021427734375 0.4459669736328125 0.951108259765625 0.448813419921875 0.98525464453125 0.451260763671875 0.9877008955078125 0.4619878544921875 0.9894220751953124
1 0.533434666015625 0.9726908515625 0.535776861328125 0.92799909765625 0.5321227607421875 0.9092636611328125 0.5286076376953125 0.907534115234375 0.501381626953125 0.906107259765625 0.4930413056640625 0.9079881533203125 0.4919129521484375 0.9098606787109375 0.4906812802734375 0.933362376953125 0.4923791826171875 0.969766560546875 0.494151296875 0.9752680810546875 0.526283271484375 0.9715433984375 0.533434666015625 0.9726908515625
0 0.3154296875 0.7880859375 0.3701171875 0.79296875 0.369140625 0.8095703125 0.3662109375 0.810546875 0.3232421875 0.80859375 0.3056640625 0.8046875 0.302734375 0.7978515625 0.3046875 0.7890625 0.314453125 0.7880859375
0 0 0.583984375 0.015625 0.5849609375 0.0224609375 0.5888671875 0.0224609375 0.6015625 0.0205078125 0.603515625 0.0029296875 0.603515625 0 0.6025390625 0 0.5849609375
0 0.2314453125 0.4228515625 0.2861328125 0.4248046875 0.2900390625 0.4287109375 0.2900390625 0.4423828125 0.28125 0.4453125 0.2216796875 0.4423828125 0.21875 0.4384765625 0.2177734375 0.427734375 0.220703125 0.423828125 0.23046875 0.4228515625
0 0.6884765625 0.794921875 0.7412109375 0.7978515625 0.7431640625 0.802734375 0.7421875 0.8125 0.734375 0.8154296875 0.6875 0.8154296875 0.67578125 0.8134765625 0.6728515625 0.810546875 0.6728515625 0.7978515625 0.6875 0.794921875
0 0.2509765625 0.4248046875 0.265625 0.4228515625 0.283203125 0.423828125 0.2900390625 0.4287109375 0.2900390625 0.4423828125 0.2880859375 0.4443359375 0.2685546875 0.4453125 0.25 0.4404296875 0.2509765625 0.42578125
0 0.4267578125 0.7919921875 0.48046875 0.7939453125 0.482421875 0.798828125 0.4814453125 0.810546875 0.4677734375 0.8125 0.4267578125 0.8115234375 0.4248046875 0.8095703125 0.41796875 0.8095703125 0.416015625 0.80859375 0.416015625 0.7939453125 0.42578125 0.7919921875
0 0.61328125 0.794921875 0.6640625 0.7958984375 0.6669921875 0.7998046875 0.666015625 0.8115234375 0.6533203125 0.814453125 0.6025390625 0.8125 0.6015625 0.796875 0.603515625 0.794921875 0.6123046875 0.794921875
0 0.0048828125 0.7841796875 0.0537109375 0.7861328125 0.05859375 0.7939453125 0.0556640625 0.8046875 0.015625 0.802734375 0 0.8046875 0 0.78515625 0.00390625 0.7841796875
0 0.6181640625 0.599609375 0.6533203125 0.6015625 0.65625 0.603515625 0.73046875 0.603515625 0.736328125 0.607421875 0.7353515625 0.62109375 0.7314453125 0.623046875 0.673828125 0.623046875 0.6181640625 0.6201171875 0.6162109375 0.6181640625 0.603515625 0.6171875 0.6044921875 0.6015625 0.6171875 0.599609375
0 0.15234375 0.5927734375 0.1552734375 0.5966796875 0.15625 0.6064453125 0.15234375 0.6123046875 0.095703125 0.611328125 0.0869140625 0.609375 0.0849609375 0.6064453125 0.0849609375 0.5927734375 0.087890625 0.5908203125 0.1513671875 0.5927734375
0 0.6552734375 0.6025390625 0.666015625 0.6044921875 0.666015625 0.6181640625 0.65625 0.6220703125 0.603515625 0.6171875 0.6025390625 0.6123046875 0.6044921875 0.6015625 0.607421875 0.599609375 0.654296875 0.6025390625
0 0.32421875 0.4248046875 0.3759765625 0.4267578125 0.3837890625 0.4287109375 0.3857421875 0.4306640625 0.3857421875 0.447265625 0.3818359375 0.4482421875 0.32421875 0.4462890625 0.318359375 0.4443359375 0.3154296875 0.4404296875 0.3154296875 0.4296875 0.3173828125 0.4267578125 0.3232421875 0.4248046875
0 0.4501953125 0.59765625 0.4794921875 0.599609375 0.4814453125 0.615234375 0.47265625 0.6181640625 0.416015625 0.6162109375 0.4130859375 0.60546875 0.4169921875 0.59765625 0.44921875 0.59765625
0 0.2451171875 0.4228515625 0.25 0.4267578125 0.25 0.439453125 0.2421875 0.443359375 0.2197265625 0.44140625 0.2177734375 0.435546875 0.2197265625 0.423828125 0.244140625 0.423828125
0 0.529296875 0.4296875 0.546875 0.4306640625 0.5498046875 0.43359375 0.5498046875 0.4482421875 0.5390625 0.451171875 0.4921875 0.4501953125 0.4814453125 0.447265625 0.48046875 0.4345703125 0.4833984375 0.4306640625 0.5107421875 0.4296875 0.51953125 0.431640625 0.5283203125 0.4296875
0 0.107421875 0.787109375 0.12890625 0.7890625 0.166015625 0.7880859375 0.171875 0.7900390625 0.173828125 0.7939453125 0.1728515625 0.8056640625 0.1708984375 0.806640625 0.1279296875 0.8076171875 0.109375 0.8056640625 0.10546875 0.7978515625 0.107421875 0.7880859375
0 0.66015625 0.453125 0.658203125 0.44140625 0.66015625 0.435546875 0.6640625 0.43359375 0.728515625 0.435546875 0.73046875 0.4375 0.7294921875 0.4501953125 0.7265625 0.4541015625 0.69921875 0.4560546875 0.6787109375 0.4560546875 0.6611328125 0.453125
0 0.2265625 0.5927734375 0.2822265625 0.5947265625 0.287109375 0.599609375 0.287109375 0.611328125 0.27734375 0.6142578125 0.2451171875 0.6142578125 0.220703125 0.611328125 0.2177734375 0.609375 0.216796875 0.59765625 0.2197265625 0.59375 0.2255859375 0.5927734375
0 0.6748046875 0.6025390625 0.73046875 0.603515625 0.736328125 0.6064453125 0.7353515625 0.6220703125 0.7314453125 0.623046875 0.6689453125 0.62109375 0.6650390625 0.6181640625 0.666015625 0.607421875 0.6669921875 0.6044921875 0.673828125 0.6025390625