1 0.18798828125 0.14697265625 0.060546875 0.1318359375
1 0.23876953125 0.1416015625 0.0478515625 0.1259765625
1 0.28564453125 0.1357421875 0.0615234375 0.1455078125
1 0.34228515625 0.13330078125 0.0478515625 0.1396484375
1 0.39501953125 0.12841796875 0.048828125 0.1455078125
1 0.44189453125 0.134765625 0.0498046875 0.1240234375
1 0.49365234375 0.1318359375 0.046875 0.1298828125
1 0.5390625 0.13330078125 0.04296875 0.12109375
1 0.5888671875 0.1318359375 0.0556640625 0.126953125
1 0.64013671875 0.123046875 0.0439453125 0.140625
1 0.689453125 0.12939453125 0.041015625 0.1181640625
1 0.7333984375 0.12548828125 0.0458984375 0.126953125
1 0.779296875 0.12353515625 0.0458984375 0.126953125
1 0.8291015625 0.12109375 0.046875 0.123046875
1 0.87841796875 0.119140625 0.0537109375 0.123046875
1 0.92529296875 0.11865234375 0.04296875 0.119140625
1 0.97412109375 0.12451171875 0.041015625 0.107421875
0 0.9443359375 0.19091796875 0.0556640625 0.021484375
0 0.68798828125 0.201171875 0.0830078125 0.0185546875
1 0.1962890625 0.2978515625 0.060546875 0.1259765625
1 0.96533203125 0.267578125 0.0634765625 0.08984375
1 0.8984375 0.2744140625 0.0576171875 0.1044921875
1 0.83544921875 0.2744140625 0.060546875 0.0966796875
1 0.77392578125 0.2783203125 0.06640625 0.1025390625
1 0.69091796875 0.28515625 0.0615234375 0.1083984375
1 0.630859375 0.28466796875 0.05859375 0.1103515625
1 0.56494140625 0.29150390625 0.0634765625 0.1064453125
1 0.50146484375 0.29052734375 0.0615234375 0.1083984375
1 0.4384765625 0.29248046875 0.0673828125 0.1044921875
1 0.37158203125 0.29638671875 0.064453125 0.1064453125
1 0.31005859375 0.30029296875 0.0615234375 0.1064453125
1 0.24658203125 0.29150390625 0.05078125 0.1259765625
0 0.20458984375 0.3671875 0.05078125 0.017578125
0 0.25830078125 0.36474609375 0.052734375 0.0146484375
0 0.3193359375 0.36474609375 0.068359375 0.0185546875
0 0.4814453125 0.3564453125 0.0703125 0.0146484375
0 0.76953125 0.34326171875 0.06640625 0.01953125
0 0.9111328125 0.33544921875 0.072265625 0.0185546875
0 0.9755859375 0.33056640625 0.04296875 0.021484375
1 0.95947265625 0.40673828125 0.0625 0.1025390625
1 0.90087890625 0.41162109375 0.0615234375 0.103515625
1 0.83447265625 0.4150390625 0.0751953125 0.1015625
1 0.76416015625 0.416015625 0.06640625 0.09765625
1 0.69677734375 0.41796875 0.0615234375 0.1064453125
1 0.63623046875 0.42236328125 0.0615234375 0.107421875
1 0.572265625 0.42626953125 0.0625 0.103515625
1 0.5126953125 0.4306640625 0.0673828125 0.1044921875
1 0.44873046875 0.43212890625 0.064453125 0.107421875
1 0.3857421875 0.435546875 0.068359375 0.103515625
1 0.322265625 0.43896484375 0.064453125 0.107421875
1 0.26416015625 0.43408203125 0.0576171875 0.119140625
1 0.20947265625 0.435546875 0.060546875 0.1201171875
0 0.23291015625 0.50830078125 0.0546875 0.0205078125
0 0.28857421875 0.505859375 0.0615234375 0.01953125
0 0.58544921875 0.4892578125 0.056640625 0.0166015625
0 0.64697265625 0.486328125 0.0625 0.0205078125
0 0.78662109375 0.478515625 0.052734375 0.0185546875
0 0.8623046875 0.47412109375 0.05078125 0.015625
1 0.916015625 0.52783203125 0.0380859375 0.0830078125
1 0.873046875 0.5283203125 0.0458984375 0.0869140625
1 0.837890625 0.5341796875 0.033203125 0.0830078125
1 0.80224609375 0.5361328125 0.044921875 0.0830078125
1 0.76220703125 0.54443359375 0.0419921875 0.0791015625
1 0.71923828125 0.5478515625 0.0361328125 0.0732421875
1 0.6826171875 0.54345703125 0.0390625 0.0830078125
1 0.63671875 0.54736328125 0.0439453125 0.0771484375
1 0.59375 0.54833984375 0.04296875 0.078125
1 0.54931640625 0.5517578125 0.046875 0.0859375
1 0.505859375 0.5537109375 0.044921875 0.0859375
1 0.4619140625 0.5546875 0.04296875 0.0859375
1 0.42041015625 0.55615234375 0.0439453125 0.0830078125
1 0.37890625 0.56005859375 0.0478515625 0.08203125
1 0.3291015625 0.5625 0.0517578125 0.08203125
1 0.283203125 0.56591796875 0.0390625 0.08203125
1 0.2353515625 0.5712890625 0.0498046875 0.0732421875
1 0.9765625 0.49755859375 0.046875 0.0341796875
1 0.9765625 0.52587890625 0.046875 0.0263671875
1 0.97705078125 0.5498046875 0.0458984375 0.02734375
0 0.2353515625 0.623046875 0.048828125 0.0224609375
0 0.28076171875 0.6220703125 0.0498046875 0.0205078125
0 0.3291015625 0.6171875 0.0556640625 0.017578125
0 0.3759765625 0.61572265625 0.0458984375 0.0166015625
0 0.41259765625 0.611328125 0.0341796875 0.015625
0 0.4619140625 0.60888671875 0.0546875 0.015625
0 0.72021484375 0.595703125 0.0576171875 0.0166015625
0 0.79833984375 0.591796875 0.05078125 0.015625
0 0.88818359375 0.58251953125 0.0625 0.0185546875
0 0.97119140625 0.5771484375 0.0546875 0.0234375
1 0.236328125 0.65869140625 0.037109375 0.0498046875
1 0.99169921875 0.61279296875 0.0166015625 0.0478515625
1 0.96826171875 0.615234375 0.03125 0.0537109375
1 0.93896484375 0.61962890625 0.033203125 0.05859375
1 0.90771484375 0.6181640625 0.033203125 0.056640625
1 0.87353515625 0.62109375 0.0322265625 0.0556640625
1 0.8076171875 0.6240234375 0.033203125 0.052734375
1 0.771484375 0.62646484375 0.03125 0.0517578125
1 0.736328125 0.6298828125 0.0380859375 0.048828125
1 0.595703125 0.640625 0.033203125 0.0576171875
1 0.564453125 0.6396484375 0.03125 0.052734375
1 0.5341796875 0.64306640625 0.0322265625 0.0556640625
1 0.49853515625 0.64208984375 0.033203125 0.056640625
1 0.46728515625 0.646484375 0.0302734375 0.0537109375
1 0.43701171875 0.6474609375 0.0361328125 0.0546875
1 0.4033203125 0.6494140625 0.0361328125 0.0615234375
1 0.36767578125 0.6513671875 0.033203125 0.0576171875
1 0.3388671875 0.65283203125 0.0322265625 0.0537109375
1 0.3056640625 0.6552734375 0.03125 0.0517578125
1 0.2734375 0.65869140625 0.03515625 0.0537109375
0 0.28173828125 0.69873046875 0.0537109375 0.01953125
0 0.49755859375 0.68359375 0.0478515625 0.01953125
0 0.53564453125 0.68017578125 0.044921875 0.0166015625
0 0.58251953125 0.6796875 0.05078125 0.01953125
0 0.65087890625 0.67724609375 0.0498046875 0.0166015625
0 0.75927734375 0.67041015625 0.0546875 0.021484375
0 0.87060546875 0.6611328125 0.060546875 0.0224609375
0 0.8134765625 0.66748046875 0.0498046875 0.025390625
1 0.23974609375 0.73681640625 0.041015625 0.056640625
1 0.27392578125 0.7353515625 0.0380859375 0.052734375
1 0.306640625 0.73388671875 0.0380859375 0.0546875
1 0.33642578125 0.73193359375 0.037109375 0.0537109375
1 0.3701171875 0.73095703125 0.0400390625 0.0537109375
1 0.39892578125 0.728515625 0.03125 0.0498046875
1 0.42919921875 0.7275390625 0.033203125 0.0556640625
1 0.4619140625 0.72412109375 0.0322265625 0.052734375
1 0.49072265625 0.72021484375 0.0283203125 0.0498046875
1 0.52001953125 0.72119140625 0.0263671875 0.05078125
1 0.55322265625 0.71728515625 0.0283203125 0.05078125
1 0.583984375 0.7158203125 0.029296875 0.0517578125
1 0.61572265625 0.71484375 0.0283203125 0.0517578125
1 0.6455078125 0.71240234375 0.0244140625 0.0498046875
1 0.67236328125 0.708984375 0.0302734375 0.052734375
1 0.7080078125 0.7080078125 0.03125 0.05078125
1 0.7392578125 0.70703125 0.0263671875 0.0498046875
1 0.76953125 0.705078125 0.029296875 0.048828125
1 0.79833984375 0.70166015625 0.0244140625 0.046875
1 0.8603515625 0.69921875 0.0283203125 0.048828125
1 0.8876953125 0.6982421875 0.025390625 0.05078125
1 0.9189453125 0.6943359375 0.029296875 0.0478515625
1 0.95263671875 0.693359375 0.0322265625 0.05078125
1 0.9873046875 0.6904296875 0.025390625 0.0546875
0 0.25732421875 0.77880859375 0.044921875 0.017578125
0 0.3046875 0.77490234375 0.048828125 0.017578125
0 0.36865234375 0.77294921875 0.044921875 0.0166015625
0 0.4140625 0.76806640625 0.048828125 0.015625
0 0.4794921875 0.76220703125 0.0458984375 0.0166015625
0 0.5205078125 0.7607421875 0.04296875 0.0166015625
0 0.56591796875 0.7568359375 0.0478515625 0.0205078125
0 0.66455078125 0.7509765625 0.052734375 0.0146484375
0 0.732421875 0.7451171875 0.0478515625 0.01953125
0 0.8046875 0.7412109375 0.0478515625 0.017578125
0 0.29541015625 0.86376953125 0.046875 0.015625
0 0.8212890625 0.98193359375 0.072265625 0.0263671875
1 0.279296875 0.82568359375 0.08984375 0.052734375
1 0.369140625 0.81884765625 0.0908203125 0.05078125
1 0.46240234375 0.8134765625 0.0927734375 0.052734375
1 0.55322265625 0.80712890625 0.0966796875 0.0576171875
1 0.64501953125 0.79931640625 0.0888671875 0.0615234375
1 0.744140625 0.7978515625 0.091796875 0.0546875
1 0.833984375 0.78662109375 0.0771484375 0.0537109375
1 0.91796875 0.78466796875 0.0859375 0.052734375
1 0.2568359375 0.93701171875 0.1025390625 0.052734375
1 0.3544921875 0.92822265625 0.1005859375 0.046875
1 0.4521484375 0.9228515625 0.0966796875 0.044921875
1 0.55029296875 0.9140625 0.0869140625 0.048828125
1 0.640625 0.90576171875 0.0888671875 0.048828125
1 0.7353515625 0.89990234375 0.0908203125 0.0517578125
1 0.828125 0.89306640625 0.0927734375 0.0517578125
1 0.9453125 0.88134765625 0.091796875 0.052734375
1 0.27978515625 0.98193359375 0.0986328125 0.0361328125
1 0.3779296875 0.97607421875 0.0947265625 0.0439453125
1 0.47265625 0.96923828125 0.0966796875 0.0498046875
1 0.572265625 0.96240234375 0.0947265625 0.0478515625
1 0.6689453125 0.95654296875 0.0947265625 0.048828125
1 0.765625 0.947265625 0.0908203125 0.0498046875
1 0.8603515625 0.94287109375 0.0869140625 0.048828125
1 0.95068359375 0.93310546875 0.0859375 0.05078125