1 0.034979423828125 0.283564814453125 0.05092592578125 0.2839506171875 0.0534979423828125 0.2797067900390625 0.051954732421875 0.224537037109375 0.0534979423828125 0.20987654296875 0.018004115234375 0.20987654296875 0.0077160498046875 0.2114197529296875 0.005144033203125 0.213348765625 0.007201646484375 0.224537037109375 0.009773662109375 0.2827932099609375 0.0149176953125 0.2854938271484375 0.034979423828125 0.283564814453125
1 0.1054526748046875 0.2766203701171875 0.10390946484375 0.2091049384765625 0.09979423828125 0.2064043212890625 0.0833333330078125 0.2087191357421875 0.057098765625 0.2083333330078125 0.0545267490234375 0.21875 0.05504115234375 0.2831790126953125 0.05915637890625 0.284336419921875 0.10390946484375 0.2827932099609375 0.1054526748046875 0.2766203701171875
1 0.1532921806640625 0.28125 0.154835390625 0.2793209873046875 0.155864197265625 0.2430555556640625 0.1543209873046875 0.20987654296875 0.1507201650390625 0.20717592578125 0.1126543212890625 0.206790123046875 0.1064814814453125 0.20987654296875 0.1064814814453125 0.280864197265625 0.1116255146484375 0.283564814453125 0.1337448564453125 0.283564814453125 0.1532921806640625 0.28125
1 0.2016460908203125 0.280864197265625 0.204218107421875 0.2785493828125 0.20318930078125 0.2064043212890625 0.195987654296875 0.2056327158203125 0.1738683125 0.2083333330078125 0.16100823046875 0.20717592578125 0.1574074072265625 0.2083333330078125 0.15689300390625 0.2800925927734375 0.16100823046875 0.2827932099609375 0.1676954736328125 0.2831790126953125 0.2016460908203125 0.280864197265625
1 0.238168724609375 0.283564814453125 0.2515432099609375 0.28125 0.2546296298828125 0.278935185546875 0.25617283984375 0.266589505859375 0.2546296298828125 0.2060185185546875 0.2515432099609375 0.2029320986328125 0.24794238671875 0.2025462958984375 0.2062757197265625 0.204861111328125 0.2047325107421875 0.2064043212890625 0.2052469140625 0.2797067900390625 0.20987654296875 0.2824074072265625 0.2227366259765625 0.2831790126953125 0.238168724609375 0.283564814453125
1 0.29423868359375 0.272762345703125 0.293209876953125 0.2650462958984375 0.297839505859375 0.2403549384765625 0.2983539091796875 0.212962962890625 0.2962962958984375 0.2029320986328125 0.2587448564453125 0.2033179013671875 0.25617283984375 0.2060185185546875 0.2566872431640625 0.278163580078125 0.2592592587890625 0.2800925927734375 0.2921810703125 0.2773919755859375 0.29423868359375 0.272762345703125
1 0 0.429012345703125 0.0015432099609375 0.4293981484375 0.0365226337890625 0.4305555556640625 0.0437242802734375 0.429012345703125 0.04012345703125 0.354938271484375 0.037037037109375 0.3506944443359375 0.0339506171875 0.3506944443359375 0 0.352237654296875 0 0.429012345703125
1 0.090020576171875 0.42862654296875 0.0915637861328125 0.4077932099609375 0.0864197529296875 0.35262345703125 0.0843621396484375 0.3503086416015625 0.0663580244140625 0.3510802470703125 0.04423868359375 0.349537037109375 0.0416666669921875 0.3506944443359375 0.0447530859375 0.4278549384765625 0.04681069921875 0.4297839501953125 0.087962962890625 0.4297839501953125 0.090020576171875 0.42862654296875
1 0.140946501953125 0.4301697529296875 0.1445473251953125 0.42862654296875 0.1455761318359375 0.4197530859375 0.1435185185546875 0.35262345703125 0.136831275390625 0.349151234375 0.1023662548828125 0.34992283984375 0.0936213994140625 0.348765431640625 0.0915637861328125 0.34992283984375 0.095164609375 0.42862654296875 0.098765431640625 0.4297839501953125 0.1213991767578125 0.429012345703125 0.140946501953125 0.4301697529296875
1 0.192901234375 0.429012345703125 0.19495884765625 0.40972222265625 0.192901234375 0.3572530859375 0.19495884765625 0.352237654296875 0.1923868310546875 0.3503086416015625 0.172839505859375 0.3483796298828125 0.1574074072265625 0.348765431640625 0.1466049384765625 0.352237654296875 0.147119341796875 0.42862654296875 0.1563786005859375 0.4305555556640625 0.1784979423828125 0.42862654296875 0.192901234375 0.429012345703125
1 0.242798353515625 0.429012345703125 0.244855966796875 0.40972222265625 0.242798353515625 0.349151234375 0.225823044921875 0.3476080244140625 0.2016460908203125 0.349537037109375 0.193930041015625 0.352237654296875 0.195987654296875 0.42862654296875 0.1995884775390625 0.4301697529296875 0.2037037041015625 0.429012345703125 0.242798353515625 0.429012345703125
1 0.276234568359375 0.42669753125 0.279835390625 0.4224537041015625 0.2813786005859375 0.4077932099609375 0.2813786005859375 0.3620756171875 0.284979423828125 0.3533950615234375 0.289094650390625 0.3518518515625 0.293209876953125 0.35262345703125 0.29423868359375 0.348765431640625 0.291152263671875 0.346836419921875 0.2854938271484375 0.3464506171875 0.24794238671875 0.348765431640625 0.2453703701171875 0.375385802734375 0.2453703701171875 0.4274691357421875 0.2474279833984375 0.429012345703125 0.2541152265625 0.429012345703125 0.276234568359375 0.42669753125
1 0.35390946484375 0.27507716015625 0.3554526748046875 0.2766203701171875 0.3837448564453125 0.275848765625 0.3837448564453125 0.19097222265625 0.38117283984375 0.18132716015625 0.37705761328125 0.1782407412109375 0.366769546875 0.1751543212890625 0.35802469140625 0.17669753125 0.34722222265625 0.1890432099609375 0.3446502060546875 0.2010030859375 0.345164609375 0.2457561728515625 0.3467078193359375 0.2515432099609375 0.3533950615234375 0.26157407421875 0.35390946484375 0.27507716015625
1 0.4254115224609375 0.278163580078125 0.4274691357421875 0.276234568359375 0.4274691357421875 0.1952160498046875 0.422839505859375 0.181712962890625 0.4156378603515625 0.1751543212890625 0.405864197265625 0.173611111328125 0.40020576171875 0.1743827158203125 0.3966049384765625 0.176311728515625 0.3899176953125 0.1847993828125 0.3852880654296875 0.1948302470703125 0.3863168720703125 0.27507716015625 0.3899176953125 0.27777777734375 0.397119341796875 0.2785493828125 0.4254115224609375 0.278163580078125
1 0.4660493828125 0.2770061728515625 0.46810699609375 0.275848765625 0.46810699609375 0.202160494140625 0.470164609375 0.1948302470703125 0.465020576171875 0.187114197265625 0.4665637861328125 0.1855709873046875 0.4634773662109375 0.1782407412109375 0.45318930078125 0.173611111328125 0.44084362109375 0.1751543212890625 0.4367283955078125 0.185185185546875 0.431069958984375 0.1890432099609375 0.4284979423828125 0.2025462958984375 0.429012345703125 0.275848765625 0.431069958984375 0.2773919755859375 0.4367283955078125 0.27777777734375 0.4660493828125 0.2770061728515625
1 0.5087448564453125 0.2773919755859375 0.511831275390625 0.275848765625 0.5123456787109375 0.27237654296875 0.511831275390625 0.2010030859375 0.507201646484375 0.1979166669921875 0.4897119345703125 0.195987654296875 0.4732510283203125 0.19830246875 0.4706790126953125 0.2029320986328125 0.4706790126953125 0.275848765625 0.4732510283203125 0.2773919755859375 0.480967078125 0.27777777734375 0.5087448564453125 0.2773919755859375
1 0.5555555556640625 0.2735339501953125 0.5576131689453125 0.2422839501953125 0.556069958984375 0.199459876953125 0.5529835390625 0.1971450615234375 0.539094650390625 0.195987654296875 0.5154320986328125 0.198688271484375 0.5133744853515625 0.2006172841796875 0.5133744853515625 0.275462962890625 0.5149176953125 0.2770061728515625 0.5534979423828125 0.275848765625 0.5555555556640625 0.2735339501953125
1 0.6018518515625 0.272762345703125 0.60390946484375 0.241512345703125 0.602880658203125 0.2029320986328125 0.598765431640625 0.199459876953125 0.5910493828125 0.1979166669921875 0.570987654296875 0.198688271484375 0.5637860078125 0.1998456787109375 0.55915637890625 0.2025462958984375 0.557098765625 0.272762345703125 0.562757201171875 0.276234568359375 0.598765431640625 0.275848765625 0.6018518515625 0.272762345703125
1 0.6172839501953125 0.276234568359375 0.647119341796875 0.2746913583984375 0.649176955078125 0.272762345703125 0.6507201650390625 0.2515432099609375 0.6486625517578125 0.2179783955078125 0.6507201650390625 0.20987654296875 0.649176955078125 0.2025462958984375 0.6466049384765625 0.2002314814453125 0.6327160498046875 0.1975308642578125 0.6126543212890625 0.198688271484375 0.606995884765625 0.202160494140625 0.605967078125 0.2118055556640625 0.605967078125 0.2453703701171875 0.6033950615234375 0.272762345703125 0.6054526748046875 0.27507716015625 0.6172839501953125 0.276234568359375
1 0.720164609375 0.26967592578125 0.7217078193359375 0.2654320986328125 0.7227366259765625 0.2195216044921875 0.7217078193359375 0.20987654296875 0.719135802734375 0.206790123046875 0.7160493828125 0.2052469140625 0.6985596708984375 0.2037037041015625 0.685185185546875 0.2064043212890625 0.657921810546875 0.2083333330078125 0.651234568359375 0.213348765625 0.65020576171875 0.27237654296875 0.653806583984375 0.2739197529296875 0.6893004111328125 0.2746913583984375 0.720164609375 0.26967592578125
1 0.778806583984375 0.269290123046875 0.782921810546875 0.1921296298828125 0.770061728515625 0.1890432099609375 0.729938271484375 0.1913580244140625 0.7263374482421875 0.1944444443359375 0.7242798349609375 0.204089505859375 0.7253086416015625 0.23302469140625 0.7232510283203125 0.2689043212890625 0.7685185185546874 0.2719907412109375 0.778806583984375 0.269290123046875
1 0.83693415625 0.269290123046875 0.837962962890625 0.2650462958984375 0.8353909462890625 0.2573302470703125 0.840020576171875 0.2202932099609375 0.8405349794921875 0.1948302470703125 0.83899176953125 0.19097222265625 0.8245884775390625 0.1886574072265625 0.814814814453125 0.1902006171875 0.7906378603515625 0.1894290126953125 0.78600823046875 0.190586419921875 0.7839506171875 0.195987654296875 0.7803497939453125 0.269290123046875 0.7824074072265625 0.2708333330078125 0.79681069921875 0.2716049384765625 0.83693415625 0.269290123046875
1 0.899176955078125 0.1882716044921875 0.897119341796875 0.1859567900390625 0.8775720166015625 0.1855709873046875 0.866769546875 0.1886574072265625 0.86213991796875 0.1863425927734375 0.845164609375 0.1875 0.8425925927734375 0.1890432099609375 0.840020576171875 0.23302469140625 0.8410493828125 0.270061728515625 0.897119341796875 0.2689043212890625 0.8996913583984375 0.204089505859375 0.899176955078125 0.1882716044921875
1 0.9547325107421875 0.2689043212890625 0.9583333330078125 0.2064043212890625 0.9573045263671875 0.1863425927734375 0.9413580244140625 0.1847993828125 0.9176954736328125 0.1855709873046875 0.9043209873046875 0.1863425927734375 0.9007201650390625 0.1890432099609375 0.8976337451171875 0.2542438271484375 0.8986625517578125 0.2677469140625 0.903806583984375 0.269290123046875 0.9547325107421875 0.2689043212890625
1 0.9994855966796875 0.18402777734375 0.9835390947265625 0.1863425927734375 0.973765431640625 0.185185185546875 0.970164609375 0.1867283955078125 0.95987654296875 0.187114197265625 0.956790123046875 0.2372685185546875 0.9578189296875 0.2689043212890625 0.973765431640625 0.269290123046875 0.9994855966796875 0.267361111328125 0.9994855966796875 0.18402777734375
1 0.9994855966796875 0.34375 0.967078189453125 0.3429783955078125 0.962962962890625 0.3456790126953125 0.9583333330078125 0.39737654296875 0.9578189296875 0.429012345703125 0.95987654296875 0.4305555556640625 0.9994855966796875 0.429012345703125 0.9994855966796875 0.34375
1 0.956790123046875 0.42862654296875 0.9573045263671875 0.423611111328125 0.958847736328125 0.346836419921875 0.945987654296875 0.3395061728515625 0.9393004111328125 0.3391203701171875 0.92592592578125 0.3429783955078125 0.9043209873046875 0.344135802734375 0.9017489716796875 0.348765431640625 0.897119341796875 0.42862654296875 0.9032921806640625 0.4305555556640625 0.9547325107421875 0.4297839501953125 0.956790123046875 0.42862654296875
1 0.8945473251953125 0.42862654296875 0.897119341796875 0.4158950615234375 0.9007201650390625 0.348765431640625 0.8986625517578125 0.3456790126953125 0.8904320986328125 0.3410493828125 0.88580246875 0.3398919755859375 0.867798353515625 0.34375 0.848765431640625 0.34375 0.8425925927734375 0.3456790126953125 0.8410493828125 0.348765431640625 0.8374485595703125 0.40972222265625 0.83693415625 0.42862654296875 0.8384773662109375 0.4301697529296875 0.8662551435546875 0.4309413583984375 0.8945473251953125 0.42862654296875
1 0.8395061728515625 0.3738425927734375 0.8395061728515625 0.346836419921875 0.8302469140625 0.3410493828125 0.805629115234375 0.3449074072265625 0.78600823046875 0.3445216044921875 0.78189300390625 0.348765431640625 0.778806583984375 0.429012345703125 0.7947530859375 0.4309413583984375 0.8343621396484375 0.4293981484375 0.8395061728515625 0.3738425927734375
1 0.7803497939453125 0.35262345703125 0.77777777734375 0.3476080244140625 0.7726337451171875 0.343364197265625 0.769032921875 0.3418209873046875 0.761831275390625 0.3422067900390625 0.7556584365234374 0.3452932099609375 0.7366255146484375 0.3452932099609375 0.7304526748046875 0.346064814453125 0.7263374482421875 0.3483796298828125 0.7232510283203125 0.3966049384765625 0.723765431640625 0.4297839501953125 0.7757201650390625 0.4301697529296875 0.77777777734375 0.42862654296875 0.7803497939453125 0.35262345703125
1 0.653806583984375 0.43132716015625 0.695987654296875 0.431712962890625 0.7206790126953125 0.4297839501953125 0.720164609375 0.400462962890625 0.7242798349609375 0.37152777734375 0.7232510283203125 0.3622685185546875 0.712962962890625 0.3591820986328125 0.6738683125 0.3591820986328125 0.65277777734375 0.36072530859375 0.649176955078125 0.3622685185546875 0.6476337451171875 0.3684413583984375 0.6476337451171875 0.383487654296875 0.6507201650390625 0.4043209873046875 0.6496913583984375 0.4297839501953125 0.653806583984375 0.43132716015625
1 0.6476337451171875 0.42862654296875 0.6476337451171875 0.352237654296875 0.644032921875 0.349151234375 0.633230453125 0.3452932099609375 0.619855966796875 0.3456790126953125 0.6157407412109375 0.3510802470703125 0.6064814814453126 0.3541666669921875 0.604938271484375 0.3730709873046875 0.604938271484375 0.4301697529296875 0.6157407412109375 0.432098765625 0.6455761318359375 0.43132716015625 0.6476337451171875 0.42862654296875
1 0.6018518515625 0.4309413583984375 0.60390946484375 0.429012345703125 0.6033950615234375 0.352237654296875 0.596193416015625 0.3506944443359375 0.5905349794921875 0.34722222265625 0.575102880859375 0.3479938271484375 0.5715020576171875 0.352237654296875 0.5643004111328125 0.3533950615234375 0.562757201171875 0.35532407421875 0.5617283955078125 0.3730709873046875 0.5612139921875 0.4297839501953125 0.564814814453125 0.431712962890625 0.5761316875 0.432484568359375 0.6018518515625 0.4309413583984375
1 0.556069958984375 0.4309413583984375 0.5586419755859375 0.429012345703125 0.5617283955078125 0.411265431640625 0.5606995888671875 0.354938271484375 0.5462962958984375 0.34722222265625 0.532921810546875 0.3479938271484375 0.5313786005859376 0.352237654296875 0.5257201650390625 0.3537808642578125 0.5226337451171875 0.3530092587890625 0.5195473251953125 0.3618827158203125 0.5185185185546874 0.3827160498046875 0.5185185185546874 0.42862654296875 0.5226337451171875 0.431712962890625 0.5313786005859376 0.432484568359375 0.556069958984375 0.4309413583984375
1 0.51286008203125 0.431712962890625 0.5164609052734375 0.4297839501953125 0.518004115234375 0.358410494140625 0.5164609052734375 0.3518518515625 0.50205761328125 0.3479938271484375 0.4907407412109375 0.3476080244140625 0.4866255146484375 0.3530092587890625 0.47890946484375 0.3560956787109375 0.475823044921875 0.3622685185546875 0.473765431640625 0.4074074072265625 0.4732510283203125 0.42862654296875 0.47479423828125 0.4305555556640625 0.496913580078125 0.432098765625 0.51286008203125 0.431712962890625
1 0.4727366259765625 0.429012345703125 0.4732510283203125 0.369212962890625 0.4768518515625 0.3418209873046875 0.470164609375 0.3310185185546875 0.46399176953125 0.3279320986328125 0.454218107421875 0.32677469140625 0.44907407421875 0.3279320986328125 0.4454732509765625 0.3310185185546875 0.437757201171875 0.337962962890625 0.4336419755859375 0.3449074072265625 0.4326131689453125 0.42862654296875 0.439814814453125 0.43132716015625 0.4706790126953125 0.432098765625 0.4727366259765625 0.429012345703125
1 0.4284979423828125 0.432098765625 0.4315843623046875 0.4297839501953125 0.4326131689453125 0.3985339501953125 0.4326131689453125 0.33487654296875 0.431069958984375 0.3314043212890625 0.422839505859375 0.3275462958984375 0.41100823046875 0.3275462958984375 0.3976337451171875 0.3395061728515625 0.3945473251953125 0.34722222265625 0.3955761318359375 0.366512345703125 0.3924897119140625 0.4251543212890625 0.397119341796875 0.4309413583984375 0.4284979423828125 0.432098765625
1 0.359053498046875 0.4305555556640625 0.3904320986328125 0.4301697529296875 0.393004115234375 0.426311728515625 0.39197530859375 0.3360339501953125 0.3904320986328125 0.3333333330078125 0.38117283984375 0.3275462958984375 0.3703703701171875 0.3275462958984375 0.3657407412109375 0.329861111328125 0.3544238681640625 0.343364197265625 0.352880658203125 0.3479938271484375 0.3533950615234375 0.38580246875 0.355967078125 0.4282407412109375 0.359053498046875 0.4305555556640625
1 0.4007201650390625 0.5752314814453126 0.40277777734375 0.5729166669921875 0.4032921806640625 0.5632716044921875 0.4017489716796875 0.5243055556640625 0.40277777734375 0.48032407421875 0.40020576171875 0.4764660498046875 0.393004115234375 0.47222222265625 0.3863168720703125 0.471064814453125 0.378086419921875 0.471836419921875 0.369855966796875 0.479938271484375 0.3636831279296875 0.4903549384765625 0.363168724609375 0.5729166669921875 0.3647119345703125 0.574459876953125 0.3693415634765625 0.5748456787109375 0.4007201650390625 0.5752314814453126
1 0.095164609375 0.570987654296875 0.0967078193359375 0.5690586416015625 0.096193416015625 0.494598765625 0.0884773662109375 0.4926697529296875 0.060185185546875 0.49382716015625 0.0565843623046875 0.494598765625 0.0504115224609375 0.500385802734375 0.0504115224609375 0.5578703701171875 0.051954732421875 0.567901234375 0.057098765625 0.5698302470703125 0.095164609375 0.570987654296875
1 0.049897119140625 0.567901234375 0.0504115224609375 0.5625 0.0493827158203125 0.49382716015625 0.0462962958984375 0.4918981484375 0.029835390625 0.4907407412109375 0.022119341796875 0.4907407412109375 0.0154320986328125 0.4926697529296875 0.0164609052734375 0.567515431640625 0.0185185185546875 0.56867283984375 0.04681069921875 0.5698302470703125 0.049897119140625 0.567901234375
1 0.1466049384765625 0.564814814453125 0.145061728515625 0.536651234375 0.147119341796875 0.5046296298828125 0.1455761318359375 0.4953703701171875 0.1435185185546875 0.4934413583984375 0.1394032919921875 0.4930555556640625 0.10802469140625 0.4930555556640625 0.1054526748046875 0.4918981484375 0.0982510283203125 0.4957561728515625 0.098765431640625 0.5702160498046875 0.1275720166015625 0.5717592587890625 0.144032921875 0.570987654296875 0.1466049384765625 0.564814814453125
1 0.1779835390625 0.5717592587890625 0.1985596708984375 0.5706018515625 0.2006172841796875 0.567515431640625 0.2006172841796875 0.551311728515625 0.1965020576171875 0.494598765625 0.1867283955078125 0.4930555556640625 0.159979423828125 0.4930555556640625 0.15277777734375 0.494598765625 0.1496913583984375 0.5011574072265625 0.151234568359375 0.505787037109375 0.1486625517578125 0.5127314814453126 0.1476337451171875 0.525848765625 0.147119341796875 0.5543981484375 0.1481481484375 0.567901234375 0.15020576171875 0.570987654296875 0.1779835390625 0.5717592587890625
1 0.2525720166015625 0.5694444443359375 0.2536008232421875 0.5644290126953125 0.25 0.494598765625 0.2463991767578125 0.4926697529296875 0.2062757197265625 0.4930555556640625 0.2026748974609375 0.4934413583984375 0.2006172841796875 0.4957561728515625 0.202160494140625 0.5698302470703125 0.2083333330078125 0.5721450615234375 0.2484567900390625 0.5717592587890625 0.2525720166015625 0.5694444443359375
1 0.27520576171875 0.557484568359375 0.2803497939453125 0.554012345703125 0.280864197265625 0.5501543212890625 0.2746913583984375 0.5300925927734375 0.27109053515625 0.494212962890625 0.269032921875 0.4922839501953125 0.253086419921875 0.494212962890625 0.2541152265625 0.567901234375 0.258230453125 0.5717592587890625 0.265946501953125 0.57137345703125 0.27520576171875 0.557484568359375
1 0.4197530859375 0.574459876953125 0.4171810703125 0.559413580078125 0.418209876953125 0.530864197265625 0.42592592578125 0.5270061728515625 0.4423868310546875 0.5270061728515625 0.44495884765625 0.5235339501953125 0.443930041015625 0.4837962958984375 0.439814814453125 0.474537037109375 0.4356995888671875 0.471836419921875 0.418209876953125 0.471064814453125 0.4135802470703125 0.4733796298828125 0.4084362138671875 0.48032407421875 0.404835390625 0.4903549384765625 0.403806583984375 0.52237654296875 0.4032921806640625 0.574459876953125 0.407921810546875 0.57677469140625 0.4146090537109375 0.576388888671875 0.4197530859375 0.574459876953125
1 0.484053498046875 0.5756172841796875 0.4850823046875 0.554012345703125 0.486111111328125 0.486111111328125 0.481995884765625 0.47762345703125 0.4773662548828125 0.4729938271484375 0.462962962890625 0.471836419921875 0.4552469140625 0.473765431640625 0.4526748974609375 0.4760802470703125 0.445987654296875 0.4899691357421875 0.4485596708984375 0.574459876953125 0.4516460908203125 0.57677469140625 0.481995884765625 0.57677469140625 0.484053498046875 0.5756172841796875
1 0.5046296298828125 0.5779320986328125 0.5246913583984375 0.577160494140625 0.52777777734375 0.5729166669921875 0.5313786005859376 0.5559413583984375 0.5324074072265625 0.5042438271484375 0.5303497939453125 0.4980709873046875 0.5257201650390625 0.4934413583984375 0.5226337451171875 0.494598765625 0.5154320986328125 0.49112654296875 0.507201646484375 0.4907407412109375 0.4912551435546875 0.494984568359375 0.4866255146484375 0.503086419921875 0.4855967080078125 0.576388888671875 0.48713991796875 0.5779320986328125 0.4943415634765625 0.57677469140625 0.5046296298828125 0.5779320986328125
1 0.56995884765625 0.5690586416015625 0.5715020576171875 0.5381944443359375 0.5715020576171875 0.5104166669921875 0.5694444443359375 0.499614197265625 0.562757201171875 0.4972993828125 0.5606995888671875 0.49382716015625 0.554012345703125 0.4934413583984375 0.54681069921875 0.49382716015625 0.54423868359375 0.4984567900390625 0.5365226337890625 0.4980709873046875 0.5339506171875 0.5046296298828125 0.532921810546875 0.5219907412109375 0.5313786005859376 0.570987654296875 0.5426954736328125 0.57407407421875 0.566872427734375 0.57407407421875 0.56995884765625 0.5690586416015625
1 0.57407407421875 0.576388888671875 0.609053498046875 0.5783179013671875 0.611111111328125 0.5748456787109375 0.611111111328125 0.5011574072265625 0.602880658203125 0.4972993828125 0.598765431640625 0.4918981484375 0.5864197529296875 0.4922839501953125 0.5812757197265624 0.496913580078125 0.577160494140625 0.4972993828125 0.573045267578125 0.500385802734375 0.5720164609375 0.514660494140625 0.573045267578125 0.539737654296875 0.570987654296875 0.5524691357421875 0.570987654296875 0.5748456787109375 0.57407407421875 0.576388888671875
1 0.6517489716796875 0.579861111328125 0.655864197265625 0.5729166669921875 0.655864197265625 0.5532407412109375 0.6522633740234375 0.51967592578125 0.657921810546875 0.502314814453125 0.6574074072265625 0.4984567900390625 0.65277777734375 0.494598765625 0.633230453125 0.491512345703125 0.6193415634765626 0.4953703701171875 0.6126543212890625 0.5038580244140625 0.61213991796875 0.5783179013671875 0.615226337890625 0.5802469140625 0.6265432099609375 0.5814043212890625 0.6517489716796875 0.579861111328125
1 0.657921810546875 0.5717592587890625 0.657921810546875 0.5779320986328125 0.6671810703125 0.579861111328125 0.6882716044921875 0.5810185185546874 0.7268518515625 0.57947530859375 0.7273662548828125 0.5702160498046875 0.7253086416015625 0.567515431640625 0.7253086416015625 0.562114197265625 0.725823044921875 0.545910494140625 0.7283950615234375 0.536651234375 0.7283950615234375 0.5181327158203125 0.7263374482421875 0.511959876953125 0.719135802734375 0.5104166669921875 0.6815843623046876 0.5104166669921875 0.6604938271484375 0.511959876953125 0.6543209873046875 0.513888888671875 0.6532921806640625 0.5189043212890625 0.6563786005859376 0.547839505859375 0.6615226337890625 0.562114197265625 0.657921810546875 0.5717592587890625
1 0.7304526748046875 0.54552469140625 0.7314814814453126 0.5779320986328125 0.7366255146484375 0.5814043212890625 0.7834362138671875 0.5806327158203125 0.787037037109375 0.5748456787109375 0.7885802470703125 0.5011574072265625 0.776234568359375 0.4930555556640625 0.76080246875 0.49652777734375 0.73713991796875 0.4972993828125 0.730967078125 0.5011574072265625 0.7304526748046875 0.508487654296875 0.7325102880859375 0.511959876953125 0.7325102880859375 0.5331790126953125 0.7304526748046875 0.54552469140625
1 0.7896090537109375 0.5802469140625 0.7988683125 0.581790123046875 0.8410493828125 0.58217592578125 0.8436213994140624 0.5779320986328125 0.846193416015625 0.5007716044921875 0.83899176953125 0.4984567900390625 0.8323045263671875 0.49382716015625 0.8245884775390625 0.494212962890625 0.81995884765625 0.496913580078125 0.7988683125 0.49652777734375 0.7921810703125 0.4980709873046875 0.7896090537109375 0.500385802734375 0.78600823046875 0.560185185546875 0.78806584375 0.5640432099609375 0.787037037109375 0.5783179013671875 0.7896090537109375 0.5802469140625
1 0.9032921806640625 0.5652006171875 0.903806583984375 0.500385802734375 0.8935185185546874 0.4972993828125 0.86419753125 0.4957561728515625 0.855967078125 0.4961419755859375 0.84979423828125 0.4988425927734375 0.8477366259765625 0.5007716044921875 0.8456790126953125 0.5358796298828125 0.845164609375 0.581790123046875 0.8786008232421875 0.58487654296875 0.90020576171875 0.5833333330078125 0.9032921806640625 0.5652006171875
1 0.9614197529296875 0.5106369599609375 0.9634773662109375 0.5011574072265625 0.950102880859375 0.4984567900390625 0.932098765625 0.4988425927734375 0.92592592578125 0.496913580078125 0.9104938271484375 0.4980709873046875 0.9063786005859376 0.5007716044921875 0.9022633740234375 0.581790123046875 0.912037037109375 0.5844907412109375 0.9578189296875 0.585262345703125 0.9614197529296875 0.5106369599609375
1 0.9994855966796875 0.585262345703125 0.9994855966796875 0.4988425927734375 0.96810699609375 0.4980709873046875 0.9624485595703125 0.5015432099609375 0.9603909462890625 0.58294753125 0.962962962890625 0.585262345703125 0.9763374482421875 0.5864197529296875 0.9994855966796875 0.585262345703125
1 0.034979423828125 0.6462191357421875 0.0375514404296875 0.61419753125 0.0303497939453125 0.611111111328125 0.0154320986328125 0.6095679013671875 0.01286008203125 0.611111111328125 0.0113168720703125 0.6157407412109375 0.0113168720703125 0.6543209873046875 0.032921810546875 0.655864197265625 0.0365226337890625 0.65277777734375 0.034979423828125 0.6462191357421875
1 0.054012345703125 0.6554783955078125 0.0576131689453125 0.656635802734375 0.0632716044921875 0.6543209873046875 0.0637860078125 0.6516203701171875 0.064814814453125 0.6126543212890625 0.062242798828125 0.611111111328125 0.0426954736328125 0.610339505859375 0.0385802470703125 0.6122685185546874 0.03806584375 0.61419753125 0.03600823046875 0.6431327158203125 0.0375514404296875 0.6543209873046875 0.0396090537109375 0.655864197265625 0.054012345703125 0.6554783955078125
1 0.4233539091796875 0.5775462958984375 0.44495884765625 0.57677469140625 0.4470164609375 0.5752314814453126 0.4465020576171875 0.528935185546875 0.4423868310546875 0.5273919755859375 0.42181069921875 0.5270061728515625 0.4171810703125 0.5331790126953125 0.4166666669921875 0.557484568359375 0.4187242802734375 0.5698302470703125 0.4166666669921875 0.574459876953125 0.4233539091796875 0.5775462958984375
1 0.0874485595703125 0.656635802734375 0.0910493828125 0.6547067900390625 0.08899176953125 0.63863155859375 0.0910493828125 0.6145833330078125 0.0884773662109375 0.6118827158203125 0.0694444443359375 0.61072530859375 0.0663580244140625 0.6122685185546874 0.0653292177734375 0.6157407412109375 0.062757201171875 0.64467592578125 0.0637860078125 0.6535493828125 0.067901234375 0.65625 0.0874485595703125 0.656635802734375
1 0 0.655864197265625 0.0123456787109375 0.6543209873046875 0.009773662109375 0.6481481484375 0.0092592587890625 0.6347735341796875 0.011831275390625 0.6126543212890625 0.0092592587890625 0.6091820986328125 0.00617283984375 0.6087962958984375 0 0.6091820986328125 0 0.655864197265625
1 0 0.7037037041015625 0.0056584365234375 0.7037037041015625 0.01080246875 0.7029320986328125 0.011831275390625 0.7002314814453126 0.0102880654296875 0.68004128125 0.0123456787109375 0.6608796298828125 0.00205761328125 0.6581790126953125 0 0.6581790126953125 0 0.7037037041015625
1 0.034979423828125 0.70447530859375 0.03806584375 0.7029320986328125 0.0385802470703125 0.6608796298828125 0.03600823046875 0.6589506171875 0.0226337451171875 0.6574074072265625 0.0154320986328125 0.6577932099609375 0.0133744853515625 0.6608796298828125 0.011831275390625 0.6747685185546874 0.0133744853515625 0.7029320986328125 0.018004115234375 0.70447530859375 0.034979423828125 0.70447530859375
1 0.064814814453125 0.701388888671875 0.064814814453125 0.6604938271484375 0.0632716044921875 0.6589506171875 0.043209876953125 0.6581790126953125 0.04012345703125 0.6608796298828125 0.039094650390625 0.7029320986328125 0.0447530859375 0.704861111328125 0.0612139921875 0.7060185185546874 0.064814814453125 0.701388888671875
1 0.09310699609375 0.7033179013671875 0.09310699609375 0.6608796298828125 0.0915637861328125 0.659336419921875 0.070987654296875 0.6574074072265625 0.067901234375 0.6601080244140625 0.0673868310546875 0.7037037041015625 0.07407407421875 0.7064043212890625 0.0905349794921875 0.7060185185546874 0.09310699609375 0.7033179013671875
1 0.117798353515625 0.661651234375 0.115226337890625 0.6601080244140625 0.095164609375 0.6601080244140625 0.0936213994140625 0.66705246875 0.094135802734375 0.7064043212890625 0.1162551435546875 0.70794753125 0.1183127568359375 0.7064043212890625 0.117798353515625 0.661651234375
1 0.1157407412109375 0.6581790126953125 0.1172839501953125 0.6550925927734375 0.1147119345703125 0.6516203701171875 0.1157407412109375 0.6149691357421875 0.1044238681640625 0.6122685185546874 0.0936213994140625 0.6122685185546874 0.0910493828125 0.6157407412109375 0.0895061728515625 0.6296296298828125 0.08899176953125 0.6408179013671875 0.0915637861328125 0.6550925927734375 0.0977366259765625 0.6589506171875 0.1157407412109375 0.6581790126953125
1 0.14609053515625 0.6554783955078125 0.1476337451171875 0.61612654296875 0.1455761318359375 0.613040123046875 0.1193415634765625 0.6126543212890625 0.116769546875 0.6157407412109375 0.115226337890625 0.6296296298828125 0.11419753125 0.6550925927734375 0.1213991767578125 0.659336419921875 0.1435185185546875 0.659336419921875 0.14609053515625 0.6554783955078125
1 0.1738683125 0.6577932099609375 0.1712962958984375 0.651234568359375 0.1723251025390625 0.6168981484375 0.1646090537109375 0.613811728515625 0.1507201650390625 0.613811728515625 0.147119341796875 0.627314814453125 0.147119341796875 0.6581790126953125 0.15020576171875 0.6601080244140625 0.17181069921875 0.65972222265625 0.1738683125 0.6577932099609375
1 0.1985596708984375 0.65972222265625 0.200102880859375 0.6581790126953125 0.1985596708984375 0.61612654296875 0.1893004111328125 0.6145833330078125 0.1774691357421875 0.6149691357421875 0.1743827158203125 0.6168981484375 0.1733539091796875 0.625 0.172839505859375 0.6431327158203125 0.174897119140625 0.65972222265625 0.1913580244140625 0.661265431640625 0.1985596708984375 0.65972222265625
1 0.2242798349609375 0.6608796298828125 0.2273662548828125 0.656635802734375 0.225823044921875 0.62847222265625 0.2273662548828125 0.6176697529296875 0.2206790126953125 0.613811728515625 0.2078189296875 0.61342592578125 0.2026748974609375 0.613811728515625 0.1995884775390625 0.61882716015625 0.2006172841796875 0.6543209873046875 0.202160494140625 0.6581790126953125 0.2062757197265625 0.6604938271484375 0.2242798349609375 0.6608796298828125
1 0.2546296298828125 0.661265431640625 0.2556584365234375 0.6547067900390625 0.2546296298828125 0.6350308642578125 0.25617283984375 0.61612654296875 0.2494855966796875 0.61419753125 0.2345679013671875 0.6145833330078125 0.230967078125 0.6168981484375 0.22890946484375 0.6222993828125 0.229938271484375 0.6604938271484375 0.236111111328125 0.662037037109375 0.2525720166015625 0.66242283984375 0.2546296298828125 0.661265431640625
1 0.2716049384765625 0.6400462958984375 0.2793209873046875 0.6296296298828125 0.2803497939453125 0.6230709873046875 0.2782921806640625 0.6184413583984375 0.2726337451171875 0.6157407412109375 0.2587448564453125 0.61612654296875 0.25617283984375 0.61882716015625 0.2566872431640625 0.6604938271484375 0.2695473251953125 0.6628086416015625 0.272119341796875 0.6589506171875 0.2716049384765625 0.6400462958984375
1 0.1733539091796875 0.7064043212890625 0.1743827158203125 0.699459876953125 0.172839505859375 0.6628086416015625 0.1712962958984375 0.661651234375 0.15020576171875 0.6608796298828125 0.1476337451171875 0.6643518515625 0.149176955078125 0.70794753125 0.1507201650390625 0.7091049384765625 0.1712962958984375 0.7083333330078125 0.1733539091796875 0.7064043212890625
1 0.1995884775390625 0.706790123046875 0.1985596708984375 0.664737654296875 0.195987654296875 0.6628086416015625 0.1779835390625 0.6608796298828125 0.174897119140625 0.662037037109375 0.1733539091796875 0.6655092587890625 0.1733539091796875 0.7064043212890625 0.1784979423828125 0.7094907412109375 0.195987654296875 0.70987654296875 0.1995884775390625 0.706790123046875
1 0.2268518515625 0.7087191357421875 0.2253086416015625 0.6655092587890625 0.220164609375 0.66242283984375 0.2026748974609375 0.662037037109375 0.1995884775390625 0.6639660498046875 0.19907407421875 0.704861111328125 0.2006172841796875 0.70987654296875 0.2242798349609375 0.7110339501953125 0.2268518515625 0.7087191357421875
1 0.25617283984375 0.70987654296875 0.2541152265625 0.6863425927734375 0.255144033203125 0.6655092587890625 0.2515432099609375 0.6628086416015625 0.2335390947265625 0.661651234375 0.2304526748046875 0.6628086416015625 0.2283950615234375 0.667438271484375 0.2294238681640625 0.7091049384765625 0.23302469140625 0.7110339501953125 0.2541152265625 0.7114197529296875 0.25617283984375 0.70987654296875
1 0.279835390625 0.7029320986328125 0.2793209873046875 0.69907407421875 0.27520576171875 0.6948302470703125 0.2731481484375 0.6859567900390625 0.272119341796875 0.6655092587890625 0.2695473251953125 0.6631944443359375 0.2587448564453125 0.66242283984375 0.2556584365234375 0.66782407421875 0.2566872431640625 0.70987654296875 0.2587448564453125 0.7114197529296875 0.27777777734375 0.710262345703125 0.279835390625 0.7029320986328125
1 0.28600823046875 0.7121913583984375 0.295781892578125 0.71257716015625 0.2988683125 0.6913580244140625 0.2962962958984375 0.6894290126953125 0.276234568359375 0.690586419921875 0.2757201650390625 0.6948302470703125 0.28189300390625 0.6956018515625 0.280864197265625 0.70987654296875 0.28600823046875 0.7121913583984375
1 0.386831275390625 0.7160493828125 0.390946501953125 0.71257716015625 0.3935185185546875 0.7025462958984375 0.394032921875 0.65277777734375 0.369855966796875 0.6466049384765625 0.359053498046875 0.6554783955078125 0.3564814814453125 0.6689814814453126 0.3554526748046875 0.707561728515625 0.356995884765625 0.713348765625 0.3626543212890625 0.716435185546875 0.386831275390625 0.7160493828125
1 0.4305555556640625 0.7141203701171875 0.4315843623046875 0.6639660498046875 0.4346707822265625 0.6496913583984375 0.4326131689453125 0.64197530859375 0.429012345703125 0.6404320986328125 0.4243827158203125 0.64197530859375 0.4212962958984375 0.6404320986328125 0.41100823046875 0.6435185185546874 0.4017489716796875 0.650848765625 0.3976337451171875 0.659336419921875 0.395061728515625 0.67669753125 0.397119341796875 0.712962962890625 0.4074074072265625 0.716435185546875 0.429012345703125 0.7168209873046875 0.4305555556640625 0.7141203701171875
1 0.467078189453125 0.7148919755859375 0.46810699609375 0.7002314814453126 0.46810699609375 0.650848765625 0.4634773662109375 0.6469907412109375 0.4526748974609375 0.6462191357421875 0.44907407421875 0.6469907412109375 0.4444444443359375 0.650848765625 0.4387860078125 0.6516203701171875 0.435185185546875 0.6554783955078125 0.432098765625 0.667438271484375 0.432098765625 0.7168209873046875 0.435185185546875 0.71875 0.46399176953125 0.7195216044921875 0.467078189453125 0.7148919755859375
1 0.511831275390625 0.712962962890625 0.5149176953125 0.650848765625 0.5149176953125 0.645061728515625 0.5123456787109375 0.6404320986328125 0.5066872431640626 0.641589505859375 0.505144033203125 0.6404320986328125 0.4912551435546875 0.6400462958984375 0.484053498046875 0.6431327158203125 0.479938271484375 0.6431327158203125 0.4732510283203125 0.650848765625 0.469135802734375 0.66705246875 0.4686213994140625 0.718364197265625 0.4732510283203125 0.7202932099609375 0.509773662109375 0.7202932099609375 0.511831275390625 0.712962962890625
1 0.5529835390625 0.721064814453125 0.556069958984375 0.706790123046875 0.5565843623046876 0.667438271484375 0.556069958984375 0.6520061728515625 0.5534979423828125 0.6462191357421875 0.5524691357421875 0.6485339501953125 0.545781892578125 0.6481481484375 0.543209876953125 0.6458333330078125 0.5293209873046875 0.6431327158203125 0.52777777734375 0.645061728515625 0.522119341796875 0.645061728515625 0.519032921875 0.647762345703125 0.513888888671875 0.6608796298828125 0.51286008203125 0.6875 0.5133744853515625 0.7202932099609375 0.5154320986328125 0.7214506171875 0.53189300390625 0.7202932099609375 0.5529835390625 0.721064814453125
1 0.6023662548828125 0.670138888671875 0.598765431640625 0.6485339501953125 0.5956790126953125 0.6466049384765625 0.5637860078125 0.6469907412109375 0.55915637890625 0.653935185546875 0.5576131689453125 0.6635802470703125 0.557098765625 0.721836419921875 0.5596707822265625 0.7233796298828125 0.598765431640625 0.724537037109375 0.6023662548828125 0.670138888671875
1 0.6455761318359375 0.7195216044921875 0.6455761318359375 0.6635802470703125 0.644032921875 0.6550925927734375 0.63786008203125 0.6523919755859375 0.633230453125 0.653935185546875 0.630144033203125 0.6520061728515625 0.624656892578125 0.6520061728515625 0.6203703701171875 0.6439043212890625 0.6126543212890625 0.642361111328125 0.609053498046875 0.64467592578125 0.6054526748046875 0.6435185185546874 0.6023662548828125 0.653935185546875 0.6018518515625 0.7229938271484375 0.6136831279296875 0.72492283984375 0.644032921875 0.724537037109375 0.6455761318359375 0.7195216044921875
1 0.6903292177734375 0.7195216044921875 0.6893004111328125 0.6655092587890625 0.685185185546875 0.6604938271484375 0.682098765625 0.661265431640625 0.6754115224609375 0.6574074072265625 0.6676954736328125 0.6601080244140625 0.6635802470703125 0.6601080244140625 0.6615226337890625 0.6577932099609375 0.6522633740234375 0.6604938271484375 0.6476337451171875 0.6589506171875 0.647119341796875 0.661651234375 0.647119341796875 0.724151234375 0.6543209873046875 0.7256944443359375 0.687242798828125 0.7256944443359375 0.6903292177734375 0.7195216044921875
1 0.734053498046875 0.724537037109375 0.7345679013671875 0.673611111328125 0.7304526748046875 0.661265431640625 0.7268518515625 0.6608796298828125 0.7268518515625 0.6628086416015625 0.719135802734375 0.6658950615234375 0.7093621396484375 0.66512345703125 0.7047325107421875 0.66242283984375 0.6923868310546875 0.6639660498046875 0.691872427734375 0.681712962890625 0.691872427734375 0.7253086416015625 0.6944444443359375 0.727237654296875 0.7114197529296875 0.727237654296875 0.734053498046875 0.724537037109375
1 0.7685185185546874 0.727237654296875 0.77109053515625 0.7256944443359375 0.7731481484375 0.7202932099609375 0.7731481484375 0.670138888671875 0.768004115234375 0.6639660498046875 0.7587448564453125 0.6628086416015625 0.755144033203125 0.65972222265625 0.751028806640625 0.659336419921875 0.7484567900390625 0.65277777734375 0.7376543212890625 0.6643518515625 0.738168724609375 0.724151234375 0.7407407412109375 0.7260802470703125 0.7546296298828125 0.7287808642578125 0.7685185185546874 0.727237654296875
1 0.7875514404296875 0.730709876953125 0.7973251025390625 0.7310956787109375 0.807098765625 0.7291666669921875 0.810185185546875 0.727237654296875 0.80915637890625 0.6961805556640625 0.8112139921875 0.6716820986328125 0.80504115234375 0.668209876953125 0.8034979423828125 0.664737654296875 0.782921810546875 0.664737654296875 0.7793209873046875 0.6662808642578125 0.77520576171875 0.672839505859375 0.7767489716796875 0.6917438271484375 0.77520576171875 0.72492283984375 0.7782921806640625 0.7283950615234375 0.7875514404296875 0.730709876953125
1 0.846193416015625 0.7310956787109375 0.848765431640625 0.7283950615234375 0.8503086416015625 0.6894290126953125 0.848765431640625 0.6716820986328125 0.8415637861328125 0.6658950615234375 0.820987654296875 0.6643518515625 0.8132716044921875 0.673611111328125 0.812757201171875 0.727237654296875 0.820987654296875 0.7310956787109375 0.827160494140625 0.7318672841796875 0.846193416015625 0.7310956787109375
1 0.039094650390625 0.82137345703125 0.0735596708984375 0.8229166669921875 0.0776748974609375 0.820987654296875 0.0802469140625 0.8163580244140625 0.0884773662109375 0.8144290126953125 0.0967078193359375 0.8082561728515625 0.095164609375 0.7712191357421875 0.0915637861328125 0.7677469140625 0.0632716044921875 0.7681327158203125 0.056069958984375 0.76427469140625 0.045781892578125 0.7627314814453126 0.034979423828125 0.7658179013671875 0.0149176953125 0.7685185185546874 0.0092592587890625 0.772762345703125 0.00617283984375 0.7793209873046875 0.0056584365234375 0.8140432099609375 0.0087448564453125 0.81867283984375 0.02777777734375 0.81867283984375 0.039094650390625 0.82137345703125
1 0.1507201650390625 0.8144290126953125 0.15277777734375 0.8109567900390625 0.15277777734375 0.7827932099609375 0.170781892578125 0.7654320986328125 0.168209876953125 0.7627314814453126 0.1615226337890625 0.7650462958984375 0.1563786005859375 0.763888888671875 0.15020576171875 0.75617283984375 0.1383744853515625 0.75887345703125 0.136831275390625 0.7581018515625 0.13117283984375 0.76157407421875 0.1265432099609375 0.76157407421875 0.1203703701171875 0.76427469140625 0.1023662548828125 0.7650462958984375 0.0982510283203125 0.769290123046875 0.0982510283203125 0.800540123046875 0.1003086416015625 0.809413580078125 0.1023662548828125 0.8109567900390625 0.1507201650390625 0.8144290126953125
1 0.1995884775390625 0.829089505859375 0.20987654296875 0.8279320986328125 0.22890946484375 0.8287037041015625 0.2314814814453125 0.8275462958984375 0.2325102880859375 0.82407407421875 0.2294238681640625 0.8136574072265625 0.2314814814453125 0.7966820986328125 0.2304526748046875 0.7820216044921875 0.2206790126953125 0.7800925927734375 0.210905349609375 0.7743055556640625 0.174897119140625 0.7712191357421875 0.164094650390625 0.7746913583984375 0.1543209873046875 0.7824074072265625 0.153806583984375 0.812114197265625 0.1553497939453125 0.8248456787109375 0.1574074072265625 0.826388888671875 0.1995884775390625 0.829089505859375
1 0.287037037109375 0.831790123046875 0.2962962958984375 0.8302469140625 0.2993827158203125 0.8144290126953125 0.3004115224609375 0.7908950615234375 0.2973251025390625 0.778163580078125 0.293209876953125 0.776234568359375 0.2731481484375 0.778935185546875 0.2407407412109375 0.7785493828125 0.2335390947265625 0.780864197265625 0.23302469140625 0.812885802734375 0.2350823046875 0.8279320986328125 0.258230453125 0.8310185185546874 0.287037037109375 0.831790123046875
1 0.3703703701171875 0.8344907412109375 0.3744855966796875 0.8302469140625 0.3744855966796875 0.7827932099609375 0.37294238671875 0.780864197265625 0.3647119345703125 0.778935185546875 0.359053498046875 0.7716049384765625 0.350823044921875 0.78125 0.348765431640625 0.78742283984375 0.3482510283203125 0.8105709873046875 0.352880658203125 0.8314043212890625 0.355967078125 0.8356481484375 0.3703703701171875 0.8344907412109375
1 0.3986625517578125 0.8337191357421875 0.3996913583984375 0.829861111328125 0.4007201650390625 0.7827932099609375 0.3976337451171875 0.775848765625 0.39197530859375 0.77507716015625 0.386831275390625 0.7712191357421875 0.37705761328125 0.7827932099609375 0.3755144033203125 0.7878086416015625 0.3744855966796875 0.8152006171875 0.3765432099609375 0.8314043212890625 0.395061728515625 0.835262345703125 0.3986625517578125 0.8337191357421875
1 0.426954732421875 0.83217592578125 0.4295267490234375 0.7881944443359375 0.4284979423828125 0.77777777734375 0.4171810703125 0.778935185546875 0.41100823046875 0.7739197529296875 0.4032921806640625 0.78125 0.401234568359375 0.7858796298828125 0.40020576171875 0.8105709873046875 0.3996913583984375 0.83487654296875 0.403806583984375 0.838348765625 0.422839505859375 0.8371913583984375 0.426954732421875 0.83217592578125
1 0.45576131640625 0.8356481484375 0.4573045263671875 0.7851080244140625 0.45318930078125 0.78125 0.44084362109375 0.778935185546875 0.4362139921875 0.780864197265625 0.431069958984375 0.7885802470703125 0.43004115234375 0.801311728515625 0.429012345703125 0.835262345703125 0.432098765625 0.838348765625 0.4537037041015625 0.8391203701171875 0.45576131640625 0.8356481484375
1 0.4825102880859375 0.8395061728515625 0.48302469140625 0.786265431640625 0.480967078125 0.7820216044921875 0.4665637861328125 0.780864197265625 0.4603909462890625 0.7854938271484375 0.4573045263671875 0.7943672841796875 0.45576131640625 0.835262345703125 0.45987654296875 0.8410493828125 0.4794238681640625 0.8418209873046875 0.4825102880859375 0.8395061728515625
1 0.509773662109375 0.8391203701171875 0.5123456787109375 0.7943672841796875 0.51080246875 0.7885802470703125 0.5015432099609375 0.784336419921875 0.4876543212890625 0.78472222265625 0.484053498046875 0.79205246875 0.4835390947265625 0.8055555556640625 0.484053498046875 0.8395061728515625 0.4866255146484375 0.841435185546875 0.5056584365234374 0.8422067900390625 0.509773662109375 0.8391203701171875
1 0.5437242802734376 0.8368055556640625 0.5421810703125 0.7916666669921875 0.54012345703125 0.789737654296875 0.522119341796875 0.786265431640625 0.5174897119140625 0.7889660498046875 0.515946501953125 0.7966820986328125 0.5154320986328125 0.8418209873046875 0.52109053515625 0.8445216044921875 0.5416666669921875 0.8449074072265625 0.5437242802734376 0.8368055556640625
1 0.570987654296875 0.8410493828125 0.570987654296875 0.7970679013671875 0.5637860078125 0.789737654296875 0.557098765625 0.7878086416015625 0.554012345703125 0.7905092587890625 0.54681069921875 0.7885802470703125 0.5447530859375 0.79282407421875 0.5437242802734376 0.8422067900390625 0.54681069921875 0.8456790126953125 0.567901234375 0.846064814453125 0.570987654296875 0.8410493828125
1 0.59979423828125 0.8314043212890625 0.5982510283203125 0.815586419921875 0.59979423828125 0.7993827158203125 0.5967078193359375 0.79012345703125 0.595164609375 0.7881944443359375 0.592078189453125 0.789737654296875 0.577160494140625 0.7889660498046875 0.57407407421875 0.7905092587890625 0.5720164609375 0.7962962958984375 0.5715020576171875 0.8452932099609375 0.595164609375 0.8476080244140625 0.5982510283203125 0.8449074072265625 0.59979423828125 0.8314043212890625
1 0.6296296298828125 0.8506944443359375 0.6327160498046875 0.8105709873046875 0.6327160498046875 0.8024691357421875 0.630144033203125 0.7970679013671875 0.6234567900390625 0.7947530859375 0.62294238671875 0.793209876953125 0.613168724609375 0.792438271484375 0.605967078125 0.7889660498046875 0.6018518515625 0.8125 0.6033950615234375 0.8217592587890625 0.6018518515625 0.848765431640625 0.6265432099609375 0.8514660498046875 0.6296296298828125 0.8506944443359375
1 0.6604938271484375 0.8452932099609375 0.66100823046875 0.8059413583984375 0.6589506171875 0.7989969140625 0.6522633740234375 0.7962962958984375 0.6507201650390625 0.79282407421875 0.634773662109375 0.7993827158203125 0.6316872431640626 0.8341049384765625 0.63117283984375 0.849151234375 0.633230453125 0.8514660498046875 0.6584362138671875 0.852237654296875 0.6604938271484375 0.8452932099609375
1 0.682098765625 0.8518518515625 0.6856995888671875 0.848765431640625 0.687757201171875 0.8395061728515625 0.6887860078125 0.8001543212890625 0.685185185546875 0.7935956787109375 0.6784979423828125 0.79205246875 0.662037037109375 0.793209876953125 0.66100823046875 0.795910494140625 0.659979423828125 0.848765431640625 0.6615226337890625 0.8510802470703125 0.6671810703125 0.852237654296875 0.682098765625 0.8518518515625
1 0.6923868310546875 0.824459876953125 0.6934156376953124 0.8422067900390625 0.6954732509765625 0.84375 0.7165637861328125 0.84375 0.7186213994140624 0.8422067900390625 0.7196502060546875 0.8302469140625 0.7206790126953125 0.793209876953125 0.7134773662109375 0.7854938271484375 0.70318930078125 0.7820216044921875 0.6995884775390625 0.784336419921875 0.6954732509765625 0.78125 0.6923868310546875 0.7854938271484375 0.691872427734375 0.793209876953125 0.6944444443359375 0.797839505859375 0.69495884765625 0.807484568359375 0.6923868310546875 0.824459876953125
1 0.74794238671875 0.843364197265625 0.7484567900390625 0.8395061728515625 0.75 0.814814814453125 0.7484567900390625 0.7935956787109375 0.7263374482421875 0.79205246875 0.72222222265625 0.7962962958984375 0.7196502060546875 0.8425925927734375 0.7227366259765625 0.8449074072265625 0.744855966796875 0.846064814453125 0.74794238671875 0.843364197265625
1 0.7695473251953125 0.8395061728515625 0.7726337451171875 0.838348765625 0.7746913583984375 0.8344907412109375 0.7767489716796875 0.79282407421875 0.772119341796875 0.7885802470703125 0.769032921875 0.7908950615234375 0.7566872431640626 0.7885802470703125 0.75205761328125 0.789737654296875 0.751028806640625 0.792438271484375 0.7494855966796875 0.8395061728515625 0.7515432099609375 0.841435185546875 0.758230453125 0.8395061728515625 0.7695473251953125 0.8395061728515625
1 0.7865226337890625 0.84722222265625 0.7896090537109375 0.8510802470703125 0.812242798828125 0.84992283984375 0.8153292177734375 0.846836419921875 0.81584362109375 0.8043981484375 0.8143004111328125 0.797839505859375 0.810185185546875 0.7943672841796875 0.8065843623046876 0.7943672841796875 0.8034979423828125 0.792438271484375 0.7885802470703125 0.79205246875 0.78600823046875 0.789737654296875 0.782921810546875 0.792438271484375 0.7844650205078125 0.79552469140625 0.782921810546875 0.800540123046875 0.787037037109375 0.80632716015625 0.7865226337890625 0.84722222265625
1 0.8467078193359375 0.8587962958984375 0.84979423828125 0.8560956787109375 0.84979423828125 0.807098765625 0.8456790126953125 0.8028549384765625 0.8415637861328125 0.80169753125 0.8225308642578125 0.801311728515625 0.818930041015625 0.8032407412109375 0.8184156376953124 0.8425925927734375 0.8204732509765625 0.8564814814453126 0.82407407421875 0.85802469140625 0.8467078193359375 0.8587962958984375
1 0.9994855966796875 0.7364969140625 0.9994855966796875 0.6662808642578125 0.9907407412109375 0.6666666669921875 0.9845679013671875 0.65972222265625 0.980967078125 0.6601080244140625 0.97890946484375 0.66705246875 0.971193416015625 0.675540123046875 0.9717078193359375 0.730709876953125 0.97479423828125 0.7341820986328125 0.9850823046875 0.7372685185546874 0.9994855966796875 0.7364969140625
1 0.8786008232421875 0.8564814814453126 0.880144033203125 0.83487654296875 0.880144033203125 0.8086419755859375 0.869855966796875 0.800540123046875 0.866769546875 0.800540123046875 0.8600823046875 0.804012345703125 0.854938271484375 0.8028549384765625 0.850823044921875 0.8059413583984375 0.8503086416015625 0.855709876953125 0.8544238681640625 0.8587962958984375 0.8765432099609375 0.8595679013671875 0.8786008232421875 0.8564814814453126
1 0.91512345703125 0.8591820986328125 0.9156378603515625 0.812114197265625 0.9115226337890625 0.809413580078125 0.8873456787109375 0.8059413583984375 0.88580246875 0.807098765625 0.886831275390625 0.8591820986328125 0.8899176953125 0.8614969140625 0.91306584375 0.8614969140625 0.91512345703125 0.8591820986328125
1 0.94495884765625 0.860339505859375 0.945987654296875 0.812114197265625 0.924897119140625 0.80902777734375 0.918209876953125 0.812885802734375 0.9171810703125 0.8595679013671875 0.9197530859375 0.8614969140625 0.9423868310546875 0.8626543212890625 0.94495884765625 0.860339505859375
1 0.97479423828125 0.8591820986328125 0.97479423828125 0.8194444443359375 0.970164609375 0.8086419755859375 0.9526748974609375 0.8105709873046875 0.94907407421875 0.812885802734375 0.9475308642578125 0.8279320986328125 0.9475308642578125 0.8614969140625 0.9495884775390625 0.8626543212890625 0.9727366259765625 0.8622685185546874 0.97479423828125 0.8591820986328125
1 0.9994855966796875 0.8649691357421875 0.9994855966796875 0.8117283955078125 0.9876543212890625 0.810185185546875 0.980967078125 0.812885802734375 0.980967078125 0.849151234375 0.9783950615234375 0.8595679013671875 0.984053498046875 0.8645833330078125 0.9994855966796875 0.8649691357421875
1 0.876028806640625 0.733410494140625 0.88580246875 0.7322530859375 0.8883744853515625 0.7280092587890625 0.88786008203125 0.6917438271484375 0.8899176953125 0.67862654296875 0.8873456787109375 0.670910494140625 0.8796296298828125 0.6628086416015625 0.8734567900390625 0.66512345703125 0.859053498046875 0.6662808642578125 0.852880658203125 0.6751543212890625 0.8513374482421875 0.727237654296875 0.8544238681640625 0.729938271484375 0.8626543212890625 0.7322530859375 0.876028806640625 0.733410494140625
1 0.9274691357421875 0.7310956787109375 0.9284979423828125 0.7172067900390625 0.926954732421875 0.7025462958984375 0.9295267490234375 0.675540123046875 0.9243827158203125 0.6712962958984375 0.918209876953125 0.6601080244140625 0.914094650390625 0.661265431640625 0.9135802470703125 0.66705246875 0.9007201650390625 0.66705246875 0.8924897119140625 0.6747685185546874 0.8904320986328125 0.729938271484375 0.8966049384765625 0.732638888671875 0.9254115224609375 0.7341820986328125 0.9274691357421875 0.7310956787109375
0 0.8310546875 0.6025390625 0.8681640625 0.6025390625 0.876953125 0.60546875 0.875 0.6162109375 0.8681640625 0.619140625 0.8515625 0.619140625 0.83203125 0.6162109375 0.830078125 0.6123046875 0.8310546875 0.603515625
0 0.533203125 0.58984375 0.5859375 0.5888671875 0.5888671875 0.5927734375 0.5888671875 0.6083984375 0.560546875 0.611328125 0.52734375 0.6103515625 0.5244140625 0.6064453125 0.5234375 0.59375 0.525390625 0.5908203125 0.5322265625 0.5908203125
0 0.7958984375 0.7548828125 0.810546875 0.75390625 0.8134765625 0.7568359375 0.8125 0.765625 0.7998046875 0.7666015625 0.7958984375 0.763671875 0.7958984375 0.755859375
0 0.953125 0.2822265625 0.9677734375 0.28515625 0.9677734375 0.2958984375 0.9619140625 0.298828125 0.9462890625 0.30078125 0.919921875 0.2998046875 0.91796875 0.298828125 0.91796875 0.287109375 0.919921875 0.28515625 0.9521484375 0.2822265625
0 0.8330078125 0.8837890625 0.8447265625 0.884765625 0.8486328125 0.8876953125 0.84765625 0.8984375 0.8447265625 0.9013671875 0.818359375 0.9013671875 0.8046875 0.900390625 0.8017578125 0.8984375 0.8017578125 0.88671875 0.8037109375 0.8837890625 0.83203125 0.8837890625
0 0.3623046875 0.8603515625 0.373046875 0.86328125 0.384765625 0.86328125 0.392578125 0.8671875 0.396484375 0.8740234375 0.39453125 0.87890625 0.380859375 0.8798828125 0.369140625 0.8798828125 0.349609375 0.8759765625 0.3486328125 0.8623046875 0.3505859375 0.8603515625 0.361328125 0.8603515625
0 0 0.7236328125 0.03515625 0.724609375 0.0380859375 0.7265625 0.03515625 0.7373046875 0.015625 0.740234375 0 0.73828125 0 0.724609375
0 0.224609375 0.732421875 0.259765625 0.7333984375 0.2626953125 0.734375 0.2626953125 0.7451171875 0.2587890625 0.748046875 0.25 0.7490234375 0.2236328125 0.748046875 0.220703125 0.744140625 0.220703125 0.734375 0.2236328125 0.7333984375
0 0.3935546875 0.7373046875 0.4052734375 0.740234375 0.4052734375 0.748046875 0.4013671875 0.7509765625 0.3828125 0.7529296875 0.3623046875 0.751953125 0.361328125 0.73828125 0.392578125 0.7373046875
0 0.103515625 0.5927734375 0.107421875 0.595703125 0.1064453125 0.6005859375 0.091796875 0.6044921875 0.0771484375 0.6025390625 0.076171875 0.595703125 0.0830078125 0.591796875 0.1025390625 0.5927734375
0 0.033203125 0.5869140625 0.03515625 0.5888671875 0.0341796875 0.595703125 0.0205078125 0.599609375 0.0126953125 0.59765625 0.01171875 0.5888671875 0.013671875 0.5869140625 0.0322265625 0.5869140625
0 0.9580078125 0.7587890625 0.9833984375 0.7607421875 0.9853515625 0.771484375 0.9814453125 0.7763671875 0.96484375 0.7763671875 0.9365234375 0.7724609375 0.935546875 0.7666015625 0.9375 0.759765625 0.95703125 0.7587890625
0 0.9375 0.7724609375 0.9375 0.7607421875 0.9423828125 0.7587890625 0.95703125 0.7587890625 0.96484375 0.7626953125 0.958984375 0.7734375 0.9384765625 0.7724609375
0 0.5751953125 0.744140625 0.5927734375 0.7451171875 0.59375 0.7470703125 0.5869140625 0.7587890625 0.578125 0.7607421875 0.5400390625 0.7587890625 0.53515625 0.7548828125 0.5361328125 0.744140625 0.5390625 0.7421875 0.57421875 0.744140625
0 0.53515625 0.8701171875 0.54296875 0.8720703125 0.552734375 0.87109375 0.560546875 0.8740234375 0.5595703125 0.8837890625 0.5498046875 0.8876953125 0.5302734375 0.8876953125 0.5166015625 0.8837890625 0.517578125 0.8720703125 0.521484375 0.8701171875 0.5341796875 0.8701171875
0 0.04296875 0.83984375 0.09375 0.845703125 0.0966796875 0.8486328125 0.0966796875 0.859375 0.0927734375 0.86328125 0.03515625 0.8603515625 0.0322265625 0.8583984375 0.0322265625 0.8408203125 0.0419921875 0.83984375
0 0.2939453125 0.44140625 0.318359375 0.443359375 0.3212890625 0.4462890625 0.322265625 0.45703125 0.3203125 0.4609375 0.279296875 0.458984375 0.2763671875 0.4501953125 0.27734375 0.4423828125 0.29296875 0.44140625
0 0.2080078125 0.5888671875 0.2255859375 0.591796875 0.224609375 0.6005859375 0.2138671875 0.60546875 0.2099609375 0.60546875 0.20703125 0.6015625 0.1982421875 0.6025390625 0.189453125 0.6005859375 0.1884765625 0.5986328125 0.1884765625 0.5908203125 0.1923828125 0.5888671875 0.20703125 0.5888671875
0 0.048828125 0.5869140625 0.0517578125 0.5888671875 0.0517578125 0.59375 0.0439453125 0.59765625 0.03515625 0.5966796875 0.03515625 0.5888671875 0.037109375 0.5869140625 0.0478515625 0.5869140625
0 0.20703125 0.5888671875 0.2109375 0.591796875 0.208984375 0.5966796875 0.197265625 0.6005859375 0.1884765625 0.5986328125 0.1884765625 0.5908203125 0.19140625 0.5888671875 0.2060546875 0.5888671875
0 0.787109375 0.7529296875 0.79296875 0.755859375 0.79296875 0.7626953125 0.791015625 0.765625 0.7822265625 0.7685546875 0.76953125 0.7666015625 0.767578125 0.763671875 0.767578125 0.7548828125 0.76953125 0.7529296875 0.7861328125 0.7529296875
0 0.14453125 0.5888671875 0.1455078125 0.5927734375 0.1396484375 0.5986328125 0.130859375 0.6005859375 0.1201171875 0.5966796875 0.1201171875 0.587890625 0.1435546875 0.5888671875
0 0.2021484375 0.732421875 0.2041015625 0.734375 0.2041015625 0.744140625 0.1962890625 0.748046875 0.1630859375 0.748046875 0.1611328125 0.74609375 0.1611328125 0.736328125 0.1640625 0.732421875 0.16796875 0.7314453125 0.201171875 0.732421875
0 0.7060546875 0.59765625 0.7109375 0.599609375 0.7099609375 0.611328125 0.6962890625 0.615234375 0.6689453125 0.61328125 0.6650390625 0.607421875 0.6650390625 0.599609375 0.6669921875 0.59765625 0.677734375 0.5966796875 0.705078125 0.59765625
0 0 0.8388671875 0.0224609375 0.841796875 0.025390625 0.8447265625 0.0205078125 0.857421875 0.01171875 0.859375 0 0.8583984375 0 0.83984375
0 0.7138671875 0.75 0.71484375 0.7607421875 0.7099609375 0.765625 0.6689453125 0.7646484375 0.6669921875 0.7626953125 0.6669921875 0.7548828125 0.66796875 0.75 0.6708984375 0.748046875 0.712890625 0.75
0 0.6572265625 0.876953125 0.6875 0.876953125 0.6982421875 0.8798828125 0.6982421875 0.8857421875 0.6953125 0.888671875 0.6669921875 0.892578125 0.65625 0.88671875 0.6552734375 0.8798828125 0.6572265625 0.8779296875
0 0.4228515625 0.587890625 0.4541015625 0.5888671875 0.4560546875 0.591796875 0.4560546875 0.6064453125 0.453125 0.6103515625 0.38671875 0.609375 0.384765625 0.595703125 0.38671875 0.5908203125 0.421875 0.587890625
0 0.69140625 0.7490234375 0.6943359375 0.7509765625 0.6943359375 0.759765625 0.6875 0.7646484375 0.66796875 0.7626953125 0.6669921875 0.75390625 0.6708984375 0.748046875 0.6904296875 0.7490234375
0 0.2333984375 0.85546875 0.232421875 0.8671875 0.220703125 0.87109375 0.193359375 0.8671875 0.19140625 0.8642578125 0.19140625 0.85546875 0.1953125 0.8525390625 0.232421875 0.85546875
0 0.853515625 0.755859375 0.875 0.755859375 0.880859375 0.7587890625 0.876953125 0.7705078125 0.873046875 0.7724609375 0.8623046875 0.7724609375 0.8525390625 0.76953125 0.853515625 0.7568359375
0 0.0927734375 0.728515625 0.1015625 0.73046875 0.1025390625 0.7333984375 0.0986328125 0.7412109375 0.095703125 0.740234375 0.0927734375 0.7421875 0.0712890625 0.7421875 0.0654296875 0.7412109375 0.0625 0.73828125 0.064453125 0.7275390625 0.091796875 0.728515625
1 0.9356995888671875 0.7283950615234375 0.939814814453125 0.7280092587890625 0.9444444443359375 0.7345679013671875 0.962962962890625 0.735339505859375 0.9660493828125 0.73302469140625 0.96810699609375 0.7280092587890625 0.967078189453125 0.70177469140625 0.969135802734375 0.67862654296875 0.96193415625 0.6693672841796875 0.9603909462890625 0.661265431640625 0.939814814453125 0.6601080244140625 0.937757201171875 0.66705246875 0.9305555556640625 0.6770833330078125 0.9305555556640625 0.7214506171875 0.9336419755859375 0.723765431640625 0.9336419755859375 0.7268518515625 0.9356995888671875 0.7283950615234375
1 0.33487654296875 0.3996913583984375 0.3374485595703125 0.391589505859375 0.3384773662109375 0.3703703701171875 0.3384773662109375 0.35532407421875 0.33693415625 0.3537808642578125 0.299897119140625 0.3518518515625 0.284979423828125 0.355709876953125 0.2824074072265625 0.3614969140625 0.2824074072265625 0.3881172841796875 0.28600823046875 0.3969907412109375 0.2988683125 0.3993055556640625 0.33487654296875 0.3996913583984375
1 0.2906378603515625 0.5389660498046875 0.3153292177734375 0.5393518515625 0.3245884775390625 0.536265431640625 0.3276748974609375 0.5327932099609375 0.3287037041015625 0.5189043212890625 0.32407407421875 0.4818672841796875 0.316872427734375 0.479938271484375 0.28600823046875 0.4787808642578125 0.2803497939453125 0.480709876953125 0.2726337451171875 0.4872685185546875 0.27520576171875 0.525848765625 0.2793209873046875 0.5378086416015625 0.28600823046875 0.5405092587890625 0.2906378603515625 0.5389660498046875
1 0.325102880859375 0.6099537041015625 0.3287037041015625 0.60262345703125 0.32407407421875 0.556712962890625 0.3153292177734375 0.5547839501953125 0.2824074072265625 0.5547839501953125 0.276234568359375 0.559413580078125 0.2716049384765625 0.5663580244140625 0.2757201650390625 0.6118827158203125 0.282921810546875 0.616512345703125 0.3184156376953125 0.61419753125 0.325102880859375 0.6099537041015625
1 0.3184156376953125 0.6890432099609375 0.3256172841796875 0.68132716015625 0.327160494140625 0.6751543212890625 0.327160494140625 0.6574074072265625 0.3235596708984375 0.630401234375 0.316872427734375 0.6288580244140625 0.282921810546875 0.627314814453125 0.2746913583984375 0.63657407421875 0.272119341796875 0.6404320986328125 0.2746913583984375 0.6863425927734375 0.28600823046875 0.689814814453125 0.3184156376953125 0.6890432099609375