1 0 0.028953322265625 0.0168542392578125 0.1270123828125 0.0237769755859375 0.1509884892578125 0.0453724951171875 0.1502430478515625 0.051617640625 0.15146108203125 0.1168169443359375 0.147271466796875 0.1183871455078125 0.1379172099609375 0.1046557373046875 0.0331682275390625 0.100887041015625 0.020230451171875 0.0002021708984375 0.02550712109375 0 0.0267115283203125 0 0.028953322265625
1 0.12770556640625 0.148632478515625 0.1349377255859375 0.1490261201171875 0.21509485546875 0.1452115947265625 0.216624673828125 0.135086791015625 0.2113707333984375 0.0839799921875 0.2010582138671875 0.0149807021484375 0.105510326171875 0.019988154296875 0.1097861669921875 0.0622605791015625 0.122427244140625 0.1462047802734375 0.12770556640625 0.148632478515625
1 0.2097910849609375 0.0145230322265625 0.207666802734375 0.0231336630859375 0.213869736328125 0.0923483271484375 0.2182465341796875 0.1365471201171875 0.221712359375 0.143705791015625 0.224341423828125 0.1447270029296875 0.2721961337890625 0.1437643720703125 0.313765314453125 0.1408131591796875 0.3157393427734375 0.139164376953125 0.31411512109375 0.1180012431640625 0.3071449169921875 0.0341461767578125 0.3032841796875 0.0096232666015625 0.2097910849609375 0.0145230322265625
1 0.3104515732421875 0.0579254619140625 0.316836228515625 0.1306075888671875 0.3203626279296875 0.138922080078125 0.328723140625 0.1411882490234375 0.3606532021484375 0.1410601923828125 0.402837037109375 0.140008427734375 0.407873064453125 0.1378128408203125 0.4109237861328125 0.1272219970703125 0.4059858232421875 0.023171166015625 0.4034553515625 0.004373517578125 0.308421162109375 0.009354048828125 0.3104515732421875 0.0579254619140625
1 0.4869070390625 0 0.4142430166015625 0.00380816015625 0.411524271484375 0.0109046181640625 0.4100864951171875 0.032614556640625 0.4119488212890625 0.1074653486328125 0.414551142578125 0.137462857421875 0.425439763671875 0.138823869140625 0.5067252470703125 0.1368818681640625 0.5089772294921875 0.101221310546875 0.507749353515625 0 0.4869070390625 0
1 0.5118219150390625 0 0.5098543720703125 0.1081293154296875 0.5107742587890625 0.1355106728515625 0.5165460888671874 0.13752617578125 0.531091171875 0.1398545556640625 0.5510042587890625 0.1364929638671875 0.6004000625 0.1354495673828125 0.603874802734375 0.1329494716796875 0.6085581298828125 0.0453930146484375 0.60843785546875 0 0.5118219150390625 0
1 0.613047259765625 0 0.612068529296875 0.004257857421875 0.6080289638671875 0.0844402705078125 0.606674314453125 0.1273941083984375 0.60743030859375 0.1319904716796875 0.6100997578125 0.1337822314453125 0.65181027734375 0.133527935546875 0.6688834697265625 0.134951158203125 0.69460876953125 0.1343756171875 0.697610193359375 0.1326729912109375 0.6998960068359374 0.1271445498046875 0.705025904296875 0.0677669189453125 0.704106017578125 0.0403855625 0.7067948310546875 0 0.613047259765625 0
1 0.7101553330078125 0 0.71080192578125 0.0207180478515625 0.7089288544921875 0.02429319921875 0.707037953125 0.0471858798828125 0.702715708984375 0.1219744599609375 0.70525509375 0.13111334375 0.7187525908203125 0.13311029296875 0.7923325986328125 0.131572119140625 0.795957591796875 0.12211017578125 0.8072090927734376 0 0.7101553330078125 0
1 0.8086906337890625 0 0.808231798828125 0.0024766787109375 0.8078012275390625 0.0237475 0.800183603515625 0.0848008349609375 0.797983279296875 0.1312759794921875 0.833589994140625 0.13250056640625 0.8436822392578125 0.1284946669921875 0.8523949189453125 0.12765172265625 0.857179734375 0.1304916171875 0.8644522763671875 0.131655806640625 0.8834187314453125 0.1298891533203125 0.8856843525390625 0.1239754375 0.885531736328125 0.111234482421875 0.8892262197265625 0.0932695947265625 0.8944772666015625 0.0362036064453125 0.90040590234375 0.001895689453125 0.900471994140625 0 0.8086906337890625 0
1 0.90217379296875 0 0.887929783203125 0.1176764482421875 0.8875485087890626 0.130059052734375 0.8933001474609376 0.13168928125 0.947440384765625 0.1327152314453125 0.9597085703125 0.130913287109375 0.96901571484375 0.1315845166015625 0.9745250556640624 0.1285914609375 0.976819783203125 0.1134042529296875 0.979619294921875 0.107848890625 0.973967173828125 0 0.90217379296875 0
1 0.8641659384765625 0.2637963310546875 0.8599173740234375 0.28101759375 0.854060587890625 0.326525369140625 0.854051673828125 0.336184134765625 0.8577687099609375 0.33830732421875 0.93482345703125 0.3342690556640625 0.93603021484375 0.3179798720703125 0.9430379072265626 0.29443269921875 0.9521473291015625 0.2421868173828125 0.952156244140625 0.23252805078125 0.95615359765625 0.22034226953125 0.95899112890625 0.1958546494140625 0.9557070263671875 0.192163443359375 0.93039446875 0.1907856953125 0.888724330078125 0.1918105380859375 0.8748948583984375 0.1933079736328125 0.8739280361328124 0.194517638671875 0.8665996435546875 0.231603236328125 0.8641659384765625 0.2637963310546875
1 0.9595048271484375 0.1958277275390625 0.9602406298828124 0.2000388173828125 0.957954818359375 0.2055672587890625 0.9436525625 0.296332146484375 0.93775303125 0.3213665703125 0.9379056474609375 0.334107525390625 0.9817315361328125 0.33490136328125 0.9913908466796875 0.3324634814453125 0.98392005078125 0.189912197265625 0.964913212890625 0.190908302734375 0.9595048271484375 0.1958277275390625
1 0.7671535302734375 0.319490017578125 0.76555422265625 0.3381177666015625 0.770852736328125 0.34093073828125 0.8231490078125 0.3362583466796875 0.828920837890625 0.3382738505859375 0.844372169921875 0.338236744140625 0.8509492919921875 0.3359603916015625 0.868470353515625 0.2083252802734375 0.86946628125 0.197842125 0.8677030830078125 0.19368487890625 0.8569154169921875 0.194250236328125 0.836659078125 0.1910621748046875 0.8127171708984375 0.196180236328125 0.801848740234375 0.1952044990234375 0.7844637626953125 0.1976609345703125 0.7799034140625 0.21876185546875 0.7671535302734375 0.319490017578125
1 0.6759688017578125 0.338949419921875 0.6808343818359375 0.343330408203125 0.6880867333984375 0.3441093251953125 0.7090877900390625 0.3418497099609375 0.7426195205078125 0.3427967109375 0.7579900869140626 0.3412185087890625 0.7619987177734375 0.339076765625 0.7762291220703125 0.2371120185546875 0.78012315625 0.2032970625 0.77877269921875 0.19718652734375 0.73642733203125 0.1951561025390625 0.7221447353515625 0.19783628125 0.697366068359375 0.196816884765625 0.6908091376953125 0.199478509765625 0.676269310546875 0.3250257216796875 0.6759688017578125 0.338949419921875
1 0.5872290556640625 0.3362597666015625 0.590916984375 0.3476564482421875 0.64697067578125 0.3458777939453125 0.6710135400390626 0.3426861015625 0.67257246484375 0.3232878056640625 0.676800837890625 0.30568126953125 0.6833685126953125 0.2245937001953125 0.68457526953125 0.208304515625 0.6820156923828125 0.198780359375 0.670653755859375 0.1982168173828125 0.6664230205078125 0.1961205498046875 0.6253877294921875 0.1994301142578125 0.5996220478515625 0.1992351083984375 0.5955932265625 0.200991578125 0.58913778515625 0.2940495546875 0.5872290556640625 0.3362597666015625
1 0.4997762978515625 0.230352041015625 0.4996693212890625 0.346257224609375 0.5081105986328125 0.3500644873046875 0.5138016630859376 0.3505388955078125 0.583684826171875 0.3472628046875 0.5848310087890625 0.32981780078125 0.586724271484375 0.3266279228515625 0.5919302109375 0.2293857783203125 0.5914836396484375 0.2012069521484375 0.5794868564453125 0.198358689453125 0.579284943359375 0.1945059521484375 0.5633199130859375 0.1945699794921875 0.5512536396484375 0.2002246611328125 0.5146801025390625 0.2002097392578125 0.502905423828125 0.20159948828125 0.500538845703125 0.2055868349609375 0.4997762978515625 0.230352041015625
1 0.4148485234375 0.349543498046875 0.4200864638671875 0.3512006494140625 0.4524292666015625 0.349119302734375 0.4679613642578125 0.350623291015625 0.497141212890625 0.3471623818359375 0.4994335771484375 0.3122723701171875 0.49745665625 0.205748365234375 0.4906170478515625 0.203016158203125 0.487887025390625 0.2000685771484375 0.487685111328125 0.19621583984375 0.48450196484375 0.194451001953125 0.4534086640625 0.200716515625 0.416422384765625 0.202654884765625 0.40785104296875 0.2061947451171875 0.4071063251953125 0.2116424208984375 0.4148485234375 0.349543498046875
1 0.3121012431640625 0.2073494609375 0.3133732978515625 0.2316217060546875 0.317938369140625 0.2499263935546875 0.318930107421875 0.2885076103515625 0.322185103515625 0.30147230859375 0.3267840068359375 0.34990911328125 0.3295544111328125 0.3536272412109375 0.33269717578125 0.35462153125 0.4102252392578125 0.349785794921875 0.4077055126953125 0.252562203125 0.402633294921875 0.2049228681640625 0.3988556845703125 0.2016438564453125 0.3921574150390625 0.20160856640625 0.3799498037109375 0.20456633203125 0.3481005078125 0.206235482421875 0.3182050478515625 0.2058705771484375 0.3121012431640625 0.2073494609375
1 0.222002123046875 0.20820803515625 0.217540369140625 0.211532521484375 0.2289432216796875 0.3013365947265625 0.2291362197265625 0.3148480966796875 0.2372187763671875 0.3511260400390625 0.2426384384765625 0.3562506552734375 0.2571431396484375 0.3578084873046875 0.302429357421875 0.35698046484375 0.3228965244140625 0.3543624990234375 0.3242760888671875 0.35119954296875 0.3226316748046875 0.329651134765625 0.30987600390625 0.21403372265625 0.3051202939453125 0.201920337890625 0.30370034765625 0.2043127451171875 0.2944941611328125 0.2055678857421875 0.2907165498046875 0.2022888740234375 0.2719318173828125 0.2075229912109375 0.222002123046875 0.20820803515625
1 0.1464355126953125 0.3585881123046875 0.168686072265625 0.360512666015625 0.195337810546875 0.357956912109375 0.22315828515625 0.35804423046875 0.2328579794921875 0.3563768955078125 0.233501740234375 0.3490028505859375 0.2250759306640625 0.3061752529296875 0.2149113037109375 0.2105113095703125 0.2116877734375 0.2079759248046875 0.20087991796875 0.2081560078125 0.1978583017578125 0.209473359375 0.130503248046875 0.21184429296875 0.123432619140625 0.2145328408203125 0.135551083984375 0.3081627275390625 0.1464355126953125 0.3585881123046875
1 0.049041298828125 0.338194419921875 0.04817543359375 0.3413304541015625 0.05592365234375 0.3613999794921875 0.0621889892578125 0.3630032861328125 0.0997293486328125 0.3618085439453125 0.140764640625 0.3584989794921875 0.1420230576171875 0.3530243818359375 0.121357634765625 0.21425525390625 0.1186679951171875 0.2120782197265625 0.1113954541015625 0.21091403125 0.0945039833984375 0.2129582705078125 0.0338471982421875 0.215364494140625 0.027844349609375 0.2187697451171875 0.0459478330078125 0.328311912109375 0.049041298828125 0.338194419921875
1 0 0.3658370908203125 0.018031125 0.365703833984375 0.0498400380859375 0.3632641357421875 0.0521460419921875 0.3581209677734375 0.04558675 0.3410797890625 0.025336431640625 0.22006017578125 0.0173684697265625 0.2154554443359375 0 0.216148126953125 0 0.3658370908203125
1 0 0.5130929638671875 0.000685232421875 0.526167978515625 0.0042609296875 0.525594251953125 0.010880794921875 0.543791251953125 0.0172268974609375 0.546935654296875 0.087049486328125 0.5425037431640625 0.0900307197265625 0.54041584375 0.089748041015625 0.5350220107421875 0.0854745615234375 0.5124523916015625 0.0806897451171875 0.509612498046875 0.0791955859375 0.4811022412109375 0.067110953125 0.417604470703125 0.06232613671875 0.414764576171875 0.052464912109375 0.4133497216796875 0.006765953125 0.4161310341796875 0 0.4180530166015625 0 0.5130929638671875
1 0.072701060546875 0.416152509765625 0.0687731953125 0.41983534765625 0.0796980078125 0.4710312802734375 0.0862911298828125 0.5182045751953125 0.0931129091796875 0.5402543134765625 0.099912134765625 0.54221597265625 0.167760697265625 0.53943284375 0.1702080400390625 0.536986591796875 0.1688866884765625 0.521602564453125 0.1670225322265625 0.51551894921875 0.162156951171875 0.5111379619140625 0.1618606337890625 0.47599728515625 0.1519519404296875 0.414703470703125 0.1497961904296875 0.4128847890625 0.1342640927734375 0.4113807998046875 0.101468166015625 0.4146448896484375 0.0900860380859375 0.41369607421875 0.072701060546875 0.416152509765625
1 0.2150964521484375 0.41062154296875 0.2118527314453125 0.4077008837890625 0.2036335576171875 0.4081316328125 0.1942456484375 0.4059193076171875 0.1852009921875 0.410256638671875 0.1769010537109375 0.4091462919921875 0.17186502734375 0.4113418779296875 0.16313215625 0.4117995478515625 0.1565752255859375 0.4144611748046875 0.154661771484375 0.41726577734375 0.165236779296875 0.4912736259765625 0.1724938525390625 0.5314581513671875 0.1754661708984375 0.539029017578125 0.1833331767578125 0.5417073798828125 0.1967297158203125 0.5417779609375 0.24608513671875 0.5399640166015625 0.2537300380859375 0.538404369140625 0.256650697265625 0.5351606474609375 0.2562670625 0.5278404462890625 0.246208115234375 0.4735084814453125 0.2424032275390625 0.410735783203125 0.239653013671875 0.4074029287109375 0.232279515625 0.404312369140625 0.225390609375 0.410468380859375 0.220787515625 0.411095951171875 0.2150964521484375 0.41062154296875
1 0.246573388671875 0.4116762294921875 0.244186619140625 0.415278302734375 0.2465377294921875 0.450311291015625 0.2602465859375 0.5349721953125 0.2670861943359375 0.53770440234375 0.2805231162109375 0.53854553125 0.340051546875 0.5342667822265625 0.328825693359375 0.4085245654296875 0.323244501953125 0.4003177607421875 0.3158710029296875 0.3972272021484375 0.305184294921875 0.3997189287109375 0.3043790029296875 0.404010783203125 0.29891004296875 0.4077743857421875 0.2952535810546875 0.406807017578125 0.28347890234375 0.4081967666015625 0.2745845 0.4055722470703125 0.260200947265625 0.4063260576171875 0.246573388671875 0.4116762294921875
1 0.35266664453125 0.4014801357421875 0.344900595703125 0.400728140625 0.3363494462890625 0.4046532744140625 0.3314951416015625 0.41031632421875 0.3325765595703125 0.4407798720703125 0.343566669921875 0.532537234375 0.3488046103515625 0.5341943857421875 0.3642357509765625 0.5337720048828125 0.417619994140625 0.530201591796875 0.4205091845703125 0.51652855859375 0.4157238369140625 0.4252186826171875 0.4165267666015625 0.4012240234375 0.4112080625 0.39802577734375 0.4094650537109375 0.3942538056640625 0.398515857421875 0.39173697265625 0.392039693359375 0.395939693359375 0.3926139658203125 0.3970685927734375 0.3750383515625 0.405716330078125 0.35751203515625 0.4054758505859375 0.35266664453125 0.4014801357421875
1 0.4232706748046875 0.5299054521484375 0.43623428125 0.5315440498046875 0.4963773671875 0.5291647490234375 0.499912681640625 0.527820474609375 0.5018665185546874 0.5257864189453125 0.5032817421875 0.48398840234375 0.5032140830078125 0.4237241689453125 0.5028797451171875 0.4075157490234375 0.4988889443359375 0.3903399619140625 0.49145487109375 0.3860935810546875 0.445856869140625 0.390801263671875 0.431886056640625 0.389601783203125 0.4263969072265625 0.3929801123046875 0.4198108701171875 0.40491523046875 0.4185435390625 0.4200485927734375 0.4232706748046875 0.5299054521484375
1 0.523194294921875 0.3921568271484375 0.5218147314453125 0.395319783203125 0.5151770361328125 0.3964403134765625 0.512527779296875 0.3950338271484375 0.5115811474609375 0.396628765625 0.505416767578125 0.3969518271484375 0.5033357626953125 0.5145057939453125 0.50340761328125 0.5257056533203125 0.506610951171875 0.5278557646484375 0.5549591669921875 0.5264809375 0.5658275966796875 0.52745667578125 0.576040990234375 0.5257624189453125 0.582496962890625 0.521174423828125 0.5877432861328125 0.4247028271484375 0.58708588671875 0.4023300283203125 0.576881408203125 0.39436551953125 0.571239642578125 0.38500289453125 0.555436142578125 0.38814911328125 0.555144548828125 0.3924140458984375 0.54665397265625 0.397495 0.5363598154296875 0.3976481630859375 0.53143366015625 0.3921113525390625 0.523194294921875 0.3921568271484375
1 0.5853814306640625 0.4680957822265625 0.58442824609375 0.499052291015625 0.5850856455078125 0.5214250888671875 0.586727697265625 0.5232706923828125 0.651615216796875 0.522960736328125 0.660287513671875 0.5213472451171876 0.6621605859375 0.5177720947265625 0.6620976494140625 0.49691346875 0.6708590947265625 0.39871232421875 0.6665677861328125 0.395460234375 0.6624985830078125 0.3964461572265625 0.6562534375 0.3952281240234375 0.65176021484375 0.388123296875 0.6450417548828125 0.387702732421875 0.6412350380859375 0.393697212890625 0.628533919921875 0.397067173828125 0.5919805732421874 0.3974375263671875 0.5853814306640625 0.4680957822265625
1 0.6662969169921875 0.4885804248046875 0.664423845703125 0.4921555751953125 0.665404306640625 0.52069275390625 0.684390953125 0.5193113740234375 0.71746955859375 0.5214411171875 0.736415822265625 0.519289189453125 0.7399309453125 0.517559642578125 0.7462117490234375 0.4801426142578125 0.7542712216796875 0.4078624970703125 0.7515703056640625 0.3956414248046875 0.735614189453125 0.3860466875 0.7248063330078125 0.386226771484375 0.7138280322265625 0.3929834306640625 0.6936928408203125 0.39210701171875 0.677315068359375 0.394124330078125 0.67382013671875 0.3962391513671875 0.6655498369140626 0.4743252958984375 0.6662969169921875 0.4885804248046875
1 0.74448237890625 0.506117486328125 0.74439269921875 0.51423515625 0.7528743603515625 0.5188129658203126 0.7615668486328125 0.517584748046875 0.774490072265625 0.518452798828125 0.78211478125 0.516507876953125 0.7940307998046875 0.517815044921875 0.816633525390625 0.516630486328125 0.8216695517578125 0.5144348984375 0.8383965986328125 0.401135681640625 0.8381543017578125 0.396512396484375 0.8338024189453125 0.392104486328125 0.8022043349609375 0.38873815625 0.784305658203125 0.3912215146484375 0.760121455078125 0.391716291015625 0.7566467138671875 0.3942163857421875 0.74448237890625 0.506117486328125
1 0.8775071591796875 0.390586681640625 0.8661856044921875 0.3907936875 0.8573315859375 0.3889397158203125 0.842515099609375 0.3912615419921875 0.8301554033203125 0.4699483349609375 0.8265440478515625 0.509157123046875 0.8269074921875 0.5160920498046875 0.82904305078125 0.5175254580078125 0.879013126953125 0.5176109609375 0.9021093603515625 0.5160142060546875 0.9041035791015625 0.5147506982421876 0.91280262109375 0.48416091015625 0.9183072392578125 0.44176224609375 0.9242067705078125 0.4167278212890625 0.926097671875 0.3938351396484375 0.9242940888671874 0.388907345703125 0.9196909951171875 0.389534916015625 0.9087619912109375 0.387403357421875 0.905296166015625 0.3802446875 0.89966567578125 0.3809261005859375 0.8775071591796875 0.390586681640625
1 0.976117044921875 0.3850324248046875 0.9647349169921875 0.3840836083984375 0.9545820986328125 0.3869336875 0.940671861328125 0.3868900283203125 0.9299447705078125 0.3886112060546875 0.9258464609375 0.3988706201171875 0.908071826171875 0.5118384072265625 0.919534720703125 0.5143283173828125 0.9303021943359375 0.5133776865234375 0.9355199423828126 0.5146495634765625 0.9786907919921874 0.5127734072265625 0.984099177734375 0.507853982421875 0.9862727578125 0.4903551337890625 0.9901691552734375 0.4762429833984375 0.9940768271484375 0.47217487109375 0.9934710869140625 0.4606166591796875 0.9975693974609375 0.45035724609375 0.994096486328125 0.384090162109375 0.9857965478515625 0.3829798154296875 0.981384091796875 0.377416083984375 0.9783826669921875 0.379118708984375 0.976117044921875 0.3850324248046875
1 0.03289378125 0.58049812890625 0.03071783984375 0.5782941728515625 0.0105826494140625 0.5774177548828126 0.0033908720703125 0.57779466015625 0.00987229296875 0.701467529296875 0.0505352255859375 0.7008818037109374 0.0584717197265625 0.69505722265625 0.0531999501953125 0.663267955078125 0.03289378125 0.58049812890625
1 0.062148373046875 0.696409865234375 0.066973572265625 0.7000203056640625 0.1019252490234375 0.6985748984375 0.1198239248046875 0.696091541015625 0.12377198046875 0.6927939765625 0.1250303974609375 0.68731937890625 0.1212100419921875 0.6635670166015625 0.1007221513671875 0.5773297255859375 0.09595752734375 0.57487510546875 0.0887253671875 0.5744814638671875 0.04656172265625 0.5759185029296875 0.038896630859375 0.577092876953125 0.0354218896484375 0.5795929716796875 0.0372771318359375 0.5953353515625 0.062148373046875 0.696409865234375
1 0.1048721201171875 0.5778848994140625 0.110657587890625 0.6096472451171875 0.1288685810546875 0.6917542119140625 0.136201697265625 0.69407422265625 0.1496184267578125 0.6945300771484375 0.185043419921875 0.6922872001953125 0.187409998046875 0.688299853515625 0.1855838623046875 0.663283982421875 0.175383576171875 0.606255099609375 0.1761686767578125 0.60157797265625 0.169598109375 0.57449275390625 0.16277869140625 0.5721458212890626 0.1462393876953125 0.57108094921875 0.1154376806640625 0.57308153125 0.10629206640625 0.5754924912109375 0.1048721201171875 0.5778848994140625
1 0.2200011181640625 0.573010240234375 0.2168179716796875 0.5712454013671875 0.1901056591796875 0.5726453349609375 0.1855631396484375 0.5744287255859375 0.1791677392578125 0.580172541015625 0.1768617353515625 0.585315708984375 0.191741689453125 0.692322490234375 0.1959522333984375 0.6940334853515625 0.2293224326171875 0.691898294921875 0.2495181982421875 0.69393053515625 0.267809423828125 0.6891086142578124 0.270075044921875 0.6831948984375 0.2576188310546875 0.5929492080078125 0.257099630859375 0.583042279296875 0.2612181318359375 0.573168138671875 0.259515505859375 0.5701667158203125 0.25178983984375 0.5701852685546875 0.2499167685546875 0.5737604189453125 0.2402170751953125 0.5754277548828125 0.2309301220703125 0.575141798828125 0.224029939453125 0.5712537705078125 0.2200011181640625 0.573010240234375
1 0.291959265625 0.570011736328125 0.268369525390625 0.5720206875 0.2601010556640625 0.5813396533203125 0.25978035546875 0.594878078125 0.2631766923828125 0.6105396923828125 0.2666068583984375 0.656333423828125 0.2728858330078125 0.68768357421875 0.2750415830078125 0.689502255859375 0.306336796875 0.6870894794921875 0.3342178466796875 0.688332619140625 0.3418829384765625 0.687158244140625 0.3463446923828125 0.6838337578125 0.342694783203125 0.6535048203125 0.33872600390625 0.5679471279296875 0.3345558427734375 0.567006681640625 0.3258633544921875 0.5682348984375 0.3167985068359375 0.572186955078125 0.306735369140625 0.56691936328125 0.291959265625 0.570011736328125
1 0.3489737587890625 0.6848549716796875 0.3578075859375 0.6863236689453125 0.386060994140625 0.684842970703125 0.42083094921875 0.6799300986328125 0.4174228037109375 0.5657544638671875 0.4152872451171875 0.5643210556640625 0.4075413876953125 0.563954333984375 0.3937119150390625 0.5654517705078125 0.3861477802734375 0.568552513671875 0.37419137890625 0.566474798828125 0.351115337890625 0.568456826171875 0.3449913408203125 0.569550435546875 0.33826396484375 0.57878863671875 0.343298162109375 0.645360228515625 0.3489737587890625 0.6848549716796875
1 0.42558140234375 0.5641678935546875 0.42159296484375 0.56669491015625 0.4207270986328125 0.5698309443359375 0.4204984404296875 0.594954501953125 0.4248193876953125 0.6774030830078125 0.4271366689453125 0.6823039541015625 0.4333818134765625 0.6835219873046875 0.4724632685546875 0.6822464794921875 0.49449172265625 0.679933021484375 0.4971700859375 0.672066015625 0.49570739453125 0.6539850712890625 0.49764523046875 0.6025013681640625 0.4971986591796875 0.5743225419921875 0.4950922060546875 0.5636156416015625 0.4867922685546875 0.5625052958984375 0.4828644033203125 0.5661881337890625 0.474030576171875 0.5647194345703125 0.4704750703125 0.565678435546875 0.4631015712890625 0.5625878759765625 0.42558140234375 0.5641678935546875
1 0.49891309375 0.6758379873046875 0.50061571875 0.678839412109375 0.5037584833984375 0.6798337021484375 0.57010633203125 0.67790188671875 0.5730673740234375 0.6754287138671875 0.5749220830078124 0.602701111328125 0.5723916123046875 0.583903462890625 0.57470653125 0.5691015302734375 0.56438090625 0.55882537890625 0.5330251171875 0.5600823349609375 0.516194220703125 0.563282396484375 0.507169755859375 0.568005 0.5012565869140625 0.563292580078125 0.500269572265625 0.5641169716796876 0.498598947265625 0.6600148427734375 0.49891309375 0.6758379873046875
1 0.6114908974609375 0.563310423828125 0.6041981640625 0.5617609609375 0.598879458984375 0.5585627138671875 0.5782911435546875 0.5588690390625 0.57526952734375 0.560186390625 0.577317767578125 0.5894402724609376 0.575579482421875 0.6250739091796875 0.5762909033203125 0.677964099609375 0.5851247314453125 0.6794327978515625 0.6461740654296875 0.674688009765625 0.6485608359375 0.6710859365234375 0.6492224267578125 0.6443943623046875 0.6521811064453125 0.6222183837890625 0.654159326171875 0.571505228515625 0.6527684853515625 0.56462414453125 0.64667359375 0.55644426171875 0.640942146484375 0.555199306640625 0.625551388671875 0.556392234375 0.6196293046875 0.561338580078125 0.61549952734375 0.561168681640625 0.6114908974609375 0.563310423828125
1 0.688283158203125 0.55426359765625 0.6518105771484375 0.5561750439453125 0.6548636611328125 0.5652870048828125 0.6553595302734375 0.5845776142578125 0.6497497626953125 0.674114283203125 0.65500789453125 0.6761567080078125 0.682828369140625 0.6762440263671875 0.70378904296875 0.6732138642578125 0.7192403759765625 0.6731767578125 0.7226747333984375 0.669906115234375 0.7254225849609375 0.653536166015625 0.7283676279296875 0.6016133447265625 0.7328875927734375 0.5797418759765625 0.7314652841796875 0.56243148046875 0.7233357919921874 0.5547445576171876 0.717009880859375 0.5519854287109375 0.692000193359375 0.556386787109375 0.688283158203125 0.55426359765625
1 0.79003580859375 0.5497036298828125 0.78497958984375 0.551513943359375 0.7792279521484375 0.54988371484375 0.775199130859375 0.55164018359375 0.75200194140625 0.5513105693359375 0.72691148828125 0.55417083203125 0.733066953125 0.5635065361328125 0.7342267744140625 0.575808373046875 0.72912362109375 0.606209708984375 0.72789903515625 0.641816423828125 0.7242562109375 0.6705958984375 0.72643215234375 0.672799853515625 0.7332111865234375 0.6743762392578125 0.771698177734375 0.671586556640625 0.796416271484375 0.6714501328125 0.798883806640625 0.6693891552734375 0.8021429951171875 0.633289478515625 0.805112951171875 0.621157541015625 0.8109584619140625 0.565605724609375 0.8097291513671875 0.5618068310546875 0.7999979892578125 0.5530448544921875 0.79003580859375 0.5497036298828125
1 0.8013602568359375 0.657669412109375 0.8025604609375 0.6707417978515625 0.865886693359375 0.670127333984375 0.872544580078125 0.669392076171875 0.8760395107421876 0.667277255859375 0.8926679619140625 0.5717544736328125 0.892676876953125 0.562095708984375 0.8877103388671875 0.5557883505859375 0.8783022392578125 0.55319075390625 0.8750787099609375 0.5506553681640625 0.85855959765625 0.5499757705078125 0.8470619599609375 0.55173733203125 0.8384647890625 0.5498698984375 0.8168894599609375 0.55100061328125 0.8124478974609375 0.554710373046875 0.808807435546875 0.60319265234375 0.8013602568359375 0.657669412109375
1 0.8880019326171875 0.55152341796875 0.89372446484375 0.562427138671875 0.8952162626953125 0.5712345908203125 0.891772990234375 0.584163998046875 0.8930830654296875 0.58950398828125 0.887374171875 0.608347111328125 0.884689255859375 0.645575685546875 0.8785676201171875 0.6663720986328125 0.8854879951171875 0.670645400390625 0.9277324052734375 0.6707494560546875 0.9533769384765625 0.6686328193359375 0.95617644921875 0.66307745703125 0.9752029462890625 0.573996640625 0.975483263671875 0.559687669921875 0.95258658203125 0.5454343564453125 0.8965732734375 0.54798355859375 0.8880019326171875 0.55152341796875
1 1 0.54556660546875 0.9799135498046875 0.5459338701171875 0.97278234765625 0.5474665966796874 0.969307607421875 0.5499666923828125 0.97002321875 0.5537925078125 0.977538056640625 0.559579982421875 0.9774281845703126 0.56731237890625 0.9571230810546875 0.6614825185546875 0.9568112958984375 0.6653621767578125 0.9621300009765625 0.668560421875 0.990484365234375 0.6690060927734375 1 0.6671051748046875 1 0.54556660546875
1 0.0178135107421875 0.7350485576171875 0.019114671875 0.7500473115234375 0.0296962314453125 0.7946935908203125 0.0606594697265625 0.79577519921875 0.06573587890625 0.79435016015625 0.0676493330078125 0.7915455576171875 0.0548199814453125 0.7334954619140625 0.043931359375 0.7321344521484375 0.0178135107421875 0.7350485576171875
1 0.110084380859375 0.7854583115234375 0.098524720703125 0.731977658203125 0.0958754638671875 0.730571171875 0.085581306640625 0.730724333984375 0.057982935546875 0.7348750263671875 0.063497001953125 0.7712875791015625 0.070399546875 0.794878412109375 0.078699484375 0.7959887578125 0.1043440185546875 0.79387212109375 0.108765390625 0.789777087890625 0.110084380859375 0.7854583115234375
1 0.1527819150390625 0.7843796240234375 0.1551888759765625 0.7811628251953125 0.1518216455078125 0.7562277197265626 0.144134 0.737314015625 0.1442034892578125 0.7288110712890625 0.138925166015625 0.726383373046875 0.10247277734375 0.72868009375 0.10180882421875 0.735668865234375 0.1117668154296875 0.7880744619140625 0.1134088662109375 0.7899200654296875 0.1447444638671875 0.7882778359375 0.1527819150390625 0.7843796240234375
1 0.1683745859375 0.78703943359375 0.1894362177734375 0.785935640625 0.1934650390625 0.784179171875 0.1953583017578125 0.780989294921875 0.187968802734375 0.728449087890625 0.18472508203125 0.7255284287109375 0.18057511328125 0.724973255859375 0.1717115625 0.7262104384765625 0.1578916220703125 0.7246167197265625 0.1517474326171875 0.7253250546875 0.14876619921875 0.7274129541015625 0.1593590361328125 0.782103271484375 0.16210925 0.785436126953125 0.1683745859375 0.78703943359375
1 0.2296591318359375 0.7278095185546875 0.2244010009765625 0.72576709375 0.1910711845703125 0.72867283203125 0.193361720703125 0.7625499990234375 0.1977765390625 0.78781653515625 0.2035887509765625 0.7906025849609375 0.2349243486328125 0.7889603564453125 0.236878185546875 0.7869262998046875 0.23637340234375 0.77729445703125 0.2296591318359375 0.7278095185546875
1 0.2451377412109375 0.7872660986328125 0.25752707421875 0.7877757978515625 0.2698558349609375 0.7871296748046875 0.27542575 0.785292439453125 0.2773392041015625 0.7824878369140625 0.277036333984375 0.77670873046875 0.27124850390625 0.725243580078125 0.266524263671875 0.7235595068359375 0.2336879541015625 0.726053048828125 0.23171392578125 0.7277018310546876 0.232319666015625 0.7392600439453125 0.2383183232421875 0.784919166015625 0.2451377412109375 0.7872660986328125
1 0.2826781015625 0.78607135546875 0.3139733154296875 0.7836585791015624 0.316994931640625 0.7823412275390625 0.315381986328125 0.7712221318359375 0.3166089345703125 0.7553182216796875 0.3136568076171875 0.74813262890625 0.3112563994140625 0.721987859375 0.308566759765625 0.719810826171875 0.273756421875 0.7239531494140625 0.2722759013671875 0.725189736328125 0.275282048828125 0.76289271875 0.2799884609375 0.7838943232421876 0.2826781015625 0.78607135546875
1 0.321759556640625 0.7847958466796875 0.35408216796875 0.7823292275390625 0.3565093203125 0.7794977021484375 0.3507102138671875 0.7179885126953125 0.317813330078125 0.7193262333984375 0.3138652734375 0.722623796875 0.3185360263671875 0.7822604619140625 0.321759556640625 0.7847958466796875
1 0.3529265380859375 0.720963015625 0.3551273935546875 0.7629578525390625 0.3591383857421875 0.7805189140625 0.3623013408203125 0.781898478515625 0.3945835703125 0.778661310546875 0.3916154423828125 0.7220260712890625 0.3840804130859375 0.7158533232421875 0.3563407041015625 0.717307099609375 0.3529265380859375 0.720963015625
1 0.4294948642578125 0.77644535546875 0.431327552734375 0.7720996572265625 0.429824478515625 0.753248166015625 0.4321192060546875 0.738060958984375 0.4289740810546875 0.7173638642578125 0.4257303603515625 0.714443205078125 0.4052631923828125 0.717061171875 0.3949084609375 0.7160585126953125 0.393508705078125 0.7188361943359375 0.3948324189453125 0.7539230263671876 0.3991462802734375 0.7772631943359375 0.4146581875 0.778381908203125 0.4294948642578125 0.77644535546875
1 0.4704695810546875 0.771979970703125 0.4708259404296875 0.7198064853515626 0.47058364453125 0.7151832001953125 0.4684077021484375 0.712979244140625 0.4411615009765625 0.7140208251953125 0.4340302978515625 0.7155535517578125 0.4326958408203125 0.758892662109375 0.4329494130859375 0.773559986328125 0.4361931328125 0.776480646484375 0.4572547646484375 0.7753768525390625 0.466974650390625 0.7740947919921874 0.4704695810546875 0.771979970703125
1 0.497585720703125 0.77828551171875 0.5196141748046875 0.7759720537109375 0.5249798154296875 0.75057927734375 0.52400826953125 0.712383333984375 0.520331615234375 0.71103069140625 0.48597440234375 0.7139902724609375 0.4745720830078125 0.7126561826171876 0.4726384375 0.7150755126953126 0.47194537890625 0.7313377744140624 0.471716720703125 0.756461333984375 0.474227 0.7748737080078125 0.477964228515625 0.777382171875 0.497585720703125 0.77828551171875
1 0.529306783203125 0.7151963056640624 0.5275168388671875 0.74001535546875 0.5301684580078125 0.7611246455078124 0.536012138671875 0.774340009765625 0.5755467177734375 0.7718817578125 0.5790101806640625 0.7593376240234375 0.5794876884765625 0.7094757802734375 0.53317407421875 0.710357646484375 0.529306783203125 0.7151963056640624
1 0.627672544921875 0.7737859423828125 0.6320939150390625 0.7696909091796875 0.634509791015625 0.75681534375 0.6351488291015625 0.7100356904296875 0.6303842041015625 0.7075810703125 0.619022267578125 0.707017529296875 0.5969736220703125 0.7089457138671875 0.588180177734375 0.7082475625 0.5837386142578125 0.711957322265625 0.5815157373046875 0.738344388671875 0.584793287109375 0.7713971650390625 0.5911191982421875 0.7741562939453125 0.627672544921875 0.7737859423828125
1 0.6660787705078125 0.7694551650390625 0.669735232421875 0.7704225341796875 0.674297943359375 0.769024416015625 0.683111580078125 0.7701078408203125 0.6859716650390625 0.765708298828125 0.6885330712890625 0.70646527734375 0.6863975126953125 0.7050318701171875 0.67398798828125 0.7041368974609375 0.6498441669921875 0.7054022216796875 0.63810987109375 0.707562517578125 0.636331203125 0.742425607421875 0.6370289853515625 0.765568953125 0.640947935546875 0.771544880859375 0.6660787705078125 0.7694551650390625
1 0.7135504599609375 0.767739943359375 0.7314799873046876 0.7691182880859375 0.734481412109375 0.767415662109375 0.7372405400390625 0.761089751953125 0.7382857666015625 0.7417183779296875 0.741316296875 0.7307422607421875 0.741484380859375 0.704462880859375 0.738301234375 0.70269804296875 0.7279666943359375 0.702080658203125 0.692994826171875 0.7031407919921875 0.6897219990234374 0.7094936240234375 0.687654099609375 0.7683244501953125 0.689809849609375 0.7701431318359375 0.7135504599609375 0.767739943359375
1 0.74649838671875 0.77064919921875 0.7492082177734375 0.7732115068359375 0.78467359375 0.77173917578125 0.78921611328125 0.7699557861328125 0.7916028818359375 0.766353712890625 0.792809638671875 0.7500645283203125 0.795860361328125 0.739473685546875 0.7979306220703125 0.7003456630859375 0.761911166015625 0.7010743671875 0.7455939677734374 0.704247505859375 0.743821853515625 0.7097490263671875 0.7445196357421875 0.7328923720703125 0.741922037109375 0.74230047265625 0.7427095 0.7573261484375 0.74649838671875 0.77064919921875
1 0.7946536044921875 0.755762869140625 0.796719673828125 0.765699220703125 0.8004367109375 0.7678224111328125 0.810237361328125 0.7680814443359375 0.8354287705078125 0.76714755078125 0.839477783203125 0.76577635546875 0.84572948046875 0.7376328193359375 0.845998521484375 0.7132798076171875 0.8495831328125 0.70304731640625 0.848887712890625 0.6996067744140625 0.817985048828125 0.6996809873046875 0.8005596884765624 0.701366875 0.7974596689453125 0.7208459365234375 0.7977132412109375 0.735513259765625 0.7946536044921875 0.755762869140625
1 0.8490315849609374 0.751496361328125 0.8473940859375 0.7595665009765625 0.8487647353515625 0.766062310546875 0.8782070703125 0.767609958984375 0.8874536396484375 0.7671253662109375 0.8909687626953126 0.765395818359375 0.8933757236328125 0.76217901953125 0.9000199716796875 0.7316969189453125 0.9039140068359375 0.69788196484375 0.8986760673828125 0.6962248134765625 0.853531189453125 0.6997497529296876 0.8494126875 0.709623892578125 0.8471583427734375 0.725581646484375 0.8462835615234375 0.7383764453125 0.8490315849609374 0.751496361328125
1 0.905966970703125 0.7665414560546875 0.9353083486328125 0.7661627353515625 0.9460354404296875 0.764441556640625 0.95023470703125 0.7561085107421875 0.951793630859375 0.7367102158203125 0.9609950947265625 0.696049466796875 0.9588797275390625 0.6950013330078125 0.9192643828125 0.695918490234375 0.909050990234375 0.6976127470703125 0.904006048828125 0.7094670986328125 0.8996386982421875 0.7440795234375 0.899549017578125 0.752197193359375 0.9032369482421875 0.763593875 0.905966970703125 0.7665414560546875
1 1 0.694383228515625 0.9845242607421875 0.692884697265625 0.9701608984375 0.6940237802734375 0.964137859375 0.6970437578125 0.957150357421875 0.720976205078125 0.9526012841796875 0.7521211650390625 0.9524712216796875 0.7594682880859375 0.9567221474609375 0.761949830078125 0.9912207001953125 0.7616871650390625 0.9982307548828125 0.7578427958984375 1 0.7492396201171875 1 0.694383228515625
1 0.0516242607421875 0.87892374609375 0.05557231640625 0.875626181640625 0.0465924248046875 0.832054958984375 0.041334294921875 0.8300125341796875 0.020786361328125 0.83108940625 0.0167575400390625 0.8328458759765625 0.0181305517578125 0.8590444892578125 0.0263318955078125 0.877931271484375 0.0311167099609375 0.880771166015625 0.0516242607421875 0.87892374609375
1 0.092428533203125 0.8810349365234375 0.094734537109375 0.87589176953125 0.09418937109375 0.8654893779296875 0.0846061005859375 0.83006274609375 0.0736972880859375 0.8283164619140625 0.0655588798828125 0.8302883056640625 0.0480931376953125 0.831203646484375 0.054816322265625 0.8710298193359375 0.061092935546875 0.8826771650390625 0.065263095703125 0.8836176123046875 0.076483693359375 0.8814842373046875 0.092428533203125 0.8810349365234375
1 0.1231132841796875 0.82765833984375 0.1194164384765625 0.8259204228515625 0.1106633759765625 0.8259928193359375 0.090196208984375 0.8286107861328125 0.087728673828125 0.830671763671875 0.0966277998046875 0.8727018916015625 0.101100830078125 0.8794214453125 0.1037298955078125 0.8804426572265625 0.1319631123046875 0.8785766845703125 0.1343700732421875 0.87535988671875 0.1231132841796875 0.82765833984375
1 0.1595454814453125 0.8249763447265624 0.146148943359375 0.824905763671875 0.127857716796875 0.829727685546875 0.130338890625 0.85741355078125 0.1359313583984375 0.87566439453125 0.145853158203125 0.8782350703125 0.1710243759765625 0.87691590234375 0.172302982421875 0.8718265791015625 0.1642899150390625 0.8270456904296875 0.1595454814453125 0.8249763447265624
1 0.2110726533203125 0.8744307294921875 0.2123916435546875 0.870111953125 0.2037639208984375 0.8234316181640625 0.198546171875 0.8221597412109375 0.1872448076171875 0.8227520205078125 0.1708670361328125 0.8247693388671875 0.16891319921875 0.82680339453125 0.174135671875 0.867480880859375 0.177067607421875 0.87428119921875 0.1802709453125 0.876431310546875 0.1864757080078125 0.876878796875 0.2110726533203125 0.8744307294921875
1 0.2422711025390625 0.8210272109375 0.2288543720703125 0.8205713564453125 0.208387205078125 0.823189322265625 0.209367666015625 0.8517265 0.212965916015625 0.8712408525390625 0.215202431640625 0.87460062890625 0.219352400390625 0.875155802734375 0.2494990703125 0.8704852265625 0.25014283203125 0.8631111826171874 0.2422711025390625 0.8210272109375
1 0.2458669912109375 0.8208387578125 0.249104158203125 0.853120986328125 0.25428388671875 0.87332512109375 0.2610427294921875 0.874516232421875 0.2891144150390625 0.8695680703125 0.2908663388671875 0.86368127734375 0.28336696875 0.8188734677734375 0.2791968076171875 0.8179330205078125 0.2458669912109375 0.8208387578125
1 0.327217771484375 0.8594581875 0.3234870966796875 0.827588154296875 0.3203734384765625 0.817320373046875 0.3084574208984375 0.816013205078125 0.28542176171875 0.8187657802734375 0.28867912109375 0.851433283203125 0.293616552734375 0.8670141318359375 0.3157459619140625 0.8666270419921875 0.322363466796875 0.86512123828125 0.3258583984375 0.863006416015625 0.327217771484375 0.8594581875
1 0.3239895185546875 0.817517193359375 0.3288598232421875 0.861303791015625 0.3325970498046875 0.86381225390625 0.3429517822265625 0.8648149130859375 0.3640134140625 0.8637111201171875 0.360441908203125 0.8152204736328125 0.3552241591796875 0.813948595703125 0.32594335546875 0.8154831376953126 0.3239895185546875 0.817517193359375
1 0.39949898046875 0.862624064453125 0.4023994482421875 0.8589950703125 0.4021054921875 0.84355719921875 0.3979216943359375 0.8128699091796875 0.3829436767578125 0.8121095458984375 0.362990208984375 0.81470058984375 0.3665617138671875 0.86319123828125 0.39949898046875 0.862624064453125
1 0.4366307890625 0.8143182373046876 0.4307378125 0.8099910927734375 0.4276354306640625 0.809767349609375 0.41829354296875 0.8133475927734375 0.399503171875 0.8135596904296875 0.4044542412109375 0.8588873828125 0.409239056640625 0.86172727734375 0.433916767578125 0.8608203046875 0.4378446328125 0.857137466796875 0.4395965546875 0.8512506728515625 0.4366307890625 0.8143182373046876
1 0.440388208984375 0.8172119755859375 0.4422570888671875 0.8627011982421875 0.477370296875 0.8643379814453125 0.47890666796875 0.8248516064453125 0.4767194501953125 0.8126036123046875 0.47252909765625 0.8112778916015625 0.445303087890625 0.81270474609375 0.441274265625 0.8144612158203125 0.440388208984375 0.8172119755859375
1 0.517795125 0.8100645947265624 0.5146523603515625 0.8090703046875 0.4848982412109375 0.81140231640625 0.482863638671875 0.8118952763671875 0.48156483984375 0.8165993271484375 0.481145544921875 0.8479141875 0.4833933369140625 0.86131800390625 0.48606278515625 0.8631097626953125 0.51522244140625 0.859263578125 0.51758901953125 0.855276232421875 0.517795125 0.8100645947265624
1 0.5567174111328125 0.825409701171875 0.5552951025390624 0.8080993046875 0.552152337890625 0.8071050146484375 0.5223578359375 0.808666478515625 0.51949775 0.81306601953125 0.5183741201171875 0.850599103515625 0.5202988505859375 0.8578385400390625 0.523461806640625 0.859218103515625 0.538913138671875 0.8591809970703125 0.554757021484375 0.8568053271484375 0.5567174111328125 0.825409701171875
1 0.590222396484375 0.8553329970703125 0.592710123046875 0.8536572939453125 0.5919292138671876 0.8092700478515625 0.5897128896484375 0.806295544921875 0.5727002705078125 0.806028142578125 0.55788378515625 0.8083499697265625 0.55775372265625 0.8156970927734375 0.5601517685546875 0.82213905859375 0.5559032041015625 0.8393603212890625 0.55595486328125 0.850174908203125 0.5582923359375 0.8554610537109375 0.5691809560546875 0.856822064453125 0.590222396484375 0.8553329970703125
1 0.0305471611328125 0.919047875 0.0277274599609375 0.9242179638671875 0.0217448017578125 0.9280084892578125 0.0235620224609375 0.9626831259765625 0.028136009765625 0.9713290478515625 0.0329410166015625 0.9745542158203125 0.03972005078125 0.9761306005859375 0.101776591796875 0.9709466962890625 0.122737265625 0.967916533203125 0.1292538134765625 0.9644843603515625 0.124161404296875 0.916459751953125 0.121431380859375 0.9135121708984375 0.08331675 0.9135780146484375 0.065972154296875 0.916804998046875 0.04277496484375 0.9164753828125 0.0305471611328125 0.919047875
1 0.1275868466796875 0.9228478740234375 0.128475265625 0.9397999189453125 0.133594419921875 0.958848232421875 0.1405866435546875 0.9743213935546875 0.201757126953125 0.971888248046875 0.2189508515625 0.96905550390625 0.244333513671875 0.9684979189453125 0.2453092509765625 0.9576294892578125 0.2381531337890625 0.9193713330078125 0.2411634736328125 0.90800994140625 0.227706359375 0.9067835390625 0.192240984375 0.908255869140625 0.175349513671875 0.910300109375 0.16981998046875 0.9129078916015625 0.13676156640625 0.911163421875 0.1312320322265625 0.9137712041015625 0.1275868466796875 0.9228478740234375
1 0.2406004775390625 0.9169250810546875 0.2419420205078125 0.9326943828125 0.2493897314453125 0.96668760546875 0.2515454814453125 0.9685062880859375 0.26763166015625 0.97075390234375 0.3086265693359375 0.9666737900390625 0.3278353203125 0.9695304208984376 0.33034323828125 0.9682399912109375 0.3416849833984375 0.968418259765625 0.35286519921875 0.965514337890625 0.35341691796875 0.946555158203125 0.3486095498046875 0.9236271875 0.3518509072265625 0.9068450419921875 0.3494730537109375 0.900788349609375 0.2477002119140625 0.90496304296875 0.244245662109375 0.9078484111328124 0.2406004775390625 0.9169250810546875
1 0.4407498232421875 0.8929140810546875 0.4331654970703125 0.8956295498046875 0.40018784765625 0.8954261767578126 0.3854319365234375 0.89890382421875 0.3735159169921875 0.89759665625 0.358638857421875 0.898762662109375 0.354177103515625 0.9020871484375 0.3497266259765625 0.9154556728515625 0.3496773291015625 0.924343890625 0.3550880751953125 0.939127271484375 0.35681325390625 0.9622167734375 0.3607322041015625 0.968192701171875 0.3721950986328125 0.970682611328125 0.3931557724609375 0.96765244921875 0.4010833515625 0.9714866337890625 0.40981622265625 0.971028962890625 0.4379686748046875 0.967621896484375 0.45750940234375 0.9669841416015625 0.4620721123046875 0.9655860244140625 0.4655064697265625 0.9623153818359375 0.4642926279296875 0.9194961533203125 0.4626885966796875 0.89871829296875 0.46033093359375 0.8930468740234375 0.4407498232421875 0.8929140810546875
1 0.6289113017578125 0.8563960537109375 0.6323658505859375 0.8535106845703125 0.6335185859375 0.806704109375 0.6221162666015625 0.8053700205078125 0.5964717333984375 0.80748665625 0.59334024609375 0.8165364052734375 0.5953189970703125 0.8542932314453126 0.6289113017578125 0.8563960537109375
1 0.6695178505859375 0.8055901318359375 0.6668080205078125 0.80302782421875 0.6488083876953125 0.8035848134765625 0.6351000634765624 0.8073938916015625 0.63223342578125 0.8411550029296875 0.6321639375 0.8496579462890625 0.6345014091796874 0.8549440927734375 0.66283558203125 0.85500448828125 0.668385306640625 0.85278198046875 0.6702649306640625 0.819845259765625 0.6695178505859375 0.8055901318359375
1 0.677259517578125 0.8550212265625 0.703971830078125 0.85362129296875 0.707121146484375 0.8252540146484375 0.707017828125 0.8036248408203125 0.672539466796875 0.8042727802734375 0.6706058212890625 0.806692109375 0.6709336064453125 0.85226209765625 0.677259517578125 0.8550212265625
1 0.713101443359375 0.8017606845703125 0.70960651171875 0.803875505859375 0.7058941982421875 0.8411579248046875 0.7075879091796875 0.853818115234375 0.7215587216796875 0.8550175947265625 0.7415323818359375 0.85281182421875 0.7454578837890625 0.829426181640625 0.7455250107421875 0.80122043359375 0.7254100107421875 0.8007292880859375 0.713101443359375 0.8017606845703125
1 0.78117683203125 0.84262117578125 0.7822600791015625 0.804317544921875 0.779962990234375 0.799801947265625 0.7491410908203125 0.8014172548828125 0.7458593486328124 0.8174288525390625 0.744060490234375 0.85190666796875 0.7492984296875 0.853563818359375 0.76043826171875 0.8498893486328125 0.7738348017578125 0.8499599306640625 0.77685641796875 0.848642578125 0.78117683203125 0.84262117578125
1 0.8222121240234375 0.8393116123046875 0.8242621943359375 0.7997983154296875 0.8194975693359375 0.7973436953125 0.7933191455078125 0.79910198046875 0.7882629287109375 0.8009122939453125 0.7848689541015625 0.8049534833984375 0.783370603515625 0.8255076005859375 0.78370494140625 0.84171601953125 0.786515728515625 0.8462046953125 0.8147893271484375 0.845109271484375 0.8198253544921875 0.8429136845703125 0.8222121240234375 0.8393116123046875
1 0.8421364873046875 0.84599405859375 0.8564998486328125 0.844854974609375 0.865071189453125 0.841315115234375 0.8678101259765625 0.8346039296875 0.8645955126953125 0.822409779296875 0.8664282001953125 0.8180640810546875 0.8673724697265625 0.7967663388671875 0.862648228515625 0.795082265625 0.8303659990234376 0.79831943359375 0.826458326171875 0.802387544921875 0.8253816328125 0.8113296064453125 0.825989734375 0.842590623046875 0.8317817548828125 0.8449913994140625 0.8421364873046875 0.84599405859375
1 0.8743177587890625 0.8408305224609375 0.8947445439453126 0.8374420078125 0.8982080078125 0.8248978740234375 0.9013371328125 0.7961453212890625 0.8975999052734375 0.793636857421875 0.8739697822265625 0.794875259765625 0.8659323310546875 0.7987734716796875 0.865813544921875 0.8161646337890625 0.86243084765625 0.8302498623046874 0.8679312744140625 0.8369155732421875 0.867085599609375 0.8404368798828125 0.8743177587890625 0.8408305224609375
1 0.906927240234375 0.7946933603515625 0.9024363798828124 0.807291337890625 0.8994777001953125 0.8294673154296875 0.89984114453125 0.8364022431640625 0.907214642578125 0.83949280078125 0.919644359375 0.840773046875 0.9369889541015625 0.837546064453125 0.9435007783203125 0.7947082822265625 0.93719505859375 0.7923344267578125 0.906927240234375 0.7946933603515625
1 0.9504662587890625 0.839157740234375 0.9714875068359375 0.8372833994140625 0.9773555693359375 0.801819662109375 0.9796817646484375 0.797061767578125 0.9789459619140625 0.7928506787109375 0.9758031982421875 0.7918563876953125 0.947549791015625 0.7933370869140625 0.944649322265625 0.7969660810546875 0.9416793662109375 0.80909801953125 0.938992087890625 0.8266237900390625 0.940564650390625 0.836972337890625 0.9437477978515625 0.8387371767578125 0.9504662587890625 0.839157740234375
1 1 0.791139720703125 0.9932487490234375 0.7905557744140626 0.9815548369140625 0.7934866171875 0.974165869140625 0.8294163935546875 0.973955041015625 0.835222421875 0.978266541015625 0.8388597841796875 0.99743491015625 0.8409458681640625 1 0.8408114375 1 0.791139720703125
1 0.6857404794921875 0.9087300634765625 0.682143849609375 0.885167640625 0.6554099033203125 0.886921427734375 0.5755485009765625 0.88969512890625 0.5809056396484376 0.9134515595703125 0.5814038701171875 0.9524449736328126 0.584194466796875 0.9565483759765625 0.673638548828125 0.9530198056640625 0.682250271484375 0.9502504921875 0.6848074873046875 0.9400718447265625 0.6857404794921875 0.9087300634765625
1 0.753368166015625 0.9410478798828125 0.77705886328125 0.940965298828125 0.7888133505859375 0.9391902763671875 0.7938648447265625 0.897974353515625 0.7932994873046875 0.887186689453125 0.79048869921875 0.882698013671875 0.77047465625 0.8841332373046875 0.7590723369140625 0.8827991474609375 0.7297713408203125 0.883948416015625 0.699010015625 0.886719544921875 0.682705603515625 0.88690296484375 0.6854912216796875 0.94005571484375 0.704898802734375 0.9401110634765625 0.753368166015625 0.9410478798828125
1 0.7960924453125 0.9109928955078125 0.79392778125 0.91883298046875 0.7953298984375 0.9357581025390626 0.8362149345703125 0.9394103876953125 0.8754377294921875 0.940831794921875 0.8964993603515625 0.939728001953125 0.89991352734375 0.9360720859375 0.9067193056640624 0.90867217578125 0.907250833984375 0.88932772265625 0.90247493359375 0.8768290634765625 0.8977305009765625 0.8747597177734375 0.88277267578125 0.8743846279296875 0.8761955537109375 0.8766609794921875 0.8622247421875 0.8754615 0.8134032109375 0.8776337958984375 0.7995939296875 0.8795165048828125 0.7967944189453126 0.8850718681640625 0.7960924453125 0.9109928955078125
1 0.57091558203125 0.9587227841796875 0.5753773369140625 0.9553982978515625 0.57612624609375 0.900886248046875 0.570877029296875 0.88918505859375 0.54303636328125 0.888712466796875 0.524110291015625 0.89124966796875 0.49828403515625 0.8898988408203125 0.4690234228515625 0.8918186572265625 0.465649638671875 0.8962451201171875 0.4680951533203125 0.962566046875 0.4702912861328125 0.9651552763671875 0.5642778876953125 0.959843314453125 0.57091558203125 0.9587227841796875
1 0.9114459091796875 0.9300590517578124 0.9208943935546875 0.933427197265625 0.963078228515625 0.9323754326171875 0.9689195478515625 0.925887990234375 0.9737827666015625 0.91056617578125 0.9751397783203125 0.8873151416015626 0.973244154296875 0.87080221484375 0.9695675 0.869449572265625 0.9500065810546875 0.869702052734375 0.9099583037109376 0.8721872255859375 0.90654413671875 0.875843142578125 0.90914384375 0.8959618935546875 0.907980083984375 0.9229003818359375 0.9114459091796875 0.9300590517578124
1 1 0.8673050302734375 0.99212984375 0.867494466796875 0.9788342607421875 0.86935025390625 0.9765080654296875 0.8741081474609375 0.9768827861328125 0.89108711328125 0.977843056640625 0.91923901953125 0.9818427705078125 0.926756041015625 0.9898107333984375 0.9313607734375 0.9955219892578125 0.9322204541015625 1 0.9317947197265625 1 0.8673050302734375
0 0.953125 0.1328125 0.9755859375 0.1328125 0.98046875 0.134765625 0.982421875 0.162109375 0.966796875 0.1640625 0.927734375 0.1640625 0.92578125 0.162109375 0.92578125 0.1435546875 0.9287109375 0.1337890625 0.9462890625 0.134765625 0.9521484375 0.1328125
0 0.9638671875 0.7666015625 0.9912109375 0.7666015625 0.994140625 0.7763671875 0.994140625 0.78515625 0.9892578125 0.7900390625 0.9501953125 0.7919921875 0.947265625 0.7900390625 0.947265625 0.76953125 0.9638671875 0.767578125
0 0.4111328125 0.9814453125 0.048828125 0.0224609375
0 0.3466796875 0.7919921875 0.3525390625 0.79296875 0.35546875 0.7958984375 0.35546875 0.8115234375 0.32421875 0.8154296875 0.30859375 0.814453125 0.3056640625 0.8056640625 0.306640625 0.796875 0.3115234375 0.794921875 0.330078125 0.794921875 0.333984375 0.7919921875 0.345703125 0.7919921875
0 0.83984375 0.857421875 0.841796875 0.8583984375 0.8408203125 0.873046875 0.833984375 0.8759765625 0.8173828125 0.876953125 0.796875 0.8759765625 0.7958984375 0.8662109375 0.7998046875 0.859375 0.8388671875 0.857421875
0 0.0595703125 0.8916015625 0.0693359375 0.8935546875 0.0791015625 0.890625 0.0830078125 0.8955078125 0.08203125 0.91015625 0.0712890625 0.9130859375 0.0576171875 0.912109375 0.0537109375 0.9140625 0.0400390625 0.9140625 0.0361328125 0.912109375 0.0341796875 0.90625 0.03515625 0.8935546875 0.05859375 0.892578125
0 0.5283203125 0.8681640625 0.5673828125 0.8671875 0.5693359375 0.869140625 0.5703125 0.8837890625 0.564453125 0.88671875 0.52734375 0.8876953125 0.5224609375 0.8818359375 0.5234375 0.869140625 0.52734375 0.869140625
0 0.6767578125 0.86328125 0.6767578125 0.8798828125 0.6748046875 0.8818359375 0.6494140625 0.8837890625 0.6318359375 0.8828125 0.6298828125 0.87890625 0.630859375 0.865234375 0.67578125 0.86328125
0 0.359375 0.8759765625 0.373046875 0.8759765625 0.3759765625 0.87890625 0.3779296875 0.8916015625 0.3740234375 0.89453125 0.3515625 0.8984375 0.3310546875 0.8974609375 0.3271484375 0.8818359375 0.3291015625 0.87890625 0.3349609375 0.876953125 0.3583984375 0.8759765625
0 0.79541015625 0.9638671875 0.0478515625 0.0234375
0 0.3779296875 0.810546875 0.3759765625 0.8017578125 0.376953125 0.7919921875 0.392578125 0.787109375 0.423828125 0.787109375 0.4267578125 0.791015625 0.423828125 0.8095703125 0.4208984375 0.8125 0.37890625 0.810546875
0 0.1767578125 0.884765625 0.1806640625 0.88671875 0.1826171875 0.8916015625 0.181640625 0.9052734375 0.1474609375 0.9072265625 0.1455078125 0.9091796875 0.1357421875 0.90625 0.1337890625 0.888671875 0.17578125 0.884765625
0 0.6923828125 0.78955078125 0.05078125 0.029296875
0 0.875 0.8525390625 0.8857421875 0.85546875 0.8857421875 0.8642578125 0.8828125 0.873046875 0.8740234375 0.873046875 0.8720703125 0.875 0.8505859375 0.875 0.84375 0.873046875 0.8427734375 0.859375 0.8564453125 0.8544921875 0.8740234375 0.8525390625
0 0.279296875 0.1455078125 0.2822265625 0.1474609375 0.283203125 0.1611328125 0.283203125 0.169921875 0.2802734375 0.17578125 0.2392578125 0.177734375 0.220703125 0.1767578125 0.2177734375 0.1552734375 0.2216796875 0.1484375 0.2431640625 0.1455078125 0.2783203125 0.1455078125
0 0.09765625 0.8037109375 0.119140625 0.8037109375 0.1220703125 0.8095703125 0.123046875 0.82421875 0.0888671875 0.828125 0.07421875 0.826171875 0.0712890625 0.8125 0.072265625 0.8056640625 0.0966796875 0.8046875
0 0.076171875 0.990234375 0.083984375 0.9921875 0.083984375 0.9990234375 0.0361328125 0.9990234375 0.0390625 0.9931640625 0.0751953125 0.990234375
0 0.4794921875 0.7841796875 0.5078125 0.78515625 0.5107421875 0.7890625 0.509765625 0.80859375 0.4990234375 0.810546875 0.46484375 0.810546875 0.4619140625 0.8076171875 0.4609375 0.7890625 0.4638671875 0.7861328125 0.478515625 0.78515625
0 0.462890625 0.869140625 0.4794921875 0.869140625 0.4833984375 0.87109375 0.4833984375 0.8876953125 0.48046875 0.8896484375 0.4365234375 0.890625 0.4326171875 0.8837890625 0.4345703125 0.8720703125 0.4619140625 0.8701171875
0 0.06640625 0.1533203125 0.0693359375 0.1552734375 0.072265625 0.166015625 0.0703125 0.1826171875 0.015625 0.1865234375 0.01171875 0.1865234375 0.0078125 0.1826171875 0.0068359375 0.158203125 0.0654296875 0.1533203125
0 0.6064453125 0.9638671875 0.64453125 0.9609375 0.6513671875 0.9638671875 0.65234375 0.9716796875 0.650390625 0.9794921875 0.6455078125 0.9814453125 0.6083984375 0.982421875 0.6064453125 0.9814453125 0.6064453125 0.96484375
0 0.541015625 0.140625 0.5458984375 0.140625 0.548828125 0.1435546875 0.55078125 0.15625 0.5478515625 0.1728515625 0.51953125 0.1748046875 0.4873046875 0.173828125 0.4853515625 0.1640625 0.4873046875 0.1435546875 0.5400390625 0.140625
0 0.7861328125 0.857421875 0.7919921875 0.857421875 0.796875 0.8603515625 0.7958984375 0.875 0.7939453125 0.8779296875 0.76171875 0.8798828125 0.7548828125 0.8798828125 0.7509765625 0.8759765625 0.7509765625 0.8681640625 0.75390625 0.8603515625 0.78515625 0.857421875
0 0.6962890625 0.138671875 0.7001953125 0.1494140625 0.697265625 0.169921875 0.6875 0.171875 0.640625 0.171875 0.63671875 0.16796875 0.63671875 0.150390625 0.638671875 0.142578125 0.6416015625 0.1396484375 0.6669921875 0.140625 0.6953125 0.138671875
0 0.1943359375 0.9853515625 0.1953125 0.9990234375 0.1484375 0.9990234375 0.1474609375 0.9970703125 0.1484375 0.98828125 0.1513671875 0.986328125 0.16796875 0.9833984375 0.19140625 0.9833984375 0.193359375 0.9853515625