1 0 0.2314814814453125 0.0041152265625 0.2318672841796875 0.0257201650390625 0.229938271484375 0.0293209873046875 0.227237654296875 0.0303497939453125 0.2229938271484375 0.026234568359375 0.162037037109375 0.02109053515625 0.1601080244140625 0.01080246875 0.1601080244140625 0 0.1604938271484375 0 0.2314814814453125
1 0 0.2966820986328125 0.0133744853515625 0.297839505859375 0.0236625517578125 0.295910494140625 0.028806583984375 0.29822530859375 0.0354938271484375 0.2966820986328125 0.03189300390625 0.2372685185546875 0.0293209873046875 0.23302469140625 0.02520576171875 0.23302469140625 0 0.2341820986328125 0 0.2966820986328125
1 0.015946501953125 0.36612654296875 0.0257201650390625 0.369598765625 0.0452674892578125 0.3680555556640625 0.047839505859375 0.36612654296875 0.0483539091796875 0.3591820986328125 0.04012345703125 0.3055555556640625 0.030864197265625 0.3032407412109375 0.0123456787109375 0.3032407412109375 0.0077160498046875 0.3059413583984375 0.01080246875 0.3452932099609375 0.0133744853515625 0.3599537041015625 0.01697530859375 0.36419753125 0.015946501953125 0.36612654296875
1 0 0.43402777734375 0.0154320986328125 0.434413580078125 0.0226337451171875 0.431712962890625 0.015946501953125 0.3792438271484375 0.0149176953125 0.3769290126953125 0.009773662109375 0.378086419921875 0.0041152265625 0.3761574072265625 0 0.377314814453125 0 0.43402777734375
1 0.0534979423828125 0.43402777734375 0.056069958984375 0.432098765625 0.0565843623046875 0.4282407412109375 0.0534979423828125 0.3939043212890625 0.0493827158203125 0.3757716044921875 0.04681069921875 0.372685185546875 0.0426954736328125 0.371913580078125 0.022119341796875 0.3722993828125 0.018004115234375 0.374614197265625 0.0205761318359375 0.4135802470703125 0.0246913583984375 0.432098765625 0.034979423828125 0.434413580078125 0.0534979423828125 0.43402777734375
1 0 0.3703703701171875 0.0056584365234375 0.369598765625 0.0113168720703125 0.36612654296875 0.007201646484375 0.3082561728515625 0.0056584365234375 0.3047839501953125 0.0015432099609375 0.304012345703125 0 0.304012345703125 0 0.3703703701171875
1 0.1856995888671875 0.22492283984375 0.19084362109375 0.221064814453125 0.187242798828125 0.1577932099609375 0.179012345703125 0.15625 0.1604938271484375 0.15625 0.1517489716796875 0.1577932099609375 0.1507201650390625 0.1836419755859375 0.15277777734375 0.2202932099609375 0.1574074072265625 0.223765431640625 0.1856995888671875 0.22492283984375
1 0.223765431640625 0.2229938271484375 0.2263374482421875 0.2199074072265625 0.22222222265625 0.1574074072265625 0.2206790126953125 0.15625 0.20987654296875 0.15625 0.187757201171875 0.1577932099609375 0.1882716044921875 0.187885802734375 0.1923868310546875 0.223765431640625 0.2026748974609375 0.224537037109375 0.223765431640625 0.2229938271484375
1 0.2613168720703125 0.215663580078125 0.2602880654296875 0.2083333330078125 0.261831275390625 0.201388888671875 0.2592592587890625 0.1643518515625 0.2566872431640625 0.159336419921875 0.253086419921875 0.1570216044921875 0.2376543212890625 0.155864197265625 0.2232510283203125 0.1570216044921875 0.2263374482421875 0.2202932099609375 0.229938271484375 0.22222222265625 0.258230453125 0.2206790126953125 0.2613168720703125 0.215663580078125
1 0.1970164609375 0.293209876953125 0.1970164609375 0.283564814453125 0.192901234375 0.230709876953125 0.187757201171875 0.2287808642578125 0.1687242802734375 0.23032407421875 0.1615226337890625 0.2291666669921875 0.15689300390625 0.2314814814453125 0.16100823046875 0.2935956787109375 0.1676954736328125 0.2962962958984375 0.1934156376953125 0.2947530859375 0.1970164609375 0.293209876953125
1 0.23302469140625 0.289737654296875 0.2335390947265625 0.286265431640625 0.2273662548828125 0.230709876953125 0.210905349609375 0.2291666669921875 0.1954732509765625 0.2291666669921875 0.192901234375 0.23032407421875 0.1985596708984375 0.29282407421875 0.21810699609375 0.2935956787109375 0.2304526748046875 0.2916666669921875 0.23302469140625 0.289737654296875
1 0.2443415634765625 0.29205246875 0.2654320986328125 0.2908950615234375 0.268004115234375 0.2881944443359375 0.2664609052734375 0.2527006171875 0.26286008203125 0.22955246875 0.2592592587890625 0.227237654296875 0.24794238671875 0.2268518515625 0.2294238681640625 0.229938271484375 0.227880658203125 0.2314814814453125 0.2345679013671875 0.289737654296875 0.23713991796875 0.2916666669921875 0.2443415634765625 0.29205246875
1 0.2525720166015625 0.36342592578125 0.272119341796875 0.36342592578125 0.276234568359375 0.358410494140625 0.269032921875 0.3001543212890625 0.2376543212890625 0.29822530859375 0.2355967080078125 0.3024691357421875 0.241769546875 0.360339505859375 0.24382716015625 0.3622685185546875 0.2525720166015625 0.36342592578125
1 0.2412551435546875 0.358410494140625 0.234053498046875 0.3001543212890625 0.21193415625 0.3001543212890625 0.2011316875 0.30362654296875 0.206790123046875 0.3622685185546875 0.208847736328125 0.36342592578125 0.2376543212890625 0.363040123046875 0.2412551435546875 0.358410494140625
1 0.20318930078125 0.36342592578125 0.20576131640625 0.36072530859375 0.20576131640625 0.35455246875 0.200102880859375 0.304012345703125 0.1934156376953125 0.3001543212890625 0.1856995888671875 0.2997685185546875 0.1712962958984375 0.30092592578125 0.1666666669921875 0.3032407412109375 0.1666666669921875 0.3279320986328125 0.170781892578125 0.3622685185546875 0.174897119140625 0.3645833330078125 0.20318930078125 0.36342592578125
1 0.2155349794921875 0.4274691357421875 0.210905349609375 0.4016203701171875 0.2083333330078125 0.369598765625 0.2011316875 0.3680555556640625 0.1815843623046875 0.3676697529296875 0.174897119140625 0.369984568359375 0.18004115234375 0.42862654296875 0.18415637890625 0.4309413583984375 0.2134773662109375 0.4301697529296875 0.2155349794921875 0.4274691357421875
1 0.2422839501953125 0.369212962890625 0.23919753125 0.3676697529296875 0.229938271484375 0.3672839501953125 0.215020576171875 0.3676697529296875 0.208847736328125 0.369598765625 0.2160493828125 0.429012345703125 0.24794238671875 0.429012345703125 0.25 0.4247685185546875 0.2422839501953125 0.369212962890625
1 0.2844650205078125 0.4212962958984375 0.2782921806640625 0.369598765625 0.2757201650390625 0.3676697529296875 0.2566872431640625 0.3668981484375 0.2494855966796875 0.3668981484375 0.24382716015625 0.369212962890625 0.251028806640625 0.4274691357421875 0.28189300390625 0.4278549384765625 0.2844650205078125 0.425540123046875 0.2844650205078125 0.4212962958984375
1 0.2896090537109375 0.2168209873046875 0.3014403291015625 0.213734568359375 0.3106995888671875 0.21527777734375 0.312757201171875 0.213348765625 0.3112139921875 0.1743827158203125 0.3076131689453125 0.150848765625 0.3034979423828125 0.1485339501953125 0.29423868359375 0.1485339501953125 0.2757201650390625 0.15007716015625 0.2731481484375 0.1523919755859375 0.274176955078125 0.2037037041015625 0.2767489716796875 0.2141203701171875 0.279835390625 0.2168209873046875 0.2896090537109375 0.2168209873046875
1 0.3245884775390625 0.2172067900390625 0.3492798349609375 0.2172067900390625 0.350823044921875 0.20987654296875 0.34722222265625 0.20177469140625 0.348765431640625 0.192515431640625 0.3456790126953125 0.153163580078125 0.3384773662109375 0.150462962890625 0.325102880859375 0.151234568359375 0.320987654296875 0.1496913583984375 0.3143004111328125 0.15007716015625 0.310185185546875 0.153163580078125 0.312242798828125 0.1940586416015625 0.31584362109375 0.213348765625 0.3184156376953125 0.215663580078125 0.3245884775390625 0.2172067900390625
1 0.3734567900390625 0.195987654296875 0.37705761328125 0.1940586416015625 0.3827160498046875 0.1948302470703125 0.3842592587890625 0.193287037109375 0.383230453125 0.1543209873046875 0.3765432099609375 0.1489197529296875 0.348765431640625 0.150848765625 0.3523662548828125 0.2064043212890625 0.3554526748046875 0.213734568359375 0.3703703701171875 0.213734568359375 0.3734567900390625 0.195987654296875
1 0.348765431640625 0.2827932099609375 0.3523662548828125 0.28472222265625 0.3657407412109375 0.2851080244140625 0.369855966796875 0.2839506171875 0.3796296298828125 0.286651234375 0.3842592587890625 0.2824074072265625 0.3791152265625 0.2546296298828125 0.3806584365234375 0.2511574072265625 0.3786008232421875 0.247685185546875 0.380144033203125 0.2418981484375 0.3775720166015625 0.2253086416015625 0.37294238671875 0.2229938271484375 0.3647119345703125 0.2253086416015625 0.348765431640625 0.2264660498046875 0.3436213994140625 0.227237654296875 0.34722222265625 0.267361111328125 0.3492798349609375 0.2731481484375 0.348765431640625 0.2827932099609375
1 0.3477366259765625 0.2827932099609375 0.346193416015625 0.275462962890625 0.34722222265625 0.266589505859375 0.344135802734375 0.2372685185546875 0.346193416015625 0.230709876953125 0.3410493828125 0.22762345703125 0.323045267578125 0.2256944443359375 0.3132716044921875 0.2253086416015625 0.3065843623046875 0.22762345703125 0.312242798828125 0.2827932099609375 0.3163580244140625 0.2839506171875 0.346193416015625 0.2839506171875 0.3477366259765625 0.2827932099609375
1 0.287037037109375 0.286651234375 0.2952674892578125 0.283564814453125 0.30915637890625 0.2831790126953125 0.3106995888671875 0.2770061728515625 0.308127572265625 0.23032407421875 0.3034979423828125 0.2268518515625 0.28189300390625 0.2260802470703125 0.2757201650390625 0.224537037109375 0.272119341796875 0.2264660498046875 0.2736625517578125 0.2627314814453125 0.27777777734375 0.284336419921875 0.2793209873046875 0.286265431640625 0.287037037109375 0.286651234375
1 0.2854938271484375 0.361111111328125 0.3143004111328125 0.36072530859375 0.3163580244140625 0.3587962958984375 0.316872427734375 0.3530092587890625 0.3143004111328125 0.310185185546875 0.3117283955078125 0.298611111328125 0.3024691357421875 0.2947530859375 0.28600823046875 0.2947530859375 0.27777777734375 0.2966820986328125 0.2793209873046875 0.3229166669921875 0.282921810546875 0.341435185546875 0.2824074072265625 0.3595679013671875 0.2854938271484375 0.361111111328125
1 0.352880658203125 0.3279320986328125 0.3482510283203125 0.2966820986328125 0.3456790126953125 0.2947530859375 0.327160494140625 0.295138888671875 0.3173868310546875 0.2970679013671875 0.3153292177734375 0.3001543212890625 0.31995884765625 0.3595679013671875 0.34979423828125 0.36072530859375 0.35390946484375 0.3591820986328125 0.352880658203125 0.3279320986328125
1 0.3616255146484375 0.360339505859375 0.3842592587890625 0.3595679013671875 0.3883744853515625 0.3564814814453125 0.3852880654296875 0.2962962958984375 0.3816872431640625 0.2943672841796875 0.354938271484375 0.29552469140625 0.348765431640625 0.2966820986328125 0.3523662548828125 0.312114197265625 0.35390946484375 0.3591820986328125 0.3616255146484375 0.360339505859375
1 0.386831275390625 0.4243827158203125 0.390946501953125 0.423611111328125 0.3924897119140625 0.41705246875 0.390946501953125 0.4131944443359375 0.3894032919921875 0.36612654296875 0.3852880654296875 0.363811728515625 0.36213991796875 0.3657407412109375 0.3575102880859375 0.3676697529296875 0.36213991796875 0.4216820986328125 0.3724279833984375 0.4243827158203125 0.3786008232421875 0.422839505859375 0.386831275390625 0.4243827158203125
1 0.3261316875 0.4251543212890625 0.3328189296875 0.426311728515625 0.34979423828125 0.423611111328125 0.359053498046875 0.425540123046875 0.3605967080078125 0.417438271484375 0.3564814814453125 0.369598765625 0.3544238681640625 0.3668981484375 0.34979423828125 0.3657407412109375 0.3225308642578125 0.3657407412109375 0.3204732509765625 0.366512345703125 0.3235596708984375 0.3985339501953125 0.3261316875 0.4070216044921875 0.3261316875 0.4251543212890625
1 0.323045267578125 0.4270833330078125 0.3256172841796875 0.4247685185546875 0.31995884765625 0.3769290126953125 0.3204732509765625 0.3668981484375 0.317901234375 0.3653549384765625 0.28600823046875 0.3668981484375 0.2839506171875 0.3707561728515625 0.2875514404296875 0.4251543212890625 0.2926954736328125 0.4278549384765625 0.323045267578125 0.4270833330078125
1 0.4238683125 0.2175925927734375 0.426954732421875 0.213734568359375 0.42592592578125 0.1913580244140625 0.4279835390625 0.1523919755859375 0.4223251025390625 0.15007716015625 0.40020576171875 0.1496913583984375 0.3935185185546875 0.153163580078125 0.393004115234375 0.1608796298828125 0.3924897119140625 0.2006172841796875 0.395061728515625 0.212962962890625 0.4007201650390625 0.2168209873046875 0.4238683125 0.2175925927734375
1 0.465020576171875 0.213734568359375 0.46399176953125 0.151234568359375 0.45987654296875 0.1493055556640625 0.4423868310546875 0.1485339501953125 0.431069958984375 0.150462962890625 0.4284979423828125 0.17322530859375 0.429012345703125 0.2168209873046875 0.4434156376953125 0.2179783955078125 0.462962962890625 0.216435185546875 0.465020576171875 0.213734568359375
1 0.49794238671875 0.2160493828125 0.5 0.2064043212890625 0.49794238671875 0.1832561728515625 0.5015432099609375 0.158564814453125 0.5015432099609375 0.153935185546875 0.498971193359375 0.150462962890625 0.4912551435546875 0.1493055556640625 0.467078189453125 0.150848765625 0.4655349794921875 0.1793981484375 0.465020576171875 0.20717592578125 0.4665637861328125 0.21527777734375 0.4717078193359375 0.216435185546875 0.49794238671875 0.2160493828125
1 0.5426954736328125 0.2168209873046875 0.54423868359375 0.150848765625 0.513888888671875 0.15007716015625 0.508230453125 0.153163580078125 0.507201646484375 0.156635802734375 0.5066872431640626 0.2168209873046875 0.508230453125 0.2206790126953125 0.5396090537109375 0.2206790126953125 0.5426954736328125 0.2168209873046875
1 0.57818930078125 0.213734568359375 0.5787037041015625 0.20794753125 0.579218107421875 0.1523919755859375 0.562757201171875 0.15007716015625 0.5483539091796875 0.150848765625 0.5462962958984375 0.153163580078125 0.5447530859375 0.1832561728515625 0.5447530859375 0.2168209873046875 0.55504115234375 0.218364197265625 0.575102880859375 0.2172067900390625 0.57818930078125 0.213734568359375
1 0.609053498046875 0.2168209873046875 0.6126543212890625 0.2145061728515625 0.613168724609375 0.1971450615234375 0.6162551435546875 0.182098765625 0.6162551435546875 0.153935185546875 0.613168724609375 0.150848765625 0.58487654296875 0.15007716015625 0.581790123046875 0.153163580078125 0.58076131640625 0.1662808642578125 0.5812757197265624 0.1863425927734375 0.5787037041015625 0.2168209873046875 0.5843621396484375 0.218364197265625 0.609053498046875 0.2168209873046875
1 0.46399176953125 0.28742283984375 0.467078189453125 0.284336419921875 0.467078189453125 0.252314814453125 0.4645061728515625 0.224151234375 0.445987654296875 0.221064814453125 0.432098765625 0.22222222265625 0.4305555556640625 0.2233796298828125 0.4315843623046875 0.2623456787109375 0.43415637890625 0.286265431640625 0.46399176953125 0.28742283984375
1 0.3986625517578125 0.283564814453125 0.40020576171875 0.286265431640625 0.403806583984375 0.28742283984375 0.4223251025390625 0.28742283984375 0.4284979423828125 0.2851080244140625 0.4305555556640625 0.28125 0.4295267490234375 0.223765431640625 0.4284979423828125 0.2226080244140625 0.3996913583984375 0.221836419921875 0.3955761318359375 0.2253086416015625 0.3945473251953125 0.2318672841796875 0.39609053515625 0.255401234375 0.3986625517578125 0.264660494140625 0.3986625517578125 0.283564814453125
1 0.50205761328125 0.2854938271484375 0.5 0.223765431640625 0.49794238671875 0.22222222265625 0.490226337890625 0.22222222265625 0.4804526748046875 0.224537037109375 0.471193416015625 0.2229938271484375 0.467078189453125 0.223765431640625 0.46810699609375 0.286265431640625 0.4727366259765625 0.2881944443359375 0.4994855966796875 0.2881944443359375 0.50205761328125 0.2854938271484375
1 0.5406378603515625 0.2858796298828125 0.5416666669921875 0.227237654296875 0.5396090537109375 0.22492283984375 0.5174897119140625 0.224537037109375 0.51286008203125 0.224537037109375 0.508230453125 0.2268518515625 0.5087448564453125 0.287037037109375 0.511831275390625 0.2893518515625 0.5365226337890625 0.2885802470703125 0.5406378603515625 0.2858796298828125
1 0.5761316875 0.2256944443359375 0.57407407421875 0.223765431640625 0.562757201171875 0.224537037109375 0.5555555556640625 0.2233796298828125 0.545781892578125 0.224151234375 0.5416666669921875 0.227237654296875 0.541152263671875 0.286265431640625 0.543209876953125 0.2881944443359375 0.5745884775390625 0.287037037109375 0.5761316875 0.2256944443359375
1 0.6126543212890625 0.2260802470703125 0.6100823046875 0.2233796298828125 0.5874485595703125 0.2229938271484375 0.58076131640625 0.2233796298828125 0.577160494140625 0.2268518515625 0.5766460908203125 0.286265431640625 0.6044238681640625 0.2881944443359375 0.6100823046875 0.2827932099609375 0.6126543212890625 0.2260802470703125
1 0.6507201650390625 0.261959876953125 0.6563786005859376 0.258487654296875 0.6574074072265625 0.2515432099609375 0.65689300390625 0.2094907412109375 0.654835390625 0.19637345703125 0.6481481484375 0.192515431640625 0.644032921875 0.1863425927734375 0.6363168720703125 0.185185185546875 0.6291152265625 0.1875 0.6265432099609375 0.1944444443359375 0.619855966796875 0.1979166669921875 0.6203703701171875 0.258487654296875 0.62294238671875 0.26080246875 0.6316872431640626 0.2627314814453125 0.6507201650390625 0.261959876953125
1 0.668209876953125 0.2623456787109375 0.695987654296875 0.2581018515625 0.700102880859375 0.255015431640625 0.700102880859375 0.244212962890625 0.6975308642578125 0.221836419921875 0.6985596708984375 0.20987654296875 0.6954732509765625 0.1940586416015625 0.692901234375 0.1913580244140625 0.687757201171875 0.1902006171875 0.683127572265625 0.1836419755859375 0.6774691357421875 0.182098765625 0.668209876953125 0.18402777734375 0.6635802470703125 0.1940586416015625 0.6584362138671875 0.195987654296875 0.6584362138671875 0.246913580078125 0.659979423828125 0.25347222265625 0.6584362138671875 0.258487654296875 0.668209876953125 0.2623456787109375
1 0.738168724609375 0.2546296298828125 0.7433127568359374 0.2480709873046875 0.741769546875 0.1956018515625 0.73919753125 0.1890432099609375 0.7376543212890625 0.187114197265625 0.712962962890625 0.187114197265625 0.70576131640625 0.1882716044921875 0.7011316875 0.192515431640625 0.6995884775390625 0.195987654296875 0.7011316875 0.255787037109375 0.7103909462890625 0.258487654296875 0.738168724609375 0.2546296298828125
1 0.431069958984375 0.3568672841796875 0.43004115234375 0.2935956787109375 0.4007201650390625 0.2905092587890625 0.3955761318359375 0.293209876953125 0.3945473251953125 0.2962962958984375 0.3966049384765625 0.3568672841796875 0.4007201650390625 0.3599537041015625 0.4274691357421875 0.3595679013671875 0.431069958984375 0.3568672841796875
1 0.467078189453125 0.35262345703125 0.4660493828125 0.2939814814453125 0.46399176953125 0.292438271484375 0.4485596708984375 0.2908950615234375 0.4356995888671875 0.2912808642578125 0.432098765625 0.293209876953125 0.4326131689453125 0.3560956787109375 0.44084362109375 0.35802469140625 0.4634773662109375 0.3572530859375 0.467078189453125 0.35262345703125
1 0.501028806640625 0.357638888671875 0.503086419921875 0.3541666669921875 0.503086419921875 0.295910494140625 0.49794238671875 0.2916666669921875 0.4732510283203125 0.2916666669921875 0.469135802734375 0.293209876953125 0.4686213994140625 0.2966820986328125 0.46810699609375 0.3560956787109375 0.471193416015625 0.35802469140625 0.479938271484375 0.3587962958984375 0.501028806640625 0.357638888671875
1 0.539094650390625 0.354938271484375 0.5396090537109375 0.2962962958984375 0.5339506171875 0.2943672841796875 0.511831275390625 0.293209876953125 0.507201646484375 0.2997685185546875 0.5066872431640626 0.355709876953125 0.5087448564453125 0.357638888671875 0.53600823046875 0.35802469140625 0.539094650390625 0.354938271484375
1 0.5704732509765625 0.35455246875 0.5725308642578125 0.352237654296875 0.5715020576171875 0.3344907412109375 0.573045267578125 0.3260030859375 0.570987654296875 0.2943672841796875 0.5673868310546875 0.292438271484375 0.5565843623046876 0.29205246875 0.5452674892578125 0.293209876953125 0.5406378603515625 0.2966820986328125 0.5406378603515625 0.355709876953125 0.543209876953125 0.3572530859375 0.5483539091796875 0.355709876953125 0.5704732509765625 0.35455246875
1 0.6054526748046875 0.352237654296875 0.6075102880859375 0.340663580078125 0.606995884765625 0.293209876953125 0.605967078125 0.29205246875 0.5797325107421875 0.2916666669921875 0.5745884775390625 0.293209876953125 0.5735596708984375 0.2966820986328125 0.5735596708984375 0.35262345703125 0.5761316875 0.354938271484375 0.602880658203125 0.3541666669921875 0.6054526748046875 0.352237654296875
1 0.65020576171875 0.3391203701171875 0.6517489716796875 0.338348765625 0.65020576171875 0.275462962890625 0.6445473251953125 0.2731481484375 0.636831275390625 0.2658179013671875 0.63117283984375 0.2654320986328125 0.616769546875 0.276234568359375 0.615226337890625 0.2793209873046875 0.6136831279296875 0.3395061728515625 0.6172839501953125 0.3418209873046875 0.6244855966796875 0.3418209873046875 0.65020576171875 0.3391203701171875
1 0.693930041015625 0.335262345703125 0.692901234375 0.2905092587890625 0.689814814453125 0.275848765625 0.681069958984375 0.270061728515625 0.6784979423828125 0.2654320986328125 0.6712962958984375 0.263888888671875 0.66306584375 0.2658179013671875 0.657921810546875 0.2743055556640625 0.6543209873046875 0.27507716015625 0.65277777734375 0.278163580078125 0.65277777734375 0.338348765625 0.6697530859375 0.3398919755859375 0.689814814453125 0.337962962890625 0.693930041015625 0.335262345703125
1 0.7268518515625 0.335262345703125 0.7304526748046875 0.3364197529296875 0.73302469140625 0.33294753125 0.7325102880859375 0.285558255859375 0.734053498046875 0.27237654296875 0.7273662548828125 0.270061728515625 0.7124485595703125 0.2685185185546875 0.7062757197265624 0.2635030859375 0.695987654296875 0.264660494140625 0.6934156376953124 0.267361111328125 0.69495884765625 0.335262345703125 0.6985596708984375 0.33757716015625 0.7155349794921875 0.3356481484375 0.7268518515625 0.335262345703125
1 0.7217078193359375 0.411651234375 0.7232510283203125 0.3676697529296875 0.720164609375 0.3514660498046875 0.71193415625 0.348765431640625 0.7062757197265624 0.344135802734375 0.69907407421875 0.3449074072265625 0.693930041015625 0.34992283984375 0.6867283955078125 0.352237654296875 0.68415637890625 0.361111111328125 0.68415637890625 0.4016203701171875 0.687242798828125 0.411265431640625 0.69495884765625 0.4128086416015625 0.7217078193359375 0.411651234375
1 0.6543209873046875 0.4139660498046875 0.679012345703125 0.4131944443359375 0.683127572265625 0.4104938271484375 0.6815843623046876 0.355709876953125 0.6764403291015625 0.35262345703125 0.6733539091796875 0.3476080244140625 0.668209876953125 0.3449074072265625 0.6584362138671875 0.346836419921875 0.6522633740234375 0.35262345703125 0.6507201650390625 0.35532407421875 0.65277777734375 0.3931327158203125 0.651234568359375 0.411265431640625 0.6543209873046875 0.4139660498046875
1 0.6507201650390625 0.411651234375 0.6507201650390625 0.369212962890625 0.6486625517578125 0.35262345703125 0.634773662109375 0.344135802734375 0.630144033203125 0.3429783955078125 0.615226337890625 0.35455246875 0.6136831279296875 0.358410494140625 0.6157407412109375 0.4143518515625 0.6265432099609375 0.4155092587890625 0.6476337451171875 0.4139660498046875 0.6507201650390625 0.411651234375
1 0.4284979423828125 0.4239969140625 0.4326131689453125 0.4216820986328125 0.4305555556640625 0.3626543212890625 0.4284979423828125 0.3614969140625 0.4007201650390625 0.3622685185546875 0.3976337451171875 0.3645833330078125 0.3976337451171875 0.4081790126953125 0.4007201650390625 0.4239969140625 0.4022633740234375 0.4251543212890625 0.4284979423828125 0.4239969140625
1 0.467078189453125 0.4216820986328125 0.46810699609375 0.4185956787109375 0.4660493828125 0.3626543212890625 0.4634773662109375 0.36072530859375 0.456790123046875 0.3622685185546875 0.442901234375 0.36072530859375 0.4356995888671875 0.3614969140625 0.433127572265625 0.363811728515625 0.43415637890625 0.4216820986328125 0.4356995888671875 0.42322530859375 0.46399176953125 0.42322530859375 0.467078189453125 0.4216820986328125
1 0.503086419921875 0.418209876953125 0.501028806640625 0.3981481484375 0.50205761328125 0.36342592578125 0.4984567900390625 0.36072530859375 0.470164609375 0.3614969140625 0.4686213994140625 0.3626543212890625 0.469135802734375 0.4197530859375 0.473765431640625 0.422839505859375 0.5015432099609375 0.4216820986328125 0.503086419921875 0.418209876953125
1 0.53806584375 0.41705246875 0.5396090537109375 0.412037037109375 0.5406378603515625 0.3626543212890625 0.537037037109375 0.3599537041015625 0.511831275390625 0.3618827158203125 0.5077160498046875 0.36612654296875 0.508230453125 0.41705246875 0.51080246875 0.4197530859375 0.5339506171875 0.4185956787109375 0.53806584375 0.41705246875
1 0.573045267578125 0.4016203701171875 0.5725308642578125 0.361111111328125 0.5684156376953124 0.358410494140625 0.557098765625 0.358410494140625 0.5437242802734376 0.360339505859375 0.5406378603515625 0.3626543212890625 0.5396090537109375 0.417438271484375 0.5694444443359375 0.418209876953125 0.5720164609375 0.41512345703125 0.573045267578125 0.4016203701171875
1 0.604938271484375 0.4155092587890625 0.606995884765625 0.403163580078125 0.606995884765625 0.3618827158203125 0.6054526748046875 0.35802469140625 0.577160494140625 0.358410494140625 0.57407407421875 0.3614969140625 0.5735596708984375 0.3761574072265625 0.573045267578125 0.41705246875 0.5776748974609375 0.4193672841796875 0.6018518515625 0.418209876953125 0.604938271484375 0.4155092587890625
1 0.74794238671875 0.58294753125 0.7793209873046875 0.5841049384765625 0.7834362138671875 0.579861111328125 0.7844650205078125 0.5748456787109375 0.7834362138671875 0.55034722265625 0.78806584375 0.5019290126953125 0.791152263671875 0.4907407412109375 0.7824074072265625 0.4822530859375 0.7767489716796875 0.48032407421875 0.759773662109375 0.48032407421875 0.74382716015625 0.482638888671875 0.7376543212890625 0.4849537041015625 0.741769546875 0.5100308642578125 0.7412551435546875 0.5501543212890625 0.7443415634765626 0.5814043212890625 0.74794238671875 0.58294753125
1 0.72479423828125 0.5837191357421875 0.7412551435546875 0.58217592578125 0.742798353515625 0.5814043212890625 0.742798353515625 0.5725308642578125 0.740226337890625 0.559413580078125 0.7407407412109375 0.5015432099609375 0.7355967080078125 0.4876543212890625 0.730967078125 0.4845679013671875 0.7175925927734375 0.48302469140625 0.7026748974609375 0.483410494140625 0.6862139921875 0.4868827158203125 0.693930041015625 0.5833333330078125 0.6965020576171875 0.5844907412109375 0.70987654296875 0.582561728515625 0.72479423828125 0.5837191357421875
1 0.6846707822265625 0.585262345703125 0.689814814453125 0.5841049384765625 0.691872427734375 0.5814043212890625 0.69084362109375 0.545910494140625 0.6862139921875 0.4918981484375 0.681069958984375 0.4864969140625 0.6676954736328125 0.482638888671875 0.6522633740234375 0.48302469140625 0.6404320986328125 0.4864969140625 0.638888888671875 0.488811728515625 0.6414609052734375 0.58217592578125 0.6466049384765625 0.5856481484375 0.659979423828125 0.5844907412109375 0.6846707822265625 0.585262345703125
1 0.598765431640625 0.5860339501953125 0.615226337890625 0.587962962890625 0.636831275390625 0.5860339501953125 0.6394032919921875 0.5837191357421875 0.640946501953125 0.57677469140625 0.6383744853515625 0.5100308642578125 0.634773662109375 0.4903549384765625 0.630144033203125 0.4864969140625 0.587962962890625 0.488040123046875 0.58693415625 0.49652777734375 0.5905349794921875 0.562885802734375 0.595164609375 0.5837191357421875 0.598765431640625 0.5860339501953125
1 0.5720164609375 0.5898919755859375 0.585905349609375 0.5868055556640625 0.587962962890625 0.5844907412109375 0.5884773662109375 0.5775462958984375 0.585905349609375 0.5597993828125 0.5828189296875 0.49382716015625 0.58076131640625 0.48919753125 0.5673868310546875 0.4872685185546875 0.5632716044921875 0.488040123046875 0.5612139921875 0.4841820986328125 0.557098765625 0.4837962958984375 0.5565843623046876 0.488811728515625 0.5545267490234375 0.4895833330078125 0.5396090537109375 0.4876543212890625 0.5375514404296875 0.488811728515625 0.532921810546875 0.4868827158203125 0.520061728515625 0.4926697529296875 0.5226337451171875 0.554012345703125 0.52777777734375 0.5898919755859375 0.5293209873046875 0.5910493828125 0.5720164609375 0.5898919755859375
1 0.5226337451171875 0.5895061728515625 0.5246913583984375 0.5841049384765625 0.518004115234375 0.4957561728515625 0.5087448564453125 0.4922839501953125 0.5005144033203125 0.494212962890625 0.4943415634765625 0.4918981484375 0.467078189453125 0.4918981484375 0.4578189296875 0.497685185546875 0.4578189296875 0.516589505859375 0.4660493828125 0.5918209873046875 0.4876543212890625 0.593364197265625 0.5226337451171875 0.5895061728515625
1 0.3976337451171875 0.59375 0.4043209873046875 0.5956790126953125 0.424897119140625 0.596836419921875 0.4465020576171875 0.5952932099609375 0.4562757197265625 0.5929783955078125 0.4583333330078125 0.590663580078125 0.45987654296875 0.5814043212890625 0.45576131640625 0.554012345703125 0.4562757197265625 0.5351080244140625 0.45318930078125 0.5216049384765625 0.4511316875 0.49112654296875 0.435185185546875 0.4876543212890625 0.43004115234375 0.4899691357421875 0.4104938271484375 0.49112654296875 0.4053497939453125 0.494212962890625 0.3945473251953125 0.4953703701171875 0.3899176953125 0.4980709873046875 0.3894032919921875 0.519290123046875 0.394032921875 0.5644290126953125 0.3966049384765625 0.57137345703125 0.3976337451171875 0.59375
1 0.3914609052734375 0.5952932099609375 0.3955761318359375 0.5918209873046875 0.3955761318359375 0.5844907412109375 0.3863168720703125 0.4984567900390625 0.380144033203125 0.4957561728515625 0.33899176953125 0.49382716015625 0.3276748974609375 0.49652777734375 0.325102880859375 0.4984567900390625 0.3245884775390625 0.5158179013671875 0.3328189296875 0.5956790126953125 0.36882716015625 0.5976080244140625 0.3914609052734375 0.5952932099609375
1 0.3220164609375 0.579861111328125 0.314814814453125 0.4972993828125 0.3106995888671875 0.4953703701171875 0.2793209873046875 0.4980709873046875 0.276234568359375 0.499614197265625 0.2649176953125 0.4988425927734375 0.255144033203125 0.5007716044921875 0.2525720166015625 0.50347222265625 0.259773662109375 0.598765431640625 0.318930041015625 0.598765431640625 0.3220164609375 0.5956790126953125 0.3220164609375 0.579861111328125
1 0.195987654296875 0.6014660498046875 0.2165637861328125 0.6018518515625 0.231995884765625 0.599537037109375 0.2546296298828125 0.59992283984375 0.2577160498046875 0.5952932099609375 0.2541152265625 0.52507716015625 0.251028806640625 0.5042438271484375 0.2484567900390625 0.502314814453125 0.2242798349609375 0.502314814453125 0.212962962890625 0.5 0.2026748974609375 0.5027006171875 0.1923868310546875 0.5027006171875 0.1882716044921875 0.505015431640625 0.1882716044921875 0.525848765625 0.1903292177734375 0.5293209873046875 0.193930041015625 0.5956790126953125 0.195987654296875 0.6014660498046875
1 0.1255144033203125 0.6006944443359375 0.1265432099609375 0.602237654296875 0.1383744853515625 0.6033950615234375 0.1795267490234375 0.602237654296875 0.185185185546875 0.598765431640625 0.1862139921875 0.5956790126953125 0.1867283955078125 0.5625 0.181069958984375 0.5073302470703125 0.1784979423828125 0.5027006171875 0.1712962958984375 0.4992283955078125 0.154835390625 0.50347222265625 0.1193415634765625 0.503086419921875 0.117798353515625 0.5046296298828125 0.115226337890625 0.508487654296875 0.115226337890625 0.51967592578125 0.126028806640625 0.59375 0.1255144033203125 0.6006944443359375
1 0.1064814814453125 0.6037808642578125 0.11882716015625 0.602237654296875 0.1208847734375 0.598765431640625 0.11882716015625 0.5898919755859375 0.1213991767578125 0.58487654296875 0.1126543212890625 0.5065586416015625 0.1018518515625 0.505401234375 0.0925925927734375 0.5073302470703125 0.0606995888671875 0.499614197265625 0.0493827158203125 0.5092592587890625 0.0483539091796875 0.51427469140625 0.0596707822265625 0.6018518515625 0.0694444443359375 0.6041666669921875 0.1064814814453125 0.6037808642578125
1 0 0.60532407421875 0.0236625517578125 0.6072530859375 0.0529835390625 0.604938271484375 0.0555555556640625 0.6010802470703125 0.051954732421875 0.5856481484375 0.0529835390625 0.5779320986328125 0.047839505859375 0.52237654296875 0.0437242802734375 0.5042438271484375 0.0396090537109375 0.500385802734375 0.03189300390625 0.5 0.0185185185546875 0.5015432099609375 0.0205761318359375 0.502314814453125 0.019032921875 0.505787037109375 0.01080246875 0.505787037109375 0.00617283984375 0.5015432099609375 0.0025720166015625 0.5015432099609375 0 0.5027006171875 0 0.60532407421875
1 0.0185185185546875 0.744598765625 0.024176955078125 0.7565586416015625 0.022119341796875 0.7631172841796875 0.026234568359375 0.7681327158203125 0.0293209873046875 0.79012345703125 0.034979423828125 0.798611111328125 0.039094650390625 0.800540123046875 0.0529835390625 0.801311728515625 0.0812757197265625 0.800540123046875 0.08487654296875 0.7912808642578125 0.0812757197265625 0.7507716044921875 0.070987654296875 0.7060185185546874 0.057098765625 0.7052469140625 0.0426954736328125 0.7087191357421875 0.028806583984375 0.70717592578125 0.0185185185546875 0.7083333330078125 0.0164609052734375 0.70987654296875 0.0154320986328125 0.713348765625 0.020061728515625 0.72955246875 0.018004115234375 0.733410494140625 0.0185185185546875 0.744598765625
1 0 0.9185956787109375 0.0077160498046875 0.91782407421875 0.0195473251953125 0.9220679013671875 0.0365226337890625 0.9216820986328125 0.0416666669921875 0.9193672841796875 0.04423868359375 0.91242283984375 0.0421810703125 0.901234568359375 0.0324074072265625 0.886959876953125 0.0344650205078125 0.883487654296875 0.0313786005859375 0.880787037109375 0.0344650205078125 0.8769290126953125 0.030864197265625 0.8722993828125 0.0354938271484375 0.841435185546875 0.0334362138671875 0.838734568359375 0.029835390625 0.837962962890625 0.0025720166015625 0.838734568359375 0 0.8391203701171875 0 0.9185956787109375
1 0.0437242802734375 0.914737654296875 0.0493827158203125 0.9216820986328125 0.070987654296875 0.923611111328125 0.098765431640625 0.9216820986328125 0.1018518515625 0.91512345703125 0.1023662548828125 0.903935185546875 0.0982510283203125 0.8587962958984375 0.094135802734375 0.838734568359375 0.08899176953125 0.83757716015625 0.0396090537109375 0.838348765625 0.037037037109375 0.84027777734375 0.0324074072265625 0.85455246875 0.0293209873046875 0.8854166669921875 0.0385802470703125 0.8966049384765625 0.0416666669921875 0.9023919755859375 0.0437242802734375 0.914737654296875
1 0 0.999614197265625 0.04681069921875 0.999614197265625 0.04012345703125 0.931712962890625 0.032921810546875 0.9274691357421875 0.007201646484375 0.92862654296875 0 0.9293981484375 0 0.999614197265625
1 0.1033950615234375 0.934413580078125 0.0992798349609375 0.92592592578125 0.0956790126953125 0.9278549384765625 0.0735596708984375 0.92862654296875 0.066872427734375 0.9274691357421875 0.0617283955078125 0.929012345703125 0.049897119140625 0.929012345703125 0.041152263671875 0.9332561728515625 0.0396090537109375 0.9367283955078125 0.0488683125 0.999614197265625 0.106995884765625 0.999614197265625 0.1033950615234375 0.934413580078125
1 0.279835390625 0.793209876953125 0.2813786005859375 0.7854938271484375 0.27777777734375 0.7586531640625 0.2757201650390625 0.7029320986328125 0.265946501953125 0.7006172841796875 0.23713991796875 0.7006172841796875 0.2196502060546875 0.701388888671875 0.2155349794921875 0.7037037041015625 0.219135802734375 0.77237654296875 0.2232510283203125 0.795138888671875 0.253086419921875 0.79552469140625 0.279835390625 0.793209876953125
1 0.3055555556640625 0.7943672841796875 0.3137860078125 0.7966820986328125 0.327160494140625 0.793209876953125 0.3384773662109375 0.7935956787109375 0.342078189453125 0.7893518515625 0.33487654296875 0.7006172841796875 0.3312757197265625 0.6979166669921875 0.3117283955078125 0.7006172841796875 0.2844650205078125 0.699459876953125 0.2793209873046875 0.7002314814453126 0.27777777734375 0.702160494140625 0.2772633740234375 0.735339505859375 0.2834362138671875 0.79282407421875 0.293209876953125 0.7947530859375 0.3055555556640625 0.7943672841796875
1 0.3600823046875 0.7939814814453126 0.3708847734375 0.795910494140625 0.4084362138671875 0.7916666669921875 0.4104938271484375 0.79012345703125 0.4104938271484375 0.7804783955078125 0.4032921806640625 0.699459876953125 0.4017489716796875 0.6971450615234375 0.3996913583984375 0.695987654296875 0.355967078125 0.6944444443359375 0.3513374482421875 0.6952160498046875 0.34310699609375 0.70177469140625 0.34722222265625 0.778163580078125 0.350823044921875 0.7935956787109375 0.3523662548828125 0.7947530859375 0.3600823046875 0.7939814814453126
1 0.4706790126953125 0.7905092587890625 0.4732510283203125 0.78472222265625 0.470914609375 0.7375474541015625 0.467078189453125 0.69907407421875 0.4645061728515625 0.6948302470703125 0.45987654296875 0.69367283984375 0.4212962958984375 0.6948302470703125 0.4089506171875 0.6971450615234375 0.405864197265625 0.69907407421875 0.41100823046875 0.7770061728515625 0.414094650390625 0.7893518515625 0.432098765625 0.7935956787109375 0.4706790126953125 0.7905092587890625
1 0.5396090537109375 0.78742283984375 0.5406378603515625 0.77777777734375 0.5344650205078125 0.6952160498046875 0.532921810546875 0.69367283984375 0.524176955078125 0.692515431640625 0.501028806640625 0.692901234375 0.4804526748046875 0.69367283984375 0.4773662548828125 0.6944444443359375 0.4753086416015625 0.6971450615234375 0.4783950615234375 0.776234568359375 0.480967078125 0.78742283984375 0.48713991796875 0.789737654296875 0.5396090537109375 0.78742283984375
1 0.5426954736328125 0.786265431640625 0.5612139921875 0.789737654296875 0.5812757197265624 0.789737654296875 0.58487654296875 0.7878086416015625 0.6018518515625 0.786651234375 0.5982510283203125 0.753086419921875 0.59979423828125 0.7337962958984375 0.5956790126953125 0.692901234375 0.5936213994140624 0.6917438271484375 0.566872427734375 0.692901234375 0.545781892578125 0.6913580244140625 0.5396090537109375 0.692901234375 0.537037037109375 0.6956018515625 0.5365226337890625 0.713348765625 0.5396090537109375 0.72492283984375 0.53806584375 0.7341820986328125 0.5426954736328125 0.786265431640625
1 0.636831275390625 0.7793209873046875 0.6399176953125 0.77777777734375 0.6476337451171875 0.77777777734375 0.651234568359375 0.7716049384765625 0.647119341796875 0.67862654296875 0.6404320986328125 0.670910494140625 0.633230453125 0.670910494140625 0.630144033203125 0.6724537041015625 0.61882716015625 0.6716820986328125 0.609053498046875 0.66782407421875 0.5992798349609375 0.670138888671875 0.600823044921875 0.7314814814453126 0.6054526748046875 0.7831790126953125 0.6105967080078125 0.7797067900390625 0.636831275390625 0.7793209873046875
1 0.66100823046875 0.778163580078125 0.689814814453125 0.77777777734375 0.698045267578125 0.7743055556640625 0.6985596708984375 0.7654320986328125 0.6965020576171875 0.757484568359375 0.698045267578125 0.7372685185546874 0.6954732509765625 0.7199074072265625 0.695987654296875 0.6979166669921875 0.6934156376953124 0.682098765625 0.6893004111328125 0.6712962958984375 0.67181069921875 0.667438271484375 0.6671810703125 0.6693672841796875 0.65689300390625 0.66782407421875 0.6507201650390625 0.670910494140625 0.6455761318359375 0.67052469140625 0.6496913583984375 0.7029320986328125 0.65277777734375 0.775462962890625 0.6543209873046875 0.7773919755859375 0.66100823046875 0.778163580078125
1 0.7026748974609375 0.7766203701171875 0.744855966796875 0.775462962890625 0.748971193359375 0.77237654296875 0.7474279833984375 0.7627314814453126 0.74794238671875 0.7091049384765625 0.7443415634765626 0.68402777734375 0.734053498046875 0.66782407421875 0.7160493828125 0.667438271484375 0.7083333330078125 0.670138888671875 0.6934156376953124 0.67052469140625 0.6923868310546875 0.675540123046875 0.69495884765625 0.6828703701171875 0.700102880859375 0.7735339501953125 0.7026748974609375 0.7766203701171875
1 0.7515432099609375 0.7746913583984375 0.782921810546875 0.7739197529296875 0.7844650205078125 0.7573302470703125 0.782921810546875 0.6751543212890625 0.77520576171875 0.6697530859375 0.769032921875 0.66782407421875 0.7397119345703125 0.66782407421875 0.73919753125 0.6720679013671875 0.746913580078125 0.687885802734375 0.7494855966796875 0.772762345703125 0.7515432099609375 0.7746913583984375
1 0.5720164609375 0.9895833330078125 0.57407407421875 0.9930555556640625 0.58076131640625 0.99652777734375 0.605967078125 0.996913580078125 0.615226337890625 0.9930555556640625 0.617798353515625 0.98919753125 0.616769546875 0.931712962890625 0.61213991796875 0.901234568359375 0.6054526748046875 0.8881172841796875 0.5720164609375 0.8904320986328125 0.5643004111328125 0.8927469140625 0.5637860078125 0.9077932099609375 0.566872427734375 0.9216820986328125 0.5663580244140625 0.939814814453125 0.5720164609375 0.9895833330078125
1 0.6373456787109375 0.9845679013671875 0.6476337451171875 0.988040123046875 0.681069958984375 0.98302469140625 0.6836419755859375 0.97762345703125 0.681069958984375 0.94907407421875 0.6815843623046876 0.908564814453125 0.6779835390625 0.9043209873046875 0.66923868359375 0.883487654296875 0.66512345703125 0.8788580244140625 0.625 0.883487654296875 0.626028806640625 0.914737654296875 0.6306584365234374 0.940586419921875 0.6306584365234374 0.96257716015625 0.6373456787109375 0.9845679013671875
1 0.723765431640625 0.9841820986328125 0.7294238681640625 0.985339505859375 0.7587448564453125 0.9837962958984375 0.7633744853515625 0.9783950615234375 0.763888888671875 0.9386574072265625 0.7633744853515625 0.91705246875 0.7577160498046875 0.8935185185546874 0.7515432099609375 0.8850308642578125 0.7462962958984375 0.8881172841796875 0.720164609375 0.8885030859375 0.7165637861328125 0.886959876953125 0.706790123046875 0.8904320986328125 0.70576131640625 0.8989197529296875 0.7124485595703125 0.9610339501953125 0.717078189453125 0.9768518515625 0.723765431640625 0.9841820986328125
1 0.412037037109375 0.9868827158203125 0.4156378603515625 0.9849537041015625 0.416152263671875 0.980709876953125 0.41306584375 0.9363425927734375 0.407921810546875 0.9016203701171875 0.404835390625 0.8996913583984375 0.395061728515625 0.8993055556640625 0.3816872431640625 0.900462962890625 0.3662551435546875 0.9043209873046875 0.3657407412109375 0.9251543212890625 0.3734567900390625 0.9845679013671875 0.3765432099609375 0.9872685185546874 0.412037037109375 0.9868827158203125
1 0.4573045263671875 0.983410494140625 0.45987654296875 0.9810956787109375 0.4603909462890625 0.9756944443359375 0.4537037041015625 0.8993055556640625 0.4506172841796875 0.8962191357421875 0.4279835390625 0.8966049384765625 0.41512345703125 0.8989197529296875 0.4125514404296875 0.900848765625 0.4125514404296875 0.9189814814453126 0.418209876953125 0.9841820986328125 0.4573045263671875 0.983410494140625
1 0.4876543212890625 0.9907407412109375 0.5149176953125 0.98842592578125 0.5164609052734375 0.9768518515625 0.5144032919921875 0.9421296298828125 0.5102880654296875 0.911265431640625 0.508230453125 0.909336419921875 0.484053498046875 0.911265431640625 0.4732510283203125 0.9135802470703125 0.469135802734375 0.918209876953125 0.4696502060546875 0.9533179013671875 0.4742798349609375 0.9872685185546874 0.4768518515625 0.9895833330078125 0.4876543212890625 0.9907407412109375
1 0.55092592578125 0.9695216044921875 0.558127572265625 0.9702932099609375 0.558127572265625 0.925540123046875 0.5534979423828125 0.9070216044921875 0.549897119140625 0.9054783955078125 0.5226337451171875 0.9054783955078125 0.5144032919921875 0.9077932099609375 0.5133744853515625 0.90972222265625 0.5133744853515625 0.9332561728515625 0.51697530859375 0.9695216044921875 0.519032921875 0.97492283984375 0.55092592578125 0.9695216044921875
0 0.3408203125 0.7978515625 0.3857421875 0.7998046875 0.3857421875 0.8154296875 0.3828125 0.8173828125 0.33984375 0.8173828125 0.322265625 0.814453125 0.318359375 0.8076171875 0.3212890625 0.7978515625 0.33984375 0.7978515625
0 0 0.6103515625 0.0244140625 0.611328125 0.02734375 0.61328125 0.0283203125 0.6220703125 0.0263671875 0.62890625 0 0.6298828125 0 0.611328125
0 0.2509765625 0.435546875 0.279296875 0.435546875 0.28515625 0.4375 0.287109375 0.453125 0.2783203125 0.45703125 0.216796875 0.4560546875 0.21484375 0.4443359375 0.216796875 0.4384765625 0.25 0.435546875
0 0.689453125 0.802734375 0.6884765625 0.7880859375 0.69140625 0.7861328125 0.7333984375 0.7841796875 0.7568359375 0.78515625 0.7587890625 0.7900390625 0.7568359375 0.80078125 0.7509765625 0.802734375 0.7080078125 0.8046875 0.6904296875 0.802734375
0 0.271484375 0.435546875 0.283203125 0.4365234375 0.2861328125 0.439453125 0.287109375 0.4541015625 0.279296875 0.45703125 0.26171875 0.45703125 0.2470703125 0.453125 0.248046875 0.4375 0.2705078125 0.435546875
0 0.4326171875 0.8125 0.431640625 0.7978515625 0.4345703125 0.7958984375 0.48046875 0.7939453125 0.4931640625 0.7939453125 0.4970703125 0.7958984375 0.498046875 0.810546875 0.4951171875 0.8125 0.455078125 0.814453125 0.43359375 0.8125
0 0.681640625 0.7880859375 0.6826171875 0.80078125 0.6787109375 0.8046875 0.6279296875 0.8076171875 0.619140625 0.806640625 0.6171875 0.8037109375 0.6171875 0.791015625 0.619140625 0.7890625 0.6806640625 0.7880859375
0 0.0205078125 0.8095703125 0.0693359375 0.8095703125 0.07421875 0.81640625 0.07421875 0.8251953125 0.072265625 0.8271484375 0.0205078125 0.830078125 0.0078125 0.828125 0.005859375 0.822265625 0.0068359375 0.8125 0.01953125 0.8095703125
0 0.7373046875 0.591796875 0.7412109375 0.5947265625 0.7412109375 0.6083984375 0.73828125 0.6103515625 0.69140625 0.61328125 0.6240234375 0.61328125 0.609375 0.611328125 0.6103515625 0.5947265625 0.673828125 0.5947265625 0.736328125 0.591796875
0 0.1396484375 0.6103515625 0.16015625 0.6123046875 0.1611328125 0.6279296875 0.1513671875 0.630859375 0.125 0.6318359375 0.0927734375 0.630859375 0.0908203125 0.6279296875 0.0908203125 0.6142578125 0.0927734375 0.6123046875 0.1279296875 0.6123046875 0.138671875 0.6103515625
0 0.66796875 0.5947265625 0.6708984375 0.595703125 0.671875 0.609375 0.6630859375 0.61328125 0.609375 0.611328125 0.609375 0.595703125 0.6123046875 0.59375 0.6669921875 0.5947265625
0 0.34765625 0.43359375 0.3798828125 0.4345703125 0.3828125 0.439453125 0.3828125 0.453125 0.375 0.455078125 0.3193359375 0.455078125 0.3134765625 0.453125 0.3134765625 0.4365234375 0.318359375 0.4345703125 0.3466796875 0.43359375
0 0.484375 0.6005859375 0.4873046875 0.607421875 0.4873046875 0.6162109375 0.4853515625 0.6181640625 0.4404296875 0.62109375 0.4287109375 0.62109375 0.419921875 0.6181640625 0.4189453125 0.609375 0.4228515625 0.6015625 0.4833984375 0.6005859375
0 0.2412109375 0.4365234375 0.24609375 0.439453125 0.2470703125 0.453125 0.2392578125 0.45703125 0.216796875 0.4560546875 0.21484375 0.4501953125 0.2158203125 0.4384765625 0.240234375 0.4375
0 0.4775390625 0.4326171875 0.498046875 0.4296875 0.5439453125 0.4287109375 0.546875 0.435546875 0.546875 0.4462890625 0.5439453125 0.4482421875 0.4833984375 0.4501953125 0.4775390625 0.4462890625 0.4775390625 0.43359375
0 0.1875 0.806640625 0.189453125 0.810546875 0.189453125 0.822265625 0.1875 0.8232421875 0.146484375 0.826171875 0.125 0.8251953125 0.1220703125 0.818359375 0.123046875 0.8076171875 0.1865234375 0.806640625
0 0.6572265625 0.4443359375 0.6552734375 0.4326171875 0.658203125 0.42578125 0.6806640625 0.423828125 0.724609375 0.423828125 0.7265625 0.42578125 0.7265625 0.4384765625 0.7236328125 0.4423828125 0.6767578125 0.4462890625 0.658203125 0.4443359375
0 0.2724609375 0.626953125 0.2265625 0.6259765625 0.2236328125 0.6240234375 0.2236328125 0.609375 0.2275390625 0.607421875 0.2880859375 0.6064453125 0.29296875 0.611328125 0.29296875 0.6220703125 0.283203125 0.6259765625 0.2734375 0.6259765625
0 0.724609375 0.5908203125 0.7412109375 0.59375 0.7412109375 0.609375 0.7099609375 0.6123046875 0.6748046875 0.6123046875 0.6708984375 0.609375 0.671875 0.595703125 0.7236328125 0.5908203125