1 0.04159967578125 0.0568061201171875 0.032857888671875 0.04668968359375 0.0248204384765625 0.0427914716796875 0.02327934375 0.04271070703125 0.017746916015625 0.1482757119140625 0.04343183203125 0.1496218017578125 0.045114265625 0.1470056494140625 0.0394891845703125 0.0675900732421875 0.04159967578125 0.0568061201171875
1 0.065875921875 0.04571576171875 0.0561358447265625 0.044818974609375 0.052993080078125 0.045813265625 0.049587830078125 0.0518161142578125 0.0432215361328125 0.0553457900390625 0.040390556640625 0.0602197392578125 0.03992615625 0.0690810361328125 0.04509407421875 0.147390923828125 0.0480753076171875 0.1494788232421875 0.0572814951171875 0.150733962890625 0.0825132861328125 0.1508973095703125 0.084357251953125 0.14519896875 0.080324240234375 0.0943781259765625 0.0824508837890625 0.0832859521484375 0.0805778125 0.0797108017578125 0.0809614482421875 0.072390599609375 0.0857462626953125 0.0695507060546875 0.0960202294921875 0.0700891416015625 0.0789292080078125 0.0521948349609375 0.0729667412109375 0.0480190361328125 0.065875921875 0.04571576171875
1 0.1349912802734375 0.152102236328125 0.1345292412109375 0.141260728515625 0.1287152001953125 0.0752796005859375 0.1272548701171875 0.073657740234375 0.109869892578125 0.0712013037109375 0.085111416015625 0.071835427734375 0.0808604912109375 0.07431696875 0.08202450390625 0.1110795048828125 0.086643064453125 0.1507274091796875 0.109124642578125 0.154223611328125 0.1333492294921875 0.15394783984375 0.1349912802734375 0.152102236328125
1 0.1725410888671875 0.0744857626953125 0.1344668388671875 0.07364937109375 0.1313038828125 0.075028935546875 0.1334032509765625 0.12343044921875 0.1375597724609375 0.152236845703125 0.1466246201171875 0.1561889013671875 0.1815964892578125 0.15724903515625 0.1835616025390625 0.149239052734375 0.179098017578125 0.0771473876953125 0.1725410888671875 0.0744857626953125
1 0.229904322265625 0.15939441015625 0.232060072265625 0.157575728515625 0.2324638994140625 0.1498702529296875 0.2279397412109375 0.07893441015625 0.2069386845703125 0.0766747958984375 0.1832883701171875 0.07582166796875 0.181686701171875 0.0768967236328125 0.1837926220703125 0.154659806640625 0.1877810595703125 0.1571868232421875 0.2057806923828125 0.1577438125 0.2170012900390625 0.1598771865234375 0.229904322265625 0.15939441015625
1 0.2310421220703125 0.0787106669921875 0.23308746875 0.157629572265625 0.2401782890625 0.159932845703125 0.278685470703125 0.1623372529296875 0.2813953017578125 0.1597749462890625 0.2814469609375 0.1489603603515625 0.2773557373046875 0.079592533203125 0.234205078125 0.0773311025390625 0.2310421220703125 0.0787106669921875
1 0.279863654296875 0.0808829638671875 0.2818686181640625 0.160572416015625 0.2848498515625 0.162660314453125 0.3279399365234375 0.16607756640625 0.329283841796875 0.1306054599609375 0.3275366416015625 0.08531305859375 0.3251296806640625 0.082096259765625 0.2824927197265625 0.0798617509765625 0.279863654296875 0.0808829638671875
1 0.3789670478515625 0.086849416015625 0.3744851015625 0.0839102041015625 0.3426559970703125 0.081855779296875 0.331294060546875 0.0824193212890625 0.3307197880859375 0.083548220703125 0.33112308203125 0.164312728515625 0.3351720947265625 0.165683923828125 0.3732463447265625 0.1665203154296875 0.37591579296875 0.1647285546875 0.3780335224609375 0.1439776171875 0.3789670478515625 0.086849416015625
1 0.379410724609375 0.166843376953125 0.390712087890625 0.16743565625 0.3967755107421875 0.1696850859375 0.4030408466796875 0.168081779296875 0.4225815751953125 0.168719533203125 0.42523083203125 0.167313046875 0.4273081787109375 0.14733265625 0.42876431640625 0.099890142578125 0.427234498046875 0.089765337890625 0.424787154296875 0.0873190859375 0.406726947265625 0.0879179189453125 0.3841444140625 0.0863480869140625 0.3813538173828125 0.0904514892578125 0.377456888671875 0.1648093203125 0.379410724609375 0.166843376953125
1 0.4338223642578125 0.1704676337890625 0.4733771337890625 0.172540611328125 0.476291240234375 0.1464227626953125 0.47595507421875 0.0938640029296875 0.472047400390625 0.089795890625 0.4308909599609375 0.0887979697265625 0.42726543359375 0.1678060078125 0.4338223642578125 0.1704676337890625
1 0.5042192255859375 0.1737706455078125 0.5211712705078125 0.174659064453125 0.5241637802734375 0.166702923828125 0.5274258623046875 0.0946298125 0.52241002734375 0.092048953125 0.4812737783203125 0.0906657568359375 0.4800848505859375 0.093694103515625 0.4760869658203125 0.1699783037109375 0.4770335966796875 0.1715732421875 0.4873075634765625 0.1721116787109375 0.4938241103515625 0.1755438515625 0.5042192255859375 0.1737706455078125
1 0.52948065625 0.0947375 0.524888306640625 0.1725358740234375 0.531445236328125 0.1751975 0.5704661171875 0.1776288291015625 0.5732163310546875 0.174295974609375 0.5755317822265625 0.1006279248046875 0.5681291767578125 0.0944449921875 0.5337113896484375 0.092641232421875 0.52948065625 0.0947375
1 0.580226384765625 0.1781403427734375 0.5967051142578125 0.17823129296875 0.6125691884765625 0.180221689453125 0.61930783984375 0.1794158515625 0.62146358984375 0.177597169921875 0.6243711435546875 0.1221177509765625 0.622892984375 0.1011783603515625 0.6168901357421875 0.097773109375 0.602486390625 0.0974045732421875 0.59142732421875 0.0921890087890625 0.585242751953125 0.092251220703125 0.57857358984375 0.1015600029296875 0.5773531943359375 0.115017662109375 0.573669455078125 0.1754787177734375 0.580226384765625 0.1781403427734375
1 0.62900753515625 0.1810831865234375 0.665480115234375 0.1829946337890625 0.6692173427734375 0.180486169921875 0.669109783203125 0.1628807958984375 0.67295037890625 0.12891333203125 0.6722080234375 0.1037628525390625 0.6697606796875 0.1013166015625 0.6445894619140625 0.09999743359375 0.63398351953125 0.0959646123046875 0.6287253876953125 0.0980070361328125 0.6253807099609375 0.102854064453125 0.6209498916015626 0.177570248046875 0.622883537109375 0.179989578125 0.62900753515625 0.1810831865234375
1 0.682109630859375 0.1015774501953125 0.6793997998046875 0.1041397568359375 0.677867619140625 0.1137177568359375 0.671806025390625 0.1802355048828125 0.676328353515625 0.182404169921875 0.716870138671875 0.1853015390625 0.721121064453125 0.1828199970703125 0.7267206181640625 0.1054607412109375 0.717655771484375 0.1015086845703125 0.682109630859375 0.1015774501953125
1 0.765451736328125 0.1723943154296875 0.7748354541015625 0.1211176171875 0.7749476875 0.1091472099609375 0.7627400751953125 0.1061894453125 0.730890779296875 0.1045202939453125 0.7281405654296875 0.1078531484375 0.7263257060546875 0.1228249814453125 0.721634763671875 0.1828469189453125 0.7261167080078125 0.185786130859375 0.763636876953125 0.1873661484375 0.765812818359375 0.1851621923828125 0.765451736328125 0.1723943154296875
1 0.8111999931640625 0.1840638466796875 0.8164402939453125 0.1627038916015625 0.82184448828125 0.11855894140625 0.8220262099609374 0.1150914775390625 0.8191257421875 0.1114624833984375 0.8109873349609374 0.1094906396484375 0.77911784765625 0.108206763671875 0.7775161787109375 0.1092818193359375 0.7704497412109375 0.1556576455078125 0.768300544921875 0.186837896484375 0.7723293662109375 0.1885943662109375 0.806233455078125 0.1903712041015625 0.8111999931640625 0.1840638466796875
1 0.869326837890625 0.1167977353515625 0.86170212890625 0.1148528134765625 0.827344916015625 0.111893232421875 0.82408100390625 0.1151991650390625 0.8209762607421875 0.1351257119140625 0.8141206513671875 0.18730756640625 0.8201436923828125 0.190327544921875 0.84112455859375 0.1929724326171875 0.8581169853515624 0.1930903046875 0.8603131181640625 0.1905010751953125 0.869326837890625 0.1167977353515625
1 0.0160906943359375 0.268338140625 0.047426291015625 0.2699803701171875 0.049743572265625 0.2650794990234375 0.0448155869140625 0.2018491298828125 0.046540765625 0.178759626953125 0.0422203515625 0.172738224609375 0.0351093408203125 0.170820224609375 0.0253288818359375 0.1706939853515625 0.0184690810546875 0.1738114658203125 0.0163133310546875 0.175630146484375 0.011628939453125 0.265013654296875 0.0160906943359375 0.268338140625
1 0.0490617900390625 0.2387731962890625 0.0505488642578125 0.269371353515625 0.0571259853515625 0.271647705078125 0.083324599609375 0.2730207158203125 0.08650774609375 0.27125587890625 0.087344505859375 0.265118419921875 0.0826184345703125 0.198035314453125 0.0850770546875 0.1904375263671875 0.0898416796875 0.18798290625 0.077151837890625 0.17456890625 0.0587394638671875 0.172058626953125 0.0528868681640625 0.1756152255859375 0.04459584375 0.1863843369140625 0.044221123046875 0.2033633037109375 0.0490617900390625 0.2387731962890625
1 0.089056046875 0.2717757607421875 0.1295978310546875 0.2746731298828125 0.134795388671875 0.2737865263671875 0.1309666513671875 0.1994101416015625 0.125930625 0.1972145546875 0.0847338017578125 0.1969871806640625 0.0864697255859375 0.25232362109375 0.089056046875 0.2717757607421875
1 0.1837986416015625 0.2724913583984375 0.1812461513671875 0.2229071025390625 0.1777333896484375 0.20147475 0.1752456630859375 0.1997990458984375 0.1496011298828125 0.19768241015625 0.13466349609375 0.197672224609375 0.133061826171875 0.1987472802734375 0.13586316796875 0.273069822265625 0.143548451171875 0.2738589228515625 0.1582437890625 0.2784923916015625 0.18252894921875 0.2770607998046875 0.1837986416015625 0.2724913583984375
1 0.2220325927734375 0.2014783818359375 0.1850261220703125 0.1999252861328125 0.1813292783203125 0.201663203125 0.182571693359375 0.2565874482421875 0.1861854111328125 0.276093431640625 0.2066323876953125 0.2790966708984375 0.2313504814453125 0.279233095703125 0.2301775537109375 0.232811794921875 0.227048427734375 0.2040592421875 0.2220325927734375 0.2014783818359375
1 0.231732287109375 0.203145716796875 0.2302808720703125 0.2111826220703125 0.2343519052734375 0.2809357216796875 0.2795775498046875 0.2829195654296875 0.2809885810546875 0.2756532080078125 0.2768973564453125 0.2062853818359375 0.263108267578125 0.2040173984375 0.2440206640625 0.20456238671875 0.231732287109375 0.203145716796875
1 0.3266049462890625 0.2112084375 0.319081193359375 0.2073371474609375 0.279979546875 0.206446912109375 0.2800846943359375 0.25358491796875 0.2827001220703125 0.282310548828125 0.2903248310546875 0.284255470703125 0.3216604296875 0.28589769921875 0.326384669921875 0.284213626953125 0.3280671044921875 0.2815974755859375 0.3266049462890625 0.2112084375
1 0.377380314453125 0.2154147900390625 0.37398633984375 0.211373599609375 0.3318630771484375 0.2091660126953125 0.329727517578125 0.2105994208984375 0.32928330859375 0.219075443359375 0.3315418447265625 0.2840975712890625 0.3457638671875 0.2879335703125 0.3735641513671875 0.2882315263671875 0.376213408203125 0.2868250400390625 0.377380314453125 0.2154147900390625
1 0.4228280625 0.2131606220703125 0.390465068359375 0.2114645498046875 0.379576447265625 0.212825560546875 0.37692901953125 0.282999224609375 0.380363376953125 0.2862698671875 0.3976272060546875 0.2910379453125 0.4223654912109375 0.290789095703125 0.4255082548828125 0.2897948056640625 0.426282611328125 0.2160459912109375 0.4228280625 0.2131606220703125
1 0.445401150390625 0.293541671875 0.4701192431640625 0.2936780966796875 0.4733023896484375 0.2919132578125 0.4744692958984375 0.2205030078125 0.470561623046875 0.2164348955078125 0.4325479482421875 0.21444268359375 0.4293648017578125 0.216207521484375 0.4264483330078125 0.2620281748046875 0.4270897333984375 0.2891050244140625 0.4290233779296875 0.291524353515625 0.43931753515625 0.291677515625 0.445401150390625 0.293541671875
1 0.5228377041015625 0.2214925615234375 0.519896853515625 0.2186341142578125 0.4926910341796875 0.2168219853515625 0.479808193359375 0.2169194873046875 0.476625046875 0.218684326171875 0.4734437294921875 0.289216341796875 0.4803326357421875 0.295372353515625 0.4937695576171875 0.294531224609375 0.5163520927734375 0.2961010576171875 0.5202508505859375 0.2905104033203125 0.5228377041015625 0.2214925615234375
1 0.5260208505859375 0.21972772265625 0.5238852919921875 0.221161130859375 0.5211167158203125 0.2936464375 0.525578470703125 0.296970923828125 0.561003462890625 0.2992137998046875 0.565788279296875 0.2963739072265625 0.569543869140625 0.2247129912109375 0.5651023056640625 0.2210032314453125 0.5260208505859375 0.21972772265625
1 0.61057024609375 0.2183637900390625 0.600154939453125 0.2205222705078125 0.582155306640625 0.21996528125 0.57270682421875 0.2233334267578125 0.5712150263671875 0.23214087890625 0.567822880859375 0.2968668671875 0.570310607421875 0.2985425712890625 0.6129677587890625 0.3003918056640625 0.6163124365234375 0.2955447783203125 0.620480767578125 0.22583715234375 0.61057024609375 0.2183637900390625
1 0.619233095703125 0.2987884990234375 0.6232619169921875 0.30054496875 0.6612957841796875 0.30215190625 0.663512107421875 0.2991774033203125 0.6636647236328125 0.2864364482421875 0.666204109375 0.27729756640625 0.6682547109375 0.22834087890625 0.666834763671875 0.2259484716796875 0.6467803388671876 0.2252837958984375 0.631017220703125 0.2213670302734375 0.627380951171875 0.221949125 0.6223942216796875 0.228641755859375 0.6200947705078125 0.252860158203125 0.6180667216796875 0.281728767578125 0.619233095703125 0.2987884990234375
1 0.6729385703125 0.2274273544921875 0.6707424375 0.2300165830078125 0.6675771201171875 0.251098951171875 0.6644183564453126 0.301542890625 0.692057109375 0.30492303515625 0.7101375068359375 0.3039389296875 0.7141912431640625 0.265904515625 0.7150820244140625 0.2292496669921875 0.70642991796875 0.2272509013671875 0.6729385703125 0.2274273544921875
1 0.7195437783203125 0.2325741533203125 0.717186115234375 0.238245572265625 0.7191601435546875 0.2398943544921875 0.71879669921875 0.24682928125 0.7129304658203125 0.2801327216796875 0.71426728515625 0.303769029296875 0.7167752021484375 0.3050594599609375 0.7261429208984375 0.30323241015625 0.7404457080078125 0.3055273154296875 0.751293947265625 0.3049368505859375 0.7535304619140625 0.30157707421875 0.7616872314453125 0.2343964658203125 0.7561576982421875 0.23178868359375 0.7381782568359375 0.2308464208984375 0.734481412109375 0.232584337890625 0.7272896357421875 0.2322074326171875 0.7242882109375 0.230504806640625 0.7195437783203125 0.2325741533203125
1 0.7681652265625 0.3073663642578125 0.78610428515625 0.3090791748046875 0.7996219716796875 0.306696951171875 0.8065583466796875 0.252974001953125 0.807446765625 0.2360219580078125 0.8054727373046875 0.23437317578125 0.79581342578125 0.2319352919921875 0.7818426142578125 0.2331347734375 0.7674792529296875 0.231995689453125 0.7638025986328125 0.23334833203125 0.7557580625 0.2885585322265625 0.7549706005859375 0.3035842080078125 0.7583443837890625 0.308010671875 0.7681652265625 0.3073663642578125
1 0.81151596875 0.23700787890625 0.80934002734375 0.2392118349609375 0.80611413671875 0.2614500244140625 0.80490265625 0.28456644921875 0.8014861279296875 0.3006133369140625 0.8031774775390625 0.307655951171875 0.8084154169921876 0.30599880078125 0.8103894443359375 0.3076475830078125 0.8130387021484375 0.3062410966796875 0.8176014130859375 0.3076392138671875 0.822345845703125 0.3055698681640625 0.8299301728515625 0.3082853369140625 0.8391565517578125 0.309155203125 0.8448879970703125 0.307910248046875 0.8531231708984375 0.2588913486328125 0.85367961328125 0.2384449189453125 0.845621970703125 0.2349319794921875 0.821498341796875 0.2332813818359375 0.81151596875 0.23700787890625
1 0.8891449892578125 0.239917248046875 0.8765246357421875 0.2350061923828125 0.8662102861328125 0.2352383046875 0.8582827080078125 0.23907248828125 0.8543322900390625 0.255477728515625 0.8527080673828125 0.2766408623046875 0.8496549833984375 0.2857528232421875 0.84832235546875 0.311180890625 0.8724056025390625 0.31360203515625 0.8796579521484374 0.312823119140625 0.890876720703125 0.2461893154296875 0.8891449892578125 0.239917248046875
1 0.0274497373046875 0.3759473857421875 0.0231429599609375 0.340179140625 0.0229974296875 0.293811681640625 0.02061066015625 0.2902096103515625 0.0135400322265625 0.2875210615234375 0.010457841796875 0.28735953125 0.005470580078125 0.3825221455078125 0.0208815302734375 0.383329798828125 0.0265725947265625 0.3828553916015625 0.0274497373046875 0.3759473857421875
1 0.0569822841796875 0.2940474248046875 0.0535883095703125 0.2900062353515625 0.0361427578125 0.2887056201171875 0.032979802734375 0.2900851845703125 0.0236008076171875 0.3019562744140625 0.0223691357421875 0.32545797265625 0.0266937421875 0.3805437490234375 0.03323048046875 0.3835906484375 0.064072572265625 0.384820681640625 0.066309087890625 0.3814609052734375 0.0569822841796875 0.2940474248046875
1 0.0707506494140625 0.3851706650390625 0.1000314541015625 0.38670520703125 0.100408537109375 0.3500234365234375 0.09794336328125 0.328259654296875 0.0999399443359375 0.3098203583984375 0.0972010068359375 0.3031091748046875 0.0970507529296875 0.29614732421875 0.0916423671875 0.291227900390625 0.0742371982421875 0.2891567392578125 0.066329810546875 0.2926056494140625 0.0617154404296875 0.3020221181640625 0.060676767578125 0.3120123134765625 0.0653220732421875 0.3806365146484375 0.0707506494140625 0.3851706650390625
1 0.1135876943359375 0.3147852578125 0.100805810546875 0.3129563916015625 0.098690443359375 0.3140045263671875 0.10311364453125 0.38686673828125 0.1302790810546875 0.3894494140625 0.14729169921875 0.38918201171875 0.14919623828125 0.382327849609375 0.1443692109375 0.3171711123046875 0.1393129931640625 0.3153607998046875 0.1135876943359375 0.3147852578125
1 0.197342541015625 0.3875554140625 0.1920421982421875 0.32160120703125 0.188053759765625 0.31907419140625 0.180902365234375 0.31792673828125 0.1705274423828125 0.3193146708984375 0.1536561630859375 0.3168851572265625 0.14845860546875 0.3177717607421875 0.1493779609375 0.3788603857421875 0.1525296396484375 0.3875248603515625 0.168806455078125 0.3914685478515625 0.1945317529296875 0.39204408984375 0.197342541015625 0.3875554140625
1 0.236915673828125 0.320475939453125 0.23331978515625 0.3202874873046875 0.2198828642578125 0.321128615234375 0.1973003291015625 0.319558783203125 0.1941373740234375 0.32093834765625 0.1993165693359375 0.3892041962890625 0.2048259111328125 0.392197251953125 0.2418121904296875 0.39413562109375 0.24359558203125 0.3895931005859375 0.2398969072265625 0.3225638388671875 0.236915673828125 0.320475939453125
1 0.242425015625 0.32346899609375 0.2435664755859375 0.380319609375 0.24592177734375 0.3943509951171875 0.2880450390625 0.3965585810546875 0.291308951171875 0.3932526484375 0.288496333984375 0.3289741455078125 0.2867040283203125 0.323857900390625 0.2466759423828125 0.3209874541015625 0.242425015625 0.32346899609375
1 0.3326743896484375 0.331289419921875 0.331234251953125 0.3292822861328125 0.3067584541015625 0.324522576171875 0.2923749013671875 0.323768765625 0.2896852607421875 0.3259457998046875 0.291228185546875 0.3947937431640625 0.297291609375 0.397043173828125 0.331709396484375 0.39884693359375 0.3345403759765625 0.3939729833984375 0.3351259248046875 0.382800044921875 0.3326743896484375 0.331289419921875
1 0.3743665478515625 0.40069616796875 0.378637666015625 0.3978293525390625 0.38069062890625 0.329169861328125 0.3782432861328125 0.326723609375 0.371091892578125 0.3255761572265625 0.340682734375 0.3259141416015625 0.336452 0.3280104091796875 0.337068484375 0.394878140625 0.3399487607421875 0.398892408203125 0.3420439365234375 0.3982295478515625 0.353737849609375 0.4011603916015625 0.3743665478515625 0.40069616796875
1 0.39086546875 0.40040184375 0.39540798828125 0.4021852353515625 0.4231880810546875 0.4028684638671875 0.425364021484375 0.4006645087890625 0.426923478515625 0.331592822265625 0.422522298828125 0.327112515625 0.4158644111328125 0.3263772578125 0.41216756640625 0.3281151748046875 0.4049354072265625 0.32850881640625 0.3848809814453125 0.327844140625 0.3826444658203125 0.3312039169921875 0.3801585693359375 0.3982953916015625 0.3816188994140625 0.399917251953125 0.39086546875 0.40040184375
1 0.4661866552734375 0.3294008671875 0.4610496728515625 0.3291316494140625 0.4542302548828125 0.33147858203125 0.433188814453125 0.3299895146484375 0.4295323525390625 0.3309568837890625 0.42639141796875 0.4007183525390625 0.429825775390625 0.4039889951171875 0.467879833984375 0.4052106591796875 0.4721307607421875 0.4027291171875 0.474062576171875 0.33638126953125 0.4661866552734375 0.3294008671875
1 0.4756642451171875 0.3353062138671875 0.473212177734375 0.3722655712890625 0.4757266484375 0.4029175703125 0.478707880859375 0.4050054697265625 0.5162482412109375 0.4062002138671875 0.5188956689453125 0.336026548828125 0.5097904384765625 0.3328450400390625 0.4814562666015625 0.3329054375 0.4756642451171875 0.3353062138671875
1 0.5641213125 0.3380103916015625 0.5591862421875 0.3338884375 0.55094687890625 0.333842962890625 0.545154857421875 0.3362437392578125 0.5277294970703125 0.334557849609375 0.5219980498046874 0.3358028056640625 0.520647591796875 0.341913341796875 0.51782971875 0.4055104306640625 0.52029725390625 0.4075714091796875 0.5614738857421875 0.408184056640625 0.5653280693359375 0.3542995771484375 0.5641213125 0.3380103916015625
1 0.58916781640625 0.3377776962890625 0.5703260751953125 0.33756290625 0.5671025458984374 0.3400982919921875 0.562027966796875 0.4074404306640625 0.5670438017578125 0.4100212919921875 0.604110845703125 0.4104185654296875 0.6078884560546876 0.4071395537109375 0.61341616015625 0.340980158203125 0.602931365234375 0.3346356943359375 0.58916781640625 0.3377776962890625
1 0.6338649658203125 0.412750576171875 0.6493364892578125 0.412402408203125 0.6526205927734375 0.4087112021484375 0.6534775439453125 0.4021884697265625 0.6565870107421875 0.3428563134765625 0.6470690380859375 0.337721515625 0.6325037626953125 0.3404351689453125 0.614463748046875 0.3406487275390625 0.6112782392578126 0.3621163701171875 0.6087947041015624 0.4095050400390625 0.6102752255859375 0.410741626953125 0.6205895751953125 0.4105095146484375 0.6338649658203125 0.412750576171875
1 0.7007852568359375 0.344786314453125 0.6627917724609375 0.342408828125 0.658085361328125 0.363410431640625 0.655622017578125 0.410413828125 0.659630646484375 0.4125555703125 0.6718786416015625 0.4147427880859375 0.69665730859375 0.4137233916015625 0.69885344140625 0.4111341630859375 0.7053479677734374 0.346184431640625 0.7007852568359375 0.344786314453125
1 0.750593802734375 0.3477830009765625 0.7455577763671875 0.3455874150390625 0.7110794150390625 0.3449394765625 0.7069294453125 0.3454946494140625 0.7057203271484375 0.34890826953125 0.70088804296875 0.4116271240234375 0.710980287109375 0.4156330234375 0.7393144609375 0.4155726259765625 0.742497607421875 0.4138077890625 0.7449562275390625 0.4062100009765625 0.750593802734375 0.3477830009765625
1 0.7757264677734375 0.41863989453125 0.7855876923828125 0.4172250400390625 0.7877434423828125 0.4154063583984375 0.7915323291015625 0.40208330859375 0.797874240234375 0.3498745322265625 0.7933519111328124 0.3477058671875 0.754784154296875 0.3464572802734375 0.752668787109375 0.3475054150390625 0.7507327802734375 0.3647888896484375 0.7460531123046875 0.4147667890625 0.7485408388671875 0.4164424921875 0.7577470263671875 0.4176976318359375 0.7757264677734375 0.41863989453125
1 0.7931922109375 0.4195552353515625 0.832273666015625 0.420830744140625 0.8349834970703125 0.4182684365234375 0.8384000234375 0.402221548828125 0.844620787109375 0.3523244150390625 0.8401388408203125 0.3493852021484375 0.8246875087890625 0.3493480966796875 0.803726833984375 0.3463179345703125 0.800090564453125 0.346900029296875 0.7984283212890625 0.34913090625 0.7970172890625 0.356397263671875 0.7959875302734375 0.376046224609375 0.789244154296875 0.416257671875 0.7931922109375 0.4195552353515625
1 0.883500328125 0.35745266015625 0.877679201171875 0.3505799453125 0.8675263828125 0.3477298681640625 0.8473508095703125 0.349376833984375 0.84222037890625 0.378469185546875 0.8353154716796874 0.421762822265625 0.8670840029296875 0.4249730673828125 0.87082123046875 0.4224646044921875 0.8753952177734375 0.4138186826171875 0.879688888671875 0.3908637890625 0.883500328125 0.35745266015625
1 0.8985591103515626 0.355151203125 0.8881841875 0.3565391357421875 0.883096501953125 0.3651581357421875 0.878206005859375 0.4093300068359375 0.88839920703125 0.4114095380859375 0.9018474052734375 0.4005243701171875 0.90733891796875 0.38419989453125 0.9092345419921875 0.3676869677734375 0.902648505859375 0.3557518505859375 0.8985591103515626 0.355151203125
1 0.010827306640625 0.3982561572265625 0.0046629267578125 0.397933095703125 0.00001891796875 0.4865460556640625 0.02307476953125 0.4889133564453125 0.0339835810546875 0.487167072265625 0.029430318359375 0.4069577373046875 0.024636587890625 0.4001388662109375 0.010827306640625 0.3982561572265625
1 0.0721789794921875 0.4856918203125 0.06676640234375 0.4317080224609375 0.0665579365234375 0.4061991904296875 0.0585608681640625 0.4015304306640625 0.042183095703125 0.3995131123046875 0.0358571845703125 0.402272240234375 0.0302356103515625 0.411249591796875 0.030141205078125 0.4425375302734375 0.0355044853515625 0.487633111328125 0.0569990498046875 0.4903049208984375 0.0698818896484375 0.4902074189453125 0.0721789794921875 0.4856918203125
1 0 0.5866050322265625 0.0086592158203125 0.5870588427734375 0.011983701171875 0.582597087890625 0.0088254697265625 0.5445710439453125 0.003047087890625 0.5172249775390625 0.0000658544921875 0.5151370771484375 0 0.5151336259765625 0 0.5866050322265625
1 0.0276458623046875 0.5884402216796875 0.045685876953125 0.5882266630859375 0.047841626953125 0.586407982421875 0.0481444970703125 0.5806288759765625 0.0421600107421875 0.508071171875 0.0320273828125 0.5048358203125 0.01661643359375 0.5040281669921876 0.010784029296875 0.5071994912109375 0.0025333896484375 0.5171980556640625 0.000790380859375 0.52097002734375 0.0095701875 0.5500187197265625 0.012295486328125 0.5864767470703125 0.0276458623046875 0.5884402216796875
1 0.049777634765625 0.5691245078125 0.0485572392578125 0.582582166015625 0.0519310224609375 0.5870086298828125 0.0760344609375 0.589044501953125 0.0797716884765625 0.5865360380859375 0.0798144326171875 0.5660626865234375 0.07539778515625 0.5225620439453125 0.0757006552734375 0.5167829384765625 0.0791866728515625 0.509238994140625 0.0721362353515625 0.5061651728515625 0.0541567939453125 0.50522291015625 0.051034220703125 0.5058319267578125 0.043479 0.5123899482421875 0.04480454296875 0.546070294921875 0.049777634765625 0.5691245078125
1 0.0797449443359375 0.5575597421875 0.0807587021484375 0.5873604287109375 0.08476733203125 0.589502171875 0.1110265205078125 0.5897193623046875 0.1124690205078125 0.57202369140625 0.1087163251953125 0.5355118212890625 0.1089720888671875 0.53063155859375 0.1145196220703125 0.5230670048828125 0.1158095068359375 0.5181122900390625 0.1152465107421875 0.5091971494140625 0.087053677734375 0.506560630859375 0.0828431337890625 0.508271625 0.07514657421875 0.5175265634765625 0.074350197265625 0.5228934736328125 0.0797449443359375 0.5575597421875
1 0.1076039716796875 0.4879346982421875 0.1061168984375 0.457336541015625 0.1014668681640625 0.4281179501953125 0.1033512158203125 0.421649060546875 0.101025021484375 0.41689116796875 0.0965834580078125 0.413181408203125 0.08421431640625 0.4133058330078125 0.07504851171875 0.4112801455078125 0.0679666064453125 0.41863563671875 0.072591720703125 0.487645111328125 0.0770938583984375 0.4901990498046875 0.105347265625 0.491679748046875 0.1076039716796875 0.4879346982421875
1 0.10194018359375 0.4289154189453125 0.1090239189453125 0.49032710546875 0.1125188505859375 0.4924419267578125 0.1356352744140625 0.4936534072265625 0.1432196015625 0.4963688759765625 0.1520534296875 0.4949001787109375 0.1533836962890625 0.489174916015625 0.1473677412109375 0.427046525390625 0.1438526181640625 0.4253169775390625 0.14021634765625 0.4258990732421875 0.130164486328125 0.4211226259765625 0.1259539423828125 0.4228336201171875 0.1234460244140625 0.421543189453125 0.112084087890625 0.4221067314453125 0.1036428095703125 0.425913994140625 0.10194018359375 0.4289154189453125
1 0.1488886455078125 0.427512564453125 0.1536550986328125 0.493825123046875 0.15871131640625 0.4956354345703125 0.19475096484375 0.4959788662109375 0.1930465087890625 0.4302131123046875 0.1890378798828125 0.428071369140625 0.1797307353515625 0.42874259765625 0.1510040126953125 0.4264644306640625 0.1488886455078125 0.427512564453125
1 0.2219567841796875 0.497790994140625 0.23946291015625 0.497935787109375 0.2404546474609375 0.4593545693359375 0.2388868076171875 0.4302975078125 0.224151087890625 0.4264345869140625 0.21338361328125 0.4254839560546875 0.21122786328125 0.42730263671875 0.199372419921875 0.4274539833984375 0.19567557421875 0.429191900390625 0.197833154296875 0.496140396484375 0.2096482158203125 0.49675959765625 0.214352265625 0.495460798828125 0.2219567841796875 0.497790994140625
1 0.2426056728515625 0.4969414970703125 0.2435523046875 0.498536435546875 0.2544409267578125 0.4971754248046875 0.267182427734375 0.499774837890625 0.2820998701171875 0.5001702958984375 0.2848815517578125 0.48640812890625 0.2824300166015625 0.4348975029296875 0.2748658818359375 0.4317967607421875 0.268741884765625 0.430703150390625 0.2645717236328125 0.43164359765625 0.2625976953125 0.4299948154296875 0.2543987138671875 0.4291787939453125 0.2409416015625 0.4304051953125 0.2406631142578125 0.48486340234375 0.2426056728515625 0.4969414970703125
1 0.28579671484375 0.4984323798828125 0.31238787890625 0.502143955078125 0.320687818359375 0.501033609375 0.32418275 0.5031484296875 0.327466853515625 0.4994572236328125 0.327442470703125 0.450778123046875 0.326839091796875 0.44263353125 0.322458103515625 0.4377679501953125 0.3225792509765625 0.4354563076171875 0.326809986328125 0.4333600390625 0.3103918310546875 0.4321132685546875 0.306735369140625 0.43308063671875 0.30322024609375 0.43135108984375 0.2892696259765625 0.4321652958984375 0.285038890625 0.434261564453125 0.28579671484375 0.4984323798828125
1 0.3489210341796875 0.502899580078125 0.351942650390625 0.50421693359375 0.36642716015625 0.5030443740234375 0.3707588515625 0.4990217373046875 0.37240798828125 0.438067720703125 0.3689736318359375 0.434797078125 0.34540408203125 0.43240285546875 0.335089732421875 0.432634966796875 0.33034530078125 0.4347043134765625 0.32867178125 0.4469792294921875 0.329622603515625 0.497638541015625 0.3345172900390625 0.5025310439453125 0.3489210341796875 0.502899580078125
1 0.4156596044921875 0.4384027822265625 0.4141790830078125 0.4371661962890625 0.37920721484375 0.4361060615234375 0.3754497958984375 0.438999798828125 0.3735452568359375 0.4458539609375 0.3715688662109375 0.4639079833984375 0.3757544951171875 0.50198787109375 0.3936329794921875 0.5048565029296875 0.412206884765625 0.504284591796875 0.4169584033203125 0.4431068330078125 0.4156596044921875 0.4384027822265625
1 0.5426238544921875 0.443511369140625 0.5086793828125 0.4425050791015625 0.505435662109375 0.44542573828125 0.501197841796875 0.5066304189453125 0.5041790751953125 0.508718318359375 0.52067799609375 0.508423994140625 0.5401379580078125 0.51060284375 0.54440907421875 0.50773602734375 0.5485459375 0.4484577158203125 0.5426238544921875 0.443511369140625
1 0.4979743125 0.5091658037109374 0.5007043349609375 0.5062182236328125 0.50397533203125 0.4438038779296875 0.500460208984375 0.442074330078125 0.4737882802734375 0.439903849609375 0.466042421875 0.4402705703125 0.46179149609375 0.4427521123046875 0.4584599248046875 0.506322279296875 0.463516142578125 0.508132591796875 0.47327641015625 0.5086441064453125 0.479007857421875 0.507399150390625 0.4979743125 0.5091658037109374
1 0.4612979892578125 0.442339916015625 0.460331166015625 0.441130251953125 0.43051647265625 0.4399540625 0.4213304775390625 0.4383136474609375 0.4175528671875 0.4415926591796875 0.4138311064453125 0.4831214580078125 0.414775376953125 0.504419201171875 0.4172429111328125 0.5064801787109375 0.45577028515625 0.5084993125 0.4579462265625 0.506295357421875 0.4612979892578125 0.442339916015625
1 0.548563767578125 0.46777524609375 0.5461117001953125 0.5047346025390625 0.547924197265625 0.5094655751953125 0.5499184169921875 0.5107290830078125 0.580720125 0.5127296650390625 0.588506365234375 0.511592396484375 0.590662115234375 0.50977371484375 0.5939331123046875 0.447359369140625 0.587910072265625 0.4443393916015625 0.5855636845703125 0.439966771484375 0.58202837109375 0.438622498046875 0.57787840234375 0.4391776708984375 0.5761555849609376 0.442564369140625 0.5714515341796875 0.44386316796875 0.55295839453125 0.4428939833984375 0.55080264453125 0.4447126650390625 0.548563767578125 0.46777524609375
1 0.6336423291015625 0.5054585703125 0.6371241533203125 0.448850251953125 0.6282814111328126 0.4406601845703125 0.6221574140625 0.439566576171875 0.6173322158203125 0.4431770166015625 0.603381595703125 0.4439912236328125 0.594446810546875 0.447386291015625 0.590662115234375 0.50977371484375 0.5972190458984376 0.5124353408203125 0.6296224228515624 0.513360865234375 0.6317579814453125 0.5119274580078125 0.6336423291015625 0.5054585703125
1 0.667082017578125 0.5160967041015625 0.6774771318359375 0.5143234970703126 0.68272215625 0.45355793359375 0.6803959609375 0.4488000400390625 0.672479658203125 0.442590185546875 0.667856373046875 0.4423478896484375 0.6630513662109375 0.445573056640625 0.639833984375 0.4462879443359375 0.637343896484375 0.464315044921875 0.6339743046875 0.5089529560546875 0.635353869140625 0.51211591015625 0.642424498046875 0.5148044580078125 0.667082017578125 0.5160967041015625
1 0.6805391298828125 0.5148703017578125 0.6917395361328125 0.5173889501953125 0.7190059306640625 0.5180452568359375 0.724737376953125 0.5168003017578126 0.7341525625 0.455094291015625 0.73172541015625 0.452262765625 0.7230733046875 0.450264 0.7025253720703125 0.44918712890625 0.6942860068359376 0.449141654296875 0.68950119140625 0.451981548828125 0.689097365234375 0.4596870224609375 0.6820849482421875 0.475545458984375 0.67857637890625 0.50317748046875 0.677658853515625 0.5108560341796875 0.6805391298828125 0.5148703017578125
1 0.76772467578125 0.453376744140625 0.7533815048828125 0.4518523857421875 0.740025349609375 0.451152419921875 0.73632850390625 0.4528903359375 0.730139208984375 0.4923581572265625 0.728846962890625 0.51701567578125 0.75755349609375 0.5196791181640625 0.76842192578125 0.5187033798828125 0.772340875 0.512727453125 0.7763363994140625 0.456146056640625 0.76772467578125 0.453376744140625
1 0.7730452109375 0.5189456767578124 0.7776281123046875 0.51995851953125 0.8065163671875 0.519154498046875 0.81450451953125 0.5141644921875 0.8199378203125 0.4792930341796875 0.8211694921875 0.4557913359375 0.8047513369140625 0.454544564453125 0.797458603515625 0.4560940283203125 0.7826017353515625 0.4545427490234375 0.779871712890625 0.457490330078125 0.778339533203125 0.467068330078125 0.7773905400390625 0.4851761962890625 0.771605072265625 0.5169385419921875 0.7730452109375 0.5189456767578124
1 0.1583069580078125 0.591810892578125 0.1584886796875 0.5883434287109375 0.1562028671875 0.5828149873046875 0.1533183984375 0.529736345703125 0.1493299609375 0.5272093291015625 0.1339593935546875 0.525631126953125 0.127895970703125 0.5233816982421875 0.1180347451171875 0.5247965517578125 0.110147548828125 0.527860189453125 0.11359501171875 0.5898539716796874 0.1165964365234375 0.5915565966796875 0.1556577001953125 0.59321737890625 0.1583069580078125 0.591810892578125
1 0.197801154296875 0.59503969140625 0.1994028232421875 0.5939646357421875 0.199887416015625 0.5847180654296875 0.1969423740234375 0.5327952451171875 0.19141283984375 0.530187462890625 0.175014876953125 0.52855541796875 0.166282005859375 0.528097748046875 0.1630786669921875 0.530247859375 0.1553328095703125 0.530614580078125 0.15452515625 0.5460255302734375 0.157299751953125 0.591371775390625 0.1618018896484375 0.59392571484375 0.197801154296875 0.59503969140625
1 0.2249041875 0.5300110107421875 0.207891568359375 0.5302784130859375 0.2000447548828125 0.532571501953125 0.2004504111328125 0.593633205078125 0.2034518359375 0.5953358310546875 0.2415058935546875 0.59655749609375 0.2430873720703125 0.5958677138671875 0.2433902421875 0.590088607421875 0.2402141796875 0.5327450322265626 0.2249041875 0.5300110107421875
1 0.244628466796875 0.5959484794921875 0.2857041416015625 0.59848749609375 0.2849463173828125 0.5343166806640625 0.2824383994140625 0.5330262509765625 0.2490076259765625 0.5320468818359375 0.24268171484375 0.5348060107421875 0.24257603515625 0.57613798828125 0.244628466796875 0.5959484794921875
1 0.2869809189453125 0.534809642578125 0.287285619140625 0.5977977138671875 0.293903123046875 0.5993035185546876 0.32579280078125 0.6002021220703125 0.329036521484375 0.597281462890625 0.3298328984375 0.5919145517578125 0.328731822265625 0.534293390625 0.32571020703125 0.5329760380859375 0.2869809189453125 0.534809642578125
1 0.3680170205078125 0.60048333984375 0.3701525791015625 0.5990499326171875 0.372191904296875 0.5601372841796874 0.371016615234375 0.533418787109375 0.366494287109375 0.5312501220703125 0.350901615234375 0.5339099326171876 0.3390865546875 0.5332907314453125 0.3323277099609375 0.53448184375 0.3295976875 0.537429423828125 0.3300639189453125 0.5973353056640625 0.33255164453125 0.599011009765625 0.3483753359375 0.6017719541015625 0.3680170205078125 0.60048333984375
1 0.4151899482421875 0.575139669921875 0.4148312275390625 0.54266898828125 0.4127675185546875 0.5329025361328125 0.4046089189453125 0.5313159658203125 0.398262818359375 0.5344603681640625 0.3745519296875 0.5347630615234376 0.3729300693359375 0.536223390625 0.3711799755859375 0.5991037763671875 0.382894080078125 0.601649345703125 0.410180666015625 0.60192037890625 0.4139784677734375 0.5982560947265625 0.4151899482421875 0.575139669921875
1 0.4559401982421875 0.60354587109375 0.459520619140625 0.56471398828125 0.4597450849609375 0.5407731728515625 0.4578114404296875 0.5383538427734375 0.4343226572265625 0.5344185244140625 0.4219333232421875 0.5349282236328124 0.41720908203125 0.5366122958984375 0.415952494140625 0.599904876953125 0.418420029296875 0.601965853515625 0.42914712109375 0.6036870322265625 0.454358720703125 0.60423565234375 0.4559401982421875 0.60354587109375
1 0.4995350673828125 0.597331279296875 0.5026825546875 0.5569313798828125 0.50186834765625 0.542980759765625 0.4974469765625 0.5388857265625 0.480474740234375 0.538382580078125 0.465144556640625 0.53603383203125 0.460752291015625 0.541212291015625 0.45758225 0.601700267578125 0.46722137109375 0.604523423828125 0.49551516015625 0.6052335751953125 0.5008136748046875 0.6024206025390625 0.4995350673828125 0.597331279296875
1 0.5451914521484374 0.5910960771484375 0.5481011962890625 0.545403720703125 0.5466812490234375 0.5430113125 0.53765678515625 0.538288708984375 0.525126111328125 0.54149532421875 0.50663297265625 0.5405261396484375 0.5049909208984374 0.5423717421875 0.5022941962890625 0.603657189453125 0.507843919921875 0.605879697265625 0.54493115625 0.605891697265625 0.5465530166015625 0.6044313681640625 0.5451914521484374 0.5910960771484375
1 0.589872291015625 0.5445021953125 0.5833355517578125 0.5414552958984375 0.5668164404296875 0.5421348935546875 0.55508214453125 0.53997459765625 0.548756234375 0.5427337265625 0.545204919921875 0.5908391005859375 0.546039318359375 0.6044044462890625 0.5510753447265625 0.606600033203125 0.589683484375 0.607078072265625 0.5874380537109375 0.6007790830078125 0.589872291015625 0.5445021953125
1 0.592664716796875 0.6091659716796874 0.624493822265625 0.6112203955078125 0.6287447470703125 0.608738853515625 0.630095205078125 0.602628318359375 0.6335366484375 0.546790546875 0.6246737138671875 0.53898575390625 0.61746174609375 0.538994123046875 0.616313201171875 0.5412519208984375 0.610068056640625 0.542469955078125 0.60651255078125 0.541510955078125 0.592541740234375 0.542710435546875 0.5904061806640625 0.5441438427734375 0.5876286904296875 0.606970384765625 0.592664716796875 0.6091659716796874
1 0.6721578935546875 0.6059917255859375 0.677201005859375 0.5490788994140625 0.6743005380859375 0.545449904296875 0.6631001318359375 0.5429312568359375 0.6404570224609375 0.5425172451171875 0.636800560546875 0.5434846142578125 0.6340705380859375 0.5464321953125 0.630306033203125 0.608434345703125 0.63380096484375 0.6105491669921875 0.6538352001953125 0.6115991162109375 0.6693471064453125 0.61048040234375 0.6721578935546875 0.6059917255859375
1 0.6903481630859375 0.6127400166015625 0.7151268310546876 0.611720619140625 0.719438330078125 0.6080832568359374 0.7268682119140625 0.5547725029296875 0.7326804248046875 0.5519864521484374 0.721560783203125 0.547926708984375 0.6871833779296875 0.54535240234375 0.6812904013671875 0.5496795478515625 0.6789125458984375 0.5557362392578125 0.6773981953125 0.5846317705078125 0.6734679697265625 0.6006517373046875 0.6761665244140626 0.60813346875 0.6903481630859375 0.6127400166015625
1 0.7316257509765625 0.6114262958984376 0.7459689208984375 0.6129506533203125 0.75270757421875 0.612144814453125 0.756424609375 0.610021625 0.760000306640625 0.6105953515625 0.7636882373046875 0.599198669921875 0.7681256083984375 0.5538440556640625 0.76312996484375 0.550877921875 0.73181455859375 0.5488504189453125 0.728570837890625 0.551771078125 0.7272203798828125 0.5578816142578125 0.722027013671875 0.607832591796875 0.724494548828125 0.6098935693359375 0.7316257509765625 0.6114262958984376
1 0.81178996484375 0.556132408203125 0.80784191015625 0.55283484375 0.8017179130859375 0.5517412353515625 0.7871930205078125 0.5536843408203125 0.7759320390625 0.552321513671875 0.76968689453125 0.553539546875 0.7683566279296875 0.5592648095703125 0.7645339111328125 0.6027199775390625 0.759899349609375 0.6125217197265626 0.8013473837890625 0.61778457421875 0.8055983095703125 0.615303033203125 0.81178996484375 0.556132408203125
1 0 0.67121172265625 0.0196482607421875 0.6722414453125 0.022791025390625 0.671247154296875 0.021826564453125 0.650334685546875 0.0181433583984375 0.6223257578125 0.0145789375 0.6117079931640625 0.015456080078125 0.6047999873046875 0 0.602410783203125 0 0.67121172265625
1 0.056282373046875 0.6710707021484374 0.05713932421875 0.664547970703125 0.0533349697265625 0.638850685546875 0.0534786708984375 0.6164509658203124 0.0518075126953125 0.6090230771484375 0.0473861416015625 0.6049280439453125 0.0195252841796875 0.6057859091796876 0.0189397353515625 0.61695884765625 0.023818421875 0.671300998046875 0.0263061484375 0.6729767021484375 0.0504499697265625 0.6742420263671876 0.056282373046875 0.6710707021484374
1 0.0792372666015625 0.6753643720703125 0.08443482421875 0.67447776953125 0.0887261318359375 0.6712256796875 0.08982537890625 0.6600796630859375 0.0864070224609375 0.607359373046875 0.082358009765625 0.605988177734375 0.0555851240234375 0.6057440654296875 0.0539834541015625 0.60681912109375 0.0540012841796875 0.62613665234375 0.0588104814453125 0.6719758583984375 0.0628191123046875 0.6741176015625 0.0792372666015625 0.6753643720703125
1 0.1215131455078125 0.66483100390625 0.117780640625 0.627933859375 0.120250537109375 0.6102920322265625 0.115768591796875 0.6073528193359375 0.0895699775390625 0.60597980859375 0.0852988603515625 0.6088466240234375 0.0896347421875 0.653888361328125 0.0886453671875 0.6727667744140625 0.095202296875 0.675428400390625 0.1198598173828125 0.676720646484375 0.1215131455078125 0.66483100390625
1 0.123455705078125 0.6769090986328125 0.1264773203125 0.678226451171875 0.1388464638671875 0.678102025390625 0.14441637890625 0.6799392607421875 0.1619426962890625 0.6796987802734376 0.1648544404296875 0.673283736328125 0.1609021943359375 0.620921796875 0.15744764453125 0.6180364287109374 0.13969030859375 0.6128561552734375 0.134039626953125 0.6125600146484375 0.1313297958984375 0.615122322265625 0.1236041298828125 0.61510376953125 0.120914490234375 0.6172808037109375 0.119321736328125 0.6280146240234376 0.123455705078125 0.6769090986328125
1 0.1855728193359375 0.6809371826171875 0.203612833984375 0.6807236240234374 0.205829158203125 0.67774912109375 0.2059010087890625 0.6665492607421875 0.2050980791015625 0.6425546015625 0.2026418203125 0.6304495849609375 0.1954007470703125 0.621184462890625 0.1928726376953125 0.6202793056640625 0.1646192294921875 0.618798607421875 0.1661734306640625 0.6776025126953125 0.1686611572265625 0.679278216796875 0.1743522216796875 0.6788038076171875 0.1855728193359375 0.6809371826171875
1 0.248080654296875 0.61853665234375 0.2446664873046875 0.614880736328125 0.2359336162109375 0.61442306640625 0.2224159287109375 0.6168052900390625 0.217319328125 0.6157655234375 0.210026595703125 0.6173149873046875 0.2062893681640625 0.619823451171875 0.20683636328125 0.67818823828125 0.2164552919921875 0.6813966689453125 0.2457966708984375 0.6817753896484375 0.248134142578125 0.676489244140625 0.248080654296875 0.61853665234375
1 0.28950141015625 0.683293193359375 0.2912848017578125 0.6787506748046875 0.290163533203125 0.621514787109375 0.28003090625 0.6182794345703125 0.258908701171875 0.618331462890625 0.2516563515625 0.61911037890625 0.2489263291015625 0.6220579599609375 0.2479951650390625 0.6594833564453125 0.2495137060546875 0.67965219921875 0.255023048828125 0.682645255859375 0.2837901552734375 0.6841528759765625 0.28950141015625 0.683293193359375
1 0.2921173701171875 0.623548841796875 0.2921506669921875 0.68188670703125 0.3033106904296875 0.685175904296875 0.3316852470703125 0.684344958984375 0.332589666015625 0.617943267578125 0.31800419921875 0.6210421943359375 0.307810998046875 0.6189626630859375 0.3005586484375 0.6197415791015625 0.2921173701171875 0.623548841796875
1 0.359898271484375 0.686596205078125 0.3718546728515625 0.684518490234375 0.3747058427734375 0.6792592666015626 0.375457646484375 0.625598529296875 0.3664937548828125 0.61972010546875 0.352684474609375 0.6178373955078125 0.3413427294921875 0.6180156640625 0.3355305166015625 0.6208017138671875 0.33384808203125 0.6234178642578125 0.332905642578125 0.67088730078125 0.3348885849609375 0.68219484765625 0.3424325283203125 0.6856808642578125 0.359898271484375 0.686596205078125
1 0.4145723984375 0.685211904296875 0.41633559765625 0.681054658203125 0.417168166015625 0.6258528251953125 0.408677591796875 0.62077187109375 0.4020197041015625 0.62003661328125 0.383878732421875 0.622176541015625 0.3774922470703125 0.626091490234375 0.3759464287109375 0.665416333984375 0.3767808271484375 0.6789816806640625 0.3791474052734375 0.6829690263671875 0.3877793203125 0.68535306640625 0.4145723984375 0.685211904296875
1 0.4541271689453125 0.6872848818359375 0.4573910810546875 0.6839789482421875 0.4588786875 0.6261071220703125 0.45645153515625 0.6232755966796875 0.4523015654296875 0.62383076953125 0.4497936474609375 0.62254033984375 0.4481515966796875 0.624385943359375 0.4450694072265625 0.6242244130859375 0.4400737626953125 0.621258279296875 0.42517651171875 0.620477546875 0.419323916015625 0.62403414453125 0.417735353515625 0.68383233984375 0.42121009375 0.6863324345703125 0.4541271689453125 0.6872848818359375
1 0.5005417392578125 0.68624037890625 0.4990253896484375 0.6758585966796875 0.5009817587890625 0.628699982421875 0.4985949892578125 0.62509791015625 0.49203805859375 0.6224362841796875 0.46736034765625 0.6215293115234375 0.4631498046875 0.623240306640625 0.459825318359375 0.627702060546875 0.4573910810546875 0.6839789482421875 0.463353546875 0.6881547470703125 0.4952432265625 0.6890533505859375 0.5005417392578125 0.68624037890625
1 0.539966447265625 0.6809662333984375 0.54107041796875 0.6304146083984375 0.5367298125 0.62477848046875 0.533587048828125 0.6257727705078125 0.5233938466796875 0.6236932392578125 0.508476404296875 0.62329778125 0.5026238095703125 0.62685437890625 0.498486947265625 0.68613269140625 0.504983302734375 0.689950138671875 0.53691336328125 0.6900781943359375 0.5390893046875 0.68787423828125 0.539966447265625 0.6809662333984375
1 0.5780092294921875 0.6922319375 0.5809815478515625 0.6846610712890625 0.582262517578125 0.6700475908203125 0.5832946376953125 0.630695826171875 0.5758314580078125 0.6256687138671875 0.567038013671875 0.626366865234375 0.55222152734375 0.6240450390625 0.5470441611328125 0.6245463681640625 0.5448884111328125 0.6263650498046875 0.5430444462890625 0.632063390625 0.5401167021484375 0.68792808203125 0.5466736318359375 0.6905897080078125 0.5780092294921875 0.6922319375
1 0.6716305576171875 0.6357116474609374 0.664842607421875 0.627629267578125 0.6587388017578125 0.626150384765625 0.6442946748046875 0.6265523955078125 0.6276342236328125 0.6299289091796875 0.6228221318359375 0.692262490234375 0.6284122392578125 0.6937144521484375 0.6638776142578126 0.69518678125 0.6659727900390625 0.694523919921875 0.6672424833984375 0.6899544794921875 0.6716305576171875 0.6357116474609374
1 0.701357400390625 0.697537345703125 0.70912344921875 0.6967853505859375 0.7134147578125 0.69353326171875 0.7162908427734375 0.64848315625 0.7194246923828125 0.637830099609375 0.715496828125 0.6341472626953125 0.6925419345703125 0.629853591796875 0.680726873046875 0.629234390625 0.6748944697265625 0.6324057138671875 0.67129149609375 0.6913256748046875 0.672711443359375 0.69371808203125 0.67776766015625 0.6955283955078125 0.701357400390625 0.697537345703125
1 0.7595941181640625 0.638003630859375 0.75513236328125 0.63467914453125 0.736477693359375 0.636792150390625 0.727825587890625 0.634793384765625 0.72418931640625 0.6353754794921875 0.7204318974609375 0.638269216796875 0.7175694501953125 0.6535724794921876 0.71546955078125 0.69364094921875 0.7230336865234375 0.69674169140625 0.7518613662109375 0.6970934912109376 0.7572430078125 0.673036619140625 0.7595941181640625 0.638003630859375
1 0.7988234658203125 0.6659437919921875 0.796916564453125 0.6925007587890625 0.8007120048828125 0.70853927734375 0.8061607724609375 0.7126881552734375 0.8241200224609375 0.71401569140625 0.82801878125 0.7084250380859375 0.828211779296875 0.69491353515625 0.834508583984375 0.682880916015625 0.8373015419921875 0.659074708984375 0.837745751953125 0.6505986865234376 0.8355003212890625 0.6442996982421875 0.8315926484375 0.6402315859375 0.825529224609375 0.63798215625 0.8106925478515625 0.6360456025390625 0.8043666376953125 0.6388047314453125 0.8021503134765625 0.6417792333984375 0.7988234658203125 0.6659437919921875
1 0.77185521875 0.6989139873046875 0.783055625 0.7014326357421875 0.78720559375 0.7008774619140625 0.7945589013671875 0.698172177734375 0.7995794599609375 0.6613474296875 0.7997231611328125 0.638947708984375 0.796822693359375 0.63531871484375 0.7895501513671875 0.636482904296875 0.782439140625 0.634564904296875 0.765920029296875 0.6352445029296875 0.7610342568359375 0.6400107646484375 0.754983939453125 0.6964844736328125 0.76922615234375 0.69993519921875 0.77185521875 0.6989139873046875
1 0.24492791015625 0.786812142578125 0.2592306982421875 0.7891070478515625 0.3086063115234375 0.79053571875 0.311336333984375 0.7875881376953126 0.3140776328125 0.774596517578125 0.31326696875 0.73109169140625 0.3152445390625 0.7031862666015625 0.313945740234375 0.698482216796875 0.3074695751953125 0.6942794951171875 0.3008318798828125 0.69315896484375 0.2549713896484375 0.693459841796875 0.250126 0.697455556640625 0.242297015625 0.7190661767578125 0.2415095537109375 0.7340918525390625 0.24492791015625 0.786812142578125
1 0.1693001953125 0.726057869140625 0.1750447470703125 0.7835360537109375 0.1800403916015625 0.7865021875 0.1871917861328125 0.7876496396484375 0.224218447265625 0.7888174619140625 0.2402440517578125 0.78772566796875 0.241845720703125 0.7866506123046875 0.2431064990234375 0.7724224052734375 0.24004030859375 0.7228112275390625 0.245511630859375 0.7068720263671875 0.246056796875 0.6964696357421875 0.24110153515625 0.6927329541015625 0.188583158203125 0.6922985732421875 0.1837175771484375 0.6966795625 0.1724340439453125 0.7154048134765625 0.1693001953125 0.726057869140625
1 0.14956227734375 0.689867244140625 0.143790447265625 0.6918827470703125 0.126939359375 0.689067958984375 0.119666818359375 0.6902321484375 0.1140250517578125 0.6995947744140625 0.10540205078125 0.7068695009765625 0.101976609375 0.713257623046875 0.0995381806640625 0.7204701376953125 0.099324990234375 0.7343669130859375 0.1043271865234375 0.7666946181640625 0.10415437890625 0.7798208466796875 0.110137037109375 0.78361137109375 0.1610133623046875 0.78589135546875 0.170401271484375 0.7836790302734375 0.1708454814453125 0.7752030087890625 0.1670589560546875 0.7688232548828124 0.1668481279296875 0.7630172265625 0.169035345703125 0.7507692333984375 0.1684343291015625 0.7229218359375 0.1805142392578125 0.698829673828125 0.1792356318359375 0.6937403505859375 0.1722457685546875 0.6895107080078124 0.14956227734375 0.689867244140625
1 0.0298569306640625 0.7133413115234375 0.03251929296875 0.7706579638671875 0.0347041494140625 0.7781127734375 0.039719984375 0.780693634765625 0.0627960263671875 0.782675662109375 0.094726087890625 0.7828037177734375 0.099470521484375 0.7807343720703125 0.1002983662109375 0.7649381484375 0.097068283203125 0.73811196484375 0.097503578125 0.7199771767578125 0.106198427734375 0.7015025908203125 0.11209140625 0.6971754453125 0.1113668798828125 0.6913424951171875 0.105857537109375 0.688349439453125 0.0884725595703125 0.68589300390625 0.050337736328125 0.6862124345703124 0.0298569306640625 0.7133413115234375
1 0 0.7777219609375 0.0284388134765625 0.7797160810546875 0.034271216796875 0.7765447568359375 0.035713716796875 0.7588490869140625 0.0319473828125 0.7520840595703125 0.029513677734375 0.7198909638671875 0.03264752734375 0.7092379091796875 0.044182271484375 0.6955481376953125 0.0444851416015625 0.6897690322265625 0.0329325673828125 0.684141271484375 0.018629779296875 0.6818463662109375 0 0.681867984375 0 0.7777219609375
1 0.3556046005859375 0.7095510986328125 0.350034685546875 0.7077138642578125 0.31966591015625 0.70728130078125 0.316442380859375 0.709816685546875 0.314537841796875 0.71667084765625 0.316747080078125 0.7728047568359375 0.334665947265625 0.774902841796875 0.3398836962890625 0.77363096484375 0.3532398525390625 0.7743309306640624 0.3561515966796875 0.7679158857421875 0.3556046005859375 0.7095510986328125
1 0.3815134521484375 0.77542635546875 0.38967205078125 0.7770129248046875 0.3944568662109375 0.77417303125 0.39617968359375 0.7707863330078125 0.3972949306640625 0.71019066796875 0.3907380009765625 0.70752904296875 0.3634514150390625 0.7072580087890625 0.359794953125 0.7082253779296875 0.3570649306640625 0.711172958984375 0.355871279296875 0.7536069140625 0.35798428515625 0.772261583984375 0.361912150390625 0.7759444228515625 0.3815134521484375 0.77542635546875
1 0.4380921181640625 0.7671878916015625 0.4395191494140625 0.71047188671875 0.436618681640625 0.7068428916015626 0.430001177734375 0.705337087890625 0.42003899609375 0.708678310546875 0.40668283984375 0.7079783447265625 0.398795642578125 0.7110419814453125 0.3966731904296875 0.771198529296875 0.4026558486328125 0.7749890537109375 0.43401163671875 0.7762460087890625 0.4372351669921875 0.773710623046875 0.4380921181640625 0.7671878916015625
1 0.4665545234375 0.705707439453125 0.4581738203125 0.708358880859375 0.45102242578125 0.7072114287109375 0.441654708984375 0.7090384794921875 0.4399520830078125 0.7120399033203125 0.43662051171875 0.7756100703125 0.4730729013671875 0.7779067919921875 0.4774966337890625 0.7622990205078125 0.4787217529296875 0.7094357529296875 0.47374630078125 0.7060843447265625 0.4665545234375 0.705707439453125
1 0.511660849609375 0.778770103515625 0.515357693359375 0.7770321884765625 0.5175651025390625 0.764398919921875 0.5203515078125 0.7112311435546875 0.5122736748046876 0.708103478515625 0.501405244140625 0.709079216796875 0.4870418828125 0.7079401318359375 0.4818039423828125 0.709597283203125 0.479607810546875 0.7121865126953125 0.478247580078125 0.7577989755859375 0.475762541015625 0.7757297578125 0.4802242939453125 0.779054244140625 0.511660849609375 0.778770103515625
1 0.555486736328125 0.7779762666015625 0.55650521875 0.76837134375 0.55857601171875 0.7190293837890624 0.556884662109375 0.71198676953125 0.54934071875 0.7085007529296875 0.5218926025390624 0.7113119091796875 0.5197950654296875 0.73167757421875 0.519207154296875 0.76255331640625 0.5168785966796875 0.7774982275390625 0.5193461318359375 0.7795592041015625 0.553290603515625 0.7805654951171875 0.555486736328125 0.7779762666015625
1 0.59964041015625 0.7316124404296875 0.5978997626953125 0.715681607421875 0.5945057880859375 0.71164041796875 0.587908474609375 0.70974933984375 0.57856094921875 0.711191115234375 0.5668266533203125 0.7090308203125 0.5600072353515625 0.7113777529296875 0.5560408173828125 0.777232640625 0.5620436669921876 0.7806378916015625 0.593480220703125 0.780353751953125 0.595656162109375 0.778149796875 0.59964041015625 0.7316124404296875
1 0.6325616767578125 0.7816292607421875 0.6346972353515625 0.7801958525390625 0.638892310546875 0.7394645234375 0.6397807294921874 0.7225124794921876 0.638008615234375 0.7170109599609376 0.630626201171875 0.7104427529296875 0.61659481640625 0.7127980546875 0.6016369912109375 0.7131731435546875 0.5994812412109375 0.714991826171875 0.595676353515625 0.7777645234375 0.598123697265625 0.780210775390625 0.6037541875 0.7808921875 0.6325616767578125 0.7816292607421875
1 0.6807756376953125 0.7265925908203125 0.67906409765625 0.71993525 0.675649931640625 0.716279333984375 0.6670987822265625 0.7123542001953125 0.65869788671875 0.7153909140625 0.6432667451171875 0.71496853515625 0.6399220693359375 0.7198155634765625 0.6352715078125 0.7790669541015625 0.6397736435546875 0.7816208916015625 0.672177021484375 0.78254641796875 0.674927234375 0.7792135625 0.6807756376953125 0.7265925908203125
1 0.680416384765625 0.782591892578125 0.7132930771484375 0.78431488671875 0.71709087890625 0.7806506015625 0.716034376953125 0.7713232666015625 0.7183540185546875 0.7467195908203125 0.72220348046875 0.7322407197265625 0.7223852021484375 0.7287732548828125 0.718206126953125 0.7200549365234375 0.71423787890625 0.717142646484375 0.700267068359375 0.718342126953125 0.69005367578125 0.7166478701171874 0.6833150234375 0.7174537080078125 0.68113908203125 0.7196576630859375 0.675934439453125 0.7796526796875 0.680416384765625 0.782591892578125
1 0.6218755009765625 0.6906675517578125 0.6233381923828125 0.672586607421875 0.6244712685546875 0.6313084736328125 0.6150138701171876 0.625017853515625 0.59228999609375 0.6261449384765625 0.5875859462890625 0.6274437373046875 0.5843220341796875 0.6307496689453125 0.580840208984375 0.6873579873046874 0.5837608681640625 0.6906017080078125 0.587809880859375 0.6919729033203125 0.6202132578125 0.6928984287109375 0.6218755009765625 0.6906675517578125
1 0.72198556640625 0.785543103515625 0.7523745322265625 0.7855903955078125 0.75512474609375 0.7822575400390624 0.759620330078125 0.7554499091796875 0.761094298828125 0.7273249267578125 0.750871990234375 0.7159719033203125 0.7482227333984375 0.7173783896484375 0.74368021484375 0.715594998046875 0.738321126953125 0.7195637919921875 0.72344406640625 0.718397787109375 0.720200345703125 0.7213184462890625 0.72168978125 0.7322137978515625 0.7159423349609375 0.782908400390625 0.72198556640625 0.785543103515625
1 0.796835267578125 0.7825118359375 0.8025714375 0.7418612724609375 0.7992493134765625 0.72662022265625 0.7923805986328125 0.7200789375 0.7858034765625 0.7178025849609375 0.771399732421875 0.717434048828125 0.760430345703125 0.7203361552734375 0.7618793994140625 0.7320020546875 0.756544693359375 0.784649947265625 0.7574913251953125 0.78624488671875 0.79345020703125 0.7881294111328125 0.796835267578125 0.7825118359375
1 0.8232043271484375 0.7904614228515625 0.8285634150390625 0.7864926298828125 0.83605387109375 0.7320260546875 0.8338084404296875 0.72572706640625 0.827433232421875 0.7195979765625 0.803641578125 0.7214417646484375 0.8004584326171875 0.7232066015625 0.79980339453125 0.7258765966796875 0.8035495361328125 0.7330268974609375 0.7975799853515625 0.7879595126953125 0.799040314453125 0.7895813720703125 0.8232043271484375 0.7904614228515625
1 0.863988408203125 0.7887355068359375 0.8662854970703125 0.7842199091796875 0.8772215859375 0.7229799375 0.8705637001953125 0.7222446796875 0.8589505517578125 0.7177727421875 0.84132327734375 0.7199395908203124 0.83331493359375 0.7253148701171875 0.8356298525390625 0.7401168037109375 0.8290165390625 0.787675373046875 0.830476869140625 0.7892972333984375 0.8520521982421875 0.7904279482421875 0.863988408203125 0.7887355068359375
1 0.9145689482421875 0.7376861826171875 0.9142773544921875 0.73342125 0.9094432412109374 0.72737292578125 0.9039338994140625 0.7243798701171875 0.887928486328125 0.7250863896484375 0.88184487109375 0.7232222333984375 0.878681916015625 0.7246017978515625 0.8758307451171875 0.7298610205078125 0.869511388671875 0.76198171875 0.866063392578125 0.7884579208984375 0.8907007197265625 0.790135439453125 0.9025965478515625 0.789213546875 0.9145689482421875 0.7376861826171875
1 0.9454758037109375 0.78682476953125 0.9504940009765624 0.7697028251953125 0.9560977470703125 0.741407943359375 0.9554539853515625 0.7340338984375 0.9450499560546874 0.7261483388671875 0.930051748046875 0.7272939765625 0.9239681337890625 0.7254298203125 0.9197777822265625 0.726755541015625 0.9141965888671875 0.7349623447265625 0.9036037529296875 0.7896526630859375 0.9302151083984375 0.79297896484375 0.941577044921875 0.792415423828125 0.9454758037109375 0.78682476953125
1 0.9827518466796875 0.724260892578125 0.9683481025390624 0.7238923564453125 0.9532489375 0.7269643623046875 0.9555145595703125 0.7328780771484374 0.95499630859375 0.7427668974609375 0.945827970703125 0.7899338818359375 0.9513373134765625 0.7929269375 0.9847680869140625 0.7939063056640625 0.9882813798828125 0.7268686748046875 0.9827518466796875 0.724260892578125
1 0.8673650849609374 0.6849891826171876 0.8715263310546875 0.6743899716796875 0.88003290625 0.630021279296875 0.8740704404296875 0.6258454794921875 0.863222201171875 0.626435943359375 0.85976765234375 0.62355057421875 0.8537903427734375 0.6255553095703125 0.842694458984375 0.624973798828125 0.8386745537109375 0.6328760947265625 0.8365028037109375 0.684144423828125 0.8394234619140625 0.68738814453125 0.863587474609375 0.6882681943359376 0.8673650849609374 0.6849891826171876
1 0.8134540380859375 0.622668708984375 0.8324810673828125 0.6232795419921875 0.8393004853515625 0.6209326083984374 0.84536626953125 0.603479234375 0.8510620576171875 0.5635992177734375 0.8468224072265625 0.556036720703125 0.839832544921875 0.551807078125 0.8326811513671875 0.5506596259765625 0.8192038466796875 0.5522713017578125 0.8138447587890625 0.5562400947265626 0.8073525947265625 0.6014870224609375 0.8060312421875 0.6168710498046875 0.80792450390625 0.6200609267578125 0.8134540380859375 0.622668708984375
1 0.8377913896484375 0.5219525478515625 0.8480249736328125 0.5232615302734375 0.8512485029296875 0.5207261455078125 0.85448330859375 0.508146720703125 0.860522349609375 0.46171705078125 0.8571889482421875 0.4565200400390625 0.848164484375 0.4517974365234375 0.8305775927734375 0.45319373828125 0.8227105869140625 0.4558721015625 0.8177167724609375 0.5216731455078125 0.8310729287109375 0.522373111328125 0.8335808466796875 0.52366354296875 0.8377913896484375 0.5219525478515625
1 0.854631201171875 0.534811375 0.8496242802734375 0.541889279296875 0.8494110908203125 0.555786056640625 0.8516969033203124 0.5613144970703124 0.8517147333984375 0.58063202734375 0.85346665625 0.5865188212890625 0.8558736171875 0.5897356201171875 0.8830794365234375 0.5915477490234375 0.8904149150390624 0.56952493359375 0.896240765625 0.5369920400390625 0.9007743701171875 0.5291166650390625 0.8906417431640625 0.5258813125 0.8686132890625 0.52356785546875 0.861381130859375 0.5239614970703125 0.8560624248046875 0.5271597431640626 0.854631201171875 0.534811375
1 0.9383954951171875 0.5287703134765624 0.9359279609375 0.5267093349609375 0.920658349609375 0.523204765625 0.9009359013671875 0.526034474609375 0.8976719892578126 0.529340408203125 0.8874111279296875 0.5875251123046875 0.891913265625 0.5900790498046875 0.924316642578125 0.5910045751953125 0.926472392578125 0.5891858935546875 0.9296668154296875 0.5773770166015625 0.9383954951171875 0.5287703134765624
1 0.9699531982421875 0.52617453125 0.9426666123046875 0.5259034970703125 0.9374084814453125 0.527945921875 0.93793109375 0.537631609375 0.9279731044921875 0.5900372060546875 0.9406944140625 0.5930218935546875 0.966480287109375 0.5924416142578125 0.9754489013671875 0.5589144306640625 0.9800454423828125 0.5301804296875 0.9699531982421875 0.52617453125
1 0.9711035712890626 0.59268391015625 0.995227201171875 0.5943345087890625 0.9987404951171875 0.527296876953125 0.988446337890625 0.5271437158203125 0.98261393359375 0.5303150390625 0.9719112255859375 0.5772729609375 0.9697643896484375 0.588750408203125 0.9711035712890626 0.59268391015625
1 0.8713131416015625 0.6882867470703125 0.8985189609375 0.6900988759765625 0.9099616630859375 0.6879942392578124 0.9135688271484375 0.6781386533203125 0.9204333515625 0.6356155634765625 0.9206554560546875 0.631377552734375 0.913867505859375 0.6232951728515626 0.907763701171875 0.6218162900390625 0.8972070556640624 0.6266716875 0.8874467880859375 0.6261601728515624 0.8827225458984375 0.6278442451171875 0.87985118359375 0.6334887421875 0.873753931640625 0.6613714296875 0.8689869453125 0.6835288544921875 0.8713131416015625 0.6882867470703125
1 0.92202610546875 0.6248817431640625 0.9120972216796875 0.68656083203125 0.9247175751953125 0.6914718876953125 0.9468066025390625 0.6926295244140624 0.95179333203125 0.6859368935546875 0.961791705078125 0.6327607490234375 0.9598984423828125 0.62957087109375 0.9503602783203124 0.6248213466796875 0.92202610546875 0.6248817431640625
1 0.98054733203125 0.6287213740234375 0.974483908203125 0.6264719443359374 0.967704873046875 0.6280483291015625 0.965015234375 0.63022536328125 0.9577694365234375 0.6603658486328124 0.9536058291015626 0.690667865234375 0.9556000478515625 0.6919313740234375 0.97203839453125 0.69279287109375 0.9901187919921876 0.6918087646484375 0.9933695986328125 0.6297796923828125 0.98054733203125 0.6287213740234375
1 0.8923538154296875 0.444068671875 0.8885269072265625 0.43845946484375 0.8810233466796875 0.434202900390625 0.876913759765625 0.433987525390625 0.8611191748046875 0.4405000732421875 0.8584586416015625 0.4519505986328125 0.8610764306640625 0.46097342578125 0.8601161611328125 0.489125330078125 0.885801076171875 0.490471419921875 0.88906498828125 0.487165486328125 0.8923538154296875 0.444068671875
1 0.886881197265625 0.3027707119140625 0.890353576171875 0.3249736103515625 0.89175333203125 0.32775129296875 0.896748974609375 0.3307174267578125 0.932274923828125 0.3310339345703125 0.948078423828125 0.33418015234375 0.95853411328125 0.331251125 0.9665157138671875 0.2968995498046875 0.966737818359375 0.2926615380859375 0.964763791015625 0.291012755859375 0.95413765625 0.287365208984375 0.93188709765625 0.28928976171875 0.9057692490234375 0.2863756552734375 0.8922515625 0.28875787890625 0.888785736328125 0.2959165498046875 0.886881197265625 0.3027707119140625
1 0.897144419921875 0.224883203125 0.8948158623046875 0.23982811328125 0.89735288671875 0.2503920361328125 0.8955493037109375 0.2553198291015625 0.8967673369140625 0.2615649736328125 0.8997081875 0.2644234208984375 0.94444032421875 0.2659950693359375 0.955660921875 0.268128443359375 0.9593779580078124 0.2660052529296875 0.9654752109375 0.23812256640625 0.966080951171875 0.2265643544921875 0.96264659375 0.223293712890625 0.9550218837890625 0.221348791015625 0.9400438671875 0.2221091533203125 0.9051123818359375 0.22027847265625 0.8988672373046875 0.2214965048828125 0.897144419921875 0.224883203125
1 0.90018912109375 0.1176424951171875 0.8972684619140625 0.1143987744140625 0.8849195107421876 0.1141379248046875 0.871854947265625 0.117702890625 0.8643644921875 0.172169466796875 0.8629018017578125 0.19025041015625 0.8652885703125 0.1938524833984375 0.900199865234375 0.1960684384765625 0.9112481875 0.12285805859375 0.9088412265625 0.119641259765625 0.90018912109375 0.1176424951171875
1 0.905269720703125 0.1681319072265625 0.9033224375 0.195459421875 0.906837560546875 0.1971889697265625 0.913515638671875 0.1975389521484375 0.9228631650390625 0.19609717578125 0.9269436455078125 0.18703905859375 0.9308358505859375 0.1520868349609375 0.909854984375 0.149441947265625 0.905269720703125 0.1681319072265625
1 0.93708099609375 0.150868802734375 0.93289064453125 0.1521945224609375 0.9285162080078125 0.1766905107421875 0.92756721484375 0.194798376953125 0.9351515419921875 0.1975138466796875 0.946966603515625 0.1981330478515625 0.950230515625 0.1948271142578125 0.95227639453125 0.1852760361328125 0.9545265478515625 0.152169416015625 0.93708099609375 0.150868802734375
1 0.9571443359375 0.1611922431640625 0.9521237783203125 0.1980169912109375 0.97261113671875 0.2002496845703125 0.9748476513671875 0.196889908203125 0.9825376591796875 0.1582733994140625 0.978116287109375 0.1541783662109375 0.9642868154296875 0.1526809296875 0.9596029560546875 0.153594455078125 0.9571443359375 0.1611922431640625
1 1 0.1345654931640625 0.993076474609375 0.1341004716796875 0.9825804033203125 0.1378000478515625 0.9808463095703125 0.15123078515625 0.98415951953125 0.1568130703125 0.983473013671875 0.169912376953125 1 0.170214560546875 1 0.1345654931640625
1 1 0.1693570341796875 0.9917729521484375 0.16880203125 0.98450041015625 0.169966220703125 0.98060165234375 0.175556875 0.9762474072265624 0.19966758984375 0.9987491767578125 0.2027785166015625 1 0.2027192978515625 1 0.1693570341796875
1 1 0.225892373046875 0.974461654296875 0.2239129140625 0.9712785078125 0.2256777509765625 0.9670970712890625 0.236662236328125 0.9635190126953125 0.2557913154296875 0.9625005302734375 0.2653962373046875 0.9654615732421875 0.26786941015625 1 0.2696794921875 1 0.225892373046875
1 1 0.291551837890625 0.9750781396484375 0.29078064453125 0.9703538974609375 0.292464716796875 0.963099185546875 0.3129464384765625 0.9611833701171875 0.329844638671875 0.9625225517578125 0.3337781416015625 0.9902016865234375 0.3363877392578125 1 0.3360860380859375 1 0.291551837890625
1 0.9042228984375 0.4141704814453125 0.9082921015625 0.4151564033203125 0.9289006083984375 0.4150774541015625 0.932758984375 0.41025734765625 0.9406710966796875 0.367402828125 0.9334300224609375 0.3581377060546875 0.928887501953125 0.356354314453125 0.9141808876953125 0.3617648837890625 0.9098290048828125 0.366172794921875 0.9067242626953125 0.386099341796875 0.901313515625 0.4008827216796875 0.90179574609375 0.4113389560546875 0.9042228984375 0.4141704814453125
1 0.962302275390625 0.4067833310546875 0.96603950390625 0.4042748671875 0.972630263671875 0.3768043759765625 0.9716343349609375 0.36632121875 0.964806001953125 0.35900938671875 0.9601827177734376 0.3587670908203125 0.951721248046875 0.362959626953125 0.9428672294921875 0.3648135986328125 0.9361957041015625 0.393825185546875 0.9367272314453124 0.4131696376953125 0.9479680205078125 0.41491773828125 0.9583227529296875 0.4139150791015625 0.962302275390625 0.4067833310546875
1 1 0.36541665625 0.9930796015625 0.3601048125 0.9868748388671875 0.3605522978515625 0.9804479716796874 0.365237794921875 0.975743921875 0.36653659375 0.9684375498046875 0.397832900390625 0.9679820634765625 0.4163529619140625 0.978648580078125 0.4192299619140625 0.9967693603515625 0.41747530859375 1 0.398454318359375 1 0.36541665625
1 0.8913038662109375 0.46410290625 0.889044796875 0.4875507607421875 0.890424361328125 0.4907137158203125 0.91664316796875 0.491701453125 0.926358861328125 0.443919140625 0.91846275 0.43732401171875 0.9112709736328125 0.4369471064453125 0.8960102783203125 0.443101302734375 0.8913038662109375 0.46410290625
1 0.9559805576171875 0.4586068330078125 0.9566670625 0.4455075263671875 0.9516714189453125 0.4425413916015625 0.9488315244140625 0.437756576171875 0.939584955078125 0.437271984375 0.928413654296875 0.4440268271484375 0.921268814453125 0.4722409453125 0.919967654296875 0.4872396982421875 0.9222736572265625 0.4923828662109375 0.9402530986328125 0.49332512890625 0.9480595302734375 0.4918025869140625 0.9559805576171875 0.4586068330078125
1 0.983899626953125 0.4762959501953125 0.98800266015625 0.4471497548828125 0.9806808203125 0.4394257265625 0.970981126953125 0.4377583916015625 0.96295258984375 0.4435189453125 0.9585805166015625 0.44831212890625 0.9548320126953125 0.4608646318359375 0.950598916015625 0.482663705078125 0.951121529296875 0.4923493916015625 0.953609255859375 0.494025095703125 0.978841046875 0.4941884423828125 0.983899626953125 0.4762959501953125
1 1 0.442765673828125 0.9895437548828125 0.4472305205078125 0.9832042060546875 0.4797364921875 0.98301120703125 0.4932479951171875 0.9865061396484375 0.49536281640625 1 0.4953204638671875 1 0.442765673828125
0 0.916015625 0.3349609375 0.9423828125 0.3349609375 0.9482421875 0.3359375 0.94921875 0.3388671875 0.9482421875 0.3486328125 0.92578125 0.349609375 0.9150390625 0.3466796875 0.916015625 0.3359375
0 0.34375 0.3994140625 0.345703125 0.4013671875 0.3701171875 0.40234375 0.3720703125 0.404296875 0.3701171875 0.4150390625 0.337890625 0.4130859375 0.3369140625 0.4013671875 0.3427734375 0.3994140625
0 0.4912109375 0.69140625 0.4931640625 0.693359375 0.4912109375 0.703125 0.4873046875 0.7041015625 0.462890625 0.7021484375 0.4599609375 0.7001953125 0.4599609375 0.6953125 0.4638671875 0.689453125 0.490234375 0.69140625
0 0.7998046875 0.7900390625 0.8251953125 0.7919921875 0.826171875 0.7978515625 0.82421875 0.8017578125 0.7998046875 0.8017578125 0.794921875 0.798828125 0.798828125 0.7900390625
0 0.8486328125 0.5263671875 0.8505859375 0.52734375 0.8515625 0.5341796875 0.84765625 0.537109375 0.826171875 0.537109375 0.818359375 0.53515625 0.8173828125 0.5322265625 0.8193359375 0.5244140625 0.84765625 0.5263671875
0 0.7744140625 0.31591796875 0.0361328125 0.0166015625
0 0.6650390625 0.427734375 0.6640625 0.4208984375 0.6669921875 0.4150390625 0.6962890625 0.416015625 0.6982421875 0.4208984375 0.6953125 0.4287109375 0.666015625 0.427734375
0 0.7236328125 0.5205078125 0.7509765625 0.5205078125 0.755859375 0.5234375 0.755859375 0.53125 0.7529296875 0.5341796875 0.7421875 0.5341796875 0.7236328125 0.53125 0.7236328125 0.521484375
0 0.927734375 0.19921875 0.9501953125 0.201171875 0.9501953125 0.212890625 0.947265625 0.21484375 0.916015625 0.2119140625 0.916015625 0.2001953125 0.9267578125 0.19921875
0 0.7666015625 0.619140625 0.7958984375 0.62109375 0.7958984375 0.62890625 0.7919921875 0.6318359375 0.7861328125 0.6318359375 0.7685546875 0.630859375 0.765625 0.62890625 0.7666015625 0.6201171875
0 0.8291015625 0.7919921875 0.85546875 0.79296875 0.857421875 0.7958984375 0.85546875 0.802734375 0.830078125 0.8037109375 0.8271484375 0.80078125 0.8291015625 0.79296875
0 0.8564453125 0.5908203125 0.88671875 0.5927734375 0.88671875 0.6015625 0.884765625 0.603515625 0.8720703125 0.6044921875 0.857421875 0.6025390625 0.8544921875 0.599609375 0.8564453125 0.591796875
0 0.556640625 0.78125 0.55859375 0.783203125 0.576171875 0.7822265625 0.58203125 0.7841796875 0.5830078125 0.791015625 0.5810546875 0.794921875 0.576171875 0.796875 0.552734375 0.7939453125 0.55078125 0.79296875 0.5517578125 0.7841796875 0.5556640625 0.7822265625
0 0.7705078125 0.419921875 0.7724609375 0.4228515625 0.76953125 0.431640625 0.7412109375 0.431640625 0.7392578125 0.4296875 0.7412109375 0.41796875 0.76953125 0.419921875
0 0.1474609375 0.4970703125 0.1796875 0.5 0.177734375 0.5107421875 0.154296875 0.509765625 0.146484375 0.5087890625 0.1455078125 0.5 0.1474609375 0.498046875
0 0.7490234375 0.6162109375 0.759765625 0.6181640625 0.7607421875 0.626953125 0.7578125 0.630859375 0.7333984375 0.6298828125 0.73046875 0.6279296875 0.7294921875 0.6181640625 0.7314453125 0.6162109375 0.748046875 0.6162109375
0 0.62109375 0.515625 0.630859375 0.5166015625 0.6318359375 0.5244140625 0.6298828125 0.5283203125 0.6025390625 0.52734375 0.599609375 0.525390625 0.6015625 0.515625 0.6201171875 0.515625
0 0.8681640625 0.69140625 0.869140625 0.7001953125 0.8671875 0.703125 0.8408203125 0.7021484375 0.837890625 0.697265625 0.83984375 0.6904296875 0.8671875 0.69140625
0 0.8291015625 0.705078125 0.826171875 0.7158203125 0.8076171875 0.716796875 0.802734375 0.716796875 0.7998046875 0.712890625 0.798828125 0.708984375 0.80078125 0.705078125 0.828125 0.705078125
0 0.701171875 0.4169921875 0.712890625 0.416015625 0.7177734375 0.41796875 0.7314453125 0.41796875 0.732421875 0.419921875 0.7294921875 0.4306640625 0.716796875 0.4306640625 0.7021484375 0.4296875 0.7001953125 0.4248046875 0.701171875 0.41796875
0 0.6240234375 0.302734375 0.65234375 0.3037109375 0.65625 0.3056640625 0.65625 0.314453125 0.654296875 0.3173828125 0.6259765625 0.3173828125 0.6220703125 0.31640625 0.6240234375 0.3037109375
0 0.349609375 0.166015625 0.3671875 0.1669921875 0.369140625 0.1689453125 0.3681640625 0.1826171875 0.3349609375 0.181640625 0.3330078125 0.1796875 0.33203125 0.1689453125 0.337890625 0.166015625 0.3486328125 0.166015625
0 0.8232421875 0.6220703125 0.8388671875 0.623046875 0.8388671875 0.6298828125 0.8330078125 0.634765625 0.810546875 0.6328125 0.8076171875 0.6298828125 0.8095703125 0.6220703125 0.822265625 0.6220703125
0 0.6396484375 0.5166015625 0.6669921875 0.517578125 0.6689453125 0.51953125 0.6689453125 0.5283203125 0.666015625 0.5302734375 0.6396484375 0.529296875 0.63671875 0.52734375 0.63671875 0.5185546875 0.638671875 0.517578125
0 0.333984375 0.2880859375 0.365234375 0.2890625 0.369140625 0.2919921875 0.3681640625 0.3037109375 0.3466796875 0.3037109375 0.3447265625 0.3017578125 0.333984375 0.3017578125 0.333984375 0.2890625
0 0.1259765625 0.154296875 0.14453125 0.15625 0.1474609375 0.1591796875 0.1455078125 0.1708984375 0.1123046875 0.1689453125 0.1103515625 0.166015625 0.111328125 0.15625 0.125 0.154296875
0 0.9501953125 0.693359375 0.953125 0.69921875 0.9521484375 0.703125 0.947265625 0.7060546875 0.921875 0.7041015625 0.9208984375 0.6962890625 0.9228515625 0.693359375 0.94921875 0.693359375
0 0.833984375 0.193359375 0.857421875 0.1953125 0.8583984375 0.1982421875 0.8544921875 0.208984375 0.8232421875 0.20703125 0.822265625 0.201171875 0.82421875 0.1943359375 0.8330078125 0.193359375
0 0.7412109375 0.7001953125 0.7431640625 0.7021484375 0.7421875 0.7109375 0.7353515625 0.712890625 0.71484375 0.7119140625 0.712890625 0.7109375 0.712890625 0.7021484375 0.71484375 0.69921875 0.740234375 0.7001953125
0 0.1826171875 0.5966796875 0.1875 0.5986328125 0.1884765625 0.607421875 0.1865234375 0.609375 0.1767578125 0.6103515625 0.15625 0.6083984375 0.1552734375 0.59765625 0.16015625 0.595703125 0.181640625 0.59765625
0 0.4765625 0.294921875 0.478515625 0.296875 0.4775390625 0.310546875 0.458984375 0.310546875 0.4453125 0.30859375 0.4443359375 0.306640625 0.4462890625 0.294921875 0.4755859375 0.294921875
0 0.1318359375 0.390625 0.1650390625 0.392578125 0.1669921875 0.396484375 0.1669921875 0.404296875 0.1650390625 0.4052734375 0.138671875 0.404296875 0.1318359375 0.40234375 0.1318359375 0.3916015625
0 0.4716796875 0.509765625 0.5009765625 0.5107421875 0.5029296875 0.51171875 0.5029296875 0.521484375 0.4970703125 0.5244140625 0.4716796875 0.5224609375 0.4697265625 0.517578125 0.470703125 0.5107421875
0 0.1357421875 0.2763671875 0.158203125 0.2783203125 0.158203125 0.2919921875 0.1240234375 0.291015625 0.123046875 0.27734375 0.134765625 0.2763671875
0 0.46875 0.60546875 0.49609375 0.607421875 0.4970703125 0.6181640625 0.4951171875 0.6201171875 0.46875 0.619140625 0.466796875 0.6181640625 0.4677734375 0.6064453125
0 0.849609375 0.3125 0.876953125 0.3154296875 0.87890625 0.31640625 0.8779296875 0.326171875 0.8759765625 0.328125 0.849609375 0.3271484375 0.845703125 0.3251953125 0.845703125 0.3154296875 0.8486328125 0.3134765625
0 0.962890625 0.26953125 0.98046875 0.2705078125 0.9814453125 0.279296875 0.9794921875 0.2841796875 0.9482421875 0.283203125 0.9482421875 0.2705078125 0.9619140625 0.26953125
0 0.328125 0.6015625 0.357421875 0.6025390625 0.3583984375 0.6044921875 0.357421875 0.615234375 0.3388671875 0.6162109375 0.328125 0.6142578125 0.328125 0.6025390625
0 0.623046875 0.412109375 0.634765625 0.4140625 0.6337890625 0.4248046875 0.62890625 0.4267578125 0.60546875 0.42578125 0.6015625 0.4228515625 0.603515625 0.412109375 0.6220703125 0.412109375
0 0.791015625 0.419921875 0.8212890625 0.421875 0.8212890625 0.431640625 0.818359375 0.4345703125 0.791015625 0.43359375 0.7890625 0.431640625 0.7900390625 0.4208984375
0 0.7412109375 0.1875 0.759765625 0.189453125 0.7607421875 0.1982421875 0.7587890625 0.203125 0.7265625 0.2021484375 0.7236328125 0.1982421875 0.7255859375 0.1884765625 0.740234375 0.1875
0 0.6708984375 0.3056640625 0.701171875 0.3056640625 0.7041015625 0.3076171875 0.703125 0.3193359375 0.6826171875 0.3193359375 0.669921875 0.3173828125 0.6708984375 0.306640625
0 0.3369140625 0.50390625 0.341796875 0.505859375 0.361328125 0.505859375 0.3623046875 0.5166015625 0.3515625 0.5185546875 0.3310546875 0.5166015625 0.330078125 0.505859375 0.3359375 0.50390625
0 0.47265625 0.40625 0.505859375 0.408203125 0.505859375 0.416015625 0.501953125 0.4208984375 0.4775390625 0.4208984375 0.4716796875 0.4169921875 0.47265625 0.4072265625
0 0.796875 0.1904296875 0.8076171875 0.193359375 0.8046875 0.2060546875 0.7783203125 0.205078125 0.771484375 0.2021484375 0.771484375 0.1923828125 0.7734375 0.1904296875 0.7958984375 0.1904296875
0 0.8125 0.310546875 0.837890625 0.3134765625 0.837890625 0.3212890625 0.8349609375 0.326171875 0.8056640625 0.32421875 0.8037109375 0.322265625 0.8037109375 0.3125 0.8115234375 0.310546875
0 0.9296875 0.7939453125 0.931640625 0.7958984375 0.9443359375 0.7958984375 0.9443359375 0.8037109375 0.9384765625 0.8076171875 0.9140625 0.8056640625 0.9130859375 0.7998046875 0.916015625 0.794921875 0.9287109375 0.7939453125
0 0.865234375 0.4248046875 0.8662109375 0.4306640625 0.86328125 0.435546875 0.833984375 0.4345703125 0.8330078125 0.4248046875 0.8359375 0.4228515625 0.8642578125 0.4248046875
0 0.224609375 0.6826171875 0.2392578125 0.68359375 0.2421875 0.685546875 0.2412109375 0.69140625 0.23046875 0.693359375 0.2236328125 0.69140625 0.2119140625 0.6923828125 0.2099609375 0.6904296875 0.2109375 0.6845703125 0.2236328125 0.6826171875
0 0.8720703125 0.1953125 0.8984375 0.1982421875 0.8994140625 0.2021484375 0.8974609375 0.203125 0.8974609375 0.2099609375 0.8955078125 0.2119140625 0.865234375 0.208984375 0.865234375 0.197265625 0.87109375 0.1953125
0 0.595703125 0.1875 0.037109375 0.017578125
0 0.9345703125 0.5927734375 0.9365234375 0.5947265625 0.953125 0.5947265625 0.9541015625 0.599609375 0.9521484375 0.60546875 0.943359375 0.607421875 0.923828125 0.60546875 0.921875 0.603515625 0.9228515625 0.595703125 0.93359375 0.59375
0 0.775390625 0.7890625 0.7861328125 0.791015625 0.78515625 0.7998046875 0.7568359375 0.7998046875 0.7578125 0.7890625 0.7744140625 0.7900390625
0 0.4873046875 0.173828125 0.490234375 0.17578125 0.4912109375 0.18359375 0.4912109375 0.1875 0.48828125 0.189453125 0.4619140625 0.1884765625 0.455078125 0.185546875 0.455078125 0.1748046875 0.45703125 0.1728515625 0.486328125 0.173828125
0 0.564453125 0.69970703125 0.0322265625 0.015625
0 0.5810546875 0.609375 0.5849609375 0.61328125 0.5849609375 0.619140625 0.5810546875 0.623046875 0.5625 0.623046875 0.5546875 0.6220703125 0.5537109375 0.6201171875 0.5556640625 0.609375 0.580078125 0.609375
0 0.6953125 0.517578125 0.716796875 0.51953125 0.7177734375 0.5302734375 0.71484375 0.5322265625 0.6875 0.53125 0.685546875 0.529296875 0.6865234375 0.5185546875 0.6943359375 0.517578125
0 0.716796875 0.3056640625 0.73828125 0.306640625 0.7490234375 0.3095703125 0.7470703125 0.3212890625 0.7197265625 0.3212890625 0.71484375 0.3193359375 0.71484375 0.3095703125 0.716796875 0.306640625
0 0.7021484375 0.787109375 0.7255859375 0.7880859375 0.73046875 0.7900390625 0.7294921875 0.798828125 0.7255859375 0.80078125 0.70703125 0.7998046875 0.7001953125 0.796875 0.7021484375 0.7880859375
0 0.33984375 0.6884765625 0.369140625 0.6875 0.37109375 0.689453125 0.3701171875 0.69921875 0.3662109375 0.701171875 0.3427734375 0.7001953125 0.33984375 0.6982421875 0.33984375 0.689453125
0 0.685546875 0.1845703125 0.6875 0.1865234375 0.712890625 0.1865234375 0.71484375 0.189453125 0.7138671875 0.197265625 0.7109375 0.201171875 0.6796875 0.19921875 0.677734375 0.197265625 0.6796875 0.1865234375 0.6845703125 0.1845703125
0 0.3525390625 0.77734375 0.3623046875 0.7783203125 0.3642578125 0.78125 0.361328125 0.7900390625 0.3525390625 0.791015625 0.3349609375 0.7900390625 0.3330078125 0.7880859375 0.333984375 0.7783203125 0.3515625 0.77734375
0 0.7822265625 0.5341796875 0.783203125 0.5224609375 0.8134765625 0.5244140625 0.814453125 0.5283203125 0.8134765625 0.5341796875 0.8095703125 0.5361328125 0.783203125 0.5341796875
0 0.7646484375 0.701171875 0.7822265625 0.703125 0.7822265625 0.7109375 0.7744140625 0.7138671875 0.75390625 0.7119140625 0.7529296875 0.703125 0.7548828125 0.701171875 0.763671875 0.701171875