1 0 0.2685185185546875 0.0246913583984375 0.26697530859375 0.043209876953125 0.2677469140625 0.0534979423828125 0.2654320986328125 0.0529835390625 0.2268518515625 0.05092592578125 0.2202932099609375 0.0149176953125 0.2202932099609375 0 0.2206790126953125 0 0.2685185185546875
1 0.1157407412109375 0.2650462958984375 0.12705761328125 0.2654320986328125 0.1296296298828125 0.2484567900390625 0.1275720166015625 0.2202932099609375 0.098765431640625 0.2199074072265625 0.08899176953125 0.2214506171875 0.0853909462890625 0.2199074072265625 0.079218107421875 0.221064814453125 0.0586419755859375 0.2202932099609375 0.0545267490234375 0.221836419921875 0.054012345703125 0.2596450615234375 0.0565843623046875 0.2662037041015625 0.098765431640625 0.2677469140625 0.1157407412109375 0.2650462958984375
1 0.132201646484375 0.2654320986328125 0.1574074072265625 0.2662037041015625 0.2078189296875 0.264660494140625 0.20987654296875 0.261959876953125 0.2062757197265625 0.2202932099609375 0.2006172841796875 0.21875 0.1337448564453125 0.219135802734375 0.13117283984375 0.2202932099609375 0.1296296298828125 0.2226080244140625 0.13117283984375 0.2395833330078125 0.1296296298828125 0.261959876953125 0.132201646484375 0.2654320986328125
1 0.2896090537109375 0.2654320986328125 0.2906378603515625 0.25 0.28600823046875 0.2199074072265625 0.2644032919921875 0.218364197265625 0.230967078125 0.2202932099609375 0.2124485595703125 0.2195216044921875 0.208847736328125 0.2214506171875 0.2114197529296875 0.261959876953125 0.215020576171875 0.2654320986328125 0.238168724609375 0.2677469140625 0.2896090537109375 0.2654320986328125
1 0.2937242802734375 0.264660494140625 0.3585390947265625 0.2635030859375 0.3662551435546875 0.264660494140625 0.36882716015625 0.2627314814453125 0.365226337890625 0.219135802734375 0.3523662548828125 0.2172067900390625 0.333847736328125 0.2172067900390625 0.291152263671875 0.2195216044921875 0.289094650390625 0.2202932099609375 0.289094650390625 0.223765431640625 0.2916666669921875 0.2623456787109375 0.2937242802734375 0.264660494140625
1 0.403806583984375 0.263888888671875 0.4382716044921875 0.2631172841796875 0.443930041015625 0.26080246875 0.4454732509765625 0.244598765625 0.4434156376953125 0.2160493828125 0.37294238671875 0.2168209873046875 0.3683127568359375 0.2199074072265625 0.36882716015625 0.255787037109375 0.3724279833984375 0.264660494140625 0.3904320986328125 0.2627314814453125 0.403806583984375 0.263888888671875
1 0.484053498046875 0.2635030859375 0.488168724609375 0.2623456787109375 0.5236625517578125 0.2623456787109375 0.5257201650390625 0.261188271484375 0.5272633740234375 0.232638888671875 0.52520576171875 0.218364197265625 0.522119341796875 0.2145061728515625 0.48713991796875 0.212962962890625 0.4516460908203125 0.2145061728515625 0.445987654296875 0.2168209873046875 0.4470164609375 0.25887345703125 0.4495884775390625 0.2623456787109375 0.4717078193359375 0.261188271484375 0.484053498046875 0.2635030859375
1 0.498971193359375 0.309413580078125 0.509773662109375 0.3109567900390625 0.5226337451171875 0.310185185546875 0.5257201650390625 0.3078703701171875 0.52777777734375 0.2966820986328125 0.5272633740234375 0.2650462958984375 0.5257201650390625 0.2631172841796875 0.4835390947265625 0.2631172841796875 0.473765431640625 0.26157407421875 0.4562757197265625 0.2631172841796875 0.4511316875 0.2654320986328125 0.4526748974609375 0.3086419755859375 0.465020576171875 0.307098765625 0.479938271484375 0.310185185546875 0.498971193359375 0.309413580078125
1 0.4254115224609375 0.312114197265625 0.441872427734375 0.310185185546875 0.445987654296875 0.3109567900390625 0.4495884775390625 0.3086419755859375 0.450102880859375 0.28472222265625 0.445987654296875 0.2650462958984375 0.4423868310546875 0.263888888671875 0.3986625517578125 0.2654320986328125 0.3791152265625 0.26427469140625 0.3734567900390625 0.264660494140625 0.3713991767578125 0.2662037041015625 0.3708847734375 0.280864197265625 0.3734567900390625 0.30902777734375 0.3755144033203125 0.312114197265625 0.4254115224609375 0.312114197265625
1 0.4495884775390625 0.3541666669921875 0.450102880859375 0.3344907412109375 0.4470164609375 0.3140432099609375 0.4387860078125 0.3113425927734375 0.371913580078125 0.3140432099609375 0.3734567900390625 0.3530092587890625 0.3765432099609375 0.35802469140625 0.4403292177734375 0.3568672841796875 0.4495884775390625 0.3541666669921875
1 0.2962962958984375 0.312885802734375 0.367798353515625 0.312114197265625 0.371913580078125 0.3105709873046875 0.36882716015625 0.2685185185546875 0.3657407412109375 0.2654320986328125 0.3276748974609375 0.2650462958984375 0.2926954736328125 0.266589505859375 0.291152263671875 0.2689043212890625 0.2916666669921875 0.280864197265625 0.29423868359375 0.310185185546875 0.2962962958984375 0.312885802734375
1 0.269032921875 0.314814814453125 0.289094650390625 0.3132716044921875 0.2921810703125 0.3117283955078125 0.291152263671875 0.2689043212890625 0.2896090537109375 0.266589505859375 0.2844650205078125 0.267361111328125 0.2685185185546875 0.2654320986328125 0.23713991796875 0.2685185185546875 0.212962962890625 0.2662037041015625 0.2093621396484375 0.2681327158203125 0.212962962890625 0.310185185546875 0.215020576171875 0.312885802734375 0.253086419921875 0.3132716044921875 0.269032921875 0.314814814453125
1 0.2103909462890625 0.3113425927734375 0.2103909462890625 0.2966820986328125 0.2062757197265625 0.2681327158203125 0.185185185546875 0.2654320986328125 0.1394032919921875 0.267361111328125 0.1316872431640625 0.26967592578125 0.132201646484375 0.301311728515625 0.1342592587890625 0.3113425927734375 0.155864197265625 0.3132716044921875 0.2103909462890625 0.3113425927734375
1 0.13117283984375 0.312885802734375 0.1296296298828125 0.2689043212890625 0.1183127568359375 0.267361111328125 0.0745884775390625 0.2662037041015625 0.0555555556640625 0.2689043212890625 0.0555555556640625 0.3028549384765625 0.058127572265625 0.3132716044921875 0.0756172841796875 0.315586419921875 0.13117283984375 0.312885802734375
1 0 0.315586419921875 0.0334362138671875 0.3163580244140625 0.05504115234375 0.314814814453125 0.0534979423828125 0.27044753125 0.03600823046875 0.2677469140625 0.0149176953125 0.2689043212890625 0.008230453125 0.2708333330078125 0 0.270061728515625 0 0.315586419921875
1 0 0.3622685185546875 0.03189300390625 0.3626543212890625 0.057098765625 0.361111111328125 0.058127572265625 0.3518518515625 0.05504115234375 0.317901234375 0.0504115224609375 0.3163580244140625 0.003086419921875 0.3163580244140625 0 0.3167438271484375 0 0.3622685185546875
1 0 0.409336419921875 0.05092592578125 0.4081790126953125 0.0606995888671875 0.40625 0.062242798828125 0.4043209873046875 0.062242798828125 0.3912037041015625 0.057098765625 0.363811728515625 0.0334362138671875 0.3618827158203125 0.0303497939453125 0.363040123046875 0.0025720166015625 0.3618827158203125 0 0.3622685185546875 0 0.409336419921875
1 0.0344650205078125 0.5547839501953125 0.05092592578125 0.5547839501953125 0.0756172841796875 0.5520833330078125 0.0797325107421875 0.5470679013671875 0.077160494140625 0.5393518515625 0.0766460908203125 0.516589505859375 0.070987654296875 0.4876543212890625 0.0673868310546875 0.482638888671875 0.054012345703125 0.48032407421875 0.0236625517578125 0.4791666669921875 0.019032921875 0.482638888671875 0.0133744853515625 0.483410494140625 0.0149176953125 0.494212962890625 0.0205761318359375 0.5046296298828125 0.028806583984375 0.5532407412109375 0.0344650205078125 0.5547839501953125
1 0 0.5551697529296875 0.005144033203125 0.5559413583984375 0.0272633740234375 0.55362654296875 0.02777777734375 0.545910494140625 0.018004115234375 0.482638888671875 0.0041152265625 0.4810956787109375 0 0.4814814814453125 0 0.5551697529296875
1 0.087962962890625 0.5412808642578125 0.085905349609375 0.5466820986328125 0.0910493828125 0.548611111328125 0.119855966796875 0.548611111328125 0.130144033203125 0.5501543212890625 0.1255144033203125 0.51157407421875 0.1244855966796875 0.47955246875 0.121913580078125 0.477237654296875 0.113168724609375 0.4764660498046875 0.0977366259765625 0.4764660498046875 0.0833333330078125 0.4787808642578125 0.081790123046875 0.48032407421875 0.081790123046875 0.494598765625 0.087962962890625 0.5304783955078125 0.087962962890625 0.5412808642578125
1 0.179012345703125 0.5501543212890625 0.1784979423828125 0.5154320986328125 0.17592592578125 0.4876543212890625 0.172839505859375 0.4810956787109375 0.134773662109375 0.4756944443359375 0.1296296298828125 0.4760802470703125 0.1255144033203125 0.480709876953125 0.1255144033203125 0.5081018515625 0.1316872431640625 0.550540123046875 0.1414609052734375 0.5524691357421875 0.179012345703125 0.5501543212890625
1 0.2273662548828125 0.5489969140625 0.230967078125 0.5466820986328125 0.230967078125 0.5324074072265625 0.223765431640625 0.477237654296875 0.212962962890625 0.4756944443359375 0.2006172841796875 0.4780092587890625 0.1815843623046875 0.4787808642578125 0.1784979423828125 0.480709876953125 0.182098765625 0.5501543212890625 0.1856995888671875 0.551311728515625 0.2078189296875 0.551311728515625 0.2273662548828125 0.5489969140625
1 0.2767489716796875 0.5497685185546874 0.278806583984375 0.5466820986328125 0.2782921806640625 0.5354938271484375 0.2716049384765625 0.47955246875 0.265946501953125 0.477237654296875 0.2350823046875 0.4768518515625 0.2304526748046875 0.47762345703125 0.225823044921875 0.4814814814453125 0.23302469140625 0.5435956787109375 0.2350823046875 0.54822530859375 0.23713991796875 0.5501543212890625 0.2767489716796875 0.5497685185546874
1 0.312242798828125 0.5489969140625 0.3245884775390625 0.5466820986328125 0.3261316875 0.539737654296875 0.3204732509765625 0.477237654296875 0.317901234375 0.4760802470703125 0.27777777734375 0.477237654296875 0.2746913583984375 0.4787808642578125 0.279835390625 0.54822530859375 0.28189300390625 0.5497685185546874 0.2937242802734375 0.5497685185546874 0.312242798828125 0.5489969140625
1 0.373971193359375 0.542438271484375 0.3708847734375 0.473765431640625 0.366769546875 0.471064814453125 0.33693415625 0.4726080244140625 0.32818930078125 0.474537037109375 0.32407407421875 0.4787808642578125 0.32818930078125 0.543209876953125 0.333847736328125 0.5466820986328125 0.3724279833984375 0.5447530859375 0.373971193359375 0.542438271484375
1 0.4166666669921875 0.5435956787109375 0.420781892578125 0.5389660498046875 0.4156378603515625 0.4733796298828125 0.412037037109375 0.4714506171875 0.405864197265625 0.4714506171875 0.3986625517578125 0.4729938271484375 0.3765432099609375 0.4726080244140625 0.3734567900390625 0.47492283984375 0.371913580078125 0.48032407421875 0.375 0.542438271484375 0.382201646484375 0.54552469140625 0.4166666669921875 0.5435956787109375
1 0.4284979423828125 0.5416666669921875 0.43415637890625 0.542438271484375 0.467078189453125 0.5412808642578125 0.469135802734375 0.539737654296875 0.4686213994140625 0.505015431640625 0.4655349794921875 0.473765431640625 0.4634773662109375 0.4714506171875 0.4573045263671875 0.4726080244140625 0.432098765625 0.4714506171875 0.4223251025390625 0.4726080244140625 0.420781892578125 0.473765431640625 0.4223251025390625 0.50887345703125 0.42592592578125 0.539737654296875 0.4284979423828125 0.5416666669921875
1 0.51286008203125 0.4934413583984375 0.5087448564453125 0.4702932099609375 0.4850823046875 0.47222222265625 0.470164609375 0.471836419921875 0.4675925927734375 0.473765431640625 0.47222222265625 0.54012345703125 0.5123456787109375 0.539737654296875 0.513888888671875 0.53742283984375 0.51286008203125 0.4934413583984375
1 0.134773662109375 0.3591820986328125 0.1337448564453125 0.324459876953125 0.1296296298828125 0.315586419921875 0.109053498046875 0.3136574072265625 0.095164609375 0.3140432099609375 0.0775036005859375 0.3167438271484375 0.0606995888671875 0.3171296298828125 0.0576131689453125 0.3190586416015625 0.0586419755859375 0.3503086416015625 0.0617283955078125 0.3595679013671875 0.0853909462890625 0.361111111328125 0.134773662109375 0.3591820986328125
1 0.125 0.40625 0.1363168720703125 0.4035493828125 0.13786008203125 0.3815586416015625 0.1363168720703125 0.363040123046875 0.134773662109375 0.3618827158203125 0.0910493828125 0.36072530859375 0.0632716044921875 0.3614969140625 0.0606995888671875 0.3626543212890625 0.0643004111328125 0.4050925927734375 0.0843621396484375 0.406635802734375 0.1023662548828125 0.4054783955078125 0.125 0.40625
1 0.20318930078125 0.3595679013671875 0.20987654296875 0.357638888671875 0.2114197529296875 0.34992283984375 0.2103909462890625 0.323688271484375 0.2073045263671875 0.3140432099609375 0.1970164609375 0.3117283955078125 0.19084362109375 0.3125 0.1887860078125 0.3113425927734375 0.1887860078125 0.307098765625 0.1836419755859375 0.307098765625 0.181069958984375 0.3113425927734375 0.16923868359375 0.314814814453125 0.1435185185546875 0.3125 0.1352880654296875 0.315586419921875 0.1352880654296875 0.3422067900390625 0.1394032919921875 0.3591820986328125 0.1903292177734375 0.360339505859375 0.20318930078125 0.3595679013671875
1 0.1913580244140625 0.406635802734375 0.21399176953125 0.403935185546875 0.2160493828125 0.3993055556640625 0.2134773662109375 0.3626543212890625 0.2011316875 0.36072530859375 0.1615226337890625 0.3599537041015625 0.140946501953125 0.360339505859375 0.1373456787109375 0.3618827158203125 0.1404320986328125 0.3819444443359375 0.138888888671875 0.39544753125 0.1414609052734375 0.4047067900390625 0.1913580244140625 0.406635802734375
1 0.2865226337890625 0.36072530859375 0.291152263671875 0.3591820986328125 0.2921810703125 0.3337191357421875 0.29012345703125 0.318287037109375 0.28806584375 0.31597222265625 0.2186213994140625 0.3152006171875 0.2124485595703125 0.317901234375 0.21399176953125 0.3568672841796875 0.217078189453125 0.3618827158203125 0.2657752060546875 0.3599537041015625 0.2865226337890625 0.36072530859375
1 0.272119341796875 0.4070216044921875 0.28600823046875 0.4047067900390625 0.2937242802734375 0.4054783955078125 0.29681069921875 0.403935185546875 0.29423868359375 0.3672839501953125 0.2896090537109375 0.3626543212890625 0.27777777734375 0.3622685185546875 0.272119341796875 0.360339505859375 0.2463991767578125 0.36072530859375 0.2443415634765625 0.3591820986328125 0.2366255146484375 0.361111111328125 0.21810699609375 0.3614969140625 0.2155349794921875 0.3626543212890625 0.2160493828125 0.3939043212890625 0.2186213994140625 0.403163580078125 0.22222222265625 0.40625 0.272119341796875 0.4070216044921875
1 0.3713991767578125 0.3560956787109375 0.3713991767578125 0.3371913583984375 0.369855966796875 0.32330246875 0.3662551435546875 0.3136574072265625 0.3503086416015625 0.312885802734375 0.3287037041015625 0.315586419921875 0.3029835390625 0.3140432099609375 0.293209876953125 0.3171296298828125 0.2947530859375 0.3568672841796875 0.29681069921875 0.3599537041015625 0.369855966796875 0.3587962958984375 0.3713991767578125 0.3560956787109375
1 0.371913580078125 0.400848765625 0.37294238671875 0.375 0.3662551435546875 0.361111111328125 0.31584362109375 0.3599537041015625 0.3034979423828125 0.36072530859375 0.29681069921875 0.36342592578125 0.297839505859375 0.4016203701171875 0.299897119140625 0.4047067900390625 0.3266460908203125 0.4054783955078125 0.371913580078125 0.400848765625
1 0.52777777734375 0.327160494140625 0.5226337451171875 0.3117283955078125 0.4660493828125 0.310185185546875 0.456790123046875 0.3109567900390625 0.4511316875 0.3140432099609375 0.4511316875 0.3506944443359375 0.4526748974609375 0.3541666669921875 0.5236625517578125 0.3537808642578125 0.52777777734375 0.327160494140625
1 0.445987654296875 0.400848765625 0.4475308642578125 0.3792438271484375 0.4465020576171875 0.3595679013671875 0.443930041015625 0.357638888671875 0.3996913583984375 0.35802469140625 0.3744855966796875 0.3599537041015625 0.3744855966796875 0.3958333330078125 0.3765432099609375 0.40277777734375 0.394032921875 0.4043209873046875 0.445987654296875 0.400848765625
1 0.488168724609375 0.401234568359375 0.490226337890625 0.40007716015625 0.5195473251953125 0.3993055556640625 0.522119341796875 0.371913580078125 0.524176955078125 0.3672839501953125 0.5216049384765625 0.355709876953125 0.486111111328125 0.3541666669921875 0.4727366259765625 0.3560956787109375 0.45576131640625 0.355709876953125 0.4495884775390625 0.357638888671875 0.448045267578125 0.3587962958984375 0.4495884775390625 0.397762345703125 0.452160494140625 0.400462962890625 0.488168724609375 0.401234568359375
1 0.5637860078125 0.264660494140625 0.579218107421875 0.252314814453125 0.6265432099609375 0.25347222265625 0.6507201650390625 0.252314814453125 0.654835390625 0.2538580244140625 0.657921810546875 0.2527006171875 0.6594650205078125 0.249614197265625 0.66100823046875 0.2064043212890625 0.657921810546875 0.204089505859375 0.6455761318359375 0.2029320986328125 0.628086419921875 0.20447530859375 0.598765431640625 0.2029320986328125 0.5884773662109375 0.2037037041015625 0.581790123046875 0.2056327158203125 0.56995884765625 0.216435185546875 0.560185185546875 0.230709876953125 0.5612139921875 0.2403549384765625 0.5586419755859375 0.261959876953125 0.5606995888671875 0.2654320986328125 0.5637860078125 0.264660494140625
1 0.7124485595703125 0.25347222265625 0.7304526748046875 0.2546296298828125 0.736111111328125 0.252314814453125 0.7366255146484375 0.216435185546875 0.736111111328125 0.2091049384765625 0.734053498046875 0.2064043212890625 0.729938271484375 0.204861111328125 0.664094650390625 0.2052469140625 0.662037037109375 0.2064043212890625 0.6615226337890625 0.213348765625 0.662037037109375 0.2519290126953125 0.6671810703125 0.25347222265625 0.7016460908203125 0.2546296298828125 0.7124485595703125 0.25347222265625
1 0.793209876953125 0.2527006171875 0.8076131689453125 0.25347222265625 0.8117283955078125 0.2519290126953125 0.8143004111328125 0.23572530859375 0.8143004111328125 0.2114197529296875 0.812242798828125 0.20794753125 0.8004115224609375 0.2064043212890625 0.761831275390625 0.20717592578125 0.751028806640625 0.2056327158203125 0.7443415634765626 0.2060185185546875 0.7386831279296875 0.2091049384765625 0.7386831279296875 0.2519290126953125 0.741769546875 0.253086419921875 0.778806583984375 0.2542438271484375 0.793209876953125 0.2527006171875
1 0.8796296298828125 0.24382716015625 0.880144033203125 0.2527006171875 0.89609053515625 0.2577160498046875 0.958847736328125 0.2573302470703125 0.9624485595703125 0.255401234375 0.9634773662109375 0.2168209873046875 0.95987654296875 0.2145061728515625 0.9393004111328125 0.212962962890625 0.9346707822265625 0.2145061728515625 0.89609053515625 0.213734568359375 0.880144033203125 0.2202932099609375 0.8837448564453125 0.221064814453125 0.8863168720703125 0.2253086416015625 0.8863168720703125 0.23572530859375 0.8796296298828125 0.24382716015625
1 0.9994855966796875 0.255787037109375 0.9994855966796875 0.2114197529296875 0.97222222265625 0.2121913583984375 0.9665637861328125 0.213348765625 0.9655349794921875 0.2148919755859375 0.9665637861328125 0.25617283984375 0.9696502060546875 0.2577160498046875 0.977880658203125 0.2577160498046875 0.9994855966796875 0.255787037109375
1 0.9994855966796875 0.2565586416015625 0.969135802734375 0.2577160498046875 0.9665637861328125 0.25887345703125 0.965020576171875 0.2631172841796875 0.9645061728515625 0.300540123046875 0.9660493828125 0.30362654296875 0.9994855966796875 0.30169753125 0.9994855966796875 0.2565586416015625
1 0.933127572265625 0.3028549384765625 0.9393004111328125 0.3043981484375 0.95987654296875 0.3032407412109375 0.9634773662109375 0.2947530859375 0.9634773662109375 0.26427469140625 0.95987654296875 0.261188271484375 0.9423868310546875 0.2577160498046875 0.90689300390625 0.258487654296875 0.8955761318359375 0.2604166669921875 0.893004115234375 0.261959876953125 0.8935185185546874 0.300540123046875 0.8955761318359375 0.30362654296875 0.933127572265625 0.3028549384765625
1 0.88786008203125 0.3020833330078125 0.8924897119140625 0.298611111328125 0.8924897119140625 0.2631172841796875 0.8873456787109375 0.25887345703125 0.87294238671875 0.2604166669921875 0.85802469140625 0.25887345703125 0.8245884775390625 0.26080246875 0.81995884765625 0.26427469140625 0.8194444443359375 0.27507716015625 0.818930041015625 0.295910494140625 0.820987654296875 0.30362654296875 0.8708847734375 0.30362654296875 0.88786008203125 0.3020833330078125
1 0.8163580244140625 0.29205246875 0.8163580244140625 0.261188271484375 0.8132716044921875 0.255015431640625 0.7988683125 0.2546296298828125 0.7746913583984375 0.2573302470703125 0.7443415634765626 0.255787037109375 0.741769546875 0.2581018515625 0.740226337890625 0.26427469140625 0.738168724609375 0.2974537041015625 0.7422839501953125 0.3020833330078125 0.8137860078125 0.300540123046875 0.8163580244140625 0.29205246875
1 0.6656378603515625 0.3028549384765625 0.6834706787109375 0.30169753125 0.7325102880859375 0.30362654296875 0.7345679013671875 0.300540123046875 0.7350823046875 0.2912808642578125 0.7366255146484375 0.2592592587890625 0.7350823046875 0.2565586416015625 0.7232510283203125 0.2546296298828125 0.6646090537109375 0.2546296298828125 0.6615226337890625 0.25617283984375 0.659979423828125 0.2650462958984375 0.66100823046875 0.2939814814453125 0.6594650205078125 0.3001543212890625 0.6615226337890625 0.30169753125 0.6656378603515625 0.3028549384765625
1 0.5596707822265625 0.30902777734375 0.581790123046875 0.3028549384765625 0.600823044921875 0.30169753125 0.654835390625 0.3028549384765625 0.6574074072265625 0.3001543212890625 0.6574074072265625 0.2577160498046875 0.6543209873046875 0.2546296298828125 0.5828189296875 0.2542438271484375 0.5797325107421875 0.2565586416015625 0.579218107421875 0.2631172841796875 0.56995884765625 0.269290123046875 0.5606995888671875 0.2650462958984375 0.558127572265625 0.2746913583984375 0.5565843623046876 0.2966820986328125 0.558127572265625 0.2997685185546875 0.557098765625 0.3043981484375 0.5596707822265625 0.30902777734375
1 0.579218107421875 0.348765431640625 0.5874485595703125 0.3506944443359375 0.654835390625 0.349537037109375 0.6574074072265625 0.3479938271484375 0.6589506171875 0.3395061728515625 0.6584362138671875 0.312885802734375 0.657921810546875 0.307098765625 0.6543209873046875 0.3043981484375 0.609053498046875 0.3043981484375 0.6054526748046875 0.3032407412109375 0.5797325107421875 0.3059413583984375 0.557098765625 0.312885802734375 0.5545267490234375 0.3190586416015625 0.5534979423828125 0.33487654296875 0.5545267490234375 0.34722222265625 0.557098765625 0.3514660498046875 0.579218107421875 0.348765431640625
1 0.73713991796875 0.3456790126953125 0.738168724609375 0.3097993828125 0.736111111328125 0.3055555556640625 0.687242798828125 0.30362654296875 0.6635802470703125 0.304012345703125 0.66100823046875 0.306712962890625 0.662037037109375 0.3452932099609375 0.6646090537109375 0.349151234375 0.7273662548828125 0.349537037109375 0.73713991796875 0.3456790126953125
1 0.81584362109375 0.34722222265625 0.81995884765625 0.3229166669921875 0.8173868310546875 0.307098765625 0.8143004111328125 0.3032407412109375 0.744855966796875 0.3032407412109375 0.7412551435546875 0.3055555556640625 0.7407407412109375 0.3456790126953125 0.74382716015625 0.349151234375 0.8004115224609375 0.348765431640625 0.81584362109375 0.34722222265625
1 0.8261316875 0.3510802470703125 0.8513374482421875 0.3479938271484375 0.880144033203125 0.3483796298828125 0.890946501953125 0.346064814453125 0.8924897119140625 0.307098765625 0.8899176953125 0.3047839501953125 0.825102880859375 0.3055555556640625 0.817901234375 0.307098765625 0.81995884765625 0.331790123046875 0.8173868310546875 0.3425925927734375 0.8194444443359375 0.3503086416015625 0.8261316875 0.3510802470703125
1 0.922839505859375 0.3479938271484375 0.95987654296875 0.346836419921875 0.9603909462890625 0.3167438271484375 0.9593621396484375 0.3078703701171875 0.956790123046875 0.3051697529296875 0.8935185185546874 0.3051697529296875 0.8904320986328125 0.307098765625 0.890946501953125 0.330573302734375 0.888888888671875 0.341435185546875 0.8904320986328125 0.346836419921875 0.922839505859375 0.3479938271484375
1 0.9994855966796875 0.3028549384765625 0.9665637861328125 0.304012345703125 0.962962962890625 0.30632716015625 0.96399176953125 0.3452932099609375 0.9660493828125 0.3464506171875 0.9994855966796875 0.346064814453125 0.9994855966796875 0.3028549384765625
1 0.5843621396484375 0.3873456787109375 0.5843621396484375 0.3939043212890625 0.5884773662109375 0.3958333330078125 0.6543209873046875 0.3958333330078125 0.6589506171875 0.3939043212890625 0.659979423828125 0.355709876953125 0.6543209873046875 0.3510802470703125 0.6126543212890625 0.3506944443359375 0.5884773662109375 0.3533950615234375 0.5776748974609375 0.3530092587890625 0.570987654296875 0.3541666669921875 0.5643004111328125 0.3591820986328125 0.5606995888671875 0.3591820986328125 0.5565843623046876 0.363811728515625 0.557098765625 0.372685185546875 0.5637860078125 0.375 0.5694444443359375 0.3738425927734375 0.5843621396484375 0.3873456787109375
1 0.7355967080078125 0.3939043212890625 0.738168724609375 0.3672839501953125 0.73713991796875 0.352237654296875 0.6887860078125 0.3506944443359375 0.6656378603515625 0.3518518515625 0.66306584375 0.3537808642578125 0.66306584375 0.3881172841796875 0.66512345703125 0.394290123046875 0.721193416015625 0.39544753125 0.7355967080078125 0.3939043212890625
1 0.810185185546875 0.3962191357421875 0.8153292177734375 0.3939043212890625 0.8173868310546875 0.369598765625 0.816872427734375 0.352237654296875 0.8143004111328125 0.34992283984375 0.8096707822265625 0.348765431640625 0.7494855966796875 0.3503086416015625 0.7433127568359374 0.35262345703125 0.7407407412109375 0.3626543212890625 0.73919753125 0.392361111328125 0.741769546875 0.395061728515625 0.7839506171875 0.3969907412109375 0.810185185546875 0.3962191357421875
1 0.8837448564453125 0.392361111328125 0.8883744853515625 0.3904320986328125 0.8894032919921875 0.352237654296875 0.8873456787109375 0.3503086416015625 0.8554526748046875 0.348765431640625 0.8343621396484375 0.34992283984375 0.820987654296875 0.35262345703125 0.817901234375 0.355709876953125 0.8173868310546875 0.3904320986328125 0.8194444443359375 0.3939043212890625 0.84979423828125 0.39467592578125 0.8837448564453125 0.392361111328125
1 0.9506172841796875 0.39197530859375 0.9573045263671875 0.3904320986328125 0.95576131640625 0.3877314814453125 0.9573045263671875 0.383487654296875 0.9562757197265624 0.3761574072265625 0.954218107421875 0.3734567900390625 0.9552469140625 0.348765431640625 0.9495884775390625 0.3476080244140625 0.9022633740234375 0.3479938271484375 0.8935185185546874 0.3483796298828125 0.8894032919921875 0.3510802470703125 0.8894032919921875 0.369598765625 0.8924897119140625 0.391589505859375 0.9043209873046875 0.3927469140625 0.9506172841796875 0.39197530859375
1 0.9994855966796875 0.3483796298828125 0.9845679013671875 0.3464506171875 0.9665637861328125 0.34722222265625 0.96399176953125 0.348765431640625 0.9624485595703125 0.36342592578125 0.9614197529296875 0.3904320986328125 0.9665637861328125 0.392361111328125 0.9994855966796875 0.3912037041015625 0.9994855966796875 0.3483796298828125
1 0.6183127568359374 0.5389660498046875 0.6213991767578125 0.536265431640625 0.62294238671875 0.4702932099609375 0.605967078125 0.465663580078125 0.600823044921875 0.4675925927734375 0.58487654296875 0.4675925927734375 0.5802469140625 0.469135802734375 0.5776748974609375 0.4726080244140625 0.5776748974609375 0.51427469140625 0.5802469140625 0.54205246875 0.581790123046875 0.543209876953125 0.6183127568359374 0.5389660498046875
1 0.662037037109375 0.5389660498046875 0.6646090537109375 0.537037037109375 0.666152263671875 0.5297067900390625 0.6671810703125 0.480709876953125 0.6635802470703125 0.4726080244140625 0.6574074072265625 0.4679783955078125 0.6275720166015625 0.4695216044921875 0.6255144033203125 0.4702932099609375 0.623971193359375 0.4868827158203125 0.62294238671875 0.537037037109375 0.626028806640625 0.5389660498046875 0.6404320986328125 0.539737654296875 0.662037037109375 0.5389660498046875
1 0.7103909462890625 0.522762345703125 0.7114197529296875 0.4702932099609375 0.6995884775390625 0.4679783955078125 0.670781892578125 0.4699074072265625 0.668209876953125 0.488040123046875 0.6676954736328125 0.5378086416015625 0.706790123046875 0.5378086416015625 0.708847736328125 0.53472222265625 0.7103909462890625 0.522762345703125
1 0.7525720166015625 0.51697530859375 0.7515432099609375 0.494598765625 0.7556584365234374 0.477237654296875 0.7546296298828125 0.4706790126953125 0.74794238671875 0.4668209873046875 0.741769546875 0.466435185546875 0.7314814814453126 0.46875 0.7165637861328125 0.46875 0.712962962890625 0.4729938271484375 0.7114197529296875 0.494598765625 0.710905349609375 0.536265431640625 0.712962962890625 0.53742283984375 0.75 0.536265431640625 0.7525720166015625 0.51697530859375
1 0.7962962958984375 0.53742283984375 0.80092592578125 0.5354938271484375 0.8045267490234375 0.48032407421875 0.801954732421875 0.4699074072265625 0.7973251025390625 0.4668209873046875 0.7654320986328125 0.4675925927734375 0.758230453125 0.4699074072265625 0.7536008232421875 0.520061728515625 0.7536008232421875 0.5327932099609375 0.758230453125 0.537037037109375 0.7813786005859376 0.5385802470703125 0.7962962958984375 0.53742283984375
1 0.846193416015625 0.5331790126953125 0.84722222265625 0.522762345703125 0.8492798349609375 0.485339505859375 0.8482510283203125 0.469135802734375 0.845164609375 0.466435185546875 0.8343621396484375 0.4648919755859375 0.810185185546875 0.4668209873046875 0.8055555556640625 0.4679783955078125 0.804012345703125 0.4702932099609375 0.8034979423828125 0.534336419921875 0.807098765625 0.536651234375 0.842078189453125 0.536265431640625 0.846193416015625 0.5331790126953125
1 0.939814814453125 0.5285493828125 0.942901234375 0.5266203701171875 0.9434156376953124 0.5219907412109375 0.9454732509765625 0.4787808642578125 0.9444444443359375 0.4560185185546875 0.945987654296875 0.452160494140625 0.9393004111328125 0.4417438271484375 0.9315843623046876 0.4402006171875 0.92181069921875 0.44097222265625 0.9171810703125 0.442901234375 0.91306584375 0.4660493828125 0.9094650205078125 0.525848765625 0.91100823046875 0.5285493828125 0.916152263671875 0.5293209873046875 0.939814814453125 0.5285493828125
1 0.9763374482421875 0.526234568359375 0.9783950615234375 0.5096450615234375 0.9814814814453126 0.4552469140625 0.977880658203125 0.4456018515625 0.9706790126953125 0.440586419921875 0.9526748974609375 0.4402006171875 0.9485596708984375 0.4456018515625 0.9470164609375 0.45987654296875 0.9444444443359375 0.5270061728515625 0.945987654296875 0.5285493828125 0.9717078193359375 0.5293209873046875 0.9763374482421875 0.526234568359375
1 0.9994855966796875 0.5293209873046875 0.9994855966796875 0.4386574072265625 0.9912551435546875 0.4394290126953125 0.984053498046875 0.442515431640625 0.979938271484375 0.4899691357421875 0.9814814814453126 0.5027006171875 0.9794238681640625 0.5270061728515625 0.9835390947265625 0.5297067900390625 0.9994855966796875 0.5293209873046875
0 0.0517578125 0.4248046875 0.06640625 0.421875 0.1025390625 0.421875 0.1044921875 0.4248046875 0.103515625 0.435546875 0.08203125 0.4365234375 0.0546875 0.4365234375 0.0517578125 0.4326171875 0.0517578125 0.42578125
0 0.41796875 0.564453125 0.4248046875 0.5673828125 0.4248046875 0.5771484375 0.41015625 0.580078125 0.376953125 0.5791015625 0.3759765625 0.568359375 0.3837890625 0.5654296875 0.4169921875 0.564453125
0 0.974609375 0.5498046875 0.9814453125 0.5517578125 0.9814453125 0.5615234375 0.9736328125 0.564453125 0.9345703125 0.5634765625 0.935546875 0.5517578125 0.9736328125 0.5498046875
0 0.0595703125 0.578125 0.0634765625 0.576171875 0.109375 0.576171875 0.1123046875 0.580078125 0.1123046875 0.5859375 0.109375 0.5888671875 0.103515625 0.58984375 0.0625 0.58984375 0.060546875 0.5888671875 0.060546875 0.5791015625
0 0.7236328125 0.421875 0.7236328125 0.412109375 0.7255859375 0.4091796875 0.7392578125 0.408203125 0.7724609375 0.4091796875 0.7744140625 0.412109375 0.7734375 0.421875 0.724609375 0.421875
0 0.3818359375 0.416015625 0.40625 0.4169921875 0.408203125 0.419921875 0.408203125 0.4287109375 0.4052734375 0.431640625 0.359375 0.431640625 0.357421875 0.427734375 0.357421875 0.4189453125 0.359375 0.4169921875 0.380859375 0.416015625
0 0.978515625 0.41357421875 0.04296875 0.01513671875
0 0.7080078125 0.5546875 0.7412109375 0.5556640625 0.7412109375 0.5673828125 0.7314453125 0.5693359375 0.6943359375 0.568359375 0.6943359375 0.556640625 0.70703125 0.5546875