1 0.062757201171875 0.286651234375 0.0694444443359375 0.289737654296875 0.079218107421875 0.289737654296875 0.0802469140625 0.2735339501953125 0.0766460908203125 0.2592592587890625 0.077160494140625 0.2287808642578125 0.079218107421875 0.2195216044921875 0.0776748974609375 0.2121913583984375 0.067901234375 0.2094907412109375 0.029835390625 0.20794753125 0.0226337451171875 0.2091049384765625 0.0185185185546875 0.2515432099609375 0.01697530859375 0.2858796298828125 0.0185185185546875 0.28742283984375 0.049897119140625 0.2885802470703125 0.062757201171875 0.286651234375
1 0 0.28742283984375 0.0041152265625 0.2878086416015625 0.0144032919921875 0.28742283984375 0.0164609052734375 0.2851080244140625 0.02109053515625 0.213734568359375 0.0205761318359375 0.20987654296875 0.018004115234375 0.207561728515625 0.008230453125 0.2052469140625 0 0.2056327158203125 0 0.28742283984375
1 0.2422839501953125 0.2993827158203125 0.244855966796875 0.2970679013671875 0.2458847734375 0.2226080244140625 0.2386831279296875 0.2199074072265625 0.195987654296875 0.21875 0.1934156376953125 0.223765431640625 0.1923868310546875 0.2426697529296875 0.191872427734375 0.29205246875 0.1934156376953125 0.2966820986328125 0.2263374482421875 0.3001543212890625 0.2422839501953125 0.2993827158203125
1 0.2587448564453125 0.298611111328125 0.26697530859375 0.30169753125 0.29681069921875 0.30169753125 0.2983539091796875 0.298611111328125 0.2988683125 0.2260802470703125 0.2896090537109375 0.2233796298828125 0.2649176953125 0.223765431640625 0.2505144033203125 0.22222222265625 0.24794238671875 0.223765431640625 0.2458847734375 0.2507716044921875 0.244855966796875 0.2908950615234375 0.2463991767578125 0.2974537041015625 0.251028806640625 0.2993827158203125 0.2587448564453125 0.298611111328125
1 0.320987654296875 0.3051697529296875 0.34979423828125 0.3051697529296875 0.3518518515625 0.30362654296875 0.3523662548828125 0.2719907412109375 0.3477366259765625 0.2658179013671875 0.350823044921875 0.261959876953125 0.3523662548828125 0.2515432099609375 0.3518518515625 0.229938271484375 0.3456790126953125 0.2260802470703125 0.306069958984375 0.2256944443359375 0.3014403291015625 0.2283950615234375 0.3004115224609375 0.23842592578125 0.3004115224609375 0.2997685185546875 0.307098765625 0.30362654296875 0.3112139921875 0.3028549384765625 0.320987654296875 0.3051697529296875
1 0.390946501953125 0.3086419755859375 0.3945473251953125 0.30362654296875 0.3924897119140625 0.28472222265625 0.395061728515625 0.2515432099609375 0.3935185185546875 0.2206790126953125 0.383230453125 0.2121913583984375 0.359053498046875 0.21527777734375 0.3564814814453125 0.2175925927734375 0.3544238681640625 0.23032407421875 0.3554526748046875 0.287037037109375 0.35390946484375 0.304012345703125 0.3554526748046875 0.3059413583984375 0.390946501953125 0.3086419755859375
1 0.4346707822265625 0.307098765625 0.4356995888671875 0.2804783955078125 0.435185185546875 0.223765431640625 0.4238683125 0.21527777734375 0.4017489716796875 0.2168209873046875 0.3966049384765625 0.221064814453125 0.3955761318359375 0.2349537041015625 0.39609053515625 0.307484568359375 0.4043209873046875 0.3097993828125 0.4326131689453125 0.3109567900390625 0.4346707822265625 0.307098765625
1 0.4511316875 0.3125 0.480967078125 0.3117283955078125 0.484053498046875 0.3078703701171875 0.4850823046875 0.28742283984375 0.484053498046875 0.2372685185546875 0.4537037041015625 0.236111111328125 0.443930041015625 0.2341820986328125 0.4387860078125 0.24112654296875 0.4367283955078125 0.261188271484375 0.437757201171875 0.27777777734375 0.4356995888671875 0.3043981484375 0.4382716044921875 0.3097993828125 0.4511316875 0.3125
1 0.519032921875 0.3152006171875 0.5231481484375 0.3105709873046875 0.524176955078125 0.2318672841796875 0.5154320986328125 0.2253086416015625 0.5077160498046875 0.22492283984375 0.4907407412109375 0.227237654296875 0.48713991796875 0.230709876953125 0.4866255146484375 0.23572530859375 0.4855967080078125 0.3109567900390625 0.4876543212890625 0.312885802734375 0.5113168720703125 0.3136574072265625 0.519032921875 0.3152006171875
1 0.5385802470703125 0.3136574072265625 0.5534979423828125 0.3171296298828125 0.5606995888671875 0.3163580244140625 0.5643004111328125 0.2966820986328125 0.5643004111328125 0.2337962958984375 0.5565843623046876 0.2268518515625 0.5524691357421875 0.2260802470703125 0.5303497939453125 0.2291666669921875 0.5272633740234375 0.232638888671875 0.5257201650390625 0.2472993828125 0.524176955078125 0.2966820986328125 0.526234568359375 0.3140432099609375 0.5303497939453125 0.3152006171875 0.5385802470703125 0.3136574072265625
1 0.5946502060546875 0.31867283984375 0.6105967080078125 0.31867283984375 0.6157407412109375 0.246913580078125 0.6116255146484375 0.244598765625 0.5704732509765625 0.2422839501953125 0.566872427734375 0.2511574072265625 0.5653292177734375 0.276234568359375 0.5643004111328125 0.3132716044921875 0.566872427734375 0.3144290126953125 0.57407407421875 0.3132716044921875 0.5946502060546875 0.31867283984375
1 0.657921810546875 0.32137345703125 0.66100823046875 0.317901234375 0.6625514404296875 0.3086419755859375 0.6635802470703125 0.2484567900390625 0.6517489716796875 0.2461419755859375 0.619855966796875 0.2461419755859375 0.616769546875 0.2515432099609375 0.6147119345703125 0.275848765625 0.61419753125 0.317515431640625 0.61882716015625 0.3198302470703125 0.630144033203125 0.32137345703125 0.657921810546875 0.32137345703125
1 0.7062757197265624 0.3221450615234375 0.710905349609375 0.275848765625 0.708847736328125 0.264660494140625 0.7103909462890625 0.253086419921875 0.7062757197265624 0.2507716044921875 0.668209876953125 0.2484567900390625 0.666152263671875 0.2511574072265625 0.6646090537109375 0.3190586416015625 0.6676954736328125 0.320987654296875 0.6887860078125 0.323688271484375 0.7062757197265624 0.3221450615234375
1 0.7556584365234374 0.3140432099609375 0.7587448564453125 0.255015431640625 0.7412551435546875 0.2515432099609375 0.71810699609375 0.2511574072265625 0.7145061728515625 0.2527006171875 0.71193415625 0.2573302470703125 0.70987654296875 0.32137345703125 0.72222222265625 0.3248456787109375 0.753086419921875 0.3248456787109375 0.7556584365234374 0.3140432099609375
1 0.8024691357421875 0.324459876953125 0.804012345703125 0.2577160498046875 0.7793209873046875 0.2546296298828125 0.7633744853515625 0.255015431640625 0.761831275390625 0.25617283984375 0.7577160498046875 0.2962962958984375 0.7577160498046875 0.3248456787109375 0.79012345703125 0.3283179013671875 0.7962962958984375 0.3279320986328125 0.8024691357421875 0.324459876953125
1 0.8143004111328125 0.3283179013671875 0.820987654296875 0.3310185185546875 0.845164609375 0.32947530859375 0.8477366259765625 0.3256172841796875 0.8477366259765625 0.3051697529296875 0.8523662548828125 0.261959876953125 0.8456790126953125 0.2596450615234375 0.8220164609375 0.2565586416015625 0.80915637890625 0.2577160498046875 0.806069958984375 0.2604166669921875 0.8029835390625 0.3140432099609375 0.804012345703125 0.3256172841796875 0.8065843623046876 0.3279320986328125 0.8143004111328125 0.3283179013671875
1 0.875 0.3314043212890625 0.8904320986328125 0.329861111328125 0.894032921875 0.326388888671875 0.895061728515625 0.320987654296875 0.89609053515625 0.2635030859375 0.8924897119140625 0.261188271484375 0.8585390947265625 0.25887345703125 0.854938271484375 0.2604166669921875 0.852880658203125 0.26697530859375 0.8533950615234375 0.2867283955078125 0.8492798349609375 0.3279320986328125 0.859053498046875 0.3306327158203125 0.875 0.3314043212890625
1 0.8904320986328125 0.4645061728515625 0.893004115234375 0.45447530859375 0.89197530859375 0.39737654296875 0.880144033203125 0.39197530859375 0.8544238681640625 0.3935185185546875 0.8518518515625 0.3966049384765625 0.8503086416015625 0.417438271484375 0.848765431640625 0.465663580078125 0.8544238681640625 0.4672067900390625 0.8683127568359374 0.4675925927734375 0.8904320986328125 0.4645061728515625
1 0.8456790126953125 0.4668209873046875 0.84722222265625 0.4645061728515625 0.84979423828125 0.3939043212890625 0.8364197529296875 0.389660494140625 0.807098765625 0.39197530859375 0.8045267490234375 0.41782407421875 0.8034979423828125 0.463348765625 0.8065843623046876 0.465663580078125 0.8163580244140625 0.4668209873046875 0.8456790126953125 0.4668209873046875
1 0.80504115234375 0.39737654296875 0.8034979423828125 0.391589505859375 0.7896090537109375 0.388888888671875 0.761831275390625 0.3912037041015625 0.759773662109375 0.3939043212890625 0.75617283984375 0.4375 0.7566872431640626 0.4641203701171875 0.7854938271484375 0.4668209873046875 0.8014403291015625 0.463734568359375 0.80504115234375 0.39737654296875
1 0.75205761328125 0.4645061728515625 0.7541152265625 0.4618055556640625 0.758230453125 0.3935185185546875 0.755144033203125 0.3908179013671875 0.736111111328125 0.3912037041015625 0.7165637861328125 0.38927469140625 0.712962962890625 0.3904320986328125 0.7114197529296875 0.3966049384765625 0.7078189296875 0.463348765625 0.70987654296875 0.4645061728515625 0.7355967080078125 0.46527777734375 0.75205761328125 0.4645061728515625
1 0.7052469140625 0.463348765625 0.7078189296875 0.448688271484375 0.7093621396484375 0.403163580078125 0.71193415625 0.3904320986328125 0.7093621396484375 0.38927469140625 0.6702674892578125 0.3881172841796875 0.6656378603515625 0.3904320986328125 0.66512345703125 0.3958333330078125 0.66100823046875 0.460262345703125 0.66512345703125 0.46257716015625 0.6743827158203125 0.463348765625 0.7052469140625 0.463348765625
1 0.6574074072265625 0.4618055556640625 0.6604938271484375 0.4564043212890625 0.6635802470703125 0.3900462958984375 0.66100823046875 0.386959876953125 0.6584362138671875 0.38657407421875 0.61882716015625 0.3850308642578125 0.615226337890625 0.3873456787109375 0.61419753125 0.3939043212890625 0.6126543212890625 0.457561728515625 0.615226337890625 0.4606481484375 0.619855966796875 0.4614197529296875 0.6574074072265625 0.4618055556640625
1 0.575102880859375 0.457561728515625 0.5812757197265624 0.4594907412109375 0.6095679013671875 0.4591049384765625 0.6116255146484375 0.4498456787109375 0.613168724609375 0.386959876953125 0.6023662548828125 0.3846450615234375 0.5673868310546875 0.38387345703125 0.564814814453125 0.4139660498046875 0.5643004111328125 0.4467592587890625 0.5663580244140625 0.457561728515625 0.5704732509765625 0.4594907412109375 0.575102880859375 0.457561728515625
1 0.5606995888671875 0.460262345703125 0.5632716044921875 0.45717592578125 0.5643004111328125 0.372685185546875 0.549897119140625 0.3653549384765625 0.543209876953125 0.3653549384765625 0.5293209873046875 0.36882716015625 0.5267489716796875 0.372685185546875 0.5272633740234375 0.4081790126953125 0.5246913583984375 0.45717592578125 0.5303497939453125 0.45987654296875 0.5606995888671875 0.460262345703125
1 0.5226337451171875 0.456790123046875 0.524176955078125 0.4448302470703125 0.5257201650390625 0.3730709873046875 0.5123456787109375 0.3645833330078125 0.5005144033203125 0.3645833330078125 0.4876543212890625 0.3680555556640625 0.484053498046875 0.3711419755859375 0.484053498046875 0.4564043212890625 0.49382716015625 0.4587191357421875 0.5195473251953125 0.4591049384765625 0.5226337451171875 0.456790123046875
1 0.4825102880859375 0.4529320986328125 0.480967078125 0.380401234375 0.4706790126953125 0.3769290126953125 0.458847736328125 0.3788580244140625 0.4356995888671875 0.378086419921875 0.433127572265625 0.3962191357421875 0.432098765625 0.4560185185546875 0.4387860078125 0.45717592578125 0.480967078125 0.456790123046875 0.4825102880859375 0.4529320986328125
1 0.4305555556640625 0.4537037041015625 0.432098765625 0.3657407412109375 0.4187242802734375 0.3591820986328125 0.4104938271484375 0.3591820986328125 0.3981481484375 0.3622685185546875 0.3935185185546875 0.3657407412109375 0.393004115234375 0.3796296298828125 0.393004115234375 0.4533179013671875 0.397119341796875 0.4556327158203125 0.429012345703125 0.4564043212890625 0.4305555556640625 0.4537037041015625
1 0.3904320986328125 0.3985339501953125 0.3924897119140625 0.369598765625 0.3883744853515625 0.3626543212890625 0.3827160498046875 0.3587962958984375 0.3647119345703125 0.35802469140625 0.35390946484375 0.3626543212890625 0.3518518515625 0.409336419921875 0.3523662548828125 0.4529320986328125 0.3899176953125 0.4556327158203125 0.393004115234375 0.4251543212890625 0.3904320986328125 0.3985339501953125
1 0.3477366259765625 0.4529320986328125 0.34979423828125 0.44367283984375 0.3477366259765625 0.41512345703125 0.3482510283203125 0.3966049384765625 0.350823044921875 0.3885030859375 0.34979423828125 0.3765432099609375 0.3415637861328125 0.3734567900390625 0.3096707822265625 0.37152777734375 0.30092592578125 0.372685185546875 0.2988683125 0.400462962890625 0.2983539091796875 0.4506172841796875 0.299897119140625 0.45177469140625 0.3276748974609375 0.4537037041015625 0.3477366259765625 0.4529320986328125
1 0.2952674892578125 0.449459876953125 0.29681069921875 0.42669753125 0.297839505859375 0.3730709873046875 0.2896090537109375 0.3707561728515625 0.24794238671875 0.369598765625 0.2458847734375 0.3730709873046875 0.2463991767578125 0.3842592587890625 0.24382716015625 0.400462962890625 0.242798353515625 0.449459876953125 0.25 0.4510030859375 0.293209876953125 0.45177469140625 0.2952674892578125 0.449459876953125
1 0.2376543212890625 0.4506172841796875 0.2407407412109375 0.4471450615234375 0.2422839501953125 0.4243827158203125 0.2443415634765625 0.380787037109375 0.242798353515625 0.369212962890625 0.2407407412109375 0.3676697529296875 0.2145061728515625 0.3684413583984375 0.20987654296875 0.3657407412109375 0.19495884765625 0.3657407412109375 0.191872427734375 0.369212962890625 0.1882716044921875 0.414737654296875 0.1893004111328125 0.4421296298828125 0.2037037041015625 0.448688271484375 0.2376543212890625 0.4506172841796875
1 0.164094650390625 0.4456018515625 0.185185185546875 0.445987654296875 0.183127572265625 0.44367283984375 0.1862139921875 0.4386574072265625 0.187242798828125 0.4309413583984375 0.189814814453125 0.380015431640625 0.1887860078125 0.36612654296875 0.1466049384765625 0.36342592578125 0.136831275390625 0.3645833330078125 0.1352880654296875 0.3657407412109375 0.133230453125 0.3993055556640625 0.132201646484375 0.445987654296875 0.1399176953125 0.4479166669921875 0.1553497939453125 0.4475308642578125 0.164094650390625 0.4456018515625
1 0.1327160498046875 0.4155092587890625 0.133230453125 0.3653549384765625 0.125 0.3626543212890625 0.0802469140625 0.3626543212890625 0.07818930078125 0.3649691357421875 0.077160494140625 0.372685185546875 0.0756172841796875 0.403935185546875 0.0761316875 0.4440586416015625 0.0874485595703125 0.44637345703125 0.1296296298828125 0.44637345703125 0.1327160498046875 0.4155092587890625
1 0.070987654296875 0.4444444443359375 0.075102880859375 0.4189814814453125 0.075102880859375 0.3622685185546875 0.070987654296875 0.36072530859375 0.0236625517578125 0.358410494140625 0.0205761318359375 0.3622685185546875 0.0185185185546875 0.375 0.0164609052734375 0.442515431640625 0.019032921875 0.4440586416015625 0.0462962958984375 0.4456018515625 0.070987654296875 0.4444444443359375
1 0 0.44367283984375 0.011831275390625 0.4440586416015625 0.015946501953125 0.442515431640625 0.0164609052734375 0.4390432099609375 0.0174897119140625 0.3828125 0.0185185185546875 0.366512345703125 0.02109053515625 0.358410494140625 0.018004115234375 0.354938271484375 0.008230453125 0.35455246875 0.0046296298828125 0.35802469140625 0 0.3587962958984375 0 0.44367283984375
1 0 0.596836419921875 0.01697530859375 0.5964506171875 0.020061728515625 0.5922067900390625 0.019032921875 0.5671296298828125 0.0216049384765625 0.5470679013671875 0.020061728515625 0.5358796298828125 0.0226337451171875 0.5185185185546874 0.0195473251953125 0.51080246875 0.011831275390625 0.5077160498046875 0.009773662109375 0.50887345703125 0.0036008232421875 0.5077160498046875 0.0015432099609375 0.5042438271484375 0 0.5042438271484375 0 0.596836419921875
1 0.0745884775390625 0.5964506171875 0.0766460908203125 0.59375 0.0787037041015625 0.5729166669921875 0.0797325107421875 0.513888888671875 0.075102880859375 0.511959876953125 0.0643004111328125 0.511188271484375 0.0339506171875 0.51080246875 0.02777777734375 0.511959876953125 0.0246913583984375 0.5150462958984375 0.0231481484375 0.5327932099609375 0.0226337451171875 0.5922067900390625 0.0293209873046875 0.5956790126953125 0.0617283955078125 0.5949074072265625 0.0745884775390625 0.5964506171875
1 0.136831275390625 0.5127314814453126 0.117798353515625 0.511959876953125 0.10802469140625 0.5135030859375 0.0915637861328125 0.5123456787109375 0.0843621396484375 0.51427469140625 0.0812757197265625 0.5285493828125 0.0797325107421875 0.55632716015625 0.0797325107421875 0.5952932099609375 0.0864197529296875 0.5964506171875 0.1337448564453125 0.5952932099609375 0.136831275390625 0.5127314814453126
1 0.19084362109375 0.5918209873046875 0.193930041015625 0.514660494140625 0.174897119140625 0.511188271484375 0.162037037109375 0.5135030859375 0.1584362138671875 0.5123456787109375 0.1399176953125 0.5135030859375 0.136831275390625 0.542438271484375 0.1363168720703125 0.5952932099609375 0.1604938271484375 0.5964506171875 0.1882716044921875 0.5945216044921875 0.19084362109375 0.5918209873046875
1 0.2443415634765625 0.596064814453125 0.2458847734375 0.5918209873046875 0.24794238671875 0.5150462958984375 0.244855966796875 0.511959876953125 0.195987654296875 0.5150462958984375 0.193930041015625 0.5385802470703125 0.1923868310546875 0.5871913583984375 0.1944444443359375 0.5945216044921875 0.2083333330078125 0.596064814453125 0.2443415634765625 0.596064814453125
1 0.2993827158203125 0.5952932099609375 0.301954732421875 0.536651234375 0.301954732421875 0.5189043212890625 0.299897119140625 0.5162037041015625 0.2937242802734375 0.516589505859375 0.2854938271484375 0.514660494140625 0.2757201650390625 0.517361111328125 0.261831275390625 0.5150462958984375 0.251028806640625 0.5158179013671875 0.2474279833984375 0.55632716015625 0.2474279833984375 0.5956790126953125 0.251028806640625 0.59722222265625 0.297839505859375 0.596836419921875 0.2993827158203125 0.5952932099609375
1 0.3384773662109375 0.59722222265625 0.3456790126953125 0.598765431640625 0.3513374482421875 0.5964506171875 0.3533950615234375 0.5787037041015625 0.3533950615234375 0.5636574072265625 0.3513374482421875 0.559413580078125 0.354938271484375 0.52777777734375 0.354938271484375 0.5212191357421875 0.3518518515625 0.51697530859375 0.346193416015625 0.514660494140625 0.32407407421875 0.514660494140625 0.30504115234375 0.5177469140625 0.301954732421875 0.557098765625 0.301954732421875 0.5952932099609375 0.307098765625 0.59722222265625 0.3245884775390625 0.5983796298828125 0.3384773662109375 0.59722222265625
1 0.395061728515625 0.50887345703125 0.3816872431640625 0.500385802734375 0.365226337890625 0.5007716044921875 0.3605967080078125 0.5027006171875 0.3564814814453125 0.5073302470703125 0.3554526748046875 0.5177469140625 0.3544238681640625 0.5956790126953125 0.3873456787109375 0.598765431640625 0.395061728515625 0.5952932099609375 0.395061728515625 0.50887345703125
1 0.432098765625 0.5976080244140625 0.4336419755859375 0.5956790126953125 0.4336419755859375 0.570987654296875 0.4356995888671875 0.5617283955078125 0.4356995888671875 0.508487654296875 0.4326131689453125 0.5038580244140625 0.426954732421875 0.5015432099609375 0.405864197265625 0.5007716044921875 0.397119341796875 0.505015431640625 0.39609053515625 0.51080246875 0.3955761318359375 0.5952932099609375 0.397119341796875 0.596836419921875 0.4043209873046875 0.5976080244140625 0.432098765625 0.5976080244140625
1 0.4346707822265625 0.5952932099609375 0.4387860078125 0.5979938271484375 0.484053498046875 0.5983796298828125 0.4855967080078125 0.5956790126953125 0.4866255146484375 0.5543981484375 0.4845679013671875 0.5212191357421875 0.4773662548828125 0.5150462958984375 0.4454732509765625 0.5181327158203125 0.4387860078125 0.51967592578125 0.4367283955078125 0.528935185546875 0.437757201171875 0.55697029296875 0.437242798828125 0.567901234375 0.435185185546875 0.5706018515625 0.4346707822265625 0.5952932099609375
1 0.4912551435546875 0.5983796298828125 0.4958847734375 0.599151234375 0.519032921875 0.59992283984375 0.528806583984375 0.5956790126953125 0.5293209873046875 0.511959876953125 0.5257201650390625 0.5081018515625 0.5164609052734375 0.505015431640625 0.5025720166015625 0.5038580244140625 0.4912551435546875 0.5096450615234375 0.4866255146484375 0.5189043212890625 0.4886831279296875 0.54822530859375 0.486111111328125 0.574459876953125 0.4876543212890625 0.5956790126953125 0.4912551435546875 0.5983796298828125
1 0.5643004111328125 0.5952932099609375 0.5653292177734375 0.5891203701171875 0.5673868310546875 0.5154320986328125 0.5606995888671875 0.5081018515625 0.554012345703125 0.50617283984375 0.5385802470703125 0.5069444443359375 0.5324074072265625 0.508487654296875 0.5293209873046875 0.511188271484375 0.5293209873046875 0.5952932099609375 0.539094650390625 0.59722222265625 0.5606995888671875 0.596836419921875 0.5643004111328125 0.5952932099609375
1 0.611111111328125 0.5979938271484375 0.613168724609375 0.5918209873046875 0.6157407412109375 0.525462962890625 0.606995884765625 0.522762345703125 0.570987654296875 0.5208333330078125 0.568930041015625 0.5243055556640625 0.567901234375 0.5358796298828125 0.5663580244140625 0.565586419921875 0.5673868310546875 0.5956790126953125 0.577160494140625 0.599151234375 0.611111111328125 0.5979938271484375
1 0.659979423828125 0.5983796298828125 0.662037037109375 0.5952932099609375 0.6625514404296875 0.58487654296875 0.6635802470703125 0.52507716015625 0.6543209873046875 0.52237654296875 0.636831275390625 0.5219907412109375 0.623971193359375 0.52237654296875 0.6172839501953125 0.5246913583984375 0.6147119345703125 0.574459876953125 0.61419753125 0.5952932099609375 0.6157407412109375 0.598765431640625 0.6553497939453125 0.59992283984375 0.659979423828125 0.5983796298828125
1 0.7093621396484375 0.5956790126953125 0.7114197529296875 0.525848765625 0.7062757197265624 0.5231481484375 0.670781892578125 0.52237654296875 0.6656378603515625 0.525462962890625 0.6646090537109375 0.5339506171875 0.6635802470703125 0.598765431640625 0.685185185546875 0.6010802470703125 0.7073045263671875 0.599151234375 0.7093621396484375 0.5956790126953125
1 0.7484567900390625 0.6006944443359375 0.751028806640625 0.6018518515625 0.7556584365234374 0.6014660498046875 0.7602880654296875 0.598765431640625 0.7613168720703125 0.5270061728515625 0.7587448564453125 0.5243055556640625 0.719135802734375 0.5243055556640625 0.715020576171875 0.525848765625 0.7124485595703125 0.5339506171875 0.710905349609375 0.577160494140625 0.7103909462890625 0.596064814453125 0.71193415625 0.598765431640625 0.7273662548828125 0.6014660498046875 0.7484567900390625 0.6006944443359375
1 0.7716049384765625 0.602237654296875 0.806069958984375 0.6014660498046875 0.8076131689453125 0.599151234375 0.80915637890625 0.528163580078125 0.8076131689453125 0.525848765625 0.79681069921875 0.52507716015625 0.7664609052734375 0.525462962890625 0.7623456787109375 0.528163580078125 0.7613168720703125 0.533564814453125 0.7602880654296875 0.5921828701171875 0.7577160498046875 0.598765431640625 0.761831275390625 0.6010802470703125 0.7716049384765625 0.602237654296875
1 0.8523662548828125 0.599151234375 0.8533950615234375 0.5868055556640625 0.85390946484375 0.5293209873046875 0.8353909462890625 0.5246913583984375 0.81995884765625 0.5273919755859375 0.8132716044921875 0.5270061728515625 0.810185185546875 0.5293209873046875 0.80915637890625 0.598765431640625 0.8132716044921875 0.6014660498046875 0.848765431640625 0.6014660498046875 0.8523662548828125 0.599151234375
1 0.8899176953125 0.6003086416015625 0.8924897119140625 0.598765431640625 0.894032921875 0.5929783955078125 0.894032921875 0.5297067900390625 0.878086419921875 0.526234568359375 0.8662551435546875 0.5285493828125 0.8585390947265625 0.52777777734375 0.8554526748046875 0.5300925927734375 0.8533950615234375 0.54012345703125 0.8518518515625 0.5636574072265625 0.852880658203125 0.598765431640625 0.8755144033203125 0.6010802470703125 0.8899176953125 0.6003086416015625
1 0.8837448564453125 0.68402777734375 0.873971193359375 0.67862654296875 0.8626543212890625 0.67862654296875 0.856995884765625 0.6859567900390625 0.854938271484375 0.69637345703125 0.8554526748046875 0.730709876953125 0.8796296298828125 0.730709876953125 0.882201646484375 0.727237654296875 0.8837448564453125 0.68402777734375
1 0.85390946484375 0.7291666669921875 0.8544238681640625 0.685185185546875 0.845164609375 0.6774691357421875 0.83487654296875 0.6778549384765625 0.829218107421875 0.6886574072265625 0.8287037041015625 0.73032407421875 0.8323045263671875 0.732638888671875 0.8518518515625 0.7318672841796875 0.85390946484375 0.7291666669921875
1 0.82818930078125 0.7283950615234375 0.82818930078125 0.6890432099609375 0.8276748974609375 0.6863425927734375 0.8184156376953124 0.6778549384765625 0.8096707822265625 0.6774691357421875 0.8014403291015625 0.6863425927734375 0.7988683125 0.7056327158203125 0.799897119140625 0.7318672841796875 0.8055555556640625 0.733410494140625 0.8261316875 0.732638888671875 0.82818930078125 0.7283950615234375
1 0.7973251025390625 0.7310956787109375 0.795781892578125 0.7172067900390625 0.7973251025390625 0.6867283955078125 0.7896090537109375 0.679012345703125 0.78189300390625 0.6778549384765625 0.772119341796875 0.6859567900390625 0.7695473251953125 0.6921296298828125 0.7705761318359375 0.730709876953125 0.77777777734375 0.733410494140625 0.793209876953125 0.7337962958984375 0.7973251025390625 0.7310956787109375
1 0.768004115234375 0.7310956787109375 0.7685185185546874 0.724537037109375 0.768004115234375 0.6890432099609375 0.761831275390625 0.6836419755859375 0.7474279833984375 0.682484568359375 0.7407407412109375 0.687885802734375 0.73919753125 0.692515431640625 0.73919753125 0.7310956787109375 0.7463991767578125 0.7337962958984375 0.7654320986328125 0.7341820986328125 0.768004115234375 0.7310956787109375
1 0.73713991796875 0.7314814814453126 0.736111111328125 0.6992669755859375 0.738168724609375 0.6855709873046875 0.734053498046875 0.6832561728515625 0.715020576171875 0.6832561728515625 0.7103909462890625 0.6859567900390625 0.7093621396484375 0.692515431640625 0.7083333330078125 0.7314814814453126 0.7145061728515625 0.7341820986328125 0.7350823046875 0.7337962958984375 0.73713991796875 0.7314814814453126
1 0.7062757197265624 0.73302469140625 0.708847736328125 0.6863425927734375 0.7026748974609375 0.679012345703125 0.695987654296875 0.6782407412109375 0.683127572265625 0.681712962890625 0.681069958984375 0.6847993828125 0.679012345703125 0.702160494140625 0.6795267490234375 0.7322530859375 0.6815843623046876 0.7337962958984375 0.687757201171875 0.7341820986328125 0.7062757197265624 0.73302469140625
1 0.6779835390625 0.7314814814453126 0.6774691357421875 0.6894290126953125 0.67592592578125 0.6855709873046875 0.668209876953125 0.6778549384765625 0.6532921806640625 0.68402777734375 0.6507201650390625 0.689814814453125 0.6507201650390625 0.732638888671875 0.653806583984375 0.7345679013671875 0.67592592578125 0.7341820986328125 0.6779835390625 0.7314814814453126
1 0.6404320986328125 0.7345679013671875 0.647119341796875 0.7322530859375 0.6486625517578125 0.689814814453125 0.647119341796875 0.685185185546875 0.6435185185546874 0.6828703701171875 0.6316872431640626 0.68132716015625 0.6234567900390625 0.682098765625 0.6193415634765626 0.69907407421875 0.6183127568359374 0.719135802734375 0.617798353515625 0.730709876953125 0.6193415634765626 0.7337962958984375 0.6373456787109375 0.733410494140625 0.6404320986328125 0.7345679013671875
1 0.61882716015625 0.690586419921875 0.6162551435546875 0.682098765625 0.6064814814453126 0.6782407412109375 0.60390946484375 0.68132716015625 0.5915637861328125 0.6801697529296875 0.5884773662109375 0.7106481484375 0.587962962890625 0.7310956787109375 0.5895061728515625 0.7341820986328125 0.6157407412109375 0.7337962958984375 0.61882716015625 0.690586419921875
1 0.0036008232421875 0.7395833330078125 0.008230453125 0.7426697529296875 0.0154320986328125 0.7434413583984375 0.0339506171875 0.7422839501953125 0.037037037109375 0.74112654296875 0.03806584375 0.73842592578125 0.0385802470703125 0.682098765625 0.0339506171875 0.67669753125 0.0324074072265625 0.667438271484375 0.0246913583984375 0.6635802470703125 0.0154320986328125 0.66512345703125 0.0113168720703125 0.66782407421875 0.009773662109375 0.6751543212890625 0.003086419921875 0.682484568359375 0.00205761328125 0.687885802734375 0.0056584365234375 0.719135802734375 0.003086419921875 0.7287808642578125 0.0036008232421875 0.7395833330078125
1 0.073045267578125 0.7376543212890625 0.073045267578125 0.7264660498046875 0.067901234375 0.7094907412109375 0.075102880859375 0.7029320986328125 0.0745884775390625 0.6855709873046875 0.070987654296875 0.67862654296875 0.070987654296875 0.6716820986328125 0.0684156376953125 0.6685956787109375 0.0565843623046875 0.668209876953125 0.0534979423828125 0.6720679013671875 0.049897119140625 0.6724537041015625 0.0406378603515625 0.6855709873046875 0.0406378603515625 0.72762345703125 0.043209876953125 0.74112654296875 0.064814814453125 0.7418981484375 0.073045267578125 0.7376543212890625
1 0.1522633740234375 0.73842592578125 0.1543209873046875 0.7318672841796875 0.1522633740234375 0.707561728515625 0.154835390625 0.685185185546875 0.153806583984375 0.68132716015625 0.1486625517578125 0.67592592578125 0.1496913583984375 0.668209876953125 0.1476337451171875 0.6662808642578125 0.1404320986328125 0.6658950615234375 0.1286008232421875 0.66782407421875 0.1255144033203125 0.67052469140625 0.1234567900390625 0.6793981484375 0.1193415634765625 0.6836419755859375 0.1193415634765625 0.7407407412109375 0.132201646484375 0.7418981484375 0.1476337451171875 0.74112654296875 0.1522633740234375 0.73842592578125
1 0.1893004111328125 0.7403549384765625 0.1934156376953125 0.73842592578125 0.19495884765625 0.732638888671875 0.1954732509765625 0.6743827158203125 0.19084362109375 0.670910494140625 0.1784979423828125 0.6662808642578125 0.168209876953125 0.67052469140625 0.16100823046875 0.676311728515625 0.1574074072265625 0.682098765625 0.1553497939453125 0.7179783955078125 0.1584362138671875 0.7372685185546874 0.16306584375 0.7399691357421875 0.1893004111328125 0.7403549384765625
1 0.231995884765625 0.7364969140625 0.234053498046875 0.7345679013671875 0.2355967080078125 0.7141203701171875 0.2355967080078125 0.6890432099609375 0.2335390947265625 0.6782407412109375 0.2242798349609375 0.67052469140625 0.2160493828125 0.67052469140625 0.2134773662109375 0.66782407421875 0.2103909462890625 0.6685956787109375 0.2006172841796875 0.6751543212890625 0.198045267578125 0.68132716015625 0.1970164609375 0.6948302470703125 0.1970164609375 0.7376543212890625 0.1995884775390625 0.73919753125 0.215020576171875 0.7395833330078125 0.231995884765625 0.7364969140625
1 0.270061728515625 0.7376543212890625 0.2731481484375 0.73572530859375 0.274176955078125 0.7310956787109375 0.27520576171875 0.684413580078125 0.2736625517578125 0.6774691357421875 0.26286008203125 0.667438271484375 0.2546296298828125 0.66705246875 0.244855966796875 0.6697530859375 0.2412551435546875 0.672839505859375 0.2376543212890625 0.68402777734375 0.2376543212890625 0.7349537041015625 0.242798353515625 0.7372685185546874 0.2541152265625 0.73842592578125 0.270061728515625 0.7376543212890625
1 0.3055555556640625 0.7376543212890625 0.3112139921875 0.7345679013671875 0.312757201171875 0.7253086416015625 0.3137860078125 0.6793981484375 0.312242798828125 0.6720679013671875 0.310185185546875 0.6693672841796875 0.3065843623046875 0.6693672841796875 0.3014403291015625 0.6662808642578125 0.282921810546875 0.66782407421875 0.27777777734375 0.67862654296875 0.276234568359375 0.699459876953125 0.27777777734375 0.73572530859375 0.2824074072265625 0.73842592578125 0.3055555556640625 0.7376543212890625
1 0.3482510283203125 0.7349537041015625 0.3503086416015625 0.7260802470703125 0.3518518515625 0.6809413583984375 0.350823044921875 0.6751543212890625 0.345164609375 0.667438271484375 0.32407407421875 0.66782407421875 0.31995884765625 0.67052469140625 0.316872427734375 0.6743827158203125 0.3143004111328125 0.69907407421875 0.3137860078125 0.7341820986328125 0.3245884775390625 0.7368827158203125 0.3384773662109375 0.7368827158203125 0.3482510283203125 0.7349537041015625
1 0.3842592587890625 0.7349537041015625 0.3873456787109375 0.730709876953125 0.388888888671875 0.7179783955078125 0.3883744853515625 0.6809413583984375 0.386831275390625 0.6743827158203125 0.376028806640625 0.6662808642578125 0.3765432099609375 0.6643518515625 0.37294238671875 0.6655092587890625 0.36882716015625 0.6635802470703125 0.3626543212890625 0.6689814814453126 0.355967078125 0.670910494140625 0.3544238681640625 0.672839505859375 0.3544238681640625 0.6940586416015625 0.3564814814453125 0.7002314814453126 0.354938271484375 0.706790123046875 0.3523662548828125 0.7094907412109375 0.3518518515625 0.7253086416015625 0.35390946484375 0.7341820986328125 0.36213991796875 0.7364969140625 0.3842592587890625 0.7349537041015625
1 0.422839505859375 0.72492283984375 0.424897119140625 0.6902006171875 0.4233539091796875 0.6716820986328125 0.41512345703125 0.6658950615234375 0.405864197265625 0.6666666669921875 0.395061728515625 0.6697530859375 0.390946501953125 0.676311728515625 0.3904320986328125 0.730709876953125 0.407921810546875 0.7310956787109375 0.418209876953125 0.72955246875 0.422839505859375 0.72492283984375
1 0.432098765625 0.72955246875 0.4562757197265625 0.730709876953125 0.4583333330078125 0.723765431640625 0.4578189296875 0.69637345703125 0.45987654296875 0.6832561728515625 0.456790123046875 0.66782407421875 0.4356995888671875 0.667438271484375 0.426954732421875 0.6724537041015625 0.4279835390625 0.684413580078125 0.424897119140625 0.7064043212890625 0.42592592578125 0.727237654296875 0.432098765625 0.72955246875
1 0.4763374482421875 0.735339505859375 0.4912551435546875 0.7345679013671875 0.4943415634765625 0.7291666669921875 0.494855966796875 0.682484568359375 0.4835390947265625 0.673611111328125 0.4665637861328125 0.6739969140625 0.4634773662109375 0.67592592578125 0.4614197529296875 0.6875 0.4603909462890625 0.715663580078125 0.4634773662109375 0.73032407421875 0.4665637861328125 0.7341820986328125 0.4763374482421875 0.735339505859375
1 0.52520576171875 0.7310956787109375 0.526234568359375 0.6863425927734375 0.5257201650390625 0.682098765625 0.522119341796875 0.67862654296875 0.5123456787109375 0.6739969140625 0.5005144033203125 0.67669753125 0.496913580078125 0.682098765625 0.4958847734375 0.699459876953125 0.4953703701171875 0.730709876953125 0.5005144033203125 0.7341820986328125 0.5226337451171875 0.7337962958984375 0.52520576171875 0.7310956787109375
1 0.5545267490234375 0.7341820986328125 0.5576131689453125 0.692901234375 0.5576131689453125 0.6859567900390625 0.55504115234375 0.6801697529296875 0.5462962958984375 0.67669753125 0.537037037109375 0.68132716015625 0.5324074072265625 0.6809413583984375 0.528806583984375 0.684413580078125 0.5272633740234375 0.69637345703125 0.5267489716796875 0.7310956787109375 0.5282921806640625 0.7337962958984375 0.5354938271484375 0.735339505859375 0.5545267490234375 0.7341820986328125
1 0.5843621396484375 0.7337962958984375 0.58693415625 0.730709876953125 0.5874485595703125 0.7253086416015625 0.5864197529296875 0.713348765625 0.5884773662109375 0.70447530859375 0.5884773662109375 0.6890432099609375 0.581790123046875 0.682098765625 0.57818930078125 0.68402777734375 0.5745884775390625 0.68132716015625 0.570987654296875 0.6832561728515625 0.567901234375 0.68132716015625 0.562757201171875 0.6832561728515625 0.560185185546875 0.6886574072265625 0.5586419755859375 0.701388888671875 0.558127572265625 0.7283950615234375 0.5596707822265625 0.7337962958984375 0.5637860078125 0.7349537041015625 0.5843621396484375 0.7337962958984375
1 0.04012345703125 0.8680555556640625 0.04423868359375 0.86612654296875 0.047839505859375 0.8260030859375 0.04681069921875 0.8136574072265625 0.04012345703125 0.8097993828125 0.02520576171875 0.8109567900390625 0.019032921875 0.814814814453125 0.0164609052734375 0.8206018515625 0.0154320986328125 0.8476080244140625 0.0123456787109375 0.86612654296875 0.0149176953125 0.8680555556640625 0.04012345703125 0.8680555556640625
1 0 0.869598765625 0.0092592587890625 0.869598765625 0.0133744853515625 0.86612654296875 0.0154320986328125 0.8171296298828125 0.0144032919921875 0.8132716044921875 0.009773662109375 0.8097993828125 0.0025720166015625 0.80902777734375 0 0.80902777734375 0 0.869598765625
1 0.0776748974609375 0.86612654296875 0.0787037041015625 0.8530092587890625 0.079218107421875 0.8167438271484375 0.070987654296875 0.8113425927734375 0.0637860078125 0.8105709873046875 0.0524691357421875 0.8140432099609375 0.0488683125 0.8225308642578125 0.0488683125 0.86612654296875 0.0565843623046875 0.8676697529296875 0.0761316875 0.8668981484375 0.0776748974609375 0.86612654296875
1 0.1075102880859375 0.8645833330078125 0.1095679013671875 0.8217592587890625 0.1075102880859375 0.810185185546875 0.1003086416015625 0.8105709873046875 0.095164609375 0.8082561728515625 0.0843621396484375 0.8105709873046875 0.0802469140625 0.8194444443359375 0.079218107421875 0.8344907412109375 0.077160494140625 0.86612654296875 0.08076131640625 0.8676697529296875 0.105967078125 0.8668981484375 0.1075102880859375 0.8645833330078125
1 0.1383744853515625 0.861111111328125 0.138888888671875 0.8105709873046875 0.136831275390625 0.80902777734375 0.1126543212890625 0.812885802734375 0.1100823046875 0.8198302470703125 0.1085390947265625 0.8653549384765625 0.11213991796875 0.8672839501953125 0.13580246875 0.866512345703125 0.1383744853515625 0.861111111328125
1 0.1723251025390625 0.863040123046875 0.172839505859375 0.810185185546875 0.1507201650390625 0.8086419755859375 0.1476337451171875 0.8105709873046875 0.1435185185546875 0.8194444443359375 0.144032921875 0.863040123046875 0.153806583984375 0.8649691357421875 0.16923868359375 0.8649691357421875 0.1723251025390625 0.863040123046875
1 0.1975308642578125 0.863811728515625 0.2006172841796875 0.861111111328125 0.202160494140625 0.810185185546875 0.1995884775390625 0.8086419755859375 0.1815843623046875 0.8082561728515625 0.1754115224609375 0.8109567900390625 0.1738683125 0.814814814453125 0.1743827158203125 0.863040123046875 0.1754115224609375 0.86419753125 0.1887860078125 0.8649691357421875 0.1975308642578125 0.863811728515625
1 0.231995884765625 0.858410494140625 0.231995884765625 0.80902777734375 0.2062757197265625 0.810185185546875 0.2026748974609375 0.81597222265625 0.2016460908203125 0.82330246875 0.2016460908203125 0.8626543212890625 0.20318930078125 0.863811728515625 0.2304526748046875 0.8626543212890625 0.231995884765625 0.858410494140625
1 0.24794238671875 0.861111111328125 0.2602880654296875 0.8599537041015625 0.26286008203125 0.858410494140625 0.2623456787109375 0.8514660498046875 0.2649176953125 0.8418209873046875 0.2644032919921875 0.8341049384765625 0.261831275390625 0.8314043212890625 0.2633744853515625 0.829089505859375 0.261831275390625 0.8248456787109375 0.26286008203125 0.8136574072265625 0.24382716015625 0.810185185546875 0.23713991796875 0.8140432099609375 0.2345679013671875 0.8275462958984375 0.2366255146484375 0.832561728515625 0.234053498046875 0.8422067900390625 0.2376543212890625 0.8587962958984375 0.24794238671875 0.861111111328125
1 0.29012345703125 0.8560956787109375 0.2896090537109375 0.806712962890625 0.2844650205078125 0.8105709873046875 0.2793209873046875 0.810185185546875 0.2767489716796875 0.8117283955078125 0.2685185185546875 0.806712962890625 0.2649176953125 0.8117283955078125 0.26286008203125 0.8275462958984375 0.26286008203125 0.8599537041015625 0.272119341796875 0.8626543212890625 0.28806584375 0.8614969140625 0.29012345703125 0.8560956787109375
1 0.3184156376953125 0.8422067900390625 0.3184156376953125 0.8125 0.316872427734375 0.80902777734375 0.3106995888671875 0.807484568359375 0.3034979423828125 0.80902777734375 0.29681069921875 0.80632716015625 0.2926954736328125 0.8105709873046875 0.29012345703125 0.8260030859375 0.2906378603515625 0.86072530859375 0.3153292177734375 0.860339505859375 0.317901234375 0.85532407421875 0.3184156376953125 0.8422067900390625
1 0.3482510283203125 0.8591820986328125 0.350823044921875 0.80902777734375 0.348765431640625 0.8059413583984375 0.3333333330078125 0.8059413583984375 0.3276748974609375 0.8028549384765625 0.3245884775390625 0.807098765625 0.3235596708984375 0.8140432099609375 0.3215020576171875 0.8595679013671875 0.3245884775390625 0.8614969140625 0.345164609375 0.86072530859375 0.3482510283203125 0.8591820986328125
1 0.37294238671875 0.858410494140625 0.375 0.8530092587890625 0.3775720166015625 0.8105709873046875 0.37294238671875 0.807484568359375 0.3683127568359375 0.8086419755859375 0.355967078125 0.8051697529296875 0.3523662548828125 0.80632716015625 0.348765431640625 0.841435185546875 0.3492798349609375 0.8591820986328125 0.3554526748046875 0.8599537041015625 0.37294238671875 0.858410494140625
1 0.3996913583984375 0.8591820986328125 0.4017489716796875 0.8572530859375 0.4022633740234375 0.8344907412109375 0.4043209873046875 0.831790123046875 0.4043209873046875 0.8097993828125 0.4007201650390625 0.80632716015625 0.3966049384765625 0.8078703701171875 0.380144033203125 0.8047839501953125 0.3791152265625 0.807098765625 0.3755144033203125 0.841435185546875 0.376028806640625 0.85802469140625 0.3786008232421875 0.8595679013671875 0.3996913583984375 0.8591820986328125
1 0.4326131689453125 0.858410494140625 0.4356995888671875 0.8132716044921875 0.4264403291015625 0.8024691357421875 0.4125514404296875 0.8001543212890625 0.4089506171875 0.8020833330078125 0.4043209873046875 0.8418209873046875 0.403806583984375 0.8564814814453126 0.4053497939453125 0.8591820986328125 0.4125514404296875 0.8599537041015625 0.4326131689453125 0.858410494140625
1 0.4614197529296875 0.855709876953125 0.4634773662109375 0.8105709873046875 0.4562757197265625 0.807098765625 0.4485596708984375 0.8082561728515625 0.4403292177734375 0.80632716015625 0.4356995888671875 0.807098765625 0.435185185546875 0.810185185546875 0.4346707822265625 0.8568672841796875 0.437757201171875 0.8591820986328125 0.45987654296875 0.858410494140625 0.4614197529296875 0.855709876953125
1 0.4886831279296875 0.855709876953125 0.484053498046875 0.8001543212890625 0.4825102880859375 0.8032407412109375 0.4727366259765625 0.806712962890625 0.4706790126953125 0.8051697529296875 0.4665637861328125 0.8055555556640625 0.4634773662109375 0.8140432099609375 0.46193415625 0.855709876953125 0.4665637861328125 0.858410494140625 0.48713991796875 0.857638888671875 0.4886831279296875 0.855709876953125
1 0.5174897119140625 0.855709876953125 0.519032921875 0.812114197265625 0.511831275390625 0.7997685185546874 0.496913580078125 0.8001543212890625 0.4922839501953125 0.8020833330078125 0.490226337890625 0.8260030859375 0.48919753125 0.855709876953125 0.4943415634765625 0.857638888671875 0.5154320986328125 0.85802469140625 0.5174897119140625 0.855709876953125
1 0.5396090537109375 0.85455246875 0.5421810703125 0.852237654296875 0.5452674892578125 0.8097993828125 0.541152263671875 0.8051697529296875 0.5216049384765625 0.8051697529296875 0.519032921875 0.806712962890625 0.5174897119140625 0.8541666669921875 0.5205761318359375 0.8568672841796875 0.529835390625 0.8564814814453126 0.5396090537109375 0.85455246875
1 0.5694444443359375 0.852237654296875 0.568930041015625 0.846836419921875 0.570987654296875 0.8422067900390625 0.5720164609375 0.807098765625 0.5673868310546875 0.800540123046875 0.549897119140625 0.7993827158203125 0.5462962958984375 0.8024691357421875 0.5437242802734376 0.852237654296875 0.5504115224609375 0.854938271484375 0.56584362109375 0.85455246875 0.5694444443359375 0.852237654296875
1 0.6306584365234374 0.8533950615234375 0.644032921875 0.852237654296875 0.6476337451171875 0.84992283984375 0.6496913583984375 0.807098765625 0.6363168720703125 0.793209876953125 0.6296296298828125 0.7905092587890625 0.62294238671875 0.7851080244140625 0.61213991796875 0.784336419921875 0.590020576171875 0.7889660498046875 0.5761316875 0.7878086416015625 0.56995884765625 0.789737654296875 0.568930041015625 0.7939814814453126 0.5694444443359375 0.8001543212890625 0.573045267578125 0.806712962890625 0.570987654296875 0.8533950615234375 0.6306584365234374 0.8533950615234375
1 0.720164609375 0.8452932099609375 0.721193416015625 0.80362654296875 0.7165637861328125 0.7966820986328125 0.7078189296875 0.793209876953125 0.685185185546875 0.7943672841796875 0.674897119140625 0.79552469140625 0.6723251025390625 0.7989969140625 0.6666666669921875 0.800540123046875 0.653806583984375 0.800540123046875 0.6507201650390625 0.8024691357421875 0.651234568359375 0.848765431640625 0.6532921806640625 0.8503086416015625 0.7073045263671875 0.848765431640625 0.720164609375 0.8452932099609375
1 0.7844650205078125 0.8422067900390625 0.7896090537109375 0.8425925927734375 0.79423868359375 0.84027777734375 0.79681069921875 0.82947530859375 0.7973251025390625 0.8047839501953125 0.79681069921875 0.8001543212890625 0.793209876953125 0.7974537041015625 0.7896090537109375 0.797839505859375 0.7854938271484375 0.79552469140625 0.782921810546875 0.7970679013671875 0.778806583984375 0.795910494140625 0.77109053515625 0.798611111328125 0.7546296298828125 0.798611111328125 0.7515432099609375 0.795910494140625 0.74794238671875 0.7962962958984375 0.7407407412109375 0.7939814814453126 0.7263374482421875 0.7970679013671875 0.723765431640625 0.7962962958984375 0.7227366259765625 0.79822530859375 0.72222222265625 0.838734568359375 0.723765431640625 0.846064814453125 0.765946501953125 0.8464506171875 0.7844650205078125 0.8422067900390625
1 0.80092592578125 0.838348765625 0.810185185546875 0.8425925927734375 0.8415637861328125 0.8429783955078125 0.8518518515625 0.8398919755859375 0.8595679013671875 0.8398919755859375 0.876028806640625 0.8368055556640625 0.880144033203125 0.8047839501953125 0.8796296298828125 0.797839505859375 0.8765432099609375 0.7943672841796875 0.852880658203125 0.784336419921875 0.8410493828125 0.7851080244140625 0.8287037041015625 0.7831790126953125 0.8086419755859375 0.784336419921875 0.799897119140625 0.7827932099609375 0.7947530859375 0.7854938271484375 0.79423868359375 0.789737654296875 0.7988683125 0.8032407412109375 0.7988683125 0.835262345703125 0.80092592578125 0.838348765625
0 0.5029296875 0.7578125 0.501953125 0.76953125 0.498046875 0.7724609375 0.4892578125 0.7734375 0.46484375 0.771484375 0.462890625 0.76953125 0.462890625 0.76171875 0.4677734375 0.7578125 0.501953125 0.7578125
0 0.3798828125 0.8837890625 0.3984375 0.884765625 0.3994140625 0.8984375 0.3974609375 0.900390625 0.3583984375 0.9013671875 0.35546875 0.8984375 0.35546875 0.888671875 0.3583984375 0.8857421875 0.37890625 0.884765625
0 0.68798828125 0.76123046875 0.04296875 0.015625
0 0.65234375 0.615234375 0.6572265625 0.6171875 0.658203125 0.6240234375 0.6552734375 0.62890625 0.650390625 0.6298828125 0.6435546875 0.6298828125 0.6376953125 0.6259765625 0.6376953125 0.6162109375 0.6513671875 0.615234375
0 0.0673828125 0.6162109375 0.0712890625 0.6142578125 0.1171875 0.6162109375 0.1162109375 0.6298828125 0.1083984375 0.6318359375 0.0703125 0.6298828125 0.0654296875 0.6201171875 0.0673828125 0.6171875
0 0.6064453125 0.615234375 0.6083984375 0.6162109375 0.6083984375 0.626953125 0.6025390625 0.630859375 0.5888671875 0.62890625 0.5869140625 0.6181640625 0.5888671875 0.615234375 0.60546875 0.615234375
0 0.5341796875 0.615234375 0.537109375 0.6162109375 0.5341796875 0.626953125 0.515625 0.6259765625 0.5126953125 0.6201171875 0.5126953125 0.6162109375 0.515625 0.6142578125 0.533203125 0.615234375
0 0.583984375 0.615234375 0.5869140625 0.6171875 0.587890625 0.623046875 0.5849609375 0.6279296875 0.580078125 0.6298828125 0.5673828125 0.6298828125 0.5654296875 0.6279296875 0.564453125 0.6181640625 0.568359375 0.615234375 0.5830078125 0.615234375
0 0.318359375 0.76171875 0.3388671875 0.7587890625 0.359375 0.7587890625 0.361328125 0.7607421875 0.3583984375 0.76953125 0.322265625 0.7744140625 0.318359375 0.771484375 0.318359375 0.7626953125
0 0.3916015625 0.6142578125 0.39453125 0.6162109375 0.39453125 0.6220703125 0.3896484375 0.6279296875 0.3837890625 0.6298828125 0.373046875 0.62890625 0.3701171875 0.625 0.3701171875 0.6162109375 0.3740234375 0.6142578125 0.390625 0.6142578125
0 0.4658203125 0.8837890625 0.474609375 0.880859375 0.5126953125 0.880859375 0.513671875 0.890625 0.51171875 0.89453125 0.5078125 0.896484375 0.4892578125 0.8974609375 0.4697265625 0.8974609375 0.4677734375 0.8955078125 0.46875 0.88671875 0.466796875 0.8837890625
0 0.0859375 0.763671875 0.1123046875 0.763671875 0.1181640625 0.765625 0.1171875 0.7744140625 0.1103515625 0.779296875 0.072265625 0.7783203125 0.0703125 0.7763671875 0.0703125 0.7666015625 0.0849609375 0.763671875
0 0.5654296875 0.755859375 0.5732421875 0.7587890625 0.572265625 0.765625 0.5625 0.767578125 0.5546875 0.7724609375 0.5419921875 0.7724609375 0.533203125 0.76953125 0.5322265625 0.7587890625 0.537109375 0.7568359375 0.564453125 0.755859375
0 0.8291015625 0.75830078125 0.0634765625 0.02099609375
0 0.46875 0.6142578125 0.4765625 0.6171875 0.4765625 0.6259765625 0.46484375 0.6298828125 0.4560546875 0.62890625 0.4541015625 0.626953125 0.4541015625 0.6201171875 0.455078125 0.6162109375 0.458984375 0.6142578125 0.4677734375 0.6142578125
0 0.1201171875 0.8916015625 0.1201171875 0.904296875 0.0888671875 0.908203125 0.0751953125 0.90625 0.0732421875 0.900390625 0.07421875 0.8935546875 0.0810546875 0.8916015625 0.119140625 0.8916015625
0 0.7255859375 0.87109375 0.7392578125 0.87109375 0.75 0.8740234375 0.7470703125 0.875 0.7421875 0.8837890625 0.71875 0.8876953125 0.701171875 0.88671875 0.69921875 0.8837890625 0.7001953125 0.875 0.703125 0.873046875 0.724609375 0.87109375
0 0.234375 0.9033203125 0.2333984375 0.890625 0.2353515625 0.888671875 0.2451171875 0.8876953125 0.2763671875 0.888671875 0.2763671875 0.90234375 0.2724609375 0.904296875 0.2353515625 0.9033203125
0 0.251953125 0.759765625 0.25390625 0.76171875 0.251953125 0.7744140625 0.22265625 0.77734375 0.20703125 0.77734375 0.203125 0.775390625 0.2001953125 0.76953125 0.201171875 0.7646484375 0.2119140625 0.76171875 0.2509765625 0.759765625
0 0.65234375 0.873046875 0.654296875 0.8740234375 0.654296875 0.87890625 0.650390625 0.890625 0.6171875 0.892578125 0.5888671875 0.892578125 0.587890625 0.8818359375 0.591796875 0.875 0.6513671875 0.873046875
0 0.2255859375 0.888671875 0.2294921875 0.890625 0.228515625 0.9033203125 0.2119140625 0.9052734375 0.1826171875 0.904296875 0.1806640625 0.9013671875 0.181640625 0.890625 0.224609375 0.888671875
0 0.41015625 0.6142578125 0.4140625 0.619140625 0.4130859375 0.626953125 0.41015625 0.6298828125 0.3984375 0.62890625 0.3935546875 0.6259765625 0.3935546875 0.6162109375 0.396484375 0.6142578125 0.4091796875 0.6142578125
0 0.43359375 0.6162109375 0.4384765625 0.6142578125 0.4541015625 0.6162109375 0.4541015625 0.623046875 0.4462890625 0.6298828125 0.4365234375 0.626953125 0.4326171875 0.6201171875 0.43359375 0.6171875
0 0.2373046875 0.62158203125 0.076171875 0.0244140625
0 0.53515625 0.6162109375 0.5537109375 0.615234375 0.5625 0.6181640625 0.560546875 0.62890625 0.541015625 0.6298828125 0.53515625 0.6240234375 0.53515625 0.6171875
0 0 0.765625 0.0283203125 0.765625 0.029296875 0.7705078125 0.02734375 0.77734375 0.0244140625 0.779296875 0.00390625 0.779296875 0 0.7783203125 0 0.7666015625
0 0.83203125 0.8662109375 0.841796875 0.8681640625 0.84375 0.875 0.8388671875 0.8798828125 0.8310546875 0.880859375 0.8271484375 0.8837890625 0.798828125 0.8837890625 0.7880859375 0.8818359375 0.78515625 0.880859375 0.78515625 0.8759765625 0.7822265625 0.873046875 0.787109375 0.8701171875 0.7998046875 0.8681640625 0.8310546875 0.8662109375
0 0.8525390625 0.6162109375 0.8662109375 0.6171875 0.869140625 0.6201171875 0.8662109375 0.626953125 0.8564453125 0.6279296875 0.8525390625 0.630859375 0.8359375 0.6279296875 0.830078125 0.6240234375 0.830078125 0.619140625 0.8330078125 0.6162109375 0.8515625 0.6162109375
0 0.7158203125 0.611328125 0.755859375 0.6123046875 0.7568359375 0.6279296875 0.7548828125 0.6318359375 0.693359375 0.630859375 0.6923828125 0.6123046875 0.71484375 0.611328125
0 0.6220703125 0.7548828125 0.6337890625 0.755859375 0.6357421875 0.7578125 0.634765625 0.7646484375 0.6279296875 0.76953125 0.6015625 0.76953125 0.595703125 0.7646484375 0.5947265625 0.7587890625 0.5986328125 0.755859375 0.62109375 0.7548828125
0 0.6181640625 0.6162109375 0.6376953125 0.6162109375 0.6376953125 0.6220703125 0.6328125 0.6279296875 0.6171875 0.625 0.6162109375 0.6201171875 0.6181640625 0.6171875
0 0.751953125 0.751953125 0.76953125 0.7529296875 0.7734375 0.755859375 0.7705078125 0.763671875 0.755859375 0.765625 0.734375 0.7646484375 0.734375 0.75390625 0.7509765625 0.751953125
0 0.77734375 0.6171875 0.8037109375 0.6181640625 0.80859375 0.6279296875 0.80078125 0.6328125 0.7626953125 0.6318359375 0.7607421875 0.62890625 0.7626953125 0.619140625 0.765625 0.6171875 0.7763671875 0.6171875