1 0 0.2119865927734375 0.0004474892578125 0.2141331591796875 0.0036902890625 0.21578583203125 0.012981564453125 0.2157475029296875 0.0379905341796875 0.2123976728515625 0.0390234990234375 0.206498158203125 0.027956841796875 0.1567331865234375 0.028519056640625 0.145452990234375 0.0261666494140625 0.1421733134765625 0.0255277763671875 0.1348709599609375 0.0298707890625 0.1313927861328125 0.0401197060546875 0.1304961220703125 0.0207046064453125 0.1151545712890625 0.0142190068359375 0.1118492265625 0.0068766416015625 0.11055521875 0 0.110884265625 0 0.2119865927734375
1 0.090125509765625 0.2062873486328125 0.08815912109375 0.1956156533203125 0.07321886328125 0.131085806640625 0.0715470263671875 0.12968296875 0.0539893681640625 0.1296699599609375 0.0295600927734375 0.1337436259765625 0.025695900390625 0.1367926318359375 0.03196494140625 0.1730353984375 0.0420564765625 0.2116546728515625 0.0648058427734375 0.2119880185546875 0.0887562978515625 0.2083435205078125 0.090125509765625 0.2062873486328125
1 0.116507759765625 0.1242003095703125 0.0786876435546875 0.1286709697265625 0.0757474677734375 0.130477306640625 0.0845625927734375 0.1781156044921875 0.0926877392578125 0.2060631826171875 0.102214388671875 0.2087151953125 0.136993455078125 0.2048978681640625 0.137824669921875 0.1966923466796875 0.1233713046875 0.125923484375 0.116507759765625 0.1242003095703125
1 0.18512973828125 0.2002992138671875 0.1870113974609375 0.198198208984375 0.1863388994140625 0.1905115205078125 0.1719864091796875 0.120895662109375 0.150875255859375 0.1215808203125 0.1273363720703125 0.1240274814453125 0.1258999091796875 0.125314984375 0.1388078642578125 0.2020281943359375 0.1431091796875 0.2039755361328125 0.1610111591796875 0.2020220390625 0.1724194677734375 0.202573046875 0.18512973828125 0.2002992138671875
1 0.175027458984375 0.120242328125 0.1880362890625 0.1981085419921875 0.1953786552734375 0.1994025498046875 0.233845716796875 0.1964243935546875 0.236172572265625 0.19350988671875 0.23471862890625 0.182793357421875 0.2210130849609375 0.114670001953125 0.177967634765625 0.1184359912109375 0.175027458984375 0.120242328125
1 0.223676189453125 0.11559883984375 0.236752267578125 0.19423372265625 0.2399950673828125 0.19588639453125 0.283141392578125 0.1932734091796875 0.2795354560546875 0.1579594794921875 0.271501775390625 0.1133510234375 0.268670546875 0.1105005146484375 0.22613754296875 0.114221669921875 0.223676189453125 0.11559883984375
1 0.322645484375 0.1077147001953125 0.3177980966796875 0.1054278583984375 0.2859928310546875 0.1078231826171875 0.2748198974609375 0.109962515625 0.274408326171875 0.111160353515625 0.2860479423828125 0.19108273828125 0.2902483837890625 0.191877076171875 0.3280685009765625 0.187406416015625 0.33046260546875 0.185260578125 0.3296717529296875 0.16441685546875 0.322645484375 0.1077147001953125
1 0.3342178515625 0.1868684169921875 0.3454916591796875 0.1858820869140625 0.3518091337890625 0.187265759765625 0.3577903583984375 0.18480608984375 0.37722967578125 0.18271809375 0.3796574052734375 0.1809565908203125 0.3789338017578125 0.1608815361328125 0.3737730478515625 0.1136980751953125 0.3708490166015625 0.1038847138671875 0.3680850380859375 0.101802873046875 0.35028393359375 0.104909373046875 0.3277026923828125 0.1064977001953125 0.325510337890625 0.1109495439453125 0.331999943359375 0.185126078125 0.3342178515625 0.1868684169921875
1 0.388604359375 0.1828847666015625 0.4280626875 0.1794326103515625 0.4273135322265625 0.153163373046875 0.41966587109375 0.1011628974609375 0.4152300556640625 0.09767821875 0.374335263671875 0.10241787890625 0.3817408134765625 0.181161591796875 0.388604359375 0.1828847666015625
1 0.4587758134765625 0.1763582841796875 0.475686525390625 0.1748787890625 0.4775426318359375 0.166583599609375 0.470742330078125 0.0947579052734375 0.4654161220703125 0.0929002314453125 0.424487705078125 0.0972555556640625 0.4237318125 0.1004198974609375 0.43038954296875 0.176518103515625 0.43154893359375 0.1779657744140625 0.4417978515625 0.1770691103515625 0.4487286455078125 0.1795609541015625 0.4587758134765625 0.1763582841796875
1 0.47279211328125 0.094578572265625 0.4790718974609375 0.17225894921875 0.4859354423828125 0.173982125 0.5249149501953125 0.170959134765625 0.5271745556640625 0.1672759599609375 0.5192148623046875 0.0940025947265625 0.51102380078125 0.0889100771484375 0.4766899296875 0.0919139013671875 0.47279211328125 0.094578572265625
1 0.5346514208984375 0.1701073046875 0.5509824384765625 0.1679039736328125 0.5669691337890626 0.1676671474609375 0.5735300546875 0.1659313125 0.575411712890625 0.1638303076171875 0.5705697275390625 0.1084861572265625 0.56619175390625 0.087956267578125 0.5597734052734376 0.0854195908203125 0.5454585458984375 0.0870592548828125 0.5337812392578125 0.0834335732421875 0.527665513671875 0.08435590625 0.522356787109375 0.094502263671875 0.523021212890625 0.1079987998046875 0.5277878759765625 0.1683841298828125 0.5346514208984375 0.1701073046875
1 0.583367400390625 0.166232484375 0.6197510546875 0.1630493271484375 0.6231027998046875 0.160045154296875 0.62054609375 0.142626083984375 0.619621955078125 0.108454681640625 0.6153865546875 0.0836522802734375 0.6126225751953125 0.0815704404296875 0.5875127294921875 0.083767267578125 0.5764487431640625 0.0812497548828125 0.5715260341796875 0.0840040927734375 0.568888482421875 0.089269439453125 0.574899267578125 0.163875140625 0.57715080078125 0.166001814453125 0.583367400390625 0.166232484375
1 0.624887650390625 0.080110109375 0.622560794921875 0.083024615234375 0.6223765263671875 0.0927226416015625 0.625631404296875 0.159436654296875 0.6304115419921875 0.1609548271484375 0.6709620126953125 0.1581816728515625 0.674826205078125 0.1551326669921875 0.6696049365234376 0.0777469580078125 0.6600782880859375 0.0750949462890625 0.624887650390625 0.080110109375
1 0.717274478515625 0.138638810546875 0.7194305380859375 0.086555171875 0.717875720703125 0.074685640625 0.7053752705078125 0.073455630859375 0.67360362890625 0.0762352900390625 0.6713440234375 0.07991846484375 0.6716305029296875 0.094997171875 0.6753386513671875 0.1550878330078125 0.680186037109375 0.1573746748046875 0.7175609580078125 0.153717517578125 0.7194089921875 0.151232177734375 0.717274478515625 0.138638810546875
1 0.7642016015625 0.14382784765625 0.766418173828125 0.12194645703125 0.7656259853515625 0.07747900390625 0.7653233603515625 0.074019994140625 0.7619460615234375 0.0708299853515625 0.7536124287109375 0.070009978515625 0.7218744130859375 0.0731739716796875 0.7204379501953125 0.074461474609375 0.7198945498046875 0.1213694326171875 0.722105720703125 0.152545349609375 0.7263397880859375 0.153724021484375 0.760161212890625 0.1507650302734375 0.7642016015625 0.14382784765625
1 0.812401126953125 0.069126671875 0.8045799404296875 0.06826183203125 0.7701451953125 0.0701126533203125 0.76737314453125 0.073840662109375 0.76707185546875 0.0940053818359375 0.767545275390625 0.1466335224609375 0.77393 0.148785865234375 0.795074779296875 0.148485041015625 0.8119182412109375 0.146236876953125 0.813732650390625 0.1433672041015625 0.812401126953125 0.069126671875
1 0 0.33693885546875 0.019818162109375 0.3352049912109375 0.021430822265625 0.3300293125 0.0077508291015625 0.268100140625 0.00624578125 0.244995244140625 0.0011293955078125 0.2396337275390625 0 0.2394931591796875 0 0.33693885546875
1 0.017094544921875 0.3040739072265625 0.022825587890625 0.33416732421875 0.0296555068359375 0.3355061630859375 0.0557902451171875 0.333219669921875 0.0586967958984375 0.331029 0.0586712431640625 0.32483481640625 0.044655001953125 0.25906230078125 0.046032287109375 0.2511962802734375 0.05040892578125 0.2481024404296875 0.035975712890625 0.2365850693359375 0.0173931630859375 0.2366617275390625 0.0120925078125 0.2409982373046875 0.00538094140625 0.252816431640625 0.0073728828125 0.269682310546875 0.017094544921875 0.3040739072265625
1 0.061292650390625 0.3311891669921875 0.1018431201171875 0.328416013671875 0.1068667041015625 0.3268146787109375 0.0927240361328125 0.2536949765625 0.087431453125 0.25222163671875 0.04660391015625 0.25772996484375 0.0560242841796875 0.31228628125 0.061292650390625 0.3311891669921875
1 0.15521280859375 0.3187121806640625 0.14578436328125 0.269965712890625 0.1393229814453125 0.2492308212890625 0.1366262529296875 0.2479176494140625 0.1109367109375 0.2493906416015625 0.09614303125 0.25145947265625 0.094706568359375 0.252746974609375 0.107824345703125 0.3259563427734375 0.115544658203125 0.3256681796875 0.1307418369140625 0.3282113603515625 0.154591416015625 0.323413859375 0.15521280859375 0.3187121806640625
1 0.1831915732421875 0.24306916015625 0.14632909765625 0.246681484375 0.1429101025390625 0.24891698828125 0.151784404296875 0.3031338037109375 0.158077662109375 0.3219470244140625 0.1787436201171875 0.3220753671875 0.2032401455078125 0.31877037109375 0.1956180361328125 0.2729640791015625 0.18851778125 0.244926833984375 0.1831915732421875 0.24306916015625
1 0.1930289189453125 0.24337033203125 0.192710150390625 0.25153101953125 0.2064493193359375 0.320038708984375 0.2515109287109375 0.315709052734375 0.251896947265625 0.3083170341796875 0.2381914013671875 0.2401936787109375 0.224220865234375 0.239866837890625 0.2053948681640625 0.24306300390625 0.1930289189453125 0.24337033203125
1 0.2881003974609375 0.238150865234375 0.2801110859375 0.235364353515625 0.2412660771484375 0.2399246796875 0.2479305439453125 0.2865893076171875 0.254518353515625 0.3146713857421875 0.2623395400390625 0.315536224609375 0.293598736328125 0.3128013994140625 0.2980426240234375 0.310476228515625 0.2993445869140625 0.307651388671875 0.2881003974609375 0.238150865234375
1 0.3389670341796875 0.2352497158203125 0.3350436640625 0.231720203125 0.29302310546875 0.2353965263671875 0.291107822265625 0.2371131962890625 0.2918475703125 0.245568552734375 0.3031334580078125 0.3096435625 0.3177509404296875 0.3114629072265625 0.345322140625 0.307888912109375 0.3477498701171875 0.306127408203125 0.3389670341796875 0.2352497158203125
1 0.3836587685546875 0.226692380859375 0.351374681640625 0.229516873046875 0.340781443359375 0.232380041015625 0.3479260673828125 0.3022392314453125 0.3517821865234375 0.30500007421875 0.36954159375 0.3073190888671875 0.394004494140625 0.3036297578125 0.396978294921875 0.302207755859375 0.387481263671875 0.2290688896484375 0.3836587685546875 0.226692380859375
1 0.417199056640625 0.3031496015625 0.44169558203125 0.2998446044921875 0.4446021318359375 0.29765393359375 0.4358192958984375 0.226776240234375 0.43138348046875 0.2232915615234375 0.3934624892578125 0.22660921875 0.390555939453125 0.2287998896484375 0.3940448564453125 0.274580513671875 0.3984483828125 0.301304587890625 0.400699916015625 0.3034312607421875 0.41091520703125 0.30215026171875 0.417199056640625 0.3031496015625
1 0.4838547060546875 0.22102458203125 0.48054465625 0.2186032412109375 0.4533514013671875 0.2205950654296875 0.440607505859375 0.222484564453125 0.437700955078125 0.2246752353515625 0.4443667578125 0.2949635927734375 0.452045373046875 0.300100943359375 0.46523446484375 0.2973979423828125 0.48781570703125 0.2958096162109375 0.490898453125 0.2897307685546875 0.4838547060546875 0.22102458203125
1 0.4867612548828125 0.2188339111328125 0.4848459716796875 0.2205505810546875 0.4921923447265625 0.29271577734375 0.4970733564453125 0.295386953125 0.532465744140625 0.2926777958984375 0.5368087578125 0.289199623046875 0.530554525390625 0.2177134287109375 0.525639888671875 0.2146579189453125 0.4867612548828125 0.2188339111328125
1 0.5702979990234375 0.20571625 0.5602844560546875 0.2093032548828125 0.5423824765625 0.2112567509765625 0.533494701171875 0.2159070927734375 0.5332431826171875 0.22483644921875 0.538892166015625 0.2894046240234375 0.54158889453125 0.2907177958984375 0.5840882734375 0.2866123056640625 0.58672582421875 0.2813469599609375 0.5811521630859375 0.2117376044921875 0.5702979990234375 0.20571625
1 0.5900694990234375 0.2841526357421875 0.5943035654296875 0.2853313076171875 0.6321909326171875 0.28162931640625 0.6339717158203125 0.27837530859375 0.6323496484375 0.265737107421875 0.63359243359375 0.25633375 0.6288096259765625 0.2075681171875 0.6270705390625 0.2053966103515625 0.60711877734375 0.2075294404296875 0.5909639560546875 0.2058445947265625 0.5874440859375 0.2069270947265625 0.5834373212890624 0.2142486123046875 0.5845307978515625 0.2385513447265625 0.5865402197265625 0.267421255859375 0.5900694990234375 0.2841526357421875
1 0.633320763671875 0.206011615234375 0.6315063544921875 0.2088812890625 0.6313059404296875 0.23019901171875 0.6351983564453125 0.2805916484375 0.663038556640625 0.2800923271484375 0.6808060361328125 0.276601494140625 0.6795269541015625 0.238373056640625 0.675307697265625 0.2019509580078125 0.6664616181640625 0.20117578515625 0.633320763671875 0.206011615234375
1 0.680188708984375 0.204622134765625 0.678643298828125 0.2105664833984375 0.68082758203125 0.2119244873046875 0.6814328310546875 0.218842505859375 0.6802586298828125 0.25263826171875 0.684871978515625 0.2758584931640625 0.6875350810546875 0.276787330078125 0.696557357421875 0.2736743271484375 0.71104033984375 0.2739563349609375 0.721700828125 0.271861833984375 0.7234479873046875 0.2682234921875 0.7221756416015624 0.2005614775390625 0.71633698828125 0.19874863671875 0.6984013837890625 0.200317798828125 0.694982388671875 0.2025533037109375 0.687808146484375 0.2031809677734375 0.6845989716796875 0.2019126298828125 0.680188708984375 0.204622134765625
1 0.7387460400390625 0.27191967578125 0.75674889453125 0.2711191826171875 0.769803486328125 0.2668788447265625 0.7691955673828125 0.2127133662109375 0.767716072265625 0.195802654296875 0.7655317890625 0.1944446494140625 0.755627193359375 0.1933748076171875 0.7419592802734375 0.1965069765625 0.727577171875 0.1973779716796875 0.72412455078125 0.1992291416015625 0.723842078125 0.2550216240234375 0.72515344921875 0.2700106640625 0.729110443359375 0.273924509765625 0.7387460400390625 0.27191967578125
1 0.7718828876953125 0.1962126572265625 0.770034853515625 0.19869799609375 0.7699353154296875 0.22116872265625 0.7719528095703125 0.24422878515625 0.770802826171875 0.2605949951171875 0.773457857421875 0.2673336806640625 0.7784141904296875 0.264963677734375 0.7805984736328125 0.266321681640625 0.783026203125 0.2645601787109375 0.7877390908203125 0.2653096826171875 0.7921493544921875 0.262600177734375 0.8000377900390625 0.264233685546875 0.8092954404296875 0.2638110224609375 0.8147978447265625 0.26178051953125 0.81613076171875 0.2120925546875 0.8138361962890625 0.191767666015625 0.8053680634765625 0.189410322265625 0.7812494853515625 0.1911331474609375 0.7718828876953125 0.1962126572265625
1 0.849161333984375 0.1882898408203125 0.835980314453125 0.1851829921875 0.8257986474609375 0.186848326171875 0.818481833984375 0.191748501953125 0.816853029296875 0.20854387890625 0.818189953125 0.2297271025390625 0.8164347216796874 0.2391752939453125 0.81865396484375 0.2645413623046875 0.8428397939453125 0.263587205078125 0.84991316015625 0.261806537109375 0.851749115234375 0.1942598583984375 0.849161333984375 0.1882898408203125
1 0 0.4519598779296875 0.009306923828125 0.4511456279296875 0.0148765791015625 0.449883794921875 0.0147837763671875 0.442920943359375 0.005540935546875 0.4081001787109375 0 0.3695526337890625 0 0.4519598779296875
1 0.0326306435546875 0.357707890625 0.0287072744140625 0.3541783798828125 0.0112504912109375 0.3553183740234375 0.0083103154296875 0.3571247109375 0.000674732421875 0.3701855751953125 0.0027258515625 0.3936299716796875 0.014674830078125 0.4475777890625 0.0215719990234375 0.4496852978515625 0.052285125 0.446610970703125 0.0540322841796875 0.44297262890625 0.0326306435546875 0.357707890625
1 0.058946919921875 0.4460281396484375 0.0881563330078125 0.4434726474609375 0.0834246298828125 0.407095380859375 0.0779545146484375 0.38588648828125 0.0773654111328125 0.3673487724609375 0.0737191123046875 0.3610840869140625 0.07260141796875 0.3542109013671875 0.066561015625 0.3500920546875 0.049036982421875 0.3504633798828125 0.0416865439453125 0.3549792216796875 0.038427599609375 0.36494624609375 0.0387894013671875 0.3749837734375 0.052940142578125 0.442293626953125 0.058946919921875 0.4460281396484375
1 0.091571322265625 0.3703659541015625 0.0786593017578125 0.37033378125 0.0767103935546875 0.3716661162109375 0.0912310078125 0.4432036474609375 0.11849151171875 0.4419804912109375 0.135301349609375 0.4393479921875 0.1362334384765625 0.432295474609375 0.1223853212890625 0.3684446298828125 0.1171263642578125 0.367355625 0.091571322265625 0.3703659541015625
1 0.184638720703125 0.430771494140625 0.1702109091796875 0.366196814453125 0.1659095927734375 0.364249474609375 0.1586681005859375 0.3641084697265625 0.1485873095703125 0.3669268056640625 0.13154209765625 0.3668689638671875 0.126518513671875 0.368470298828125 0.135930814453125 0.42883646484375 0.14025768359375 0.43697798828125 0.15692494921875 0.4386180009765625 0.182479990234375 0.4356076728515625 0.184638720703125 0.430771494140625
1 0.214491072265625 0.3588373173828125 0.210903951171875 0.3591511494140625 0.197714859375 0.3618541494140625 0.1751336171875 0.3634424765625 0.172193443359375 0.3652488134765625 0.18682300390625 0.4321294990234375 0.192695283203125 0.434326673828125 0.2295913828125 0.43109868359375 0.2307252216796875 0.4263521708984375 0.2177338720703125 0.3604899892578125 0.214491072265625 0.3588373173828125
1 0.2203633505859375 0.3610344921875 0.2294057783203125 0.4171729794921875 0.23369094921875 0.430740017578125 0.2757115068359375 0.4270636953125 0.27848355859375 0.4233356865234375 0.266752474609375 0.3600741787109375 0.2642655673828125 0.3552571650390625 0.22422754296875 0.357985486328125 0.2203633505859375 0.3610344921875
1 0.31082281640625 0.3562185234375 0.3091173544921875 0.3544313515625 0.284217330078125 0.3531243359375 0.2698688466796875 0.3543796650390625 0.2675083671875 0.356909837890625 0.2786180576171875 0.4248730244140625 0.284935533203125 0.4262566982421875 0.3192694033203125 0.423252873046875 0.3213945087890625 0.4180323603515625 0.32041938671875 0.4068866630859375 0.31082281640625 0.3562185234375
1 0.3617687822265625 0.4191473828125 0.365599349609375 0.4157140419921875 0.3580767802734375 0.3474370234375 0.35531280078125 0.3453551826171875 0.348071310546875 0.3452141796875 0.3180051298828125 0.3497810107421875 0.3141073134765625 0.352445681640625 0.3240239873046875 0.41857686328125 0.3274349111328125 0.4221512080078125 0.3294174453125 0.4212032060546875 0.3414054482421875 0.422478048828125 0.3617687822265625 0.4191473828125
1 0.378066173828125 0.4165597177734375 0.3828126865234375 0.417693556640625 0.41041751171875 0.41450389453125 0.412265544921875 0.4120185556640625 0.4041969052734375 0.3434020361328125 0.3992150185546875 0.3395778564453125 0.39251959765625 0.339776353515625 0.3891006015625 0.3420118583984375 0.381993609375 0.34340819140625 0.3620418466796875 0.3455410205078125 0.3602946875 0.3491793623046875 0.3671703125 0.415963876953125 0.3688421494140625 0.41736671484375 0.378066173828125 0.4165597177734375
1 0.4427729140625 0.3357670341796875 0.4376484560546875 0.3362153662109375 0.4312220341796875 0.3394885390625 0.4101781298828125 0.340942365234375 0.4066918837890625 0.3424092001953125 0.4132904365234375 0.4119288896484375 0.417146556640625 0.414689732421875 0.455000298828125 0.41060340625 0.4588644912109375 0.4075543994140625 0.4515436708984375 0.34158338671875 0.4427729140625 0.3357670341796875
1 0.4529801337890625 0.340295884765625 0.4556956787109375 0.3772368173828125 0.4624516123046875 0.4072405673828125 0.4656944111328125 0.408893240234375 0.50303570703125 0.404851748046875 0.495891083984375 0.33499255859375 0.4864316845703125 0.33310921484375 0.4583816640625 0.33711237890625 0.4529801337890625 0.340295884765625
1 0.5409526923828125 0.33066290234375 0.5354919853515625 0.327267890625 0.5273264765625 0.328369556640625 0.521924947265625 0.3315530615234375 0.5044345390625 0.3323087216796875 0.4989321337890625 0.334339224609375 0.498445240234375 0.3405782412109375 0.504505794921875 0.4039485791015625 0.5072361484375 0.4056460859375 0.54809731640625 0.400522091796875 0.5444147216796875 0.34662561328125 0.5409526923828125 0.33066290234375
1 0.565723060546875 0.3269466708984375 0.54703479296875 0.3293562353515625 0.5441954921875 0.3323155751953125 0.54854251171875 0.39970858984375 0.553868720703125 0.4015662646484375 0.5906303193359375 0.3968009365234375 0.59391481640625 0.39302809375 0.5901811171875 0.3267432490234375 0.5789153818359375 0.32191973046875 0.565723060546875 0.3269466708984375
1 0.6204194287109375 0.394969279296875 0.6356919287109375 0.3924712802734375 0.6384303544921875 0.3883589375 0.6383711767578125 0.3817804189453125 0.6331929423828125 0.32259292578125 0.62305297265625 0.3188327451171875 0.60900711328125 0.3235470830078125 0.5911723837890624 0.326269248046875 0.5910055947265626 0.3479713056640625 0.5951414580078125 0.3952444345703125 0.596779669921875 0.3962629375 0.6069613369140625 0.3945976044921875 0.6204194287109375 0.394969279296875
1 0.6772296591796875 0.3183529365234375 0.6392750419921875 0.3212862587890625 0.6375372919921874 0.3427384814453125 0.641639529296875 0.389627275390625 0.6459072197265625 0.39119028125 0.658340419921875 0.3916516220703125 0.6827360703125 0.387193623046875 0.6845504794921875 0.38432394921875 0.6819425458984375 0.3191024404296875 0.6772296591796875 0.3183529365234375
1 0.726970529296875 0.3143884501953125 0.721677947265625 0.3129151103515625 0.687444951171875 0.3170719384765625 0.6834126337890625 0.3181992724609375 0.6826903662109375 0.3217479482421875 0.6866338876953125 0.384528951171875 0.697185427734375 0.3870912958984375 0.72523544921875 0.3830881318359375 0.728142 0.3808974619140625 0.7295192861328125 0.37303144140625 0.726970529296875 0.3143884501953125
1 0.761719978515625 0.3810579775390625 0.77128832421875 0.3782844755859375 0.7731699833984375 0.376183470703125 0.775067787109375 0.3624627685546875 0.774081921875 0.3098794619140625 0.7693017841796875 0.3083612880859375 0.7309355966796875 0.3124924462890625 0.7289866875 0.313824783203125 0.729474916015625 0.33120949609375 0.7317963701171875 0.3813522978515625 0.7344930986328125 0.3826654697265625 0.7437843740234374 0.3826271396484375 0.761719978515625 0.3810579775390625
1 0.77914313671875 0.3795336494140625 0.8180217705078126 0.3753576572265625 0.820348625 0.3724431513671875 0.821498607421875 0.3560769404296875 0.8207144921875 0.305799640625 0.8158671044921875 0.3035127978515625 0.8005609794921875 0.305626462890625 0.779382576171875 0.3055429521484375 0.7758627060546875 0.3066254541015625 0.7745271171875 0.309065958984375 0.7741410986328126 0.316457978515625 0.77585596875 0.3360590322265625 0.7747745703125 0.376817640625 0.77914313671875 0.3795336494140625
1 0.8599293740234375 0.3054669912109375 0.853208400390625 0.2994713056640625 0.8427577353515625 0.2980619638671875 0.8230077216796875 0.302500798828125 0.82197609375 0.3320240439453125 0.8211636943359375 0.375857326171875 0.8530698359375 0.374615005859375 0.85642158203125 0.3716108330078125 0.8597477763671875 0.3624124765625 0.86080495703125 0.3390834150390625 0.8599293740234375 0.3054669912109375
1 0.8745213046875 0.301092154296875 0.8644405126953125 0.3039104892578125 0.8606018720703125 0.3131536796875 0.8619065068359375 0.357576298828125 0.872289923828125 0.3582169716796875 0.884092322265625 0.3455661103515625 0.8872584638671875 0.3286362333984375 0.8868374853515625 0.3120201884765625 0.87865449609375 0.301117822265625 0.8745213046875 0.301092154296875
1 0 0.521830470703125 0.0030122724609375 0.5562609052734375 0.0261732099609375 0.5553964150390625 0.0367328232421875 0.5521489111328125 0.0210608896484375 0.4733538603515625 0.0153648076171875 0.4672685078125 0.0014278955078125 0.467326001953125 0 0.4674509267578125 0 0.521830470703125
1 0.0743511904296875 0.5453722451171875 0.0614781953125 0.4926670986328125 0.057721615234375 0.467435529296875 0.049152607421875 0.4639251826171875 0.032653466796875 0.464206841796875 0.026773115234375 0.467819515625 0.0224556552734375 0.4774918720703125 0.026716609375 0.50848845703125 0.03830378515625 0.55239874609375 0.059961009765625 0.5520530888671875 0.07270490625 0.5501635908203125 0.0743511904296875 0.5453722451171875
1 0.0070378525390625 0.5845671494140625 0.005500515625 0.5847016494140626 0.0117211220703125 0.6558035087890625 0.0255571591796875 0.6545930126953124 0.0282283359375 0.6497120009765625 0.01980863671875 0.612495564453125 0.01028065234375 0.5862198232421875 0.0070378525390625 0.5845671494140625
1 0.0445512802734375 0.653318517578125 0.062386009765625 0.6505963525390625 0.06426766796875 0.6484953486328126 0.063763294921875 0.6427303330078125 0.0477389677734375 0.571711634765625 0.0372546767578125 0.569917958984375 0.0218813017578125 0.571262955078125 0.016547021484375 0.5752151298828125 0.00976820703125 0.58626465625 0.0085671181640625 0.5902424990234375 0.02130427734375 0.6177865791015625 0.0290770302734375 0.6535105107421875 0.0445512802734375 0.653318517578125
1 0.063779439453125 0.6311106357421875 0.064443865234375 0.6446071708984376 0.0684008603515625 0.6485210166015625 0.0925530634765625 0.647182525390625 0.095904810546875 0.6441783525390625 0.093097798828125 0.623898296875 0.0826700146484375 0.581435677734375 0.0821656416015625 0.5756706630859375 0.084567818359375 0.5677149765625 0.0771582021484375 0.56565230078125 0.05922259765625 0.567221462890625 0.056215171875 0.5682591298828125 0.0496461787109375 0.5758048134765625 0.0556462197265625 0.6089729052734375 0.063779439453125 0.6311106357421875
1 0.09184560546875 0.6154877734375 0.0969969521484375 0.6448573544921875 0.1012646435546875 0.646420361328125 0.1272985048828125 0.642980865234375 0.1262642060546875 0.625256650390625 0.1174665615234375 0.589622384765625 0.117040634765625 0.5847540205078126 0.1214813974609375 0.5764910185546875 0.1220691650390625 0.5714050048828125 0.1202709013671875 0.56265498046875 0.091985505859375 0.563967802734375 0.0880540634765625 0.566248140625 0.0817204453125 0.5764841650390625 0.081678748046875 0.5819096787109375 0.09184560546875 0.6154877734375
1 0.109743578125 0.5426630888671875 0.10401253515625 0.512569671875 0.0953413173828125 0.4842825927734375 0.0963070322265625 0.477614408203125 0.0933413046875 0.4732265625 0.08842666796875 0.4701710517578125 0.0761952177734375 0.4720157177734375 0.066836693359375 0.4712853779296875 0.06084739453125 0.479554896484375 0.0750317607421875 0.547249083984375 0.0798455224609375 0.5491515908203125 0.10803004296875 0.5466857646484375 0.109743578125 0.5426630888671875
1 0.095921013671875 0.485006427734375 0.1114826650390625 0.5448345947265625 0.11523791015625 0.5464424345703125 0.1382979716796875 0.5444249404296875 0.1461864091796875 0.5460584482421875 0.15472986328125 0.54337461328125 0.1552503818359375 0.5375199306640625 0.140646373046875 0.476833427734375 0.136924751953125 0.4756099228515625 0.133404880859375 0.4766924248046875 0.1227860908203125 0.47336141015625 0.1188546484375 0.4756417470703125 0.116191544921875 0.47471291015625 0.105018611328125 0.476852244140625 0.0971893515625 0.4817972529296875 0.095921013671875 0.485006427734375
1 0.1422173359375 0.4770832626953125 0.156166326171875 0.5420871103515625 0.1614252841796875 0.543176115234375 0.1971619931640625 0.5385004541015626 0.1863213017578125 0.4736119423828125 0.182053611328125 0.472048935546875 0.1729304599609375 0.4740089365234375 0.144166244140625 0.475750927734375 0.1422173359375 0.4770832626953125
1 0.224355248046875 0.5365086279296875 0.24171115625 0.534215630859375 0.2373237744140625 0.4958718603515625 0.2317272314453125 0.4673157802734375 0.2165973037109375 0.46554126953125 0.2058023154296875 0.466098431640625 0.20392065625 0.468199435546875 0.19220165234375 0.4699992685546875 0.18878265625 0.4722347734375 0.20023666796875 0.538231455078125 0.212022921875 0.537200291015625 0.216500435546875 0.535259455078125 0.224355248046875 0.5365086279296875
1 0.2446849560546875 0.53279362890625 0.2458443466796875 0.5342412998046875 0.2564375859375 0.531378130859375 0.26941685546875 0.53217897265625 0.28424416015625 0.5304944755859375 0.285083447265625 0.51647910546875 0.2754868759765625 0.4658109658203125 0.2675648154296875 0.463793123046875 0.26134821484375 0.4635624521484375 0.2573495224609375 0.46507412109375 0.2551652392578125 0.4637161162109375 0.246932482421875 0.46404911328125 0.233777015625 0.4671364482421875 0.24108035546875 0.5211034287109375 0.2446849560546875 0.53279362890625
1 0.28766315625 0.528258970703125 0.3145120888671875 0.5282336513671875 0.32257672265625 0.525978982421875 0.3263319677734375 0.5275868212890625 0.32907039453125 0.523474478515625 0.322271427734375 0.4752725126953125 0.3205404130859375 0.467291158203125 0.3155249013671875 0.46308264453125 0.31532315234375 0.460776638671875 0.3192209697265625 0.4581119658203125 0.302789078125 0.459162294921875 0.29930283203125 0.4606291298828125 0.2955812109375 0.459405625 0.281879673828125 0.462153458984375 0.27798185546875 0.4648181298828125 0.28766315625 0.528258970703125
1 0.3507948681640625 0.523897490234375 0.35397041796875 0.5247814951171875 0.3681507763671875 0.5216044931640625 0.3718804697265625 0.5170181494140625 0.3650303974609375 0.4564278173828125 0.3611742783203125 0.453666974609375 0.33750089453125 0.454576298828125 0.3273192275390625 0.4562416318359375 0.32290896484375 0.45895113671875 0.3229600703125 0.4713395029296875 0.3309520537109375 0.5213734736328125 0.336480009765625 0.525537154296875 0.3507948681640625 0.523897490234375
1 0.4079077236328125 0.45074015625 0.4062695107421875 0.4497216533203125 0.3714904443359375 0.4535389794921875 0.368172322265625 0.456927486328125 0.3672402333984375 0.4639800048828125 0.3677957119140625 0.4821333876953125 0.377240302734375 0.5192601572265625 0.39534403125 0.51961266796875 0.4136575810546875 0.5164613349609375 0.4098485595703125 0.455217669921875 0.4079077236328125 0.45074015625
1 0.5343473447265625 0.4381290185546875 0.5005931689453125 0.4418566787109375 0.4977874931640625 0.445200353515625 0.5021089609375 0.5063991845703125 0.5053517607421875 0.508051857421875 0.52164915234375 0.5054641923828125 0.54122296875 0.504913533203125 0.54505353515625 0.5014801923828125 0.5409001923828125 0.442203033203125 0.5343473447265625 0.4381290185546875
1 0.49926966015625 0.5093585244140625 0.501562890625 0.50605968359375 0.49611565625 0.443797515625 0.49239403515625 0.442574009765625 0.4656796025390625 0.4441366669921875 0.4580601650390625 0.4455778349609375 0.45419597265625 0.4486268408203125 0.4597440810546875 0.5120420126953125 0.4650030390625 0.513131017578125 0.474739509765625 0.5122791875 0.4802419140625 0.5102486845703125 0.49926966015625 0.5093585244140625
1 0.4536499013671875 0.4482873388671875 0.452524134765625 0.4472240029296875 0.42283590234375 0.4502086630859375 0.4135110029296875 0.44986265625 0.410226505859375 0.4536354990234375 0.4123206572265625 0.495278111328125 0.416219810546875 0.5162371689453125 0.4189501640625 0.517934673828125 0.4573836005859375 0.5145721845703125 0.459231634765625 0.512086845703125 0.4536499013671875 0.4482873388671875
1 0.5436063291015625 0.4613300849609375 0.5463218740234375 0.498271017578125 0.54877515625 0.5027036982421875 0.550925814453125 0.5036773681640625 0.5817061884765625 0.5013717109375 0.589258376953125 0.499161875 0.5911400361328125 0.4970608701171875 0.5856928017578125 0.434798701171875 0.5793080771484375 0.432646359375 0.576375974609375 0.4286428466796875 0.5726879794921875 0.4278036767578125 0.568655662109375 0.42893101171875 0.56742094921875 0.43252451953125 0.562943435546875 0.4344653564453125 0.5444953857421875 0.4360793515625 0.5426137265625 0.4381803564453125 0.5436063291015625 0.4613300849609375
1 0.6331014169921875 0.4868060302734375 0.628671001953125 0.4302640439453125 0.6187744794921874 0.423384353515625 0.61255787890625 0.42315368359375 0.6082821162109375 0.4274005263671875 0.594580578125 0.4301483603515625 0.586205248046875 0.4347538681640625 0.5911400361328125 0.4970608701171875 0.59800358203125 0.498784044921875 0.6302204189453126 0.4951908837890625 0.632135703125 0.4934742138671875 0.6331014169921875 0.4868060302734375
1 0.66769621484375 0.4926867294921875 0.6777433818359375 0.48948405859375 0.6744804306640625 0.42857989453125 0.671514703125 0.424192048828125 0.6628111962890625 0.4191443642578125 0.65819918359375 0.41954786328125 0.653889794921875 0.42341037109375 0.6309978564453125 0.427349537109375 0.6310408896484375 0.4455477529296875 0.633916486328125 0.49022020703125 0.6357228232421875 0.4931603818359375 0.643098814453125 0.4948387236328125 0.66769621484375 0.4926867294921875
1 0.680851681640625 0.48959939453125 0.6922936142578126 0.490534736328125 0.719385994140625 0.4873899072265625 0.7248883974609375 0.485359404296875 0.7256241396484375 0.422943572265625 0.72282653515625 0.4204773974609375 0.71398045703125 0.419702224609375 0.6934826240234375 0.421495552734375 0.685317115234375 0.4225972177734375 0.6809741025390625 0.426075392578125 0.6816466005859375 0.4337620791015625 0.67690949609375 0.4504421220703125 0.677280705078125 0.478293529296875 0.6774407578125 0.4860250498046875 0.680851681640625 0.48959939453125
1 0.758630494140625 0.4165704052734375 0.7442147607421875 0.4170570654296875 0.730891169921875 0.418222728515625 0.7274721728515625 0.4204582333984375 0.726835970703125 0.46040333984375 0.72898796484375 0.4850007392578125 0.757785806640625 0.4836430830078125 0.7684126689453125 0.4811642490234375 0.7714617919921875 0.4747010654296875 0.7675438232421875 0.41811424609375 0.758630494140625 0.4165704052734375
1 0.773024681640625 0.48076075 0.777703943359375 0.4811259189453125 0.8061991611328125 0.47630925390625 0.813415099609375 0.4702560751953125 0.8139423544921875 0.4349678134765625 0.8118912353515625 0.41152341796875 0.7954593447265625 0.4125737451171875 0.7884532265625 0.41512308203125 0.7735250478515625 0.415654576171875 0.7712318173828125 0.4189534169921875 0.7710475498046875 0.4286514423828125 0.772627919921875 0.4467151591796875 0.7713192197265625 0.4789735771484375 0.773024681640625 0.48076075
1 0.1744098974609375 0.6384718759765625 0.1741072734375 0.6350128662109376 0.1710742958984375 0.6298563505859375 0.160830779296875 0.57769570703125 0.15652946484375 0.5757483662109375 0.1410888388671875 0.576324693359375 0.134771365234375 0.5749410205078125 0.125203017578125 0.5777145224609375 0.117818955078125 0.5818460302734375 0.129860734375 0.64275669921875 0.1330699091796875 0.644025037109375 0.17198216796875 0.6402333798828125 0.1744098974609375 0.6384718759765625
1 0.2139691015625 0.63617272265625 0.215405564453125 0.6348852197265625 0.21459856640625 0.6256611943359375 0.20445592578125 0.5746535537109375 0.198617271484375 0.5728407119140625 0.182151755859375 0.5735067060546875 0.1734401767578125 0.57426887109375 0.1705672509765625 0.5768438759765625 0.1629478125 0.57828504296875 0.16429280859375 0.59365841796875 0.173351380859375 0.6381772080078125 0.1781651435546875 0.6400797158203125 0.2139691015625 0.63617272265625
1 0.2317581259765625 0.5680048828125 0.2149482890625 0.5706373818359375 0.2074969755859375 0.5740002197265625 0.216396830078125 0.63441121875 0.2196060048828125 0.6356795576171875 0.2574597470703125 0.631593232421875 0.2589298349609375 0.6306900634765625 0.2584254609375 0.6249250478515626 0.2472996259765625 0.56858155859375 0.2317581259765625 0.5680048828125
1 0.2604671728515625 0.6305555634765625 0.3014964638671875 0.6273532421875 0.2918151640625 0.5639124013671875 0.2891520595703125 0.562983564453125 0.2559103310546875 0.566666390625 0.2500299794921875 0.570279064453125 0.255677626953125 0.611223509765625 0.2604671728515625 0.6305555634765625
1 0.293898572265625 0.5641174033203125 0.3029665517578125 0.6264500732421875 0.3097292216796875 0.6270202451171875 0.34143361328125 0.62347191796875 0.3442392890625 0.6201282431640625 0.344280986328125 0.6147027294921875 0.3351713095703125 0.5577955732421875 0.3319957607421875 0.556911568359375 0.293898572265625 0.5641174033203125
1 0.3832860478515625 0.6178739228515625 0.3852013310546875 0.61615725390625 0.381805216796875 0.5773394814453126 0.376922869140625 0.551044576171875 0.3721427314453125 0.54952640234375 0.3570719814453125 0.554330408203125 0.3452857275390625 0.555361572265625 0.3387584306640625 0.5574817412109375 0.3364652001953125 0.5607805810546875 0.3452641806640625 0.6200385771484375 0.34796091015625 0.621351748046875 0.36401485546875 0.621883591796875 0.3832860478515625 0.6178739228515625
1 0.426472734375 0.586211693359375 0.421598458984375 0.554106939453125 0.418195607421875 0.54472274609375 0.4098955986328125 0.5442870732421875 0.4040488740234375 0.5482840810546875 0.3806108642578125 0.55188374609375 0.3792080263671875 0.553555583984375 0.3862262236328125 0.6160675869140625 0.3981806015625 0.6169580947265625 0.4252393564453125 0.6134289326171875 0.428490228515625 0.609271755859375 0.426472734375 0.586211693359375
1 0.47077978515625 0.608670109375 0.4689210078125 0.5697178369140625 0.4658113720703125 0.5459787724609375 0.46355983984375 0.5438520986328125 0.43975195703125 0.5432240849609375 0.4275541318359375 0.5454530859375 0.423110244140625 0.547778255859375 0.4306745107421875 0.6106297607421876 0.4334048642578125 0.6123272666015624 0.4442671015625 0.6125387724609375 0.469309697265625 0.60957327734375 0.47077978515625 0.608670109375
1 0.5130854873046875 0.596448763671875 0.5105797646484375 0.5560039873046875 0.5078319306640625 0.5423024501953125 0.5028836689453124 0.53886260546875 0.48600658203125 0.5407264345703126 0.47049870703125 0.5405340927734374 0.466869888671875 0.5462734404296875 0.472148998046875 0.6066139375 0.48208721875 0.6080681123046875 0.5102044892578125 0.6048336181640624 0.51505994921875 0.6013106103515625 0.5130854873046875 0.596448763671875
1 0.557429775390625 0.5839201025390625 0.5539520556640625 0.5382674619140625 0.55221296875 0.536095955078125 0.5426190703125 0.5326752744140625 0.5306566181640625 0.537594615234375 0.5122085693359375 0.5392086103515625 0.5108393564453125 0.54126478125 0.5166981611328125 0.6023291142578125 0.522503189453125 0.60375762109375 0.5592311650390625 0.5986079580078125 0.5606340029296875 0.59693612109375 0.557429775390625 0.5839201025390625
1 0.5951911689453125 0.5315612978515625 0.588293998046875 0.5294537890625 0.5720302314453125 0.5324257890625 0.560109478515625 0.5319196142578125 0.554229126953125 0.5355322880859374 0.55740734765625 0.5836637509765625 0.560121556640625 0.5969809541015625 0.5654141396484375 0.598454294921875 0.603713078125 0.593554466796875 0.6006128505859375 0.5876292822265625 0.5951911689453125 0.5315612978515625
1 0.606955876953125 0.5952071396484375 0.6387611435546875 0.5928118154296875 0.6426253359375 0.5897628095703125 0.643112228515625 0.58352379296875 0.638749064453125 0.5277504755859375 0.628886166015625 0.5212551201171876 0.6217455498046875 0.522267119140625 0.6209224072265624 0.5246627919921875 0.6149075576171875 0.5267381279296875 0.6112531865234375 0.5262832919921875 0.5975852734375 0.529415458984375 0.595669990234375 0.5311321298828126 0.601663294921875 0.5937337998046875 0.606955876953125 0.5952071396484375
1 0.685233662109375 0.5810004736328125 0.6823069599609375 0.5239396533203124 0.6789296611328125 0.520749642578125 0.667487728515625 0.5198143017578125 0.645007361328125 0.522555630859375 0.641521115234375 0.524022466796875 0.639227884765625 0.5273213076171875 0.6441290478515626 0.5892439755859376 0.6478842939453126 0.590851814453125 0.667869681640625 0.5891033193359375 0.683074931640625 0.58583665234375 0.685233662109375 0.5810004736328125
1 0.7041860859375 0.585151494140625 0.728581736328125 0.580693494140625 0.7323450537109375 0.576491484375 0.732283205078125 0.5226655078125 0.7376511103515625 0.51909766796875 0.726074677734375 0.51662498828125 0.691673556640625 0.51886014453125 0.68644015234375 0.523965322265625 0.6849283671875 0.5302940048828125 0.687450234375 0.5591190830078125 0.6857878056640625 0.5755301259765625 0.689501353515625 0.5825634794921875 0.7041860859375 0.585151494140625
1 0.74487912890625 0.578105828125 0.759294861328125 0.57761916796875 0.765855783203125 0.57588333203125 0.7692411533203125 0.573263494140625 0.7728618994140625 0.57333399609375 0.7749278271484376 0.5615349658203125 0.773009873046875 0.5160041767578125 0.7676500400390625 0.51376216796875 0.7363572197265625 0.5161126591796875 0.73355154296875 0.5194563330078125 0.733064650390625 0.525695349609375 0.734873658203125 0.575882984375 0.73760401171875 0.577580490234375 0.74487912890625 0.578105828125
1 0.816567767578125 0.5121933544921875 0.812199203125 0.5094773447265625 0.8059826025390625 0.5092466748046875 0.791869494140625 0.513192345703125 0.780528435546875 0.5134100068359375 0.7745135849609375 0.5154853427734375 0.7739930673828125 0.5213400244140625 0.77625534375 0.5649043095703125 0.7730300234375 0.57525566796875 0.8148071357421875 0.574698853515625 0.818671328125 0.57164984765625 0.816567767578125 0.5121933544921875
1 0.0482943876953125 0.737417244140625 0.0512681875 0.7359952421875 0.04740266015625 0.7154205185546875 0.039857208984375 0.688196775390625 0.0348497705078125 0.6781784130859375 0.0347569677734375 0.671215560546875 0.01562834765625 0.6709527177734375 0.0130661181640625 0.6711768837890625 0.0187151015625 0.73574505859375 0.025746771484375 0.739389904296875 0.0482943876953125 0.737417244140625
1 0.0844090419921875 0.7311594111328125 0.084349865234375 0.72458089453125 0.0770061640625 0.6996631572265625 0.07403102734375 0.6774614306640625 0.07134237109375 0.67033841015625 0.066394109375 0.6668985654296875 0.0389237841796875 0.671625564453125 0.03989890625 0.6827712607421875 0.0522930791015625 0.7359055751953125 0.05498980859375 0.7372187470703125 0.0790747626953125 0.7351115869140625 0.0844090419921875 0.7311594111328125
1 0.1077381044921875 0.7322165927734375 0.1127616884765625 0.7306152578125 0.1165586298828125 0.72679758203125 0.1160959541015625 0.715607052734375 0.1053736181640625 0.663875576171875 0.10117317578125 0.66308123828125 0.0746268681640625 0.666565568359375 0.0731904052734375 0.6678530703125 0.0758965419921875 0.686980123046875 0.087038521484375 0.7317039150390625 0.091306212890625 0.7332669208984375 0.1077381044921875 0.7322165927734375
1 0.148136595703125 0.7159020693359375 0.1393053251953125 0.67988346875 0.1392959169921875 0.662069587890625 0.1344485302734375 0.65978274609375 0.10831379296875 0.6620692392578125 0.1044832255859375 0.665502580078125 0.115045509765625 0.7095025361328124 0.1166931298828125 0.728334919921875 0.1235566748046875 0.7300580947265625 0.1481540751953125 0.7279061015625 0.148136595703125 0.7159020693359375
1 0.1517411962890625 0.7275922685546875 0.1549167451171875 0.7284762724609375 0.1671481962890625 0.7266316064453126 0.172919599609375 0.727675779296875 0.1902418828125 0.724998447265625 0.1922324892578125 0.71824059765625 0.18103133203125 0.6669382880859375 0.1772088369140625 0.664561779296875 0.1589033583984375 0.661903263671875 0.1532664541015625 0.6623964287109375 0.150939599609375 0.665310935546875 0.143286537109375 0.666367767578125 0.1409260576171875 0.6688979404296875 0.1408426630859375 0.6797489697265625 0.1517411962890625 0.7275922685546875
1 0.2138143916015625 0.7229361201171876 0.23164912109375 0.720213955078125 0.2334299052734375 0.716959947265625 0.2319423369140625 0.705859083984375 0.2278078095703125 0.682209685546875 0.2236907626953125 0.670564318359375 0.215230703125 0.662397126953125 0.2126012236328125 0.661852623046875 0.184416703125 0.66431844921875 0.1941397001953125 0.722333775390625 0.1968364296875 0.723646947265625 0.202406083984375 0.72238511328125 0.2138143916015625 0.7229361201171876
1 0.2670294296875 0.6524434580078124 0.2631396845703125 0.64929828125 0.2544281044921875 0.6500604462890625 0.2413735126953125 0.6543007841796875 0.2361818037109375 0.653980447265625 0.2291756875 0.6565297841796875 0.2258239404296875 0.65953395703125 0.234488421875 0.717254615234375 0.2444602666015625 0.719093125 0.2735688046875 0.7153846298828125 0.27514783984375 0.7098246162109375 0.2670294296875 0.6524434580078124
1 0.3170594501953125 0.710805138671875 0.3181932890625 0.706058626953125 0.3091172373046875 0.6495358046875 0.2986329462890625 0.6477421279296876 0.2777235419921875 0.65073329296875 0.2706501748046875 0.6525139599609375 0.2683569453125 0.6558128017578125 0.2726434521484375 0.6930035693359375 0.27695417578125 0.7127647900390625 0.2828264541015625 0.714961966796875 0.311523421875 0.7124513076171874 0.3170594501953125 0.710805138671875
1 0.31133514453125 0.6512781435546875 0.3194871796875 0.709043634765625 0.3309963623046875 0.7107476455078126 0.3589791337890625 0.7059758125 0.350633421875 0.640094466796875 0.3366211875 0.6451931396484375 0.3262377705078125 0.644552466796875 0.319164404296875 0.6463331337890625 0.31133514453125 0.6512781435546875
1 0.387230904296875 0.70427865625 0.39878178515625 0.70055715234375 0.4008732646484375 0.6949523037109375 0.39414962109375 0.6417091591796875 0.3844548466796875 0.6371354755859375 0.3705179345703125 0.63719296875 0.359311376953125 0.6389479677734375 0.3539434716796875 0.6425158076171875 0.3526415078125 0.6453406484375 0.3583147080078125 0.69247927734375 0.3618520595703125 0.7034008076171875 0.36980774609375 0.7058029853515625 0.387230904296875 0.70427865625
1 0.4411802890625 0.695298658203125 0.442347751953125 0.6909364814453125 0.4354896083984375 0.6361559970703125 0.4263745302734375 0.632306150390625 0.419679109375 0.6325046474609375 0.4020125048828125 0.637148484375 0.3962330283203125 0.6419141611328125 0.4001752138671875 0.68107143359375 0.4028894228515625 0.6943886376953124 0.4057879013671875 0.698007814453125 0.41466760546875 0.699167322265625 0.4411802890625 0.695298658203125
1 0.4806386181640625 0.691846501953125 0.4834106689453125 0.6881184931640625 0.4768295966796875 0.6306028369140625 0.4740319931640625 0.628136662109375 0.46999967578125 0.62926399609375 0.4673365712890625 0.6283351591796875 0.465967359375 0.6303913310546875 0.4628926845703125 0.630660330078125 0.4575328515625 0.628418322265625 0.4426719228515625 0.629718484375 0.4373712666015625 0.6340549931640626 0.4441204638671875 0.693492322265625 0.4479093349609375 0.6954844951171875 0.4806386181640625 0.691846501953125
1 0.5264561181640625 0.68435250390625 0.5235096611328125 0.6742827919921875 0.5188837802734375 0.6273108486328125 0.5160189267578125 0.6240760048828125 0.509155380859375 0.6223528310546875 0.48459160546875 0.624889158203125 0.4806601640625 0.62716949609375 0.4779889873046875 0.6320505078125 0.4834106689453125 0.6881184931640625 0.489896267578125 0.691423837890625 0.52160066015625 0.68787551171875 0.5264561181640625 0.68435250390625
1 0.56476312890625 0.673642828125 0.5588209287109375 0.6234295244140625 0.5537381689453125 0.6184523427734375 0.5507643681640625 0.6198743447265626 0.540380951171875 0.6192336708984375 0.5255536474609375 0.6209181689453125 0.5202529921875 0.625254677734375 0.5244063359375 0.6845318369140625 0.5313707548828125 0.687408015625 0.5630078974609375 0.68309101953125 0.5648559306640625 0.6806056796875 0.56476312890625 0.673642828125
1 0.6040035634765625 0.67950436328125 0.605893294921875 0.6715935087890625 0.6051279951171875 0.6569439697265625 0.60067336328125 0.6178315302734375 0.5925831767578125 0.613892015625 0.58397247265625 0.61580718359375 0.5689770439453125 0.6155700087890625 0.5639198349609374 0.6167870087890625 0.5620381767578125 0.6188880146484375 0.5610052119140625 0.624787529296875 0.5658808232421875 0.680516013671875 0.5727443681640625 0.6822391884765625 0.6040035634765625 0.67950436328125
1 0.6888476708984375 0.6105045537109375 0.681000931640625 0.60344553125 0.67475070703125 0.6028305263671875 0.6605030986328125 0.605238859375 0.644474705078125 0.61090119921875 0.6483846025390625 0.6732978681640625 0.654122380859375 0.6739577060546875 0.6894475185546876 0.670479880859375 0.6914300517578125 0.66953187890625 0.6920514443359375 0.664830201171875 0.6888476708984375 0.6105045537109375
1 0.7268896884765625 0.6675913916015624 0.734475501953125 0.6657658896484375 0.7382724443359375 0.6619482158203125 0.7348507763671875 0.6169362607421875 0.7364715087890625 0.6059507314453125 0.732069318359375 0.602850388671875 0.7087402568359376 0.60179320703125 0.6969540029296875 0.60282437109375 0.69161972265625 0.606776544921875 0.69625188671875 0.6656245380859375 0.6979909736328125 0.6677960439453124 0.7032499306640625 0.6688850498046875 0.7268896884765625 0.6675913916015624
1 0.7762741591796875 0.6005320712890625 0.7713931474609375 0.59786089453125 0.7532140966796875 0.602549564453125 0.7443680185546875 0.6017743916015625 0.740848146484375 0.602856892578125 0.737530025390625 0.606245400390625 0.7368252373046875 0.621798107421875 0.7403222275390625 0.6617688828125 0.7482442900390625 0.6637867255859375 0.776840380859375 0.6601230634765625 0.7788215791015625 0.63555133203125 0.7762741591796875 0.6005320712890625
1 0.819010248046875 0.622740650390625 0.8208179208984375 0.6493045556640625 0.8268085546875 0.664658765625 0.83278170703125 0.6680089453125 0.850750935546875 0.6668241162109375 0.85383368359375 0.66074526953125 0.8521443662109375 0.6473383994140625 0.8567052734375 0.6345465341796875 0.8561578671875 0.6105833037109375 0.8554181201171875 0.602127947265625 0.8523178916015625 0.5962027626953125 0.847882076171875 0.5927180849609375 0.8415646015625 0.5913344111328125 0.8266027978515625 0.5914815712890625 0.820722447265625 0.5950942451171874 0.8189416630859375 0.598348251953125 0.819010248046875 0.622740650390625
1 0.7968930185546875 0.659143236328125 0.8083349521484375 0.660078578125 0.812367267578125 0.6589512431640625 0.8192725107421875 0.655248904296875 0.8191191953125 0.6180838056640625 0.8161440595703126 0.5958820771484376 0.8127667607421875 0.5926920673828125 0.805727017578125 0.5948570703125 0.79841827734375 0.5939473974609375 0.7821545107421874 0.5969193974609375 0.77797962109375 0.6023192421875 0.779847806640625 0.65908539453125 0.7944316640625 0.6605204052734375 0.7968930185546875 0.659143236328125
1 0.2873267900390625 0.819520080078125 0.3018097734375 0.8198020888671875 0.3509036982421875 0.8143450986328125 0.3531969287109375 0.8110462568359375 0.35410346484375 0.7977995556640625 0.34724598828125 0.7548309375 0.34532062890625 0.726921861328125 0.34337979296875 0.722444349609375 0.336381748046875 0.7191838369140625 0.329652703125 0.718998 0.2842803974609375 0.7256784951171875 0.2800382587890625 0.7303096728515625 0.2752930830078125 0.7527995625 0.2766044541015625 0.7677886044921876 0.2873267900390625 0.819520080078125
1 0.2039797177734375 0.7698824072265625 0.21766778125 0.82600173046875 0.2230276142578125 0.8282437392578125 0.2302691064453125 0.8283847421875 0.2670979560546875 0.824388083984375 0.28281565234375 0.82107658203125 0.284252115234375 0.819789080078125 0.283520439453125 0.805523875 0.2735795478515625 0.756822240234375 0.2767793154296875 0.740276697265625 0.2758714423828125 0.729899669921875 0.2704443603515625 0.7268889921875 0.218376634765625 0.733767984375 0.21416812109375 0.73878349609375 0.20560044921875 0.7588968779296875 0.2039797177734375 0.7698824072265625
1 0.1793971259765625 0.7367909736328125 0.1739619716796875 0.7395901455078125 0.1568831337890625 0.73914796875 0.149843392578125 0.741312970703125 0.145559556640625 0.751369662109375 0.1380329208984375 0.759773681640625 0.1355298701171875 0.7665763642578125 0.1341189599609375 0.77405805078125 0.13584190234375 0.7878492548828125 0.145294564453125 0.8191661767578124 0.1469502568359375 0.8321887119140625 0.15340223046875 0.83510972265625 0.2041007431640625 0.83028690234375 0.21308939453125 0.8267895625 0.212349646484375 0.81833420703125 0.2077120810546875 0.8125435234375 0.20669526171875 0.8068233408203125 0.2071566025390625 0.7943901416015625 0.202685826171875 0.7668973984375 0.2112951953125 0.7413585009765625 0.2093207333984375 0.736496654296875 0.2018102431640625 0.7332809755859375 0.1793971259765625 0.7367909736328125
1 0.0641237021484375 0.7766963564453125 0.074737091796875 0.8330846787109375 0.077938193359375 0.840162865234375 0.0832644013671875 0.8420205400390625 0.1063917138671875 0.84077171484375 0.1380288564453125 0.83645471875 0.142439119140625 0.8337452138671875 0.1410604990234375 0.8179875048828125 0.1341283671875 0.791871931640625 0.1320355517578125 0.7738530498046875 0.1380746181640625 0.7543481669921875 0.1433080234375 0.7492429892578125 0.1417787587890625 0.7435676396484375 0.1359064794921875 0.74137046484375 0.118348822265625 0.7413574560546875 0.0806295810546875 0.746981119140625 0.0641237021484375 0.7766963564453125
1 0.0283318232421875 0.8456646904296875 0.07195696875 0.8426225361328125 0.077291248046875 0.838670361328125 0.07625694921875 0.8209461474609375 0.0715857587890625 0.81477112890625 0.064695326171875 0.783230041015625 0.0663160576171875 0.7722445126953125 0.075833298828125 0.7570826435546875 0.0753289248046875 0.7513176279296875 0.0631055478515625 0.7473524443359375 0.0486225634765625 0.7470704365234375 0.02006009765625 0.75111843359375 0.0283318232421875 0.8456646904296875
1 0.3861737236328125 0.727607716796875 0.3804023203125 0.726563544921875 0.3502688896484375 0.73036170703125 0.34742958984375 0.733321046875 0.3464975009765625 0.7403735654296875 0.3564975693359375 0.795653716796875 0.3745340478515625 0.79523755859375 0.3795240068359375 0.7932518896484375 0.3928475986328125 0.7920862265625 0.3948382041015625 0.785328375 0.3861737236328125 0.727607716796875
1 0.4209984951171875 0.7892360654296875 0.429298501953125 0.7896717373046875 0.433641515625 0.7861935634765626 0.4348762294921875 0.7826000546875 0.4275473359375 0.722438890625 0.4206837919921875 0.7207157158203125 0.393625037109375 0.72424487890625 0.3901387900390625 0.7257117138671875 0.387845560546875 0.7290105546875 0.39256919140625 0.771197669921875 0.397257861328125 0.789376720703125 0.401660052734375 0.792477064453125 0.4209984951171875 0.7892360654296875
1 0.47587996875 0.7732035498046875 0.4693997705078125 0.716840896484375 0.466022470703125 0.7136508857421875 0.4592597998046875 0.71308071484375 0.4498595791015625 0.717775888671875 0.4365359873046875 0.7189415517578125 0.429151923828125 0.7230730595703125 0.4354222998046875 0.782939556640625 0.4418742744140625 0.78586056640625 0.4730998447265625 0.78274140625 0.4759391455078125 0.7797820673828125 0.47587996875 0.7732035498046875
1 0.495508955078125 0.7083602197265625 0.4875788212890625 0.7121522255859375 0.4803373291015625 0.71201122265625 0.4713150546875 0.7151242255859375 0.4700467158203125 0.718333400390625 0.47559482421875 0.781748572265625 0.512012103515625 0.77894975 0.5142206025390625 0.7628782080078125 0.508076654296875 0.7103588984375 0.502683197265625 0.7077325546875 0.495508955078125 0.7083602197265625
1 0.550344666015625 0.774434255859375 0.553763662109375 0.772198751953125 0.5541913779296875 0.7593812177734375 0.5495511416015625 0.70634307421875 0.541116634765625 0.704370064453125 0.5304897705078125 0.7068488994140625 0.5161076630859375 0.70771989453125 0.5111513291015625 0.7100898984375 0.5093369208984375 0.712959572265625 0.5143379560546875 0.7583174453125 0.5143725830078125 0.7764195771484375 0.5192535947265625 0.7790907529296875 0.550344666015625 0.774434255859375
1 0.5936335625 0.767548759765625 0.5933053857421875 0.75789556640625 0.5884889521484375 0.708745599609375 0.5858339208984376 0.7020069140625 0.577878234375 0.699604736328125 0.5510884794921875 0.70620857421875 0.55184570703125 0.726667962890625 0.5555605908203125 0.757325046875 0.555334625 0.7724485869140625 0.558064978515625 0.7741460927734375 0.5918191533203125 0.7704184326171875 0.5936335625 0.767548759765625
1 0.6309049375 0.715491138671875 0.626964087890625 0.699957595703125 0.6230407177734375 0.696428083984375 0.616244421875 0.695473578125 0.607188521484375 0.6982022470703125 0.5952677685546875 0.69769607421875 0.5888413466796875 0.70096924609375 0.5940787587890625 0.7667352568359375 0.6004971083984375 0.76927193359375 0.6315881787109375 0.7646154365234376 0.633436212890625 0.76213009765625 0.6309049375 0.715491138671875
1 0.6704668125 0.7604394443359375 0.6723820966796875 0.7587227744140626 0.670867640625 0.717803998046875 0.66938814453125 0.70089328515625 0.66686761328125 0.6956919375 0.6586429267578126 0.6902150849609375 0.645075888671875 0.6945002568359375 0.630315833984375 0.6969534228515625 0.6284341748046876 0.699054427734375 0.633402587890625 0.7617457626953125 0.6361665673828125 0.763827603515625 0.641837095703125 0.7637187724609374 0.6704668125 0.7604394443359375
1 0.710551935546875 0.69922830078125 0.7079305283203124 0.69287394921875 0.7040407841796875 0.6897287724609374 0.6950265810546875 0.687031927734375 0.6871300712890624 0.691208267578125 0.6717903212890625 0.6929375986328125 0.6691527705078125 0.6982029453125 0.67279366796875 0.7575249384765625 0.6776074287109375 0.7594274453125 0.709824267578125 0.75583428515625 0.71208387109375 0.752151109375 0.710551935546875 0.69922830078125
1 0.717989775390625 0.754732619140625 0.75078630859375 0.751863294921875 0.7540371806640624 0.747706119140625 0.7516928447265625 0.7386165927734375 0.7505657431640625 0.71392952734375 0.752362671875 0.6990558212890625 0.7520600478515626 0.6955968115234376 0.746708287109375 0.6875449541015625 0.7423733466796875 0.685213279296875 0.72870543359375 0.6883454482421875 0.718355642578125 0.688089109375 0.711794720703125 0.689824943359375 0.7099466875 0.6923102822265625 0.7131423876953125 0.75244577734375 0.717989775390625 0.754732619140625
1 0.6472252109375 0.6718501962890625 0.6461572861328125 0.6537416484375 0.6415345302734375 0.6127075361328125 0.631293685546875 0.6077943515625 0.608947818359375 0.61207301953125 0.6044703056640625 0.61401385546875 0.6016982548828125 0.61774186328125 0.606128669921875 0.674283849609375 0.60947234375 0.677089525390625 0.61367278515625 0.67788386328125 0.645889623046875 0.674290703125 0.6472252109375 0.6718501962890625
1 0.7595651376953125 0.751869798828125 0.7896649423828125 0.747687302734375 0.791924546875 0.744004126953125 0.7926454794921876 0.7168317216796875 0.790190861328125 0.6887753125 0.7784880009765625 0.678955447265625 0.776060271484375 0.6807169501953125 0.771313759765625 0.679583111328125 0.76655917578125 0.6842591220703125 0.7516646220703125 0.685174951171875 0.7488589453125 0.688518625 0.7518502265625 0.699100654296875 0.7532140380859375 0.750101791015625 0.7595651376953125 0.751869798828125
1 0.83326453515625 0.7384509658203126 0.833287416015625 0.697397689453125 0.827876478515625 0.6827673154296875 0.82016423828125 0.6772456298828124 0.8133343173828125 0.6759067890625 0.7990194599609375 0.677546453125 0.7885607216796875 0.6819469599609375 0.791619251953125 0.6932976591796876 0.7936636337890625 0.7461756337890625 0.794823025390625 0.7476233046875 0.8306942333984375 0.74448498046875 0.83326453515625 0.7384509658203126
1 0.860483341796875 0.74265332421875 0.86523792578125 0.737977314453125 0.865075203125 0.682998333984375 0.8619749755859375 0.677073150390625 0.8548088056640625 0.6718909658203125 0.8315052958984375 0.67702796875 0.82859874609375 0.679218638671875 0.8283216748046875 0.6819538125 0.8330264892578125 0.688513166015625 0.83476017578125 0.7437419814453125 0.83643201171875 0.745144818359375 0.860483341796875 0.74265332421875
1 0.9006303134765625 0.7352681572265625 0.9022765986328125 0.7304768125 0.90458330078125 0.668310814453125 0.897887880859375 0.668509310546875 0.885765376953125 0.665697130859375 0.8686112177734375 0.670296134765625 0.861428904296875 0.6767336484375 0.865781326171875 0.6910693564453125 0.8658512470703125 0.7390854833984375 0.867523083984375 0.740488322265625 0.88904580859375 0.7386053271484375 0.9006303134765625 0.7352681572265625
1 0.9436139140625 0.67767619140625 0.9427315947265625 0.6734933466796875 0.9371027626953125 0.6681766630859375 0.931230484375 0.6659794873046875 0.9154791640625 0.668906654296875 0.9091953134765625 0.6679073154296875 0.9062551376953125 0.66971365234375 0.9041636572265624 0.6753184990234375 0.9023761376953126 0.7080060849609375 0.9026464716796875 0.734704490234375 0.92727749609375 0.732936830078125 0.938929251953125 0.730368330078125 0.9436139140625 0.67767619140625
1 0.981058755859375 0.722035162109375 0.9836452021484375 0.70438144921875 0.9852565263671875 0.6755820400390625 0.98359276171875 0.6683693525390625 0.972192525390625 0.6620084970703125 0.9574997216796876 0.66523033203125 0.9512158720703126 0.6642309921875 0.9472508046875 0.66612699609375 0.9428660947265625 0.6750306845703125 0.9399877685546875 0.7306629970703125 0.9668030751953125 0.7302533427734375 0.9779760087890625 0.728114009765625 0.981058755859375 0.722035162109375
1 1 0.655953548828125 0.99494996484375 0.656531994140625 0.9804252841796876 0.6616755 0.9834918876953125 0.667216349609375 0.9843549375 0.6770810595703125 0.981840201171875 0.72506500390625 0.98771248046875 0.7272621787109375 1 0.725900853515625 1 0.655953548828125
1 0.889535431640625 0.63206154296875 0.8921810556640625 0.6209863486328125 0.894429916015625 0.5758655634765625 0.887944318359375 0.572560216796875 0.877283830078125 0.574654716796875 0.8734613349609375 0.572278208984375 0.867821201171875 0.575095314453125 0.85675237109375 0.5760637119140625 0.8538713740234375 0.5844485654296875 0.858855931640625 0.6355202041015625 0.86219960546875 0.6383258798828125 0.8862509345703125 0.635834384765625 0.889535431640625 0.63206154296875
1 0.827475708984375 0.57785053515625 0.846402580078125 0.575807373046875 0.852829001953125 0.57253419921875 0.85640671484375 0.5544064873046874 0.856496845703125 0.51412187890625 0.8512459599609375 0.5072230244140625 0.8437354697265625 0.504007345703125 0.836493978515625 0.5038663427734374 0.8233721357421875 0.50733801171875 0.8186175517578125 0.512014021484375 0.8184857236328125 0.5577241435546875 0.8193182744140625 0.5731423515625 0.8216370556640625 0.5760376943359375 0.827475708984375 0.57785053515625
1 0.8375592314453125 0.474727431640625 0.8478753974609375 0.4745994365234375 0.8507146982421875 0.4716400966796875 0.8521673056640625 0.458732896484375 0.851685814453125 0.4119146044921875 0.8476615693359375 0.4072320908203125 0.8380676708984375 0.40381141015625 0.82084626171875 0.4076417451171875 0.8134285732421875 0.41138891796875 0.81764109375 0.4772445947265625 0.830964685546875 0.476078931640625 0.8336277890625 0.47700776953125 0.8375592314453125 0.474727431640625
1 0.85602476171875 0.48511746875 0.8520516220703125 0.4928233203125 0.853774564453125 0.506614525390625 0.8568075419921874 0.5117710400390625 0.8595136787109375 0.530898091796875 0.8620678359375 0.536483775390625 0.864899064453125 0.5393342841796875 0.892092318359375 0.537342458984375 0.896291423828125 0.5145130673828126 0.897532875 0.4814859794921875 0.900926318359375 0.4730562919921875 0.89044202734375 0.471262615234375 0.8683059814453125 0.472037439453125 0.861198990234375 0.4734337724609375 0.8563771552734375 0.4773411142578125 0.85602476171875 0.48511746875
1 0.9381331142578125 0.4674774619140625 0.9354027607421875 0.4657799560546875 0.9197940107421875 0.464434611328125 0.9006573193359375 0.4699816162109375 0.8978852685546875 0.473709625 0.8958220107421875 0.532756115234375 0.9006357734375 0.5346586220703125 0.9328526103515625 0.531065462890625 0.93473426953125 0.52896445703125 0.936254126953125 0.51682592578125 0.9381331142578125 0.4674774619140625
1 0.9690224365234374 0.460514958984375 0.941963681640625 0.46404412109375 0.93704097265625 0.466798458984375 0.938906486328125 0.4763171533203125 0.936338857421875 0.5295986259765625 0.949351751953125 0.530783802734375 0.974805919921875 0.526620470703125 0.9790211689453125 0.492171380859375 0.9795739765625 0.4630773037109375 0.9690224365234374 0.460514958984375
1 1 0.4840716416015625 0.9976857783203125 0.45761996484375 0.987470486328125 0.4589009638671875 0.9821362060546875 0.4628531376953125 0.978072935546875 0.5108435966796875 0.9775443447265625 0.5225081279296875 0.979417931640625 0.5262169716796875 1 0.5247467646484375 1 0.4840716416015625
1 0.893903998046875 0.634777552734375 0.9210972509765625 0.6327857275390625 0.9321356865234375 0.629109056640625 0.93433611328125 0.61884736328125 0.93521576171875 0.5757827490234375 0.9348458876953125 0.5715550712890625 0.9269991474609375 0.564496048828125 0.920748923828125 0.56388104296875 0.9109707548828125 0.5701583896484375 0.9012342841796875 0.5710102197265625 0.896790396484375 0.573335390625 0.894732541015625 0.579324572265625 0.892575146484375 0.6077844794921875 0.89093826953125 0.63038970703125 0.893903998046875 0.634777552734375
1 0.93529915625 0.564931720703125 0.93405096875 0.6273923857421875 0.9472319892578125 0.630499234375 0.9692671591796875 0.62857140625 0.973273923828125 0.6212498896484375 0.9757743046875 0.56719974609375 0.9734555224609375 0.564304404296875 0.9633491767578125 0.560928556640625 0.93529915625 0.564931720703125
1 1 0.560233060546875 0.9937852314453125 0.560589404296875 0.987467755859375 0.5592057314453125 0.9809740849609375 0.561710234375 0.97861360546875 0.5642404072265625 0.975633068359375 0.5950959873046875 0.9757272060546875 0.6256825693359375 0.9778778642578125 0.6266562392578126 0.994276130859375 0.6252215771484375 1 0.624096990234375 1 0.560233060546875
1 0.880751318359375 0.39000789453125 0.8761810029296875 0.38498587890625 0.8681580673828125 0.3818150322265625 0.8640585 0.3821736982421875 0.8493239990234375 0.390821046875 0.8482829619140625 0.4025304111328125 0.852131009765625 0.4111011025390625 0.85509807421875 0.4391126787109375 0.880720365234375 0.4368710185546875 0.883492416015625 0.433143009765625 0.880751318359375 0.39000789453125
1 0.855667083984375 0.250846677734375 0.862195716796875 0.2723502373046875 0.8639684287109375 0.2749060791015625 0.8693282607421875 0.277148087890625 0.9045525234375 0.272517259765625 0.9206400927734375 0.2734334365234375 0.93058638671875 0.269077763671875 0.9337094951171875 0.2339496708984375 0.9333396220703125 0.2297219921875 0.9311553388671875 0.2283639873046875 0.9201249765625 0.2262308095703125 0.8983588046875 0.2312333125 0.872089568359375 0.23198246875 0.8590349755859376 0.236222806640625 0.856599173828125 0.2437941591796875 0.855667083984375 0.250846677734375
1 0.854990580078125 0.17228880078125 0.85476461328125 0.1874123408203125 0.8587471611328125 0.1975203701171875 0.857646947265625 0.202651216796875 0.859722283203125 0.20866606640625 0.8630323310546875 0.211087408203125 0.907547869140625 0.2064182509765625 0.9189561767578125 0.2069692587890625 0.922341548828125 0.2043494189453125 0.924498943359375 0.1758895107421875 0.9234901962890625 0.1643594794921875 0.919634076171875 0.1615986376953125 0.911812888671875 0.160733798828125 0.8970864599609375 0.163571298828125 0.8622401435546875 0.1666199560546875 0.85622529296875 0.168695291015625 0.854990580078125 0.17228880078125
1 0.8430806279296875 0.06566801171875 0.8397369541015625 0.0628623349609375 0.82747187890625 0.064322666015625 0.8150306064453126 0.069671173828125 0.815193330078125 0.124650154296875 0.8162612548828125 0.142758703125 0.819126107421875 0.145993546875 0.8540060498046875 0.14332922265625 0.8547579345703125 0.0692936923828125 0.8519267060546875 0.06644318359375 0.8430806279296875 0.06566801171875
1 0.8551385517578125 0.1149589814453125 0.857013474609375 0.1422915556640625 0.8607350947265625 0.143515060546875 0.867396890625 0.142932228515625 0.876452791015625 0.1402035595703125 0.8792329140625 0.1306657021484375 0.87822283203125 0.0955119404296875 0.857078052734375 0.095812765625 0.8551385517578125 0.1149589814453125
1 0.8842376826171875 0.09343660546875 0.880272615234375 0.095332607421875 0.87934993359375 0.1201990078125 0.8809303046875 0.13826272265625 0.8888187412109375 0.1398962314453125 0.9006049951171875 0.138865068359375 0.903377046875 0.13513705859375 0.90407376171875 0.1253942001953125 0.9016944658203125 0.0922966103515625 0.8842376826171875 0.09343660546875
1 0.9055425126953125 0.1008673017578125 0.9056958291015625 0.1380324013671875 0.9262945361328125 0.137392076171875 0.9280416953125 0.133753734375 0.9302824853515625 0.094442796875 0.9253342236328125 0.0910029521484375 0.9114309365234375 0.091444779296875 0.9069197978515625 0.09300128125 0.9055425126953125 0.1008673017578125
1 0.9316853232421874 0.0927709599609375 0.9328285693359375 0.1058383291015625 0.9665491201171875 0.1017263349609375 0.96352287890625 0.067136240234375 0.937354515625 0.0690383994140625 0.9274754736328125 0.0741627412109375 0.927627453125 0.087704111328125 0.9316853232421874 0.0927709599609375
1 0.940893203125 0.10358366015625 0.9338534609375 0.105748662109375 0.9307707138671875 0.1118275107421875 0.9298144072265625 0.1363095751953125 0.9525301484375 0.1362585859375 0.9601495869140625 0.134817419921875 0.9659963125 0.1308204111328125 0.96870111328125 0.126323734375 0.9665491201171875 0.1017263349609375 0.940893203125 0.10358366015625
1 0.9622343310546875 0.158646150390625 0.931420330078125 0.160567474609375 0.928513779296875 0.16275814453125 0.92590178125 0.174217673828125 0.9250207978515625 0.1936585595703125 0.925348974609375 0.203311751953125 0.9286253984375 0.2053487578125 0.97525796875 0.2012689365234375 0.97149198046875 0.1582234873046875 0.9667454677734375 0.1570896484375 0.9622343310546875 0.158646150390625
1 0.93255951171875 0.250315880859375 0.9330141162109375 0.267316259765625 0.9348877021484375 0.271025103515625 0.9626606513671875 0.26975711328125 0.9809742021484374 0.26660578125 0.9771409638671875 0.222791662109375 0.9413370048828125 0.2266986552734375 0.9368931171875 0.2290238251953125 0.93255951171875 0.250315880859375
1 0.888343869140625 0.358748814453125 0.8925106845703125 0.3591588173828125 0.9129076435546875 0.3562124873046875 0.916057640625 0.350902306640625 0.9179285556640625 0.30736369140625 0.9094684951171875 0.2991965 0.9047219833984375 0.2980626611328125 0.890911498046875 0.30546733984375 0.8872154306640625 0.3104380185546875 0.886914142578125 0.33060273828125 0.8836135009765625 0.34599527734375 0.8855462646484376 0.3562826396484375 0.888343869140625 0.358748814453125
1 0.9448299287109375 0.3433504677734375 0.94818167578125 0.3403462939453125 0.9508851416015625 0.3122258876953125 0.948439931640625 0.301983359375 0.94066044140625 0.2956930048828125 0.9360484296875 0.29609650390625 0.928252794921875 0.30142584765625 0.91974296484375 0.3044940185546875 0.9171739990234375 0.334151763671875 0.92039258203125 0.3532339814453125 0.9317672646484375 0.353400654296875 0.941881681640625 0.35096665234375 0.9448299287109375 0.3433504677734375
1 0.95701701171875 0.2996838564453125 0.952539498046875 0.301624693359375 0.9496598359375 0.33363327734375 0.9517862763671875 0.352036494140625 0.962749388671875 0.3534010029296875 0.9804496181640625 0.3491415 0.98184978515625 0.300222205078125 0.968811337890625 0.292842845703125 0.9627292373046875 0.29414951171875 0.95701701171875 0.2996838564453125
1 0.8824998134765625 0.4099932822265625 0.883526041015625 0.4335273447265625 0.8853323779296876 0.4364675205078125 0.911433490234375 0.4337966923828125 0.914404619140625 0.38512723046875 0.9056674873046875 0.3796952119140625 0.89849324609375 0.3803228759765625 0.8842375654296875 0.38854105859375 0.8824998134765625 0.4099932822265625
1 0.9457821708984375 0.3955494404296875 0.944638923828125 0.382482072265625 0.9392790908203125 0.3802400634765625 0.9358009169921875 0.3758970498046875 0.926576892578125 0.376704046875 0.91645440234375 0.3849478974609375 0.9133057412109375 0.413881806640625 0.9141046669921875 0.4289156806640625 0.9171040185546875 0.433687861328125 0.935039623046875 0.43211869921875 0.9425581865234375 0.429524529296875 0.9457821708984375 0.3955494404296875
1 0.9758913828125 0.40918082421875 0.975898119140625 0.37974724609375 0.96757255859375 0.3731173916015625 0.957735212890625 0.37281621875 0.9505865234375 0.3796380673828125 0.94692408203125 0.3849930791015625 0.9449590283203125 0.39794511328125 0.94380097265625 0.420121171875 0.945666486328125 0.429639865234375 0.9483632158203125 0.4309530361328125 0.973372185546875 0.42760320703125 0.9758913828125 0.40918082421875
1 0.9901874248046875 0.3719133994140625 0.97743545703125 0.3796127470703125 0.975681560546875 0.41268466796875 0.9773708779296875 0.4260915380859375 0.9811261240234375 0.427699376953125 0.9948949111328125 0.4257202119140625 0.9901874248046875 0.3719133994140625
0 0.8974609375 0.2763671875 0.921875 0.275390625 0.923828125 0.2802734375 0.9228515625 0.2880859375 0.9052734375 0.2919921875 0.890625 0.2919921875 0.8896484375 0.279296875 0.896484375 0.27734375
0 0.35546875 0.4208984375 0.3603515625 0.423828125 0.3603515625 0.4345703125 0.3291015625 0.4375 0.3271484375 0.4365234375 0.3251953125 0.42578125 0.3291015625 0.4228515625 0.3544921875 0.421875
0 0.5185546875 0.69140625 0.5205078125 0.693359375 0.51953125 0.703125 0.498046875 0.7060546875 0.4892578125 0.705078125 0.48828125 0.697265625 0.4912109375 0.693359375 0.517578125 0.69140625
0 0.8359375 0.7568359375 0.833984375 0.7509765625 0.8369140625 0.74609375 0.86328125 0.744140625 0.8642578125 0.75390625 0.84765625 0.7568359375 0.8369140625 0.755859375
0 0.8515625 0.478515625 0.8525390625 0.486328125 0.8505859375 0.48828125 0.8251953125 0.4921875 0.8193359375 0.48828125 0.8203125 0.48046875 0.8505859375 0.478515625
0 0.7529296875 0.2724609375 0.7578125 0.2734375 0.7607421875 0.271484375 0.7626953125 0.2734375 0.7626953125 0.2841796875 0.759765625 0.2861328125 0.7373046875 0.2880859375 0.7294921875 0.287109375 0.7294921875 0.2763671875 0.7373046875 0.2734375 0.751953125 0.2724609375
0 0.6845703125 0.390625 0.685546875 0.400390625 0.68359375 0.4033203125 0.6640625 0.4052734375 0.6533203125 0.404296875 0.65234375 0.39453125 0.654296875 0.392578125 0.68359375 0.390625
0 0.7548828125 0.486328125 0.7578125 0.4892578125 0.7578125 0.4970703125 0.74609375 0.5009765625 0.7275390625 0.5009765625 0.7255859375 0.5 0.724609375 0.490234375 0.7265625 0.48828125 0.75390625 0.486328125
0 0.8701171875 0.1455078125 0.904296875 0.1416015625 0.9072265625 0.146484375 0.90625 0.1533203125 0.9033203125 0.1552734375 0.876953125 0.1572265625 0.87109375 0.15625 0.8701171875 0.146484375
0 0.80859375 0.578125 0.810546875 0.5791015625 0.810546875 0.5888671875 0.7841796875 0.5927734375 0.7802734375 0.5888671875 0.7802734375 0.583984375 0.7841796875 0.580078125 0.7900390625 0.5810546875 0.8076171875 0.578125
0 0.8671875 0.744140625 0.892578125 0.7412109375 0.8955078125 0.7431640625 0.89453125 0.7509765625 0.890625 0.7529296875 0.8701171875 0.7548828125 0.8662109375 0.751953125 0.8671875 0.7451171875
0 0.8662109375 0.541015625 0.89453125 0.5380859375 0.8974609375 0.541015625 0.896484375 0.548828125 0.8837890625 0.552734375 0.869140625 0.552734375 0.865234375 0.5498046875 0.8662109375 0.5419921875
0 0.619140625 0.76953125 0.623046875 0.775390625 0.62109375 0.7822265625 0.6025390625 0.78515625 0.591796875 0.783203125 0.5908203125 0.775390625 0.5927734375 0.7724609375 0.6181640625 0.76953125
0 0.74267578125 0.39013671875 0.0341796875 0.017578125
0 0.181640625 0.5439453125 0.18359375 0.5478515625 0.1826171875 0.5556640625 0.1552734375 0.55859375 0.1513671875 0.55859375 0.150390625 0.556640625 0.150390625 0.546875 0.1806640625 0.5439453125
0 0.7734375 0.5810546875 0.7763671875 0.58984375 0.7734375 0.5947265625 0.7490234375 0.5966796875 0.744140625 0.5908203125 0.7451171875 0.583984375 0.76171875 0.5810546875 0.7724609375 0.58203125
0 0.6328125 0.4990234375 0.634765625 0.505859375 0.6328125 0.5107421875 0.6123046875 0.5126953125 0.603515625 0.5126953125 0.603515625 0.5009765625 0.6318359375 0.4990234375
0 0.8916015625 0.638671875 0.8935546875 0.640625 0.8916015625 0.650390625 0.876953125 0.65234375 0.8642578125 0.65234375 0.8623046875 0.6494140625 0.86328125 0.6416015625 0.890625 0.638671875
0 0.84375 0.658203125 0.85546875 0.658203125 0.853515625 0.6689453125 0.830078125 0.6728515625 0.826171875 0.666015625 0.826171875 0.662109375 0.84375 0.6591796875
0 0.69921875 0.3876953125 0.71875 0.3876953125 0.7197265625 0.3984375 0.7177734375 0.400390625 0.697265625 0.40234375 0.689453125 0.4013671875 0.6875 0.3916015625 0.6904296875 0.388671875 0.6982421875 0.3876953125
0 0.6240234375 0.28515625 0.6279296875 0.2861328125 0.6298828125 0.2939453125 0.6279296875 0.2978515625 0.603515625 0.3017578125 0.595703125 0.3017578125 0.595703125 0.2880859375 0.623046875 0.28515625
0 0.3232421875 0.189453125 0.326171875 0.1943359375 0.3251953125 0.205078125 0.296875 0.2080078125 0.2900390625 0.2060546875 0.2900390625 0.193359375 0.322265625 0.189453125
0 0.837890625 0.58203125 0.033203125 0.015625
0 0.6708984375 0.49609375 0.671875 0.5048828125 0.66796875 0.5078125 0.646484375 0.509765625 0.6396484375 0.5078125 0.638671875 0.5 0.640625 0.498046875 0.6484375 0.49609375 0.669921875 0.49609375
0 0.3408203125 0.3115234375 0.3427734375 0.32421875 0.3359375 0.326171875 0.326171875 0.3251953125 0.32421875 0.3271484375 0.30859375 0.3271484375 0.306640625 0.3134765625 0.33984375 0.3115234375
0 0.1015625 0.2099609375 0.1044921875 0.2158203125 0.103515625 0.2236328125 0.0732421875 0.2265625 0.068359375 0.224609375 0.068359375 0.2177734375 0.06640625 0.2158203125 0.068359375 0.212890625 0.0849609375 0.2099609375 0.1005859375 0.2099609375
0 0.9736328125 0.6298828125 0.9765625 0.6337890625 0.974609375 0.6416015625 0.955078125 0.64453125 0.9462890625 0.6435546875 0.9443359375 0.6376953125 0.9462890625 0.6328125 0.97265625 0.6298828125
0 0.779296875 0.15234375 0.810546875 0.1484375 0.8134765625 0.1513671875 0.8125 0.1611328125 0.810546875 0.1630859375 0.7880859375 0.1650390625 0.779296875 0.1650390625 0.779296875 0.1533203125
0 0.767578125 0.6650390625 0.76953125 0.66796875 0.7685546875 0.6767578125 0.7431640625 0.6806640625 0.740234375 0.6787109375 0.7412109375 0.66796875 0.7666015625 0.6650390625
0 0.2001953125 0.640625 0.205078125 0.6416015625 0.2060546875 0.64453125 0.20703125 0.650390625 0.2041015625 0.6533203125 0.1748046875 0.6552734375 0.1728515625 0.64453125 0.181640625 0.6416015625 0.19921875 0.6416015625
0 0.44921875 0.30078125 0.451171875 0.302734375 0.4521484375 0.3154296875 0.4365234375 0.318359375 0.419921875 0.318359375 0.41796875 0.3056640625 0.4482421875 0.30078125
0 0.154296875 0.4404296875 0.1572265625 0.4521484375 0.12890625 0.4560546875 0.1220703125 0.455078125 0.12109375 0.443359375 0.1533203125 0.4404296875
0 0.5029296875 0.5107421875 0.505859375 0.5126953125 0.505859375 0.5224609375 0.5 0.525390625 0.490234375 0.5263671875 0.4755859375 0.5263671875 0.47265625 0.5224609375 0.47265625 0.515625 0.478515625 0.5126953125 0.501953125 0.5107421875
0 0.1318359375 0.3291015625 0.1328125 0.3427734375 0.1015625 0.345703125 0.09765625 0.34375 0.0966796875 0.33203125 0.123046875 0.328125 0.130859375 0.3291015625
0 0.51171875 0.607421875 0.513671875 0.6123046875 0.513671875 0.6181640625 0.51171875 0.6201171875 0.48828125 0.623046875 0.4833984375 0.62109375 0.482421875 0.611328125 0.484375 0.609375 0.5107421875 0.607421875
0 0.8330078125 0.265625 0.8505859375 0.265625 0.8505859375 0.275390625 0.8486328125 0.2783203125 0.8271484375 0.2802734375 0.818359375 0.279296875 0.8173828125 0.2685546875 0.83203125 0.265625
0 0.9443359375 0.20703125 0.9462890625 0.2197265625 0.9248046875 0.22265625 0.9130859375 0.2216796875 0.912109375 0.2109375 0.9140625 0.208984375 0.943359375 0.20703125
0 0.3740234375 0.6220703125 0.375 0.634765625 0.3603515625 0.6376953125 0.345703125 0.6376953125 0.3447265625 0.625 0.373046875 0.6220703125
0 0.619140625 0.3955078125 0.6220703125 0.396484375 0.623046875 0.4072265625 0.6181640625 0.41015625 0.59375 0.412109375 0.5908203125 0.41015625 0.58984375 0.400390625 0.5966796875 0.3974609375 0.6181640625 0.396484375
0 0.8076171875 0.37890625 0.8095703125 0.38671875 0.8076171875 0.390625 0.79296875 0.3935546875 0.7783203125 0.3935546875 0.7763671875 0.3818359375 0.806640625 0.37890625
0 0.7041015625 0.1572265625 0.71484375 0.1572265625 0.7158203125 0.169921875 0.6875 0.173828125 0.681640625 0.1728515625 0.6796875 0.1669921875 0.6806640625 0.16015625 0.703125 0.1572265625
0 0.6728515625 0.2802734375 0.67578125 0.28125 0.6767578125 0.29296875 0.6484375 0.296875 0.6435546875 0.2958984375 0.642578125 0.2841796875 0.671875 0.2802734375
0 0.365234375 0.5263671875 0.365234375 0.537109375 0.3447265625 0.541015625 0.333984375 0.5390625 0.3330078125 0.5302734375 0.3359375 0.52734375 0.3642578125 0.5263671875
0 0.4599609375 0.412109375 0.462890625 0.41015625 0.4931640625 0.4091796875 0.4931640625 0.4208984375 0.4765625 0.4228515625 0.474609375 0.4248046875 0.462890625 0.423828125 0.4609375 0.421875 0.4609375 0.4130859375
0 0.76171875 0.1533203125 0.76171875 0.1669921875 0.732421875 0.169921875 0.7265625 0.1650390625 0.7265625 0.158203125 0.728515625 0.15625 0.7431640625 0.1533203125 0.7607421875 0.1533203125
0 0.7919921875 0.275390625 0.0361328125 0.017578125
0 0.9814453125 0.7314453125 0.9833984375 0.73828125 0.98046875 0.7431640625 0.970703125 0.7451171875 0.953125 0.7451171875 0.951171875 0.73828125 0.953125 0.734375 0.98046875 0.732421875
0 0.8466796875 0.375 0.853515625 0.3779296875 0.8515625 0.38671875 0.8310546875 0.388671875 0.8212890625 0.3876953125 0.8203125 0.37890625 0.822265625 0.376953125 0.845703125 0.375
0 0.267578125 0.71875 0.2705078125 0.7197265625 0.271484375 0.7265625 0.2490234375 0.73046875 0.240234375 0.73046875 0.2392578125 0.7236328125 0.2529296875 0.7197265625 0.2666015625 0.71875
0 0.8193359375 0.150390625 0.8232421875 0.1474609375 0.853515625 0.146484375 0.853515625 0.158203125 0.8515625 0.16015625 0.8212890625 0.1611328125 0.8203125 0.1513671875
0 0.5673828125 0.169921875 0.5693359375 0.1728515625 0.568359375 0.18359375 0.54296875 0.1865234375 0.5361328125 0.1865234375 0.5341796875 0.1845703125 0.5341796875 0.171875 0.56640625 0.169921875
0 0.958984375 0.53125 0.962890625 0.53125 0.962890625 0.5419921875 0.9501953125 0.5458984375 0.9345703125 0.5458984375 0.9326171875 0.5439453125 0.9326171875 0.5361328125 0.943359375 0.5322265625 0.9580078125 0.5322265625
0 0.8095703125 0.7548828125 0.0322265625 0.015625
0 0.4169921875 0.181640625 0.4453125 0.1796875 0.4482421875 0.189453125 0.4482421875 0.1923828125 0.4423828125 0.1953125 0.419921875 0.197265625 0.4130859375 0.197265625 0.412109375 0.1953125 0.4111328125 0.1845703125 0.416015625 0.181640625
0 0.6025390625 0.681640625 0.6064453125 0.68359375 0.607421875 0.6923828125 0.59765625 0.6962890625 0.5869140625 0.697265625 0.578125 0.6962890625 0.578125 0.6845703125 0.6015625 0.681640625
0 0.599609375 0.5986328125 0.6005859375 0.609375 0.5927734375 0.6123046875 0.572265625 0.6142578125 0.5693359375 0.609375 0.5693359375 0.6044921875 0.572265625 0.6005859375 0.5986328125 0.5986328125
0 0.6884765625 0.4931640625 0.712890625 0.4892578125 0.7197265625 0.4912109375 0.7197265625 0.5009765625 0.7021484375 0.5048828125 0.6904296875 0.505859375 0.6875 0.5029296875 0.6884765625 0.494140625
0 0.716796875 0.275390625 0.720703125 0.2783203125 0.720703125 0.2890625 0.6923828125 0.29296875 0.6875 0.2900390625 0.6875 0.2783203125 0.7158203125 0.275390625
0 0.7685546875 0.7548828125 0.76953125 0.7646484375 0.7470703125 0.7685546875 0.740234375 0.7666015625 0.740234375 0.7568359375 0.767578125 0.7548828125
0 0.3984375 0.705078125 0.3994140625 0.716796875 0.375 0.720703125 0.369140625 0.71875 0.3681640625 0.7099609375 0.3701171875 0.7080078125 0.3974609375 0.705078125
0 0.65185546875 0.16845703125 0.0380859375 0.0185546875
0 0.38916015625 0.802734375 0.033203125 0.0166015625
0 0.7841796875 0.4951171875 0.7841796875 0.4833984375 0.8134765625 0.48046875 0.8154296875 0.490234375 0.8125 0.4931640625 0.78515625 0.4951171875
0 0.7802734375 0.6640625 0.8076171875 0.662109375 0.8095703125 0.6669921875 0.8076171875 0.6728515625 0.7822265625 0.67578125 0.7802734375 0.6650390625