1 0.0520925947265625 0.2169085546875 0.0446913759765625 0.2121368212890625 0.0375072724609375 0.2116344599609375 0.018737830078125 0.2145761630859375 0.01254801953125 0.3030945771484375 0.0443095087890625 0.306089046875 0.04941228125 0.29948446484375 0.0553617001953125 0.221778087890625 0.0520925947265625 0.2169085546875
1 0.086793330078125 0.310606783203125 0.0884404296875 0.3091749814453125 0.091917560546875 0.2815725166015625 0.0957140009765625 0.2346551533203125 0.094766619140625 0.2260805263671875 0.0893641767578125 0.2222220498046875 0.07729078125 0.2178970947265625 0.062301775390625 0.218395939453125 0.0580351005859375 0.2204180517578125 0.0562803515625 0.2233893037109375 0.055255869140625 0.2306658115234375 0.0496832216796875 0.302984111328125 0.0576245029296875 0.3074068662109375 0.086793330078125 0.310606783203125
1 0.132969578125 0.2844431533203125 0.135445501953125 0.2490357880859375 0.134657775390625 0.2308037099609375 0.12109875390625 0.225601380859375 0.10043818359375 0.2260903759765625 0.097657134765625 0.22898986328125 0.0944760390625 0.2523588369140625 0.08946673046875 0.3092467470703125 0.11385573046875 0.314432892578125 0.1277646123046875 0.3146320078125 0.129978685546875 0.31246636328125 0.132969578125 0.2844431533203125
1 0.140566455078125 0.3159139443359375 0.1661701416015625 0.3184778173828125 0.168438041015625 0.315542447265625 0.1716980556640625 0.2836706123046875 0.1746314873046875 0.241720580078125 0.1733880712890625 0.23737944140625 0.16501255859375 0.224417943359375 0.1610957421875 0.2214368408203125 0.1555049130859375 0.2202724033203125 0.1518052138671875 0.2215606728515625 0.1450284296875 0.2299819189453125 0.1381690908203125 0.232209478515625 0.136252869140625 0.2374899072265625 0.1309511611328125 0.3133078544921875 0.140566455078125 0.3159139443359375
1 0.2040625224609375 0.322287744140625 0.2067897470703125 0.3201579833984375 0.2083273798828125 0.3129173583984375 0.2124700439453125 0.246300232421875 0.21173977734375 0.2419949775390625 0.2038774150390625 0.2290693623046875 0.1983673232421875 0.2267503359375 0.19156180859375 0.2282081708984375 0.186999099609375 0.2344637724609375 0.1779256865234375 0.2388569775390625 0.1756596064453125 0.2491406201171875 0.1698160185546875 0.3179592734375 0.1809707626953125 0.3206730107421875 0.2040625224609375 0.322287744140625
1 0.24238731640625 0.327288142578125 0.246004462890625 0.3198061865234375 0.251442548828125 0.249412201171875 0.2492804814453125 0.243459845703125 0.2392040439453125 0.2326998740234375 0.229454189453125 0.23201809765625 0.222110431640625 0.241173185546875 0.217249869140625 0.24431400390625 0.21349998046875 0.261068546875 0.2082484609375 0.3214202197265625 0.2111928017578125 0.32355983203125 0.2279652861328125 0.32705314453125 0.24238731640625 0.327288142578125
1 0.280225873046875 0.331867794921875 0.28389684375 0.32361611328125 0.28982116796875 0.253642873046875 0.2779074267578125 0.23966046875 0.271938009765625 0.236535833984375 0.264619345703125 0.23795778515625 0.259895162109375 0.2465225634765625 0.2543599775390625 0.251936673828125 0.250181310546875 0.2821972939453125 0.2462484912109375 0.3236906962890625 0.2475188193359375 0.32764697265625 0.2551084228515625 0.32972466796875 0.280225873046875 0.331867794921875
1 0.28403322265625 0.32904007421875 0.286410587890625 0.3319135283203125 0.296512119140625 0.33494036328125 0.315012439453125 0.335847287109375 0.318306638671875 0.3329836826171875 0.3260126240234375 0.2596543271484375 0.3237159951171875 0.2556262861328125 0.3187997900390625 0.2521885546875 0.319042 0.248724791015625 0.3157728955078125 0.2438552578125 0.307697052734375 0.2413568173828125 0.3034303779296875 0.2433789296875 0.2997863193359375 0.251245748046875 0.2923330947265625 0.254592013671875 0.289957546875 0.259066833984375 0.28403322265625 0.32904007421875
1 0.35600881640625 0.332139375 0.361906228515625 0.2625509970703125 0.3496138984375 0.246608396484375 0.3413765830078125 0.246419130859375 0.3350860361328125 0.255261123046875 0.3286322001953125 0.259064017578125 0.3251263388671875 0.2797030693359375 0.319765353515625 0.3342459208984375 0.3241684072265625 0.337647767578125 0.352824083984375 0.340811802734375 0.35501124609375 0.3390310205078125 0.35600881640625 0.332139375
1 0.35992744921875 0.342468751953125 0.3901494892578125 0.3453555712890625 0.3917696767578125 0.3443086318359375 0.3931171064453125 0.332413771484375 0.3985570107421875 0.2693680595703125 0.3962872939453125 0.2649551552734375 0.3903178759765625 0.261830521484375 0.3862915927734375 0.253040595703125 0.383806578125 0.25170659375 0.3761093251953125 0.2511683486328125 0.3703319296875 0.26004622265625 0.3639857412109375 0.262309666015625 0.360562435546875 0.289142404296875 0.3560375458984375 0.3391027861328125 0.35992744921875 0.342468751953125
1 0.427150130859375 0.3471694189453125 0.428687763671875 0.3399287939453125 0.433614517578125 0.2768471982421875 0.4265613388671875 0.2597239765625 0.421212720703125 0.2550957744140625 0.41500109375 0.255434904296875 0.404011458984375 0.265108537109375 0.400934375 0.2722415126953125 0.3962963837890625 0.3016965244140625 0.3933360400390625 0.34403141796875 0.399872431640625 0.3464222099609375 0.42496296875 0.3489502001953125 0.427150130859375 0.3471694189453125
1 0.46450244921875 0.351328326171875 0.4708860986328125 0.2821606943359375 0.4702365703125 0.276700849609375 0.4635368857421875 0.2692709599609375 0.4604561669921875 0.261707388671875 0.453325888671875 0.260435302734375 0.449653099609375 0.2613387099609375 0.439770501953125 0.2699295205078125 0.4354267255859375 0.2878027685546875 0.42820334375 0.346856322265625 0.434658998046875 0.3504017021484375 0.462288375 0.3534939697265625 0.46450244921875 0.351328326171875
1 0.5015569130859375 0.3523724482421875 0.502879248046875 0.348210724609375 0.5072677587890625 0.2928263828125 0.5023515546875 0.2893886513671875 0.476882427734375 0.28490046484375 0.4732096396484375 0.2858038720703125 0.471994953125 0.28842614453125 0.465555662109375 0.3510152294921875 0.466447400390625 0.35301130859375 0.471498166015625 0.3545247265625 0.4946975751953125 0.3546000087890625 0.5015569130859375 0.3523724482421875
1 0.519707375 0.3582825869140625 0.5215985029296875 0.360735294921875 0.5354266474609375 0.362088998046875 0.5377214580078125 0.358768765625 0.538419357421875 0.3414140615234375 0.541494623046875 0.3269328125 0.5431075380859375 0.2964927783203125 0.5406763486328126 0.2943890498046875 0.5182322998046875 0.29088588671875 0.511453697265625 0.2919588583984375 0.5086188232421875 0.2956280703125 0.50333857421875 0.3490163330078125 0.506202177734375 0.3523105322265625 0.519707375 0.3582825869140625
1 0.579839056640625 0.3021552529296875 0.57500358984375 0.29756293359375 0.550426203125 0.2950708251953125 0.5456732890625 0.2966721923828125 0.54354176953125 0.3050315224609375 0.543195546875 0.32473128515625 0.538559373046875 0.3615345693359375 0.552279869140625 0.3644277236328125 0.573939826171875 0.3643953564453125 0.5800579912109375 0.3137728984375 0.579839056640625 0.3021552529296875
1 0.0158745849609375 0.3218909326171875 0.011040935546875 0.32464688671875 0.0051471591796875 0.4089318134765625 0.0420132392578125 0.4126699736328125 0.0452536142578125 0.4105760947265625 0.0509859169921875 0.328600345703125 0.0460427998046875 0.3255474775390625 0.0158745849609375 0.3218909326171875
1 0.054064818359375 0.3288156435546875 0.0517430947265625 0.3325207392578125 0.0496421240234375 0.35519175390625 0.0457398515625 0.4109968408203125 0.055328232421875 0.4139877939453125 0.0799056201171875 0.4164799013671875 0.0837129697265625 0.4136521796875 0.090850162109375 0.3337083935546875 0.078749853515625 0.32976830078125 0.054064818359375 0.3288156435546875
1 0.09344282421875 0.3335029453125 0.0910941884765625 0.33759290234375 0.0871308212890625 0.36477462109375 0.083497671875 0.41673108203125 0.120363751953125 0.4204692421875 0.1231986240234375 0.41680003125 0.1296073681640625 0.33989926171875 0.1267706767578125 0.3362202001953125 0.1064330537109375 0.33209084375 0.09344282421875 0.3335029453125
1 0.1635149228515625 0.3933205908203125 0.1665272734375 0.3428676982421875 0.1615572451171875 0.3401996923828125 0.1473505107421875 0.33688579296875 0.1376006572265625 0.3362040166015625 0.13292848046875 0.3366507958984375 0.1294997197265625 0.341438712890625 0.123523388671875 0.4195299521484375 0.131112994140625 0.4216076474609375 0.1557980302734375 0.4225603037109375 0.158796193359375 0.4239301904296875 0.1635149228515625 0.3933205908203125
1 0.2015436826171875 0.402554478515625 0.204473478515625 0.3459078994140625 0.2025823505859375 0.34345519140625 0.19704534765625 0.3415210283203125 0.176465513671875 0.340855435546875 0.1712532744140625 0.341651193359375 0.1670960654296875 0.34948212890625 0.162036568359375 0.4218363115234375 0.1654671474609375 0.4243966689453125 0.17205736328125 0.4260177353515625 0.19668857421875 0.4277401171875 0.2015436826171875 0.402554478515625
1 0.240447818359375 0.3476499814453125 0.2277267119140625 0.3452134560546875 0.21279153125 0.344942576171875 0.20744473046875 0.3476626484375 0.2055034150390625 0.360676212890625 0.200388275390625 0.42645184765625 0.2063846044921875 0.4291916181640625 0.23617423046875 0.4308879677734375 0.240381626953125 0.407590759765625 0.24433772265625 0.3510159462890625 0.240447818359375 0.3476499814453125
1 0.2780441650390625 0.3556933974609375 0.27166924609375 0.3509934296875 0.2635126669921875 0.3496495771484375 0.247443537109375 0.350846380859375 0.24539275390625 0.358051123046875 0.2397375517578125 0.4241757373046875 0.242332033203125 0.4313185634765625 0.2730133984375 0.4350109912109375 0.2751736474609375 0.4336150732421875 0.281611123046875 0.36367771484375 0.2780441650390625 0.3556933974609375
1 0.283310228515625 0.3541279140625 0.280584822265625 0.36360594921875 0.2768942119140625 0.401635587890625 0.2750929111328125 0.4347696611328125 0.2918923076171875 0.437878111328125 0.3063412509765625 0.43772824609375 0.3161823916015625 0.3707361083984375 0.3130998544921875 0.3558242626953125 0.289116353515625 0.3522134501953125 0.283310228515625 0.3541279140625
1 0.3572074970703125 0.373991607421875 0.3187750556640625 0.37053066015625 0.3110348857421875 0.4148517841796875 0.3089339140625 0.4375227978515625 0.3103118916015625 0.4399396240234375 0.3215204599609375 0.44188363671875 0.3523632978515625 0.4432668896484375 0.360424595703125 0.3869791396484375 0.3611243134765625 0.3769727109375 0.3572074970703125 0.373991607421875
1 0.355361462890625 0.444636775390625 0.3970073681640625 0.44638870703125 0.40368887109375 0.3803358583984375 0.3956130283203125 0.37783741796875 0.3622044384765625 0.3762747509765625 0.3585101923828125 0.3996078427734375 0.3545217294921875 0.4345226962890625 0.355361462890625 0.444636775390625
1 0.40183374609375 0.41423965625 0.3991137939453125 0.4457625126953125 0.400491771484375 0.4481793388671875 0.442489353515625 0.4522763291015625 0.4492515927734375 0.385068892578125 0.4094680849609375 0.3788062578125 0.4067408603515625 0.3809360185546875 0.405364701171875 0.3858674677734375 0.40183374609375 0.41423965625
1 0.4890478271484375 0.4427694443359375 0.49478740234375 0.3901867890625 0.49254459765625 0.3853890224609375 0.4704522255859375 0.38423091796875 0.4568124677734375 0.3801831767578125 0.45068339453125 0.3867159921875 0.4477983330078125 0.4058514775390625 0.4455682548828125 0.452491626953125 0.452644708984375 0.4545334384765625 0.484973173828125 0.4567940654296875 0.487241072265625 0.4538586953125 0.4890478271484375 0.4427694443359375
1 0.52851020703125 0.460998705078125 0.530966490234375 0.455369296875 0.5388663154296875 0.40139072265625 0.541268775390625 0.3965310400390625 0.5398638857421875 0.394499078125 0.5369195458984375 0.3923594658203125 0.5143947607421875 0.3900108916015625 0.5093709072265625 0.3881126103515625 0.497973953125 0.38886263671875 0.495139080078125 0.39253184765625 0.492228923828125 0.4194004697265625 0.4891322001953125 0.4563114033203125 0.507390310546875 0.4606820908203125 0.52851020703125 0.460998705078125
1 0.5494148046875 0.46439421875 0.57369433984375 0.4637715419921875 0.5833470947265625 0.399473443359375 0.56557522265625 0.3955235009765625 0.5414571611328125 0.393837001953125 0.533851552734375 0.4362338115234375 0.532129169921875 0.4608650224609375 0.5494148046875 0.46439421875
1 0.6179329091796875 0.4653180263671875 0.6234608212890626 0.4305108203125 0.6223501484375 0.4168970947265625 0.62469696484375 0.4054588642578125 0.6163232705078125 0.399845638671875 0.595824173828125 0.39802545703125 0.586939146484375 0.3997246240234375 0.584185009765625 0.402239248046875 0.5807329736328125 0.4221085751953125 0.575341439453125 0.462339740234375 0.5807438818359375 0.4661982177734375 0.61499038671875 0.4705266884765625 0.6179329091796875 0.4653180263671875
1 0 0.5127571044921875 0.0300747626953125 0.5170296748046875 0.03796040234375 0.5148738798828125 0.038060779296875 0.4839413349609375 0.04253184375 0.434750677734375 0.038588115234375 0.4321544384765625 0.028432759765625 0.429897328125 0.0119850400390625 0.4291339365234375 0.006745888671875 0.4303145576171875 0.003559337890625 0.4316387109375 0 0.482539611328125 0 0.5127571044921875
1 0.0511946591796875 0.5173462880859375 0.0716668447265625 0.5195513310546875 0.074394068359375 0.5174215703125 0.075770228515625 0.51249012109375 0.082234615234375 0.4421679013671875 0.0780199462890625 0.4360720146484375 0.0601673369140625 0.43327666015625 0.0456645693359375 0.4341962509765625 0.0416204638671875 0.462532556640625 0.03944057421875 0.49370643359375 0.0418197578125 0.5039281611328125 0.0375818134765625 0.51291368359375 0.0511946591796875 0.5173462880859375
1 0.0854411640625 0.5216747587890626 0.113691337890625 0.5232634599609375 0.1159323251953125 0.520712953125 0.1202382802734375 0.4591349248046875 0.1195043779296875 0.4401331220703125 0.1134273125 0.4385479384765625 0.0861496123046875 0.4378007294921875 0.08334165234375 0.4410850791015625 0.0794339267578125 0.474845345703125 0.077957390625 0.51070933984375 0.0756894912109375 0.5136447099609375 0.078472357421875 0.5180934970703125 0.0854411640625 0.5216747587890626
1 0.1512051298828125 0.5251131904296875 0.1539323544921875 0.5229834287109375 0.156842509765625 0.4961148076171875 0.1587747353515625 0.4463598740234375 0.1554248935546875 0.4426449287109375 0.132386958984375 0.440260470703125 0.1261753310546875 0.4405996005859375 0.1223410693359375 0.44381218359375 0.1190810546875 0.47568401953125 0.115905412109375 0.5210978154296875 0.1193359912109375 0.5236581728515625 0.1480454921875 0.52605248046875 0.1512051298828125 0.5251131904296875
1 0.1929532294921875 0.5032808505859375 0.19642490625 0.4536335654296875 0.194209013671875 0.448450935546875 0.1749246025390625 0.4440084814453125 0.1629875869140625 0.4451074873046875 0.16012580078125 0.4491615615234375 0.15710799609375 0.4775696337890625 0.1539054423828125 0.5233682919921875 0.1665458125 0.5269594052734375 0.1886920087890625 0.5273477841796875 0.1903660205078125 0.525531119140625 0.1929532294921875 0.5032808505859375
1 0.2302371787109375 0.4494232919921875 0.223106900390625 0.448151205078125 0.2009607041015625 0.447762826171875 0.1981796552734375 0.4506623125 0.19599612890625 0.4671396416015625 0.1918516474609375 0.5264084931640625 0.199360515625 0.5296407763671875 0.2245048759765625 0.531399041015625 0.227852900390625 0.527765712890625 0.233154607421875 0.4519477666015625 0.2302371787109375 0.4494232919921875
1 0.2405001845703125 0.450140951171875 0.2368004833984375 0.451429220703125 0.2315704228515625 0.4893512109375 0.2283660498046875 0.527801595703125 0.234714056640625 0.5328864267578125 0.260425392578125 0.5339108486328125 0.266197333984375 0.50298815234375 0.2691020361328125 0.4540747109375 0.2481974375 0.4506791953125 0.2405001845703125 0.450140951171875
1 0.305374228515625 0.458931576171875 0.296298998046875 0.4559765078125 0.2742335380859375 0.4544335400390625 0.2699955927734375 0.4634190634765625 0.2689441982421875 0.47108043359375 0.2625049052734375 0.5336695185546875 0.265476158203125 0.5354242666015625 0.2931324462890625 0.538131671875 0.2958596708984375 0.53600191015625 0.2980988388671875 0.5261031298828125 0.305374228515625 0.458931576171875
1 0.3486708701171875 0.47394825390625 0.3231210068359375 0.4706146552734375 0.307105701171875 0.471041734375 0.3046225048828125 0.477056005859375 0.3000132431640625 0.513474427734375 0.29739912109375 0.5361095595703125 0.3258664130859375 0.5419676318359375 0.3392890556640625 0.5417460009765624 0.341962455078125 0.54038596484375 0.3494029541015625 0.485601783203125 0.3486708701171875 0.47394825390625
1 0.3917485771484375 0.4773472861328125 0.3737614072265625 0.476476244140625 0.3564488603515625 0.4733319111328125 0.3516690341796875 0.4753181396484375 0.3441998056640625 0.52313891015625 0.3425294296875 0.5396521220703125 0.3443936455078125 0.542489693359375 0.3859588134765625 0.545396212890625 0.3940470244140625 0.4887236005859375 0.3941259423828125 0.4802207392578125 0.3917485771484375 0.4773472861328125
1 0.439607927734375 0.486108361328125 0.4378513623046875 0.48173133984375 0.3994189189453125 0.4782703916015625 0.3951522431640625 0.4802925048828125 0.389357025390625 0.5262966103515625 0.387686650390625 0.542809822265625 0.389983279296875 0.5468378642578124 0.4078089765625 0.5500180810546875 0.4310891220703125 0.548938775390625 0.437802990234375 0.50454588671875 0.439607927734375 0.486108361328125
1 0.4838195849609375 0.4880397080078125 0.481901544921875 0.4859718623046875 0.4686942001953125 0.483114591796875 0.443009775390625 0.481705306640625 0.439554103515625 0.4868780859375 0.4336817861328125 0.548733328125 0.4422438662109375 0.5516525146484375 0.47346529296875 0.554995962890625 0.47778579296875 0.552204125 0.47662311328125 0.5467083984375 0.4838195849609375 0.4880397080078125
1 0.5192433134765625 0.556650095703125 0.52213201171875 0.552211158203125 0.5208329521484375 0.5412914716796875 0.527060583984375 0.4964778369140625 0.525951728515625 0.490212384765625 0.5117988193359375 0.486128759765625 0.491218986328125 0.48546316796875 0.486492984375 0.486679671875 0.4809632529296875 0.514138603515625 0.4801056982421875 0.541150755859375 0.4767594921875 0.552132359375 0.5042004833984375 0.557918666015625 0.5192433134765625 0.556650095703125
1 0.530083841796875 0.4901145849609375 0.52784285546875 0.4926650927734375 0.524121697265625 0.516383046875 0.5224567763671875 0.554941080078125 0.531478181640625 0.5586658740234375 0.558161994140625 0.5605317880859375 0.5608892177734375 0.55840202734375 0.5693811123046875 0.495956474609375 0.5547688779296875 0.4910672421875 0.530083841796875 0.4901145849609375
1 0.56340114453125 0.5593511669921875 0.571017662109375 0.561044 0.5734488525390625 0.5631477275390625 0.581226841796875 0.5625313837890625 0.6001326640625 0.5650136416015625 0.6038323642578125 0.56372537109375 0.61378297265625 0.502542056640625 0.608380529296875 0.498683580078125 0.606083900390625 0.4946555380859375 0.60100622265625 0.493526984375 0.57464717578125 0.4943909921875 0.571433712890625 0.4961000068359375 0.563720455078125 0.540036267578125 0.5619424306640625 0.5580889306640625 0.56340114453125 0.5593511669921875
1 0 0.6172413212890625 0.030207865234375 0.618366056640625 0.036591515625 0.5491984248046875 0.0224386064453125 0.5451147998046875 0.0203841875 0.537622994140625 0.0133615576171875 0.53481145703125 0.0031254658203125 0.5337089345703125 0 0.5354610634765625 0 0.6172413212890625
1 0.0733212158203125 0.547512625 0.06138419921875 0.5486116298828125 0.0486361806640625 0.5465599677734375 0.042370728515625 0.5476688232421875 0.0385364677734375 0.5508814072265625 0.0338806533203125 0.6174626494140625 0.0511662880859375 0.620991845703125 0.0686403076171875 0.62182700390625 0.0719614189453125 0.6185785380859375 0.0762386435546875 0.5500370986328125 0.0733212158203125 0.547512625
1 0.1129127021484375 0.5417727509765625 0.09811208203125 0.539577556640625 0.0810435634765625 0.540317732421875 0.07872183984375 0.5440228271484375 0.076134630859375 0.5662730966796875 0.0734201328125 0.6198407744140625 0.0748519345703125 0.6214878740234375 0.0917051552734375 0.623826599609375 0.108719849609375 0.6238561494140625 0.1173964931640625 0.5440200107421875 0.1129127021484375 0.5417727509765625
1 0.1558558486328125 0.547096095703125 0.154450958984375 0.5450641328125 0.1294142470703125 0.5417664169921875 0.119314533203125 0.5460878564453125 0.11330219921875 0.58782258984375 0.11071680859375 0.6174211318359375 0.11241955078125 0.6225678798828125 0.124114357421875 0.624932638671875 0.1479076533203125 0.6238892158203125 0.15416037890625 0.5713424443359375 0.1558558486328125 0.547096095703125
1 0.1915072421875 0.553456529296875 0.1888051123046875 0.547853154296875 0.160041787109375 0.5462285712890625 0.1559922275390625 0.5525200556640625 0.1534319306640625 0.574385462890625 0.1495009287109375 0.623227138671875 0.151445880859375 0.62491012109375 0.1641938994140625 0.626961783203125 0.182748044921875 0.627098982421875 0.185556005859375 0.6238146328125 0.1915072421875 0.553456529296875
1 0.1943421162109375 0.5497873173828125 0.1925873671875 0.5527585703125 0.190136537109375 0.5804327998046875 0.187420220703125 0.6266522041015625 0.1898783232421875 0.6283710693359374 0.220721162109375 0.6297543212890625 0.2229621484375 0.627203814453125 0.22929015625 0.5514576337890625 0.2155158369140625 0.549334205078125 0.1943421162109375 0.5497873173828125
1 0.227890720703125 0.5714704921875 0.2249609248046875 0.628117072265625 0.2293639794921875 0.6315189189453125 0.256614765625 0.6326509912109375 0.26098908984375 0.6290894287109375 0.26720944921875 0.5548826982421875 0.2642381962890625 0.55312794921875 0.23331462109375 0.55289928515625 0.227890720703125 0.5714704921875
1 0.2730355732421875 0.63379924609375 0.2936692314453125 0.63369511328125 0.3035085546875 0.5593547021484375 0.299618650390625 0.555988736328125 0.2713146513671875 0.55516976171875 0.2665653740234375 0.57146767578125 0.2619077412109375 0.6307006455078125 0.2730355732421875 0.63379924609375
1 0.3015439619140625 0.5874496767578125 0.296721220703125 0.6342952744140625 0.3175989072265625 0.6380756513671875 0.338718802734375 0.6383922646484375 0.344305994140625 0.6248601552734375 0.3488577958984375 0.57451491015625 0.34750673046875 0.57171322265625 0.3056437099609375 0.5656919189453125 0.3015439619140625 0.5874496767578125
1 0.35244984765625 0.5747660908203125 0.3465506171875 0.6370061953125 0.352493123046875 0.6405156923828125 0.389926177734375 0.64352001171875 0.39232863671875 0.638660328125 0.3982278671875 0.5764202236328125 0.3692743388671875 0.5701414052734375 0.356824171875 0.5712045283203125 0.35244984765625 0.5747660908203125
1 0.443331263671875 0.580347650390625 0.416322685546875 0.575751814453125 0.4024138056640625 0.57555269921875 0.3997134931640625 0.5772975986328125 0.3967476943359375 0.5975876708984375 0.3926803134765625 0.6410053876953125 0.39403137890625 0.6438070751953126 0.4336785078125 0.6446457490234375 0.4369439765625 0.634818734375 0.438908568359375 0.606723759765625 0.443331263671875 0.580347650390625
1 0.446571638671875 0.578253771484375 0.4427642890625 0.5810814921875 0.440338552734375 0.6010225849609375 0.4367574091796875 0.644861046875 0.4545561943359375 0.648426126953125 0.4751091162109375 0.6494765830078125 0.4774039267578125 0.6461563505859375 0.48546340625 0.5825203271484375 0.47638817578125 0.5795652578125 0.446571638671875 0.578253771484375
1 0.514388205078125 0.581835734375 0.494807759765625 0.58162676953125 0.4858958193359375 0.583710798828125 0.4774039267578125 0.6461563505859375 0.4813207421875 0.6491374521484375 0.516268783203125 0.6508077685546875 0.5179158818359375 0.649375966796875 0.52897352734375 0.5871098291015625 0.5270823994140625 0.5846571220703125 0.514388205078125 0.581835734375
1 0.571809025390625 0.593972625 0.568593744140625 0.5883333662109375 0.5579790625 0.5852706484375 0.54361085546875 0.58426592578125 0.5342934150390625 0.5847746201171875 0.529486677734375 0.5871457119140625 0.5193440478515625 0.6363265185546875 0.5178889697265625 0.649760830078125 0.5212926357421875 0.652706048828125 0.5536211005859375 0.65496667578125 0.560399703125 0.653893703125 0.571809025390625 0.593972625
1 0.5707307177734375 0.6020188583984375 0.5634516923828125 0.6544938642578125 0.602802787109375 0.65956602734375 0.6081728623046875 0.6417645458984375 0.613914255859375 0.5965301650390625 0.6095112021484375 0.59312831640625 0.594845142578125 0.5890088095703125 0.5752377841796875 0.5891847080078125 0.5707307177734375 0.6020188583984375
1 0 0.6887265771484375 0.00154345703125 0.689069623046875 0.01799117578125 0.6898330146484375 0.024337365234375 0.687569572265625 0.025605875 0.6841775732421875 0.02530438671875 0.6663662421875 0.0291331943359375 0.6411088369140625 0.0144940478515625 0.636604466796875 0 0.6373380517578126 0 0.6887265771484375
1 0.0354113720703125 0.6914378984375 0.049779578125 0.69244262109375 0.0566389169921875 0.6902150615234375 0.0623839462890625 0.6596772275390625 0.0636488212890625 0.641588681640625 0.0566800146484375 0.6380074189453125 0.03666715625 0.6366079833984375 0.0302940556640625 0.6392562900390625 0.0282432724609375 0.64646103125 0.0251985556640625 0.675253966796875 0.0274144482421875 0.680436595703125 0.0269031162109375 0.687748986328125 0.0354113720703125 0.6914378984375
1 0.066268396484375 0.6409983720703125 0.0626781630859375 0.64809546484375 0.0601178662109375 0.66996087109375 0.058447490234375 0.6864740830078125 0.0600425830078125 0.6931602802734375 0.08823893359375 0.695518705078125 0.091452396484375 0.6938096904296875 0.0979760615234375 0.64476256640625 0.0782323251953125 0.6395145029296875 0.066268396484375 0.6409983720703125
1 0.1303583505859375 0.646253466796875 0.1172586552734375 0.64185674609375 0.1075087998046875 0.6411749697265625 0.0990292744140625 0.64444946875 0.096519166015625 0.6508486025390625 0.09347444921875 0.679641537109375 0.0940988837890625 0.692834517578125 0.1000413896484375 0.696344013671875 0.1221606728515625 0.697117255859375 0.1265619091796875 0.693170830078125 0.1303583505859375 0.646253466796875
1 0.1432947548828125 0.64561108984375 0.136056828125 0.6458784541015625 0.13222256640625 0.649091037109375 0.128506861328125 0.6948538125 0.1391753671875 0.6971468056640625 0.15821575 0.6977047490234375 0.16131974609375 0.6901869111328125 0.162579166015625 0.6500535439453125 0.1606611259765625 0.6479856982421875 0.1432947548828125 0.64561108984375
1 0.1663992421875 0.6986637392578126 0.1740157587890625 0.700356572265625 0.1878977275390625 0.7009405498046875 0.1918127255859375 0.6965733779296875 0.192675734375 0.6916060458984375 0.1958801064453125 0.653155662109375 0.1940428046875 0.649933228515625 0.189072775390625 0.64726522265625 0.1709779560546875 0.6479336328125 0.1678183173828125 0.6488729228515625 0.1646066728515625 0.657930212890625 0.162261673828125 0.676716716796875 0.1629686640625 0.6961033828125 0.1663992421875 0.6986637392578126
1 0.2299633193359375 0.6524450361328125 0.2229945146484375 0.6488637734375 0.2023339443359375 0.649352767578125 0.1984189453125 0.653719939453125 0.1956684453125 0.6709311103515625 0.1941631787109375 0.6998316943359375 0.201698958984375 0.7026791142578125 0.223872068359375 0.702682630859375 0.226760765625 0.698243693359375 0.22781216015625 0.6905823232421875 0.2299633193359375 0.6524450361328125
1 0.260409748046875 0.6889943232421875 0.26356211328125 0.6586619375 0.26229178515625 0.654705662109375 0.257861818359375 0.6516886767578125 0.2501914765625 0.6507655703125 0.2475180771484375 0.65212560546875 0.2434936123046875 0.6506839541015625 0.23398778515625 0.6538866875 0.2305877548828125 0.6656380146484375 0.22803109375 0.7021999697265625 0.242264740234375 0.705129005859375 0.2562274453125 0.70455839453125 0.260409748046875 0.6889943232421875
1 0.295485076171875 0.65934723046875 0.2851395166015625 0.652435884765625 0.269151123046875 0.6524781025390625 0.264615326171875 0.6583488408203125 0.262620185546875 0.672132130859375 0.2603326474609375 0.7048454580078125 0.2699210283203125 0.7078364111328125 0.2884482607421875 0.7083584716796875 0.2906623349609375 0.706192828125 0.293089888671875 0.6936000087890625 0.295485076171875 0.65934723046875
1 0.325420171875 0.7032089091796875 0.330540765625 0.659478095703125 0.327137099609375 0.656532876953125 0.317467982421875 0.65469651171875 0.3045584892578125 0.6549540263671875 0.299697927734375 0.65809484375 0.2969456083984375 0.6679577412109375 0.2927149365234375 0.706336359375 0.2956592763671875 0.7084759716796875 0.3197773369140625 0.710162470703125 0.3229907998046875 0.7084534541015625 0.325420171875 0.7032089091796875
1 0.350998763671875 0.7135059189453125 0.35685871484375 0.7108217294921875 0.358640375 0.7074656142578125 0.3618752958984375 0.6833269140625 0.3603842158203125 0.66040471875 0.3549010361328125 0.6577008310546875 0.3446649443359375 0.65659830859375 0.3324049814453125 0.6623156669921875 0.330515671875 0.667211232421875 0.3275535087890625 0.702197853515625 0.3287431015625 0.7073087158203125 0.33265991796875 0.710289818359375 0.350998763671875 0.7135059189453125
1 0.381868515625 0.71450430859375 0.3866214287109375 0.71290294140625 0.3895908623046875 0.707309416015625 0.3925512060546875 0.6649745224609375 0.3866894384765625 0.6603104375 0.3754539580078125 0.6587512861328125 0.371673521484375 0.66119414453125 0.3643548564453125 0.6626160966796875 0.3621695126953125 0.67174515234375 0.361123572265625 0.70145134375 0.3593957353515625 0.7040377333984374 0.3604776787109375 0.7106880478515625 0.381868515625 0.71450430859375
1 0.410118689453125 0.7160930087890625 0.4168703798828125 0.7154048994140625 0.4191113662109375 0.712854392578125 0.422861255859375 0.6960998486328125 0.424339609375 0.66758412890625 0.41699221484375 0.6620426689453125 0.4026240078125 0.6610379462890625 0.3967909697265625 0.6633372724609375 0.3936062373046875 0.67200969921875 0.392641033203125 0.700561302734375 0.39042877734375 0.710075220703125 0.3958043076171875 0.7143185595703125 0.410118689453125 0.7160930087890625
1 0.42531390234375 0.6757738935546875 0.4230820068359375 0.7150657685546875 0.437342564453125 0.7176099423828125 0.4497389072265625 0.7173165458984375 0.45459037890625 0.677434359375 0.45183260546875 0.665252435546875 0.4375451357421875 0.6630931240234375 0.4272301240234375 0.67049346484375 0.42531390234375 0.6757738935546875
1 0.4858136240234375 0.6881260810546875 0.4867555517578125 0.674655888671875 0.4846203955078125 0.668318669921875 0.4796234541015625 0.66603552734375 0.4688472998046875 0.665281984375 0.4581537001953125 0.67072212890625 0.4561298291015625 0.6775420078125 0.45513953125 0.7138267490234375 0.4584893720703125 0.7175416923828125 0.4789346455078125 0.7201315986328125 0.4817426064453125 0.71684725 0.4858136240234375 0.6881260810546875
1 0.487053404296875 0.6777706728515625 0.484308357421875 0.7170266650390625 0.5000814541015625 0.720063349609375 0.517176884765625 0.7189383115234375 0.5225935126953125 0.670974009765625 0.521134798828125 0.6697117724609375 0.49034578515625 0.667558794921875 0.488104798828125 0.6701093017578125 0.487053404296875 0.6777706728515625
1 0.55176233984375 0.67417392578125 0.549331150390625 0.6720701982421875 0.5432002587890625 0.671254740234375 0.5339635546875 0.6706088466796875 0.5297507041015626 0.6718612333984375 0.524890142578125 0.67500205078125 0.522218560546875 0.6837103603515625 0.5208765849609375 0.7176500419921875 0.5272784169921875 0.721965146484375 0.5451848505859375 0.7239907763671874 0.549476619140625 0.71423552734375 0.55176233984375 0.67417392578125
1 0.5733146494140625 0.675681009765625 0.5621329931640625 0.673352134765625 0.558406380859375 0.675025267578125 0.5555176826171875 0.679464205078125 0.552576978515625 0.6920211416015625 0.5500454111328125 0.7208499580078125 0.5554747666015625 0.724323572265625 0.5735695859375 0.7236551630859375 0.57794391015625 0.720093599609375 0.5827415576171875 0.680981138671875 0.5733146494140625 0.675681009765625
1 0 0.7642835380859375 0.013256443359375 0.764917119140625 0.017469294921875 0.763664732421875 0.0165219130859375 0.7550901044921875 0.0194375224609375 0.7502663046875 0.0201336044921875 0.7255633271484375 0.022157474609375 0.7187434482421875 0.0164571796875 0.7117701875 0.0097593154296875 0.7116885712890625 0.0038993642578125 0.7143727607421875 0 0.713771640625 0 0.7642835380859375
1 0.041493892578125 0.71506790234375 0.0380902265625 0.71212268359375 0.0313385361328125 0.7128107939453125 0.02650488671875 0.715566748046875 0.0207562216796875 0.7314080341796875 0.0179824453125 0.763700615234375 0.0245188369140625 0.7660914072265625 0.04517940625 0.765602412109375 0.0448491875 0.740827669921875 0.049596646484375 0.71718148046875 0.041493892578125 0.71506790234375
1 0.07222908203125 0.7179906064453125 0.0579147001953125 0.7162161572265625 0.0531617861328125 0.7178175244140625 0.0498137626953125 0.721450853515625 0.0461715224609375 0.7366659462890625 0.0431537177734375 0.765074017578125 0.051229560546875 0.7675724580078125 0.0681904306640625 0.7683717333984375 0.069972091796875 0.7650156181640625 0.07358196484375 0.7281405673828125 0.07222908203125 0.7179906064453125
1 0.095866359375 0.7413011806640625 0.099130009765625 0.724125892578125 0.0955379580078125 0.7238747119140625 0.092808916015625 0.7186561982421875 0.0787116494140625 0.721151123046875 0.0759844248046875 0.7232808837890625 0.0744467919921875 0.7305215087890625 0.0708907431640625 0.7666268349609375 0.07386199609375 0.768381583984375 0.0928485546875 0.7697092529296875 0.094603302734375 0.7667380009765625 0.095866359375 0.7413011806640625
1 0.1191537763671875 0.769614970703125 0.1240034306640625 0.722384509765625 0.119304341796875 0.72321615234375 0.1133080126953125 0.7204763798828125 0.1071232978515625 0.7204306474609375 0.1006963720703125 0.7238486787109375 0.0971599638671875 0.730176046875 0.094326908203125 0.7411935322265625 0.094441830078125 0.76904717578125 0.0983586455078125 0.7720282783203125 0.11591340234375 0.7717088486328125 0.1191537763671875 0.769614970703125
1 0.1312413583984375 0.722117146484375 0.126947771484375 0.72452412109375 0.1245453115234375 0.7293838037109375 0.1222290419921875 0.755133720703125 0.1198804072265625 0.759223677734375 0.1206124912109375 0.77087720703125 0.1411923251953125 0.77154280078125 0.146833341796875 0.75724096484375 0.1517135439453125 0.724322189453125 0.1312413583984375 0.722117146484375
1 0.1450713203125 0.7308191220703125 0.14723520703125 0.7441197509765625 0.146210724609375 0.7513962587890625 0.1432682021484375 0.756604921875 0.1389746142578125 0.759011896484375 0.138246166015625 0.7620549150390625 0.143271837890625 0.7713014697265625 0.148268779296875 0.77358461328125 0.1554797939453125 0.773702111328125 0.1726828740234375 0.7710376220703125 0.1693599443359375 0.766937814453125 0.1732120283203125 0.726599 0.16991601171875 0.722114330078125 0.159950859375 0.724511455078125 0.1538199677734375 0.7236959970703125 0.1468529814453125 0.7274630078125 0.1450713203125 0.7308191220703125
1 0.1320596337890625 0.7546609091796875 0.1334070625 0.7427660498046875 0.1311642578125 0.7379682822265625 0.1308107626953125 0.72827494921875 0.1272187109375 0.7280237685546875 0.1258694638671875 0.7325703544921875 0.124850435546875 0.7618916845703125 0.1320596337890625 0.7546609091796875
1 0.1988695400390625 0.7283931484375 0.1969515 0.726325302734375 0.178964330078125 0.72545426171875 0.175777779296875 0.7267784150390625 0.1688162470703125 0.75259024609375 0.1674437236328125 0.7722182431640625 0.1754657412109375 0.7754864091796875 0.193020498046875 0.7751669794921875 0.194694509765625 0.773350314453125 0.1988982705078125 0.73535655859375 0.1988695400390625 0.7283931484375
1 0.2205294990234375 0.72836078125 0.2036493662109375 0.72640691796875 0.199167392578125 0.7315079326171875 0.1942602783203125 0.7648115703125 0.194748333984375 0.77258058984375 0.1972064365234375 0.7742994541015625 0.2177862705078125 0.7749650478515625 0.2201294521484375 0.74883026953125 0.2238793408203125 0.7320757255859375 0.2205294990234375 0.72836078125
1 0.23156058984375 0.7770884755859375 0.2424713056640625 0.775917705078125 0.243519064453125 0.7535597861328125 0.2487258486328125 0.73071920703125 0.227686689453125 0.729248005859375 0.2238524287109375 0.7324605888671875 0.217807728515625 0.7525353642578125 0.216756333984375 0.760196734375 0.219106787109375 0.76345505078125 0.2193526337890625 0.774687833984375 0.2212975849609375 0.77637081640625 0.23156058984375 0.7770884755859375
1 0.2708989580078125 0.7307227236328125 0.262930763671875 0.72668483203125 0.258150939453125 0.7286710615234375 0.25264084765625 0.72635203515625 0.2470536552734375 0.73988414453125 0.2436052548828125 0.7744500205078125 0.2460364453125 0.776553748046875 0.2629973154296875 0.7773530234375 0.2673447275390625 0.774176322265625 0.2720347255859375 0.7366033125 0.2708989580078125 0.7307227236328125
1 0.2961796982421875 0.73790494921875 0.2938292451171875 0.7346466328125 0.28178276171875 0.7299368154296875 0.27597663671875 0.7318512783203125 0.2720616376953125 0.7362184501953125 0.2688518115234375 0.7526240126953125 0.2686957919921875 0.776978009765625 0.2727202578125 0.778419662109375 0.2886817392578125 0.77876230859375 0.2924621767578125 0.7763194501953125 0.2961796982421875 0.73790494921875
1 0.314732025390625 0.7306938740234376 0.300742408203125 0.73164934765625 0.29604513671875 0.7398292626953125 0.2928945888671875 0.7775099208984375 0.2938401533203125 0.778736275390625 0.3148793125 0.7802074765625 0.317606537109375 0.7780777158203125 0.3212145927734375 0.733854390625 0.3160830908203125 0.7334955615234375 0.314732025390625 0.7306938740234376
1 0.345953453125 0.734037322265625 0.342603611328125 0.7303223779296875 0.3318274560546875 0.7295688359375 0.3250219423828125 0.731026669921875 0.319544216796875 0.7503676025390625 0.318092775390625 0.7784984609375 0.3210640283203125 0.780253208984375 0.3380248974609375 0.781052484375 0.340212060546875 0.779271703125 0.3456305068359375 0.7386556748046875 0.345953453125 0.734037322265625
1 0.3440390498046875 0.7466660244140625 0.3412383603515625 0.77934346875 0.34264325 0.781375431640625 0.3606573330078125 0.781861609375 0.3627906708984375 0.780850552734375 0.3671289912109375 0.7409324833984375 0.363239087890625 0.7375665185546875 0.3493571181640625 0.736982541015625 0.3440390498046875 0.7466660244140625
1 0.3775803818359375 0.7389561044921875 0.3699100400390625 0.7380329970703124 0.365891029296875 0.7586361669921875 0.3643301201171875 0.7809582021484375 0.36938088671875 0.782471619140625 0.3812640791015625 0.78214233984375 0.385017603515625 0.7800843447265625 0.386259201171875 0.777077208984375 0.3905706103515625 0.7375440029296875 0.3775803818359375 0.7389561044921875
1 0.4116905068359375 0.7378606162109375 0.4090171064453125 0.73922065234375 0.4014813271484375 0.7363732314453125 0.3942972236328125 0.735870869140625 0.39138161328125 0.740694669921875 0.386097728515625 0.779386384765625 0.3903931337890625 0.78432768359375 0.4058952890625 0.7838647216796875 0.409702638671875 0.7810370009765625 0.4144464619140625 0.742694265625 0.4116905068359375 0.7378606162109375
1 0.422681958984375 0.7355352568359375 0.41733516015625 0.7382553291015626 0.4149865244140625 0.7423452861328125 0.4107558515625 0.780723904296875 0.4121607412109375 0.7827558662109375 0.42963476171875 0.7835910244140625 0.433063521484375 0.778803107421875 0.4364831923828125 0.7372738212890625 0.4304330380859375 0.735303775390625 0.422681958984375 0.7355352568359375
1 0.4599284462890625 0.7485818876953125 0.4571724921875 0.74374823828125 0.441697248046875 0.7438263369140625 0.43848378515625 0.745535353515625 0.43435530859375 0.76032969921875 0.4307687109375 0.7821233388671875 0.439763205078125 0.7862329970703125 0.4521595478515625 0.7859396005859375 0.455399921875 0.7838457216796875 0.45955167578125 0.7539699658203125 0.4599284462890625 0.7485818876953125
1 0.4611431328125 0.7459596142578125 0.455399921875 0.7838457216796875 0.4608561884765625 0.7869344736328125 0.477763234375 0.7885034736328125 0.4828605517578125 0.7598540712890625 0.48356026953125 0.7498476416015625 0.4814520263671875 0.743125560546875 0.4634917685546875 0.7418696572265625 0.4611431328125 0.7459596142578125
1 0.496414119140625 0.743011578125 0.4913902666015625 0.7411132978515625 0.4842618056640625 0.7471894853515625 0.4809228720703125 0.7875641826171875 0.4859467255859375 0.7894624638671875 0.5019351201171875 0.7894202470703126 0.5051754951171875 0.7873263681640625 0.5072997421875 0.7495739443359375 0.498574369140625 0.7416156591796875 0.496414119140625 0.743011578125
1 0.5260960966796875 0.7462473779296875 0.5086220771484375 0.745412220703125 0.5077590673828125 0.750379552734375 0.5030959814453125 0.78756769921875 0.50857916015625 0.7902715888671875 0.52289354296875 0.7920460361328125 0.5272140419921875 0.7892541982421875 0.5306893544921875 0.7543034619140625 0.529472849609375 0.7495774599609375 0.5260960966796875 0.7462473779296875
1 0.547242904296875 0.74617912890625 0.533847173828125 0.7460158974609375 0.531039212890625 0.74930024609375 0.5277271923828125 0.78929008203125 0.533723521484375 0.792029853515625 0.544472763671875 0.7931682578125 0.548793263671875 0.790376419921875 0.5519976357421875 0.7519260361328125 0.5502141572265625 0.747933876953125 0.547242904296875 0.74617912890625
1 0.003176728515625 0.8500695693359375 0.06383610546875 0.8527643076171875 0.076286271484375 0.851701185546875 0.0803627431640625 0.845024837890625 0.08329617578125 0.803074806640625 0.08051330859375 0.79862601953125 0.07540871875 0.7978823271484375 0.0316832998046875 0.7963717265625 0.0253640234375 0.798250306640625 0.014101630859375 0.79707601953125 0.009781130859375 0.7998678564453126 0.0057315712890625 0.806159341796875 0.002062419921875 0.821759296875 0.000474599609375 0.8444661943359375 0.003176728515625 0.8500695693359375
1 0 0.892011080078125 0.0488849208984375 0.8969679326171875 0.0552041962890625 0.8950893525390625 0.0665204140625 0.8954939140625 0.074946115234375 0.892989140625 0.0776104248046875 0.8548877353515625 0.076232447265625 0.8524709111328125 0.0201914228515625 0.850099119140625 0.0067687802734375 0.85032075 0 0.8536194208984375 0 0.892011080078125
1 0.1594038837890625 0.80607630859375 0.1562155146484375 0.8000521875 0.1363103046875 0.79711330078125 0.120241173828125 0.7983101064453125 0.0971494130859375 0.796695373046875 0.087157349609375 0.7994773603515625 0.083351818359375 0.8096533544921874 0.08052603515625 0.8500639365234375 0.12065940234375 0.8513233564453125 0.152690013671875 0.8504691982421875 0.1551193857421875 0.84522465234375 0.1594038837890625 0.80607630859375
1 0.153068603515625 0.8524293935546875 0.0836318486328125 0.84989437109375 0.0782312236328125 0.85338416796875 0.0763742802734375 0.8799396923828126 0.0775118662109375 0.8931685546875 0.1051950673828125 0.89549109765625 0.1501620830078125 0.8939945634765625 0.1542061884765625 0.8656582568359374 0.15485208203125 0.856421552734375 0.153068603515625 0.8524293935546875
1 0.1795225732421875 0.79858801953125 0.17595743359375 0.7979519765625 0.1746063681640625 0.7951502890625 0.169961103515625 0.7952122041015625 0.164587392578125 0.798317138671875 0.159863208984375 0.8068819169921875 0.1566588369140625 0.8453323017578125 0.1567952158203125 0.85075626171875 0.159685732421875 0.8536655986328126 0.191689431640625 0.853196302734375 0.200574458984375 0.85149713671875 0.2093249248046875 0.85172228515625 0.2189133056640625 0.8547132373046875 0.226718208984375 0.8537120302734374 0.2298222041015625 0.8461941923828125 0.2364015126953125 0.8037256162109375 0.2331593193359375 0.798471220703125 0.2157391240234375 0.796866337890625 0.206314033203125 0.7989144833984375 0.1884614248046875 0.79611912890625 0.187327474609375 0.7975868134765625 0.1795225732421875 0.79858801953125
1 0.15976646875 0.8525110107421875 0.1563646201171875 0.856914064453125 0.155393962890625 0.8634208466796875 0.1537254052734375 0.8872823330078125 0.1539694326171875 0.891166841796875 0.156886861328125 0.89369131640625 0.165502765625 0.89584077734375 0.1975872021484375 0.8942168935546875 0.2020709931640625 0.896464154296875 0.21697926171875 0.897119896484375 0.2232447138671875 0.8960110419921875 0.2259988505859375 0.89349641796875 0.229745103515625 0.8620453271484375 0.22904175 0.8573552099609375 0.226178146484375 0.8540610107421875 0.212188529296875 0.855016484375 0.19844112109375 0.852508193359375 0.1956869853515625 0.8550228173828125 0.15976646875 0.8525110107421875
1 0.3039311357421875 0.8482824375 0.307026041015625 0.8040232294921875 0.3052425615234375 0.8000310712890625 0.2405048955078125 0.79666440625 0.23470240625 0.8132754169921875 0.23128091796875 0.8474564296875 0.2328221875 0.8549123525390625 0.260532298828125 0.8568500322265625 0.2730901142578125 0.8542474580078125 0.2996931904296875 0.8572679599609375 0.3039311357421875 0.8482824375
1 0.3002601650390625 0.8565341181640626 0.23587417578125 0.85551251171875 0.2315536767578125 0.858304349609375 0.2290453857421875 0.8720517568359375 0.2288068125 0.8902120693359376 0.230590291015625 0.8942042275390625 0.2349933447265625 0.8976060751953125 0.2962466083984375 0.899182109375 0.300075416015625 0.873924705078125 0.3002601650390625 0.8565341181640626
1 0.341082341796875 0.8036974658203125 0.3341404482421875 0.79973133984375 0.327281109375 0.801958900390625 0.3098340009765625 0.8007388798828124 0.3084847548828125 0.8052854658203125 0.305278564453125 0.8363875771484375 0.3060932021484375 0.8542347919921875 0.3661317802734375 0.8584330986328125 0.3756376064453125 0.8552303642578125 0.3760107421875 0.835145740234375 0.379114736328125 0.8276279013671874 0.37924748046875 0.8183553134765625 0.3783000986328125 0.809780685546875 0.3755710556640625 0.804562173828125 0.3690077509765625 0.802556244140625 0.363228537109375 0.804085845703125 0.35563893359375 0.802008150390625 0.351939232421875 0.8032964208984374 0.34799550390625 0.8007001806640625 0.3473208798828125 0.8029734736328125 0.341082341796875 0.8036974658203125
1 0.306697998046875 0.8972057294921875 0.317581802734375 0.8964198212890625 0.3293035205078125 0.898399716796875 0.366411810546875 0.89867411328125 0.3693812451171875 0.8930805888671876 0.36997149609375 0.8772653369140625 0.37412688671875 0.862086126953125 0.3717226083984375 0.8595975361328125 0.330211263671875 0.855921291015625 0.327564775390625 0.8568964638671875 0.3080650673828125 0.855532912109375 0.3043653671875 0.856821181640625 0.3018283466796875 0.863605177734375 0.2995677197265625 0.895933642578125 0.306697998046875 0.8972057294921875
1 0.4479917890625 0.860289861328125 0.4504928076171875 0.817149359375 0.44792523828125 0.8096216708984375 0.4105460078125 0.805847626953125 0.379055458984375 0.8063528056640625 0.376977763671875 0.8139424091796875 0.3793569462890625 0.82416413671875 0.3769544873046875 0.8290238203125 0.373794849609375 0.8299631103515624 0.372285947265625 0.844167146484375 0.378933623046875 0.8597150341796875 0.4416186884765625 0.86293816796875 0.4479917890625 0.860289861328125
1 0.39601305078125 0.903064501953125 0.44389749609375 0.9040924404296875 0.4465079814453125 0.86676076171875 0.444130615234375 0.86388730859375 0.422739779296875 0.8600710478515625 0.3790681845703125 0.8577907216796875 0.37466694921875 0.8617371474609375 0.3709152421875 0.871143416015625 0.36967909765625 0.896195373046875 0.3715433134765625 0.899032943359375 0.376027103515625 0.901280203125 0.39601305078125 0.903064501953125
1 0.450963041015625 0.8620446103515625 0.4609838369140625 0.8662260341796875 0.4986591015625 0.8657665888671875 0.5031698037109374 0.8676289853515625 0.5175649228515625 0.868248845703125 0.5198597333984375 0.8649286142578125 0.51858576953125 0.846275791015625 0.521065330078125 0.8255649716796875 0.5191723837890625 0.815763990234375 0.5075583134765626 0.8122446435546875 0.4539753916015625 0.8115917177734375 0.4518151416015625 0.81298763671875 0.4499043740234375 0.84031288671875 0.450963041015625 0.8620446103515625
1 0.5018296474609375 0.9089169404296875 0.513847400390625 0.90666334765625 0.5161422119140625 0.903343115234375 0.519134921875 0.8826681796875 0.5188890751953125 0.871435396484375 0.5169441240234375 0.8697524140625 0.489368572265625 0.8658904208984375 0.4620908740234375 0.8651432119140625 0.4495599697265625 0.8673609228515625 0.4477299384765625 0.893531583984375 0.4490020849609375 0.9048361328125 0.4962657314453125 0.907367640625 0.5018296474609375 0.9089169404296875
1 0.523035375 0.819514818359375 0.520805296875 0.8661549677734375 0.5303129423828125 0.8703005078125 0.559237740234375 0.8696159150390625 0.5724450849609375 0.872473185546875 0.583761302734375 0.8728777470703125 0.5872438876953125 0.86732010546875 0.5870518662109375 0.8553175966796875 0.5905326328125 0.8424116806640625 0.587421365234375 0.820536423828125 0.568488630859375 0.818439029296875 0.5645449013671875 0.8158427890625 0.559818900390625 0.81705929296875 0.5348091005859374 0.8133767158203125 0.530569337890625 0.81501396484375 0.5280574111328125 0.8140648251953125 0.523035375 0.819514818359375
1 0.583167416015625 0.8739964521484375 0.5628028798828125 0.8702519580078125 0.5246682890625 0.869905794921875 0.5209416767578126 0.871578927734375 0.518704326171875 0.888825982421875 0.5179526015625 0.9069504111328125 0.5481208173828125 0.9106069560546876 0.5810700810546875 0.9113640146484375 0.5828248291015625 0.9083927626953126 0.58608484375 0.8765209267578125 0.583167416015625 0.8739964521484375
1 0.6110212041015625 0.3650546162109375 0.618813380859375 0.3126154931640625 0.619270888671875 0.306072828125 0.616434197265625 0.302393765625 0.5898849462890625 0.2986035390625 0.58364640625 0.2993275322265625 0.5781184931640625 0.3341347373046875 0.5752352490234375 0.36061849609375 0.57645175390625 0.36534449609375 0.58709334765625 0.3680223525390625 0.6086994814453125 0.3687597119140625 0.6110212041015625 0.3650546162109375
1 0.6398401728515625 0.373257748046875 0.6451062353515625 0.371692263671875 0.6548971884765625 0.3201663984375 0.65559690625 0.3101599697265625 0.6527333017578125 0.30686576953125 0.6338813046875 0.303613787109375 0.6266972021484375 0.30311142578125 0.6224574384765625 0.30474867578125 0.6161185224609375 0.3364052138671875 0.612370451171875 0.3605080302734375 0.6133178330078125 0.369082658203125 0.6300634052734375 0.3729608349609375 0.6398401728515625 0.373257748046875
1 0.6519943046875 0.376428115234375 0.6796236796875 0.3795203828125 0.681757017578125 0.378509326171875 0.6839925498046875 0.3539139990234375 0.69200366015625 0.3130925224609375 0.6890593193359374 0.3109529111328125 0.6609167939453126 0.3078247607421875 0.656703943359375 0.3090771474609375 0.6548146337890625 0.313972712890625 0.6534959345703125 0.332830984375 0.6460768935546874 0.3651854814453125 0.6460787119140625 0.372533755859375 0.6519943046875 0.376428115234375
1 0.7120328818359375 0.3806264208984375 0.7176775341796875 0.3810211337890625 0.720698974609375 0.367309609375 0.718348521484375 0.36405129296875 0.719453740234375 0.355620197265625 0.7233130966796875 0.3446744775390625 0.7242262939453125 0.3242408720703125 0.7196599482421875 0.3157999267578125 0.6967565732421875 0.3114911552734375 0.693596935546875 0.3124304453125 0.686448833984375 0.3482845908203125 0.683323380859375 0.37823211328125 0.7010414287109376 0.3829517802734375 0.7120328818359375 0.3806264208984375
1 0.730922341796875 0.31697421484375 0.72511621484375 0.3188886787109375 0.7231192568359375 0.3253236953125 0.715111783203125 0.38084171875 0.7287515419921875 0.3848894599609375 0.7497099638671875 0.3875152490234375 0.7570177197265625 0.3420036552734375 0.7579847421875 0.320800326171875 0.7473969736328125 0.317352744140625 0.730922341796875 0.31697421484375
1 0.765429236328125 0.39132166015625 0.7840372060546875 0.3906891337890625 0.786845166015625 0.3874047841796875 0.78827333203125 0.3743553359375 0.7959633134765625 0.3455004853515625 0.7975260400390625 0.330526724609375 0.7958502109375 0.3249951142578125 0.782398837890625 0.3182533349609375 0.7647902568359375 0.319342490234375 0.7620630322265625 0.3214722509765625 0.758205494140625 0.3397662451171875 0.7513032392578125 0.386853173828125 0.7537344296875 0.3889569013671875 0.765429236328125 0.39132166015625
1 0.8315554287109375 0.3305858232421875 0.8301505390625 0.328553861328125 0.8149982421875 0.3240136083984375 0.799361525390625 0.3264008837890625 0.7885711845703125 0.3774701201171875 0.7877369052734375 0.38940086328125 0.7926261982421875 0.39322345703125 0.81563722265625 0.3959927783203125 0.8213895234375 0.3948480400390625 0.8301021689453125 0.351368408203125 0.8315554287109375 0.3305858232421875
1 0.86499456640625 0.34646017578125 0.864316306640625 0.3340369208984375 0.8512435234375 0.3292553369140625 0.8336887666015625 0.329574767578125 0.824491701171875 0.379981927734375 0.823630509765625 0.3922975341796875 0.8278990029296875 0.3976236943359375 0.8504237890625 0.39997226953125 0.854096578125 0.3990688623046875 0.8603798505859375 0.360833775390625 0.86499456640625 0.34646017578125
1 0.854177314453125 0.3979142744140625 0.856581591796875 0.400402865234375 0.8657644716796875 0.401818484375 0.8751626484375 0.4001552021484375 0.8807803896484375 0.4009347763671875 0.8816433984375 0.3959674453125 0.878833619140625 0.391903521484375 0.8857449638671875 0.3815579609375 0.888926060546875 0.3581889873046875 0.889894900390625 0.3443339306640625 0.8878135693359375 0.3372269873046875 0.8679083583984375 0.3342881015625 0.860218376953125 0.3631429521484375 0.857227484375 0.3911661611328125 0.854177314453125 0.3979142744140625
1 0.909879029296875 0.338769955078125 0.8969964482421875 0.3386426064453125 0.88789794140625 0.350768947265625 0.88167212890625 0.4029308564453125 0.88769537109375 0.405285765625 0.9128666435546875 0.40665916796875 0.9155131318359375 0.405683994140625 0.924737109375 0.3548919716796875 0.92397811328125 0.3436233046875 0.909879029296875 0.338769955078125
1 0.94300612890625 0.4033523017578125 0.94811071875 0.4040959931640625 0.95086485546875 0.4015813701171875 0.959389115234375 0.3607957763671875 0.9582515302734375 0.3475669140625 0.9338894404296875 0.341995904296875 0.9265707763671875 0.3434178564453125 0.9250080498046875 0.3583916181640625 0.920933396484375 0.3724162392578125 0.917025669921875 0.4061765048828125 0.924021388671875 0.4093729052734375 0.9368770556640625 0.4098851171875 0.94300612890625 0.4033523017578125
1 0.961276607421875 0.3485519365234375 0.9507033818359375 0.4038905458984375 0.9673413046875 0.409308173828125 0.9811156240234375 0.4114316015625 0.9900472041015626 0.379569615234375 0.9899591953125 0.351331107421875 0.974833810546875 0.3464059921875 0.9671096455078125 0.3462526103515625 0.961276607421875 0.3485519365234375
1 1 0.3506250869140625 0.9935243349609375 0.3519671513671875 0.9904490693359375 0.3664484013671875 0.9832489619140625 0.410420544921875 0.98797678125 0.4165523154296875 1 0.4184057958984375 1 0.3506250869140625
1 0.6317628701171875 0.4740200029296875 0.6569072314453125 0.475778267578125 0.6590674814453125 0.4743823486328125 0.6642418994140625 0.429881810546875 0.6634810849609375 0.4112648701171875 0.6576731416015625 0.405831060546875 0.6325826044921875 0.4033030693359375 0.6241569033203125 0.40580784375 0.6231593330078125 0.41269948828125 0.623136056640625 0.4277808994140625 0.616691310546875 0.468325162109375 0.6205812138671875 0.471691126953125 0.6317628701171875 0.4740200029296875
1 0.646262361328125 0.569012833984375 0.6531395205078125 0.5296590419921875 0.6551059306640625 0.50891233984375 0.6533224521484375 0.504920181640625 0.6503781123046875 0.5027805703125 0.6361444658203125 0.49985153515625 0.6180765595703125 0.50013508203125 0.6153493359375 0.5022648427734375 0.611167033203125 0.5178289150390625 0.6048048408203125 0.56456686328125 0.6082623310546875 0.5667423564453125 0.628113716796875 0.57045096875 0.646262361328125 0.569012833984375
1 0.704965517578125 0.415325978515625 0.6991037490234375 0.4106618935546875 0.670880486328125 0.4086883310546875 0.667046224609375 0.4119009130859375 0.664807056640625 0.4217996943359375 0.6595806318359375 0.4744182314453125 0.6640644228515625 0.4766654912109375 0.6793243681640625 0.4796662939453125 0.6998772900390625 0.4807167490234375 0.7070504853515625 0.4371294677734375 0.704965517578125 0.415325978515625
1 0.697264986328125 0.5107001552734375 0.6872711044921875 0.506133869140625 0.6611542666015625 0.5035341123046875 0.6562667919921875 0.50705979296875 0.654460037109375 0.518149044921875 0.648341873046875 0.5687715029296875 0.6625216953125 0.5724702646484375 0.6882061181640625 0.573879548828125 0.691229376953125 0.567516298828125 0.6966227294921875 0.53463340625 0.697264986328125 0.5107001552734375
1 0.617694693359375 0.5940873076171875 0.613914255859375 0.5965301650390625 0.6119998515625 0.6091588671875 0.605962423828125 0.6586267373046875 0.619142857421875 0.6618688701171875 0.644367955078125 0.662472546875 0.649171056640625 0.6454049072265625 0.6533460869140625 0.6004477412109375 0.6484567939453125 0.596625146484375 0.617694693359375 0.5940873076171875
1 0.6574512890625 0.6007348046875 0.654724064453125 0.6028645654296875 0.653780318359375 0.6089864853515625 0.6469875302734375 0.6618822373046875 0.649958783203125 0.663636984375 0.682773486328125 0.666318357421875 0.686067685546875 0.6634547529296875 0.6952629326171875 0.6056993193359375 0.6928586552734375 0.603210728515625 0.6574512890625 0.6007348046875
1 0.73482932421875 0.60769258203125 0.727941255859375 0.6029567314453125 0.7002580556640625 0.6006341884765625 0.6957760830078125 0.6057352021484375 0.6949668984375 0.60993280859375 0.6869863369140625 0.6650659697265625 0.6904438271484376 0.66724146484375 0.7016793076171876 0.6688006142578125 0.7232585302734374 0.6699228369140625 0.7265527294921875 0.6670592333984375 0.73482932421875 0.60769258203125
1 0.736642994140625 0.51538745703125 0.7271084365234375 0.5116267783203124 0.719357359375 0.511858259765625 0.7066631640625 0.5090368720703125 0.69718425 0.5118547431640625 0.6968783955078125 0.5309772119140626 0.6908256943359375 0.5732892392578125 0.69784832421875 0.5761007763671875 0.729231224609375 0.577135048828125 0.7374827265625 0.52550153515625 0.736642994140625 0.51538745703125
1 0.7394436826171875 0.4827100126953125 0.74084675390625 0.477393701171875 0.7482890703125 0.4299577919921875 0.747989400390625 0.4194947353515625 0.74120898046875 0.41321943359375 0.7149037568359375 0.41331371484375 0.70596490625 0.4157826064453125 0.7058070693359375 0.432788330078125 0.70006567578125 0.4780227109375 0.70295619140625 0.480932046875 0.7373103447265625 0.483721068359375 0.7394436826171875 0.4827100126953125
1 0.7447024736328125 0.45175143359375 0.74092930859375 0.4835873857421875 0.74592625 0.485870529296875 0.7793886630859375 0.486663470703125 0.79098637109375 0.4240483544921875 0.7885282685546875 0.42232948828125 0.753607140625 0.4202743095703125 0.750286029296875 0.4235227763671875 0.7447024736328125 0.45175143359375
1 0.768052806640625 0.5160368662109375 0.74350233203125 0.513159896484375 0.7387494189453125 0.5147612626953125 0.7393720361328125 0.52060596875 0.7343823671875 0.5477159208984375 0.731283826171875 0.5772785810546875 0.7327425400390625 0.5785408173828125 0.76868996875 0.5806677626953125 0.77031015625 0.5796208232421876 0.7786136630859375 0.5198693095703125 0.768052806640625 0.5160368662109375
1 0.7665515341796875 0.670242966796875 0.7700861259765625 0.65656732421875 0.7763406689453125 0.6113688271484375 0.7708305771484375 0.6090498017578125 0.7595681845703125 0.607875513671875 0.737502724609375 0.6063325458984375 0.73580180078125 0.6085340732421874 0.7275521171875 0.6675158623046875 0.7294701572265625 0.6695837060546875 0.7427044140625 0.6720561142578125 0.7643374609375 0.6724086103515625 0.7665515341796875 0.670242966796875
1 0.7790409814453125 0.6096239287109375 0.775314369140625 0.611297060546875 0.7735327080078125 0.6146531767578125 0.775479478515625 0.6236844326171875 0.768388837890625 0.6734653994140625 0.7703607021484375 0.67476351953125 0.80579498046875 0.6768545810546875 0.8153400869140625 0.614095931640625 0.8108293837890626 0.6122335341796875 0.7790409814453125 0.6096239287109375
1 0.80615234375 0.45703125 0.041015625 0.0712890625
1 0.8486328125 0.46337890625 0.041015625 0.072265625
1 0.8876953125 0.466796875 0.041015625 0.0732421875
1 0.92724609375 0.4697265625 0.0380859375 0.07421875
1 0.9768023974609376 0.4436165341796875 0.9510910615234375 0.4425921103515625 0.945697708984375 0.4754750029296875 0.9435698251953125 0.498530880859375 0.9446786806640625 0.50479633203125 0.9517282236328125 0.5072230068359375 0.977925796875 0.5086681748046875 0.98024751953125 0.504963080078125 0.988848880859375 0.4483263515625 0.9768023974609376 0.4436165341796875
1 1 0.446429466796875 0.99206234375 0.4466173359375 0.9880953388671875 0.4591025068359375 0.980059134765625 0.507657119140625 0.984462189453125 0.5110589677734375 0.9998566962890625 0.5121354560546875 1 0.5100861171875 1 0.446429466796875
1 0.8519548662109375 0.58455648828125 0.858157404296875 0.5474759892578125 0.8599623408203125 0.5290384638671874 0.858611275390625 0.5262367763671875 0.8310895478515625 0.52160505859375 0.821718283203125 0.522883478515625 0.8145970947265625 0.558352759765625 0.810875935546875 0.58207071484375 0.8122270009765625 0.58487240234375 0.8157114033203124 0.5866630341796875 0.8490930810546875 0.5886105634765625 0.8519548662109375 0.58455648828125
1 0.818585556640625 0.52343790625 0.806512162109375 0.519112951171875 0.78544608984375 0.5180266123046875 0.7817194765625 0.5196997451171875 0.7740851376953125 0.55513314453125 0.770930955078125 0.5781172548828125 0.7727144326171875 0.5821094140625 0.7988581826171876 0.5843243076171875 0.8097688984375 0.583153537109375 0.8192889111328125 0.5281280244140625 0.818585556640625 0.52343790625
1 0.879110373046875 0.5280569580078125 0.8735733681640625 0.526122794921875 0.8648498154296875 0.5255127841796875 0.8621764150390625 0.5268728203125 0.855162875 0.5608026513671875 0.8526851328125 0.588861744140625 0.857168923828125 0.59110900390625 0.888417263671875 0.59406758984375 0.894865646484375 0.5682198740234375 0.8996363818359375 0.5294922763671875 0.879110373046875 0.5280569580078125
1 0.929978796875 0.5822775615234375 0.937501849609375 0.53368706640625 0.906307333984375 0.5299587548828125 0.9010950947265625 0.5307545126953125 0.8920325908203125 0.5792373603515625 0.89065825 0.5915170830078125 0.8972215537109375 0.59352301171875 0.899868041015625 0.5925478388671875 0.9046729609375 0.5828284736328125 0.9252258828125 0.5838789287109375 0.929978796875 0.5822775615234375
1 0.96439041015625 0.5989934052734375 0.9758266435546875 0.5386874638671875 0.963105537109375 0.536250939453125 0.954814396484375 0.5368313994140625 0.9412015498046875 0.5323987958984375 0.9383128525390625 0.5368377333984375 0.933159892578125 0.558908587890625 0.92960020703125 0.5803173662109375 0.9314375107421875 0.5835397998046875 0.94410479296875 0.586746048828125 0.9468356533203125 0.5993128349609375 0.96439041015625 0.5989934052734375
1 0.9668485126953125 0.6007122705078125 0.993451587890625 0.6037327724609375 0.998188138671875 0.53599694140625 0.9790131943359375 0.537363310546875 0.9746119580078125 0.541309736328125 0.9671678232421875 0.58139737109375 0.9645249716796875 0.597069091796875 0.9668485126953125 0.6007122705078125
1 0.856203720703125 0.619660607421875 0.8538263544921875 0.6167871533203125 0.8277902529296876 0.6130328095703125 0.818932138671875 0.6143471123046875 0.8107595556640625 0.657477765625 0.809169916015625 0.6728363896484375 0.8108995703125 0.6775982734375 0.8442005107421875 0.680700390625 0.8463607607421875 0.6793044716796875 0.855396353515625 0.6312064873046875 0.856203720703125 0.619660607421875
1 0.8899156162109375 0.6463828798828125 0.893369470703125 0.633861826171875 0.893123625 0.62262904296875 0.8835352431640625 0.6196380908203125 0.8655749853515625 0.6183821875 0.8576893466796875 0.620537982421875 0.85008373828125 0.6629347919921875 0.8484402744140624 0.679063140625 0.850358314453125 0.681130986328125 0.883280666015625 0.682272908203125 0.8862770126953124 0.67629451953125 0.8899156162109375 0.6463828798828125
1 0.8894311962890625 0.653310408203125 0.8853601787109375 0.6820315771484375 0.919633595703125 0.6859751865234375 0.9225761181640625 0.6807665234375 0.931367681640625 0.628784029296875 0.928909580078125 0.6270651640625 0.8967695 0.6221104990234375 0.893880802734375 0.626549435546875 0.8894311962890625 0.653310408203125
1 0.934608056640625 0.626690150390625 0.93193465625 0.6280501865234375 0.9268911630859376 0.6559298642578125 0.9237118857421875 0.6866471123046874 0.9421314697265625 0.6887086240234375 0.958146775390625 0.688281544921875 0.96831631640625 0.638715876953125 0.966504107421875 0.627760306640625 0.9501102119140625 0.6262271884765624 0.934608056640625 0.626690150390625
1 0.9621443271484375 0.6901080595703125 0.98726177734375 0.6922511875 0.99170229296875 0.6287488466796874 0.974255185546875 0.627528826171875 0.970528572265625 0.6292019580078125 0.96224833984375 0.6738720615234375 0.9607394384765625 0.68807609765625 0.9621443271484375 0.6901080595703125
1 0.5845592197265626 0.713981529296875 0.5804540185546875 0.7136944658203125 0.5797812138671875 0.723316033203125 0.5898020078125 0.7274974560546875 0.60481792578125 0.7266137490234374 0.607005087890625 0.724832966796875 0.612748298828125 0.6869468603515625 0.6117201806640625 0.6795268203125 0.6042113115234375 0.676294537109375 0.586575818359375 0.6777685546875 0.583041228515625 0.691444197265625 0.5835849267578125 0.7057917646484375 0.586880943359375 0.710276435546875 0.5845592197265626 0.713981529296875
1 0.6427263095703125 0.685949169921875 0.6384309052734375 0.6810078720703125 0.620983796875 0.6797878515625 0.61714953515625 0.6830004345703125 0.612317703125 0.6931046630859375 0.6100552587890625 0.718084853515625 0.6111102900390625 0.7251200302734375 0.6170258828125 0.729014390625 0.63395983984375 0.7301985283203125 0.637388599609375 0.7254106103515625 0.6427263095703125 0.685949169921875
1 0.6686529443359375 0.68389469140625 0.663602177734375 0.6823812744140625 0.63824251953125 0.68370191015625 0.6376486328125 0.684820615234375 0.6428088642578125 0.6921428564453125 0.642566654296875 0.6956066201171875 0.6406253388671875 0.7086201845703125 0.6367103408203125 0.7129873564453125 0.639033880859375 0.7166305361328125 0.6313922705078125 0.72267083984375 0.6335005146484375 0.7293929189453126 0.6421164189453125 0.7315423798828125 0.6600766767578125 0.7327982841796875 0.6638032900390625 0.73112515234375 0.6667458125 0.7259164892578125 0.6670400283203125 0.7143347265625 0.672544666015625 0.6946089306640625 0.67070736328125 0.6913864970703125 0.6714896357421875 0.68757375390625 0.6686529443359375 0.68389469140625
1 0.7017654990234375 0.6896908486328125 0.6939318662109375 0.683728642578125 0.675837046875 0.684397052734375 0.673055998046875 0.6872965400390625 0.6697116103515625 0.705626416015625 0.6670436650390625 0.7290312734375 0.6688540556640625 0.7326385693359375 0.6790363232421875 0.73451081640625 0.69656416796875 0.7345762490234375 0.698265091796875 0.73237472265625 0.7017654990234375 0.6896908486328125
1 0.7281623662109376 0.7325316201171875 0.73085540625 0.701393626953125 0.735120263671875 0.6920232412109375 0.7195624658203125 0.6859076533203124 0.711784474609375 0.6865239970703125 0.70481748828125 0.6902910078125 0.700527537109375 0.70739453125 0.6988589794921874 0.7312560166015625 0.7001293076171875 0.73521229296875 0.7102577509765625 0.7378542646484375 0.7246528701171875 0.7384741259765625 0.7281623662109376 0.7325316201171875
1 0.7300462216796875 0.7055912333984375 0.727839419921875 0.73714997265625 0.734942787109375 0.738806921875 0.7555226201171875 0.7394725146484376 0.7616426025390625 0.696198330078125 0.7538358818359375 0.6898512626953125 0.7420603388671875 0.688641091796875 0.733932490234375 0.694260650390625 0.7300462216796875 0.7055912333984375
1 0.784312857421875 0.7407122353515625 0.788839564453125 0.698100126953125 0.78259920703125 0.691475845703125 0.772903177734375 0.6900243447265625 0.766935578125 0.694247984375 0.762830376953125 0.6939609208984375 0.7616156904296875 0.696583193359375 0.75859425 0.7102947177734374 0.757302462890625 0.7287681259765625 0.7586822587890625 0.738533224609375 0.7800461826171875 0.74273434765625 0.784312857421875 0.7407122353515625
1 0.7961851416015625 0.6962933134765625 0.7901637177734375 0.701286677734375 0.78681751171875 0.7122682802734375 0.785339158203125 0.7407840009765625 0.7939550634765625 0.7429334619140625 0.8094572197265625 0.7424705 0.8168475302734375 0.703152591796875 0.8161710888671875 0.6980776103515625 0.808716044921875 0.6940756025390625 0.7961851416015625 0.6962933134765625
1 0.8444212626953125 0.6996663115234375 0.8348328828125 0.6966753583984375 0.823975990234375 0.6970764052734375 0.8177123564453125 0.705533533203125 0.8153924521484375 0.7165869013671875 0.8140755712890625 0.742793447265625 0.8190186875 0.7458463154296875 0.8391391953125 0.7457062998046875 0.843156388671875 0.7177548564453125 0.8464487705078125 0.707542978515625 0.8444212626953125 0.6996663115234375
1 0.8679025205078125 0.7473308828125 0.869305591796875 0.7420145712890625 0.8757521572265625 0.7088185830078125 0.873670826171875 0.7017116396484375 0.8687007978515625 0.6990436337890625 0.85584512890625 0.6985314228515624 0.85111912890625 0.6997479267578125 0.8460163564453125 0.7063525078125 0.8412401669921875 0.72303528515625 0.840678646484375 0.7458139482421875 0.8487275771484375 0.748697251953125 0.863582021484375 0.750122720703125 0.8679025205078125 0.7473308828125
1 0.9008677890625 0.7036134365234376 0.8922787958984375 0.7010791123046874 0.8808549296875 0.7022140009765625 0.875509947265625 0.7122823466796875 0.871894619140625 0.727112576171875 0.8704951845703125 0.747125435546875 0.8734395244140625 0.7492650458984375 0.896018134765625 0.750843896484375 0.9029240263671875 0.718453515625 0.9032182421875 0.7068717529296875 0.9008677890625 0.7036134365234376
1 0.9000138701171875 0.74532213671875 0.9031484130859375 0.7521159833984375 0.9200285478515625 0.754069845703125 0.9309930869140625 0.752129349609375 0.932855484375 0.747618646484375 0.9305839501953125 0.73585746875 0.93182373046875 0.7255020595703126 0.936303884765625 0.7130527724609375 0.9340879931640625 0.7078701416015625 0.9266867734375 0.703098408203125 0.9189626083984375 0.7029450263671875 0.9142096943359375 0.7045463935546875 0.9129950087890625 0.707168666015625 0.9076482080078125 0.70988873828125 0.903248791015625 0.7211834375 0.9000138701171875 0.74532213671875
1 0.9291808779296875 0.7411737802734375 0.9300475234375 0.75090299609375 0.9319924755859375 0.752585978515625 0.9411753544921875 0.7540015966796875 0.9514383603515625 0.754719255859375 0.9587570234375 0.7532973046875 0.9616188095703125 0.7492432294921875 0.9569179033203125 0.74272659765625 0.9597491396484376 0.724360837890625 0.9634470224609375 0.7157242939453125 0.9612849541015624 0.7097719384765625 0.956881900390625 0.706370091796875 0.9450794453125 0.705544783203125 0.935790734375 0.713016888671875 0.93203902734375 0.722423158203125 0.9291808779296875 0.7411737802734375
1 0.9582384189453125 0.731216599609375 0.9567044228515625 0.7531537724609375 0.9606481513671875 0.75575001171875 0.9745032080078125 0.7567188515625 0.9828750849609375 0.7549838037109375 0.9861045517578125 0.7088002822265626 0.970656220703125 0.70849351953125 0.9658225703125 0.711249474609375 0.9582384189453125 0.731216599609375
1 0.5530508486328125 0.751612939453125 0.548739439453125 0.7911461455078125 0.5506843916015625 0.79282912890625 0.5691577998046875 0.7941209150390625 0.5713180498046875 0.79272499609375 0.575602546875 0.75357665234375 0.567795826171875 0.7472295849609375 0.5574251728515625 0.748051376953125 0.5530508486328125 0.751612939453125
1 0.5969933837890625 0.7573929130859375 0.5921579150390625 0.75280059375 0.580841697265625 0.75239603125 0.5778973583984375 0.750256419921875 0.5741976572265625 0.7515446904296875 0.574660619140625 0.767046845703125 0.5718850244140625 0.7919911533203124 0.574802453125 0.7945156279296876 0.59227647265625 0.79535078515625 0.594463634765625 0.79357000390625 0.5969933837890625 0.7573929130859375
1 0.5984790087890625 0.7582702861328126 0.59497678515625 0.79360588671875 0.5989474248046875 0.795817263671875 0.6132348955078125 0.79797657421875 0.6160159443359375 0.795077087890625 0.6195181689453125 0.7597414873046875 0.6120631259765625 0.7557394794921874 0.6033664833984375 0.7547446064453125 0.5984790087890625 0.7582702861328126
1 0.6290239951171875 0.7565387548828125 0.6206790302734375 0.7578889404296875 0.6195181689453125 0.7597414873046875 0.61598903125 0.7954619501953125 0.6189602841796875 0.79721669921875 0.63432787890625 0.79867805078125 0.63702819140625 0.79693315234375 0.6402056513671875 0.758867630859375 0.6372343984375 0.7571128818359375 0.6290239951171875 0.7565387548828125
1 0.6399725322265625 0.799072763671875 0.6553132138671875 0.8009189775390625 0.6596337138671875 0.7981271396484375 0.662271111328125 0.76041059765625 0.654329830078125 0.75598784375 0.6412588642578125 0.758554533203125 0.63702819140625 0.79693315234375 0.6399725322265625 0.799072763671875
1 0.6675102626953126 0.7592299765625 0.6638105625 0.7605182470703125 0.6625151396484374 0.764295107421875 0.6580404384765625 0.798789216796875 0.659985390625 0.80047219921875 0.67897194921875 0.8017998681640625 0.6806459619140625 0.7999832041015625 0.682824033203125 0.761461052734375 0.6783402421875 0.7592137939453125 0.6675102626953126 0.7592299765625
1 0.6916014111328125 0.7613013388671875 0.6886570703125 0.7591617275390625 0.6843096591796874 0.762338427734375 0.6796465732421875 0.7995265751953125 0.682077763671875 0.8016303037109375 0.69952487109375 0.80285032421875 0.701712033203125 0.8010695419921875 0.7052411689453125 0.765349080078125 0.70280998046875 0.7632453515625 0.6916014111328125 0.7613013388671875
1 0.7231996103515625 0.7592567099609375 0.7159885947265625 0.7591392109375 0.7074283310546875 0.7635682978515625 0.7011988828125 0.8010336591796875 0.703630072265625 0.8031373876953125 0.72048329296875 0.80547611328125 0.7238851416015625 0.8010730595703125 0.72709133203125 0.76997094921875 0.7300607666015625 0.764377423828125 0.7231996103515625 0.7592567099609375
1 0.7367048076171875 0.765228763671875 0.7301415029296875 0.7632228349609375 0.7284674912109375 0.7650394990234375 0.7232374296875 0.8029614892578125 0.7266949208984375 0.8051369833984375 0.741603189453125 0.8057927265625 0.744303501953125 0.804047828125 0.748318876953125 0.7687481103515625 0.744482796875 0.7646124208984375 0.7367048076171875 0.765228763671875
1 0.7490204130859375 0.766089955078125 0.7494384970703125 0.7748596171875 0.74481665234375 0.8040837109375 0.76266926171875 0.8068790654296875 0.766098021484375 0.8020911484375 0.7692772998046875 0.771373900390625 0.76449565625 0.76601185546875 0.752747025390625 0.7644168232421875 0.7490204130859375 0.766089955078125
1 0.775406373046875 0.7648410849609375 0.770545810546875 0.76798190234375 0.765313931640625 0.7985556181640625 0.7652888369140625 0.8062887548828125 0.7780368564453125 0.8083404169921875 0.7868949716796875 0.80702611328125 0.79023572265625 0.7739996904296875 0.78955928125 0.768924708984375 0.785588640625 0.76671333203125 0.775406373046875 0.7648410849609375
1 0.802495685546875 0.76828233203125 0.7940699853515625 0.7707871064453125 0.7895378232421875 0.7913543935546875 0.7884613349609375 0.806748900390625 0.798562865234375 0.8097757353515626 0.80731333203125 0.8100008828125 0.80893351953125 0.808953943359375 0.813273658203125 0.7763841484375 0.8116516533203125 0.770082814453125 0.802495685546875 0.76828233203125
1 0.8129041591796875 0.8111653212890625 0.8273531025390625 0.8110154560546875 0.8295133525390626 0.809619537109375 0.832507880859375 0.796292875 0.8335825517578125 0.77355009375 0.82685595703125 0.7665050673828125 0.820698154296875 0.7660744716796875 0.8174308671875 0.768553212890625 0.8134064013671874 0.7671115615234375 0.811111591796875 0.77043179296875 0.813813720703125 0.7760351689453125 0.80893351953125 0.808953943359375 0.8129041591796875 0.8111653212890625
1 0.8451140673828125 0.770875755859375 0.8379299638671875 0.77037339453125 0.8340687900390625 0.77397083984375 0.8295671767578126 0.8088498115234375 0.832997755859375 0.8114101689453125 0.8468258994140625 0.8127638701171875 0.8501200986328125 0.809900267578125 0.855027212890625 0.77659662890625 0.85264984765625 0.77372317578125 0.8451140673828125 0.770875755859375
1 0.8739366708984375 0.7937754345703125 0.875066984375 0.7776112021484375 0.8737159189453125 0.7748095146484375 0.867746501953125 0.7716848798828125 0.8578889990234375 0.7725425546875 0.85456788671875 0.775791021484375 0.8536510537109375 0.781528078125 0.8494992998046875 0.811403833984375 0.855522541015625 0.813758744140625 0.869431421875 0.8139578583984375 0.871618583984375 0.8121770771484375 0.8739366708984375 0.7937754345703125
1 0.873181310546875 0.7972033154296875 0.87207791015625 0.8129826845703125 0.8890118671875 0.814166822265625 0.89122594140625 0.8120011787109375 0.8949991064453126 0.7801652255859375 0.8882994228515625 0.7727353369140625 0.885760583984375 0.77217105859375 0.877254146484375 0.7758304208984375 0.873181310546875 0.7972033154296875
1 0.906853568359375 0.7728725341796875 0.895564263671875 0.772083109375 0.893350189453125 0.77424875390625 0.89106446875 0.8143103544921875 0.896115234375 0.8158237724609375 0.910537265625 0.81605876953125 0.913858376953125 0.8128103037109375 0.917873751953125 0.7775105869140625 0.91398384765625 0.77414462109375 0.906853568359375 0.7728725341796875
1 0.9137201796875 0.8000380693359375 0.9126436904296875 0.815432576171875 0.9306577734375 0.81591875390625 0.93287184765625 0.8137531103515625 0.9346731484375 0.780619037109375 0.931377130859375 0.7761343671875 0.92322055078125 0.7747905146484375 0.917819927734375 0.7782803115234375 0.9137201796875 0.8000380693359375
1 0.95131834375 0.815429759765625 0.9526706826171875 0.79609041015625 0.9563331064453126 0.7805866708984375 0.94828417578125 0.7777033671875 0.941046248046875 0.7779707314453125 0.9361856865234375 0.781111548828125 0.9343771142578124 0.7848525263671875 0.9292528837890625 0.81388679296875 0.9316571611328125 0.8163753828125 0.9372479892578125 0.8175398203125 0.94807796875 0.8175236376953126 0.95131834375 0.815429759765625
1 0.968630890625 0.81857409375 0.9718443525390625 0.816865078125 0.9748872509765625 0.780723869140625 0.9700248720703125 0.7765164130859376 0.951903140625 0.777569685546875 0.948635853515625 0.7800484267578125 0.9511746923828125 0.7806127041015625 0.95384991015625 0.7866009423828125 0.95023821875 0.81612771875 0.95264249609375 0.8186163095703125 0.968630890625 0.81857409375
1 0.5863143271484375 0.82161924609375 0.5908555791015625 0.837793328125 0.5898060029296875 0.85280297265625 0.5860542958984375 0.8622092421875 0.587434091796875 0.8719743408203126 0.5902976943359375 0.8752685400390625 0.6288916103515625 0.876420310546875 0.6415301630859375 0.8726631494140625 0.652900205078125 0.8722979873046875 0.655600517578125 0.870553087890625 0.661426283203125 0.8388606669921875 0.65926421484375 0.8329083125 0.6493492509765625 0.8198391650390625 0.592389576171875 0.81585615625 0.588662962890625 0.8175292880859375 0.5863143271484375 0.82161924609375
1 0.6359771552734375 0.9152034921875 0.65110072265625 0.912780333984375 0.6560078369140625 0.8794766953125 0.6527118193359375 0.874992025390625 0.6456353642578125 0.872950212890625 0.642881228515625 0.8754648369140625 0.6293509365234375 0.8772259189453125 0.5919447939453125 0.87383673828125 0.5886775078125 0.876315478515625 0.5855520537109375 0.906263001953125 0.5872547958984375 0.911409748046875 0.5974370634765624 0.91328199609375 0.6359771552734375 0.9152034921875
1 0.6630330146484374 0.83800616015625 0.657976064453125 0.8660782685546875 0.6585179453125 0.8730775625 0.6599766591796875 0.874339798828125 0.7034598671875 0.8793141640625 0.71847578515625 0.8784304560546875 0.72433028125 0.8537014462890625 0.7249474443359375 0.8375013310546875 0.7187878232421875 0.8297224619140625 0.713871619140625 0.82628473046875 0.6787602880859375 0.8195753173828125 0.65958534375 0.820941685546875 0.65634496875 0.823035564453125 0.65564343359375 0.825693720703125 0.6630330146484374 0.83800616015625
1 0.7002824072265625 0.917379685546875 0.713758875 0.9163883291015625 0.719207869140625 0.8900839853515625 0.71847578515625 0.8784304560546875 0.659463509765625 0.874303916015625 0.657493462890625 0.8803540703125 0.6541527119140625 0.913380494140625 0.7002824072265625 0.917379685546875
1 0.7208335107421875 0.9110818671875 0.7226977265625 0.9139194384765625 0.7273160791015625 0.914242384765625 0.7300163916015625 0.912497486328125 0.7380384091796875 0.91576565234375 0.7569711435546875 0.917863046875 0.7749583134765625 0.918734087890625 0.7776317138671875 0.917374052734375 0.780999376953125 0.883962765625 0.752991412109375 0.87891030078125 0.7389748828125 0.8802506376953125 0.72827946484375 0.8783425078125 0.723445814453125 0.8810984619140625 0.7232233876953125 0.8990278564453125 0.7208335107421875 0.9110818671875
1 0.845710130859375 0.8877142939453125 0.8433596767578125 0.8844559775390625 0.7879125400390625 0.88096548046875 0.783645865234375 0.8829875927734375 0.7829174169921875 0.886030611328125 0.7797632333984374 0.9090147216796876 0.7803858505859375 0.914859427734375 0.7846812548828125 0.9198007265625 0.8303785390625 0.922609447265625 0.8403167783203125 0.9205971845703125 0.845710130859375 0.8877142939453125
1 0.9095829697265625 0.888700015625 0.9065848046875 0.887330130859375 0.8589156572265625 0.8832232890625 0.84854500390625 0.8840450810546875 0.844255052734375 0.901148603515625 0.8424770283203125 0.919201265625 0.84442198046875 0.9208842490234375 0.89057858984375 0.924498578125 0.8998960302734375 0.9239898837890625 0.902542517578125 0.9230147099609375 0.9095829697265625 0.888700015625
1 0.95893521875 0.927731560546875 0.96846795703125 0.92414396484375 0.969976859375 0.9099399287109375 0.972137109375 0.908544009765625 0.9733750712890625 0.8908403271484375 0.96527231640625 0.8887267490234375 0.9368875810546875 0.8890623623046875 0.9252465986328124 0.8859278779296875 0.9164692197265625 0.8860875927734375 0.91104168359375 0.8899622529296874 0.9074801806640626 0.9040227568359375 0.9053504794921875 0.9197303603515625 0.9071877822265625 0.9229527939453125 0.95893521875 0.927731560546875
1 0.9118777802734375 0.8853797841796875 0.9223579013671875 0.8903668154296875 0.9520793369140625 0.8893511845703125 0.968675982421875 0.89167196875 0.9734019833984375 0.89045546484375 0.9771427822265625 0.836959552734375 0.9078136767578125 0.832885078125 0.9050595400390625 0.8353997021484375 0.9053843046875 0.8381296240234375 0.916081541015625 0.84738602734375 0.9182974326171875 0.8525686572265625 0.9118777802734375 0.8853797841796875
1 0.847920568359375 0.8708521015625 0.84738232421875 0.8785493544921875 0.8531042060546875 0.88435112890625 0.8622490166015625 0.8853746337890624 0.912719947265625 0.8885198671875 0.9212417734375 0.85470826953125 0.9204845947265625 0.8507878759765625 0.9133255869140625 0.84255237890625 0.9000625986328125 0.8331165595703125 0.8503408505859374 0.8288661865234375 0.8466142373046875 0.8305393193359375 0.846237466796875 0.8359273974609375 0.8526127509765625 0.847450724609375 0.847920568359375 0.8708521015625
1 0.790144435546875 0.8416736044921875 0.7866691240234375 0.876624341796875 0.7879663642578125 0.8801957548828125 0.823346818359375 0.8830565419921875 0.8293700595703125 0.885411451171875 0.8438459150390625 0.88487672265625 0.8474899736328125 0.877009904296875 0.850884548828125 0.8432137548828125 0.8367836474609375 0.8310121318359375 0.8301934306640625 0.8293910654296875 0.79529921484375 0.8269510234375 0.7870080751953125 0.827531484375 0.7843077626953125 0.8292763828125 0.783146900390625 0.8311289296875 0.790144435546875 0.8416736044921875
1 0.7812146748046875 0.8808838642578125 0.7846165234375 0.876480810546875 0.7877994375 0.860460109375 0.789604373046875 0.842022583984375 0.7883071337890625 0.8384511708984375 0.7789878740234375 0.831611591796875 0.774719380859375 0.8262854306640625 0.7300483984375 0.8235484755859375 0.720704044921875 0.824442033203125 0.7203272744140625 0.8298301103515625 0.724732146484375 0.840580232421875 0.722229310546875 0.8763724619140625 0.7812146748046875 0.8808838642578125
0 0.0439453125 0.51953125 0.072265625 0.521484375 0.0791015625 0.5244140625 0.080078125 0.53125 0.0771484375 0.537109375 0.0771484375 0.5439453125 0.072265625 0.548828125 0.04296875 0.5458984375 0.029296875 0.5478515625 0.021484375 0.544921875 0.021484375 0.53515625 0.025390625 0.5234375 0.0302734375 0.51953125 0.04296875 0.51953125
0 0.9599609375 0.4072265625 0.978515625 0.412109375 0.9833984375 0.416015625 0.9873046875 0.4248046875 0.9873046875 0.431640625 0.9814453125 0.43359375 0.9599609375 0.431640625 0.9501953125 0.42578125 0.9501953125 0.4228515625 0.94140625 0.4111328125 0.94140625 0.4072265625 0.943359375 0.404296875 0.958984375 0.4072265625
0 0.919921875 0.5830078125 0.9248046875 0.5849609375 0.94140625 0.5849609375 0.9443359375 0.5869140625 0.943359375 0.607421875 0.9462890625 0.611328125 0.947265625 0.6240234375 0.94140625 0.626953125 0.91015625 0.6240234375 0.9052734375 0.62109375 0.9013671875 0.59765625 0.9033203125 0.583984375 0.9052734375 0.58203125 0.9189453125 0.5830078125
0 0.38671875 0.7158203125 0.41015625 0.7177734375 0.4111328125 0.7275390625 0.4052734375 0.73046875 0.3837890625 0.728515625 0.3837890625 0.71875 0.3857421875 0.716796875
0 0.0322265625 0.693359375 0.0341796875 0.6953125 0.033203125 0.7060546875 0.02734375 0.708984375 0.0234375 0.70703125 0.0126953125 0.7080078125 0.001953125 0.7060546875 0.0029296875 0.693359375 0.0068359375 0.69140625 0.03125 0.693359375
0 0.3662109375 0.7861328125 0.384765625 0.7861328125 0.3935546875 0.7890625 0.3935546875 0.796875 0.390625 0.7998046875 0.384765625 0.80078125 0.3662109375 0.7978515625 0.3662109375 0.787109375
0 0.548828125 0.3642578125 0.578125 0.3671875 0.583984375 0.3720703125 0.5849609375 0.3818359375 0.5830078125 0.3857421875 0.5712890625 0.390625 0.5458984375 0.388671875 0.5361328125 0.3837890625 0.5361328125 0.369140625 0.5390625 0.365234375 0.5478515625 0.3642578125
0 0.220703125 0.533203125 0.22265625 0.5341796875 0.220703125 0.5458984375 0.2158203125 0.548828125 0.19140625 0.5458984375 0.189453125 0.5380859375 0.19140625 0.5322265625 0.1962890625 0.5302734375 0.2197265625 0.533203125
0 0.30859375 0.5400390625 0.3349609375 0.54296875 0.3369140625 0.544921875 0.3359375 0.5556640625 0.333984375 0.5576171875 0.3115234375 0.556640625 0.306640625 0.5546875 0.306640625 0.54296875 0.30859375 0.541015625
0 0.951171875 0.8193359375 0.953125 0.8212890625 0.953125 0.830078125 0.951171875 0.83203125 0.93359375 0.83203125 0.9296875 0.830078125 0.9296875 0.8212890625 0.931640625 0.8193359375 0.9501953125 0.8193359375
0 0.8603515625 0.4013671875 0.865234375 0.40234375 0.869140625 0.40625 0.875 0.4169921875 0.8740234375 0.421875 0.8642578125 0.4248046875 0.845703125 0.4248046875 0.833984375 0.421875 0.8251953125 0.4091796875 0.8251953125 0.4033203125 0.828125 0.3994140625 0.859375 0.4013671875
0 0.552734375 0.7939453125 0.5732421875 0.7958984375 0.5751953125 0.8037109375 0.572265625 0.8095703125 0.552734375 0.8095703125 0.548828125 0.8076171875 0.546875 0.8037109375 0.5478515625 0.794921875 0.5517578125 0.7939453125
0 0.9599609375 0.7568359375 0.96875 0.7578125 0.97265625 0.7607421875 0.9716796875 0.7685546875 0.962890625 0.7705078125 0.9482421875 0.7685546875 0.94921875 0.7587890625 0.958984375 0.7568359375
0 0.2626953125 0.78125 0.287109375 0.78125 0.291015625 0.783203125 0.291015625 0.7919921875 0.2890625 0.794921875 0.2724609375 0.7958984375 0.2626953125 0.794921875 0.2607421875 0.79296875 0.2626953125 0.7822265625
0 0.4921875 0.908203125 0.5068359375 0.9091796875 0.5107421875 0.912109375 0.5107421875 0.9208984375 0.5068359375 0.9248046875 0.482421875 0.921875 0.484375 0.9091796875 0.4912109375 0.908203125
0 0.4072265625 0.5498046875 0.4208984375 0.55078125 0.421875 0.5595703125 0.419921875 0.564453125 0.3955078125 0.5634765625 0.392578125 0.5615234375 0.39453125 0.55078125 0.40625 0.5498046875
0 0.4765625 0.556640625 0.4970703125 0.5576171875 0.501953125 0.55859375 0.50390625 0.5615234375 0.501953125 0.5712890625 0.4765625 0.5703125 0.474609375 0.5673828125 0.4765625 0.5576171875
0 0 0.765625 0.0029296875 0.765625 0.0048828125 0.76953125 0.00390625 0.779296875 0 0.78125 0 0.7666015625
0 0.7861328125 0.9208984375 0.798828125 0.921875 0.80078125 0.923828125 0.80078125 0.93359375 0.7890625 0.9365234375 0.77734375 0.9345703125 0.775390625 0.931640625 0.7763671875 0.9228515625 0.78515625 0.921875
0 0.658203125 0.5732421875 0.6865234375 0.5751953125 0.697265625 0.578125 0.6982421875 0.599609375 0.6962890625 0.603515625 0.671875 0.6025390625 0.6533203125 0.5986328125 0.6533203125 0.57421875 0.6572265625 0.5732421875
0 0.3662109375 0.904296875 0.376953125 0.904296875 0.3818359375 0.9072265625 0.380859375 0.91796875 0.37890625 0.9189453125 0.353515625 0.9189453125 0.3525390625 0.908203125 0.3544921875 0.9052734375 0.365234375 0.904296875
0 0.2119140625 0.7060546875 0.2119140625 0.7177734375 0.2080078125 0.7197265625 0.1826171875 0.716796875 0.181640625 0.70703125 0.1845703125 0.7041015625 0.2109375 0.7060546875
0 0.119140625 0.7724609375 0.1298828125 0.7744140625 0.1298828125 0.7861328125 0.126953125 0.7880859375 0.1015625 0.7861328125 0.099609375 0.7763671875 0.1025390625 0.7724609375 0.1181640625 0.7724609375
0 0 0.892578125 0.0068359375 0.8955078125 0.0048828125 0.90625 0 0.908203125 0 0.8935546875
0 0.96484375 0.9345703125 0.0126953125 0.017578125
0 0.8203125 0.7470703125 0.8408203125 0.7490234375 0.841796875 0.7568359375 0.8369140625 0.76171875 0.81640625 0.7587890625 0.8154296875 0.755859375 0.8193359375 0.7470703125
0 0.498046875 0.35546875 0.5146484375 0.3564453125 0.5205078125 0.361328125 0.5234375 0.3779296875 0.521484375 0.380859375 0.5146484375 0.3828125 0.4853515625 0.3818359375 0.478515625 0.3798828125 0.474609375 0.375 0.474609375 0.357421875 0.48046875 0.35546875 0.4970703125 0.35546875
0 0.8173828125 0.8115234375 0.8212890625 0.8125 0.8212890625 0.8232421875 0.8193359375 0.8251953125 0.796875 0.822265625 0.796875 0.8125 0.80078125 0.810546875 0.81640625 0.8115234375
0 0.6640625 0.802734375 0.677734375 0.802734375 0.6796875 0.8046875 0.6787109375 0.814453125 0.6689453125 0.81640625 0.654296875 0.814453125 0.6533203125 0.8125 0.654296875 0.8046875 0.65625 0.802734375 0.6630859375 0.802734375
0 0.6044921875 0.9150390625 0.6142578125 0.9150390625 0.6162109375 0.9169921875 0.6162109375 0.927734375 0.6142578125 0.9287109375 0.5908203125 0.9287109375 0.5888671875 0.9267578125 0.5908203125 0.9150390625 0.603515625 0.9150390625
0 0.4921875 0.72265625 0.5146484375 0.7236328125 0.5185546875 0.7255859375 0.5166015625 0.736328125 0.4990234375 0.736328125 0.490234375 0.734375 0.4921875 0.7236328125
0 0.4404296875 0.7880859375 0.455078125 0.7900390625 0.453125 0.802734375 0.4296875 0.8017578125 0.427734375 0.7998046875 0.4287109375 0.7900390625 0.439453125 0.7880859375
0 0.51953125 0.7939453125 0.51953125 0.8017578125 0.5166015625 0.806640625 0.4921875 0.8046875 0.4912109375 0.80078125 0.494140625 0.7919921875 0.5185546875 0.7939453125
0 0.5830078125 0.728515625 0.599609375 0.73046875 0.6015625 0.732421875 0.599609375 0.744140625 0.5751953125 0.7421875 0.5751953125 0.73046875 0.58203125 0.728515625
0 0.609375 0.3701171875 0.611328125 0.3720703125 0.63671875 0.3740234375 0.6396484375 0.3759765625 0.6435546875 0.3818359375 0.64453125 0.3935546875 0.6376953125 0.396484375 0.6015625 0.39453125 0.595703125 0.38671875 0.5947265625 0.375 0.5966796875 0.37109375 0.6083984375 0.3701171875
0 0.7080078125 0.73828125 0.7099609375 0.740234375 0.724609375 0.7412109375 0.7236328125 0.751953125 0.7001953125 0.7509765625 0.7001953125 0.7392578125 0.70703125 0.73828125
0 0.09765625 0.8955078125 0.1259765625 0.896484375 0.1279296875 0.8984375 0.125 0.9111328125 0.1005859375 0.9111328125 0.095703125 0.9091796875 0.0947265625 0.9013671875 0.09765625 0.896484375
0 0.720703125 0.3837890625 0.72265625 0.3857421875 0.734375 0.3857421875 0.7490234375 0.3896484375 0.7548828125 0.40234375 0.7548828125 0.4111328125 0.7529296875 0.412109375 0.720703125 0.4091796875 0.7197265625 0.4072265625 0.7109375 0.4052734375 0.70703125 0.3955078125 0.7080078125 0.384765625 0.7119140625 0.3828125 0.7197265625 0.3837890625
0 0.228515625 0.900390625 0.23046875 0.90234375 0.23046875 0.9111328125 0.2275390625 0.9150390625 0.2001953125 0.9130859375 0.2001953125 0.90234375 0.2021484375 0.8994140625 0.2275390625 0.900390625