1 0.083864609375 0.30091973046875 0.109927623046875 0.2975502490234375 0.113844439453125 0.294569146484375 0.111041931640625 0.2692399765625 0.0955954189453125 0.262198466796875 0.0841984638671875 0.2614484404296875 0.028966625 0.2680178388671875 0.01935133203125 0.2706239287109375 0.0164608154296875 0.273533265625 0.0167819443359375 0.285499890625 0.0251483671875 0.3092797607421875 0.067226685546875 0.3063373583984375 0.083864609375 0.30091973046875
1 0.109907982421875 0.2677722919921875 0.1121489697265625 0.2703227978515625 0.11543771484375 0.2952312236328125 0.1186511767578125 0.2969402392578125 0.1406628115234375 0.294627546875 0.1607564072265625 0.29438269921875 0.1667527373046875 0.291642927734375 0.18379434375 0.2919982412109375 0.20008058984375 0.2889256728515625 0.2093711181640625 0.28904950390625 0.211829220703125 0.2873306396484375 0.2111313212890625 0.2699759365234375 0.20300347265625 0.264356376953125 0.18199304296875 0.25886416796875 0.111906759765625 0.26685903515625 0.109907982421875 0.2677722919921875
1 0.0537804091796875 0.4016432861328125 0.0854880751953125 0.397879091796875 0.0996678955078125 0.394180330078125 0.0911705478515625 0.353779599609375 0.0871209873046875 0.3474881142578125 0.0836365859375 0.34927874609375 0.0348604013671875 0.3523027646484375 0.015009015625 0.3560113759765625 0.010579048828125 0.359028361328125 0.0144347685546875 0.38467062890625 0.02126355859375 0.4012098740234375 0.0347669384765625 0.4025860927734375 0.0537804091796875 0.4016432861328125
1 0.0876341376953125 0.3474522314453125 0.0877992470703125 0.3350648603515625 0.083484203125 0.310228201171875 0.0804878564453125 0.3042498134765625 0.0334395078125 0.309860220703125 0.0248236025390625 0.3120096826171875 0.0208798740234375 0.3146059228515625 0.025302568359375 0.3409820322265625 0.028514212890625 0.3500393212890625 0.030674462890625 0.351435240234375 0.0482292197265625 0.351754669921875 0.0876341376953125 0.3474522314453125
1 0.088129466796875 0.3102901171875 0.093443900390625 0.3346701474609375 0.0931980546875 0.3459029306640625 0.0975185537109375 0.3486947685546875 0.108402357421875 0.349480677734375 0.1682794619140625 0.3429731953125 0.1732764033203125 0.3406900517578125 0.1676408408203125 0.304343396484375 0.163808396484375 0.2937825380859375 0.1406358994140625 0.29424268359375 0.0970988671875 0.2984473232421875 0.0898071142578125 0.2974102333984375 0.0858633857421875 0.300006474609375 0.08308051953125 0.30445526171875 0.088129466796875 0.3102901171875
1 0.2788042373046875 0.3012110283203125 0.2721889267578125 0.295098958984375 0.257903275390625 0.2899099951171875 0.2535020390625 0.2859635693359375 0.1873056591796875 0.2905924716796875 0.1746922001953125 0.294568447265625 0.16696803515625 0.2947218291015625 0.1728207138671875 0.32679911328125 0.17665315625 0.3373599697265625 0.181486806640625 0.3401159248046875 0.2165694072265625 0.340369921875 0.22621161328125 0.3381486953125 0.2533816630859375 0.33586203515625 0.255812853515625 0.3337583076171875 0.27482632421875 0.3328155 0.2788777021484375 0.3317587119140625 0.28217371875 0.3272740419921875 0.287899107421875 0.3280339169921875 0.2862018203125 0.311135841796875 0.2788024189453125 0.3085593017578125 0.2788042373046875 0.3012110283203125
1 0.1741125 0.345272521484375 0.1457008515625 0.3445520458984375 0.14016384765625 0.3464862080078125 0.121150376953125 0.347429015625 0.0946549501953125 0.3519889677734375 0.1035039755859375 0.3900446396484375 0.1074458857421875 0.394796673828125 0.1137113369140625 0.395905529296875 0.16208201953125 0.3944568447265625 0.1834190322265625 0.3898708583984375 0.1741125 0.345272521484375
1 0.0307584765625 0.44850225 0.034512001953125 0.4505602451171875 0.0996820810546875 0.446003109375 0.1052729091796875 0.4448386708984375 0.1097028759765625 0.441821685546875 0.1028795400390625 0.403237619140625 0.098910716796875 0.39810072265625 0.091753525390625 0.398987947265625 0.0822189697265625 0.402748625 0.064177974609375 0.4028499404296875 0.0555889814453125 0.405384263671875 0.0282305458984375 0.404976884765625 0.021774890625 0.4085222646484375 0.0282483681640625 0.4421031162109375 0.0307584765625 0.44850225
1 0.189241162109375 0.4362598271484375 0.185333435546875 0.402499560546875 0.1816893779296875 0.3946327431640625 0.1082281572265625 0.3986094169921875 0.10525690625 0.400364166015625 0.11075790625 0.4347865087890625 0.1144557890625 0.443423052734375 0.1273921943359375 0.4440654296875 0.15969374609375 0.4414199404296875 0.18067908203125 0.4391790126953125 0.189241162109375 0.4362598271484375
1 0.1939940751953125 0.4378611943359375 0.2361531298828125 0.4360733798828125 0.247334787109375 0.43374450390625 0.268400859375 0.4326581650390625 0.27493725 0.430267373046875 0.269405701171875 0.41015671484375 0.267925529296875 0.388989267578125 0.264631330078125 0.3861256650390625 0.222931599609375 0.38710787109375 0.2035664521484375 0.3903957373046875 0.19424901171875 0.389887041015625 0.18822576953125 0.3922419501953125 0.185848404296875 0.395115404296875 0.1923200634765625 0.436044529296875 0.1939940751953125 0.4378611943359375
1 0.2492153642578125 0.36477246875 0.252188435546875 0.355669447265625 0.253677697265625 0.3400955244140625 0.240228142578125 0.33948903125 0.1874274931640625 0.343954701171875 0.1867510517578125 0.349029681640625 0.19976273828125 0.3728714677734375 0.20408323828125 0.3756633056640625 0.2374110908203125 0.37294605078125 0.2449199599609375 0.369713767578125 0.2492153642578125 0.36477246875
1 0.34480641796875 0.4265418779296875 0.3503703349609375 0.424992578125 0.348811244140625 0.39532226953125 0.3459243642578125 0.3835350576171875 0.3432240517578125 0.38179016015625 0.3092484873046875 0.382618984375 0.2800796611328125 0.385818900390625 0.2740025947265625 0.387404083984375 0.272111466796875 0.38985679296875 0.272890103515625 0.408366083984375 0.2757213408203125 0.4267318427734375 0.278043064453125 0.4304369384765625 0.34480641796875 0.4265418779296875
1 0.412241119140625 0.3290076904296875 0.409054568359375 0.327683537109375 0.388042322265625 0.3295396015625 0.3755921552734375 0.3284764794921875 0.3530404580078125 0.33044019140625 0.34690956640625 0.331255650390625 0.3426948974609375 0.337351537109375 0.343365884765625 0.3543213779296875 0.34805951953125 0.3771978408203125 0.35027359375 0.379363484375 0.3532717587890625 0.3779935986328125 0.370826515625 0.378313029296875 0.3990228662109375 0.375954603515625 0.4115824990234375 0.3712089033203125 0.4229794541015625 0.3719589287109375 0.4269500947265625 0.36974755078125 0.428600830078125 0.3564828056640625 0.424605095703125 0.3509610458984375 0.4234191396484375 0.3413753623046875 0.4282007822265625 0.336013318359375 0.4266362373046875 0.328387830078125 0.4229634501953125 0.3274844228515625 0.412241119140625 0.3290076904296875
1 0.409648455078125 0.3288022431640625 0.4102943486328125 0.3380389462890625 0.4270111904296875 0.341124181640625 0.43038430859375 0.352490646484375 0.42967913671875 0.3645290390625 0.433080984375 0.3689320927734375 0.44347855078125 0.3701387470703125 0.463005171875 0.3691600576171875 0.49328103515625 0.367042962890625 0.50187002734375 0.364508638671875 0.5035189453125 0.3585921669921875 0.503174541015625 0.331544130859375 0.502609384765625 0.3234620146484375 0.4997745107421875 0.3197928037109375 0.434658255859375 0.3251196640625 0.4241243115234375 0.329336970703125 0.409648455078125 0.3288022431640625
1 0.50940580859375 0.36166121875 0.518479220703125 0.3660544228515625 0.53384681640625 0.3645930712890625 0.5388437568359375 0.3623099287109375 0.5550205361328125 0.36504618359375 0.575952046875 0.36203553125 0.57986886328125 0.3590544287109375 0.579549552734375 0.3397395302734375 0.5767452275390625 0.3217586328125 0.5724247275390625 0.3189667958984375 0.565159888671875 0.318314568359375 0.5154381396484375 0.32256494140625 0.5090363095703125 0.3268800458984375 0.509762939453125 0.3372713388671875 0.5074393984375 0.3409145166015625 0.50940580859375 0.36166121875
1 0.659376958984375 0.2571952861328125 0.657189796875 0.2554145048828125 0.6545433095703125 0.25443933203125 0.5852142041015626 0.2585138056640625 0.5757334716796875 0.263044208984375 0.5781555712890625 0.2976818486328125 0.58055803125 0.3025415322265625 0.5848785302734375 0.3053333701171875 0.6517495341796875 0.30297776171875 0.6623103916015625 0.2991453173828125 0.659376958984375 0.2571952861328125
1 0.4200889375 0.3748682646484375 0.4061800576171875 0.37506737890625 0.4006699658203125 0.3773864052734375 0.389839986328125 0.37737022265625 0.376659552734375 0.38061235546875 0.3503274189453125 0.3801332099609375 0.3493818544921875 0.381359564453125 0.3529360859375 0.4248131630859375 0.404871908203125 0.4227284345703125 0.4314480712890625 0.4193230703125 0.4272173984375 0.380944451171875 0.4200889375 0.3748682646484375
1 0.509473818359375 0.4142537236328125 0.5093679873046875 0.4053659990234375 0.5067233173828125 0.3970425517578125 0.507024806640625 0.37923121875 0.5031923623046874 0.3686703623046875 0.43283695703125 0.372816603515625 0.4284877275390625 0.37698817578125 0.43420584375 0.407141146484375 0.432987521484375 0.4192154208984375 0.4608321953125 0.4192020556640625 0.4914328232421875 0.4143550390625 0.509473818359375 0.4142537236328125
1 0.516117859375 0.4134023818359375 0.529540501953125 0.4136240126953125 0.5745631611328125 0.408542 0.585906291015625 0.408522298828125 0.5893906943359375 0.40673166796875 0.585782638671875 0.3625083427734375 0.5820829375 0.3612200732421875 0.5556682470703125 0.3669346142578125 0.5400584423828125 0.364932201171875 0.513914693359375 0.367147095703125 0.510430291015625 0.3689377265625 0.507026625 0.3718829462890625 0.511662798828125 0.4086862314453125 0.516117859375 0.4134023818359375
1 0.621638421875 0.403316453125 0.655181572265625 0.403678099609375 0.6693883056640625 0.400364201171875 0.6707124580078125 0.397177650390625 0.6686365810546875 0.382239771484375 0.669587599609375 0.35896859765625 0.6667527255859375 0.355299384765625 0.5952633701171876 0.3579779404296875 0.5898340146484375 0.3614515546875 0.59284691015625 0.3824151376953125 0.593334421875 0.4041354287109375 0.596061646484375 0.406265189453125 0.621638421875 0.403316453125
1 0.7498990673828125 0.3939608505859375 0.7538697080078125 0.391749474609375 0.7550862119140626 0.38702347265625 0.75306961328125 0.350810498046875 0.749694677734375 0.346792306640625 0.7246848779296875 0.3504748857421875 0.6785282685546875 0.35408921484375 0.67250502734375 0.356444123046875 0.6712885234375 0.3611701240234375 0.6730090869140625 0.393149609375 0.6749522216796875 0.3988148994140625 0.7417155751953125 0.3949198408203125 0.7498990673828125 0.3939608505859375
1 0.74529925390625 0.21019208984375 0.7444093330078125 0.204839896484375 0.74160137109375 0.201555546875 0.668464916015625 0.2028022998046875 0.6624955 0.205926935546875 0.6577676806640625 0.2120587041015625 0.655765267578125 0.227668509765625 0.6568399384765625 0.2504112900390625 0.6617274130859375 0.2539369697265625 0.739726248046875 0.248482759765625 0.7446693642578125 0.2454298916015625 0.74529925390625 0.21019208984375
1 0.8263249853515625 0.196404583984375 0.8122546298828125 0.1942945224609375 0.757266818359375 0.1969794111328125 0.7450319501953125 0.198995189453125 0.744653361328125 0.20095538671875 0.748261416015625 0.2451787109375 0.7966051865234375 0.2433451640625 0.82118257421875 0.2408530556640625 0.826179515625 0.2385699140625 0.82864670703125 0.2001096787109375 0.8263249853515625 0.196404583984375
1 0.7465568564453124 0.2576737314453125 0.7439660107421875 0.2501200107421875 0.6792014326171875 0.2531018125 0.667965953125 0.254660962890625 0.664076048828125 0.258026927734375 0.66646941796875 0.2996279794921875 0.66819725390625 0.302214369140625 0.688830912109375 0.302318501953125 0.7420639755859375 0.2966623603515625 0.747087828125 0.294764080078125 0.7465568564453124 0.2576737314453125
1 0.831389935546875 0.2467139462890625 0.8280150009765626 0.24269575390625 0.752068765625 0.2480064326171875 0.7506907880859375 0.2504232568359375 0.7539758974609375 0.2900282294921875 0.757998544921875 0.2959348515625 0.7749863271484375 0.2955204384765625 0.81900959765625 0.2908950537109375 0.83273009375 0.288001900390625 0.831389935546875 0.2467139462890625
1 0.7587699091796875 0.3438372373046875 0.790612134765625 0.341997357421875 0.7979038876953125 0.3430344462890625 0.823966900390625 0.33966496484375 0.8347968798828125 0.3396811474609375 0.839226845703125 0.336664162109375 0.839020638671875 0.2968438916015625 0.8344579287109375 0.290588291015625 0.75910558203125 0.297017673828125 0.7561612412109375 0.2991572841796875 0.7553771513671875 0.302692814453125 0.753912982421875 0.325999873046875 0.755475708984375 0.3409736337890625 0.7587699091796875 0.3438372373046875
1 0.6751642412109375 0.305981380859375 0.670194212890625 0.3086493857421875 0.668355091796875 0.3192200927734375 0.669806533203125 0.347350951171875 0.6722359052734375 0.35259549609375 0.741889775390625 0.3457911005859375 0.74985796875 0.341753208984375 0.74638265625 0.30680247265625 0.742386921875 0.301280712890625 0.6751642412109375 0.305981380859375
1 0.633491423828125 0.30734844921875 0.6315195595703125 0.3086465693359375 0.6158734365234375 0.3085804189453125 0.6097250400390625 0.306689888671875 0.6000828349609375 0.3089111162109375 0.5958430712890626 0.3072738671875 0.58676783984375 0.310228935546875 0.581988015625 0.30824270703125 0.5801237998046875 0.31108027734375 0.57858253125 0.3185362001953125 0.581090822265625 0.332283607421875 0.58333180859375 0.3348341142578125 0.583923876953125 0.3433010927734375 0.5890786552734375 0.3580236728515625 0.5958572568359375 0.3590966455078125 0.6013942607421875 0.3571624814453125 0.624593669921875 0.35708719921875 0.63010376171875 0.354768173828125 0.6413661552734375 0.3535938857421875 0.6512505703125 0.354836423828125 0.6656187763671875 0.353831701171875 0.6685362041015624 0.3513072265625 0.6674382578125 0.3134830361328125 0.6642804375 0.3051954716796875 0.633491423828125 0.30734844921875
1 0.8388733505859375 0.3463574951171875 0.83709169140625 0.3430013798828125 0.826667212890625 0.3414098623046875 0.767168697265625 0.3459571484375 0.7620641083984375 0.346700841796875 0.7581742041015626 0.350066806640625 0.75739011328125 0.3536023359375 0.759108859375 0.3929300947265625 0.8201737373046875 0.3886600224609375 0.833948056640625 0.3865365947265625 0.838404935546875 0.3839044716796875 0.8388733505859375 0.3463574951171875
1 0.8294020673828125 0.2035375595703125 0.8309397001953125 0.210778185546875 0.8303134462890625 0.2313194384765625 0.8324736962890625 0.232715357421875 0.886840708984375 0.2285269013671875 0.892917775390625 0.226941716796875 0.9028021904296875 0.2281842548828125 0.9212217744140625 0.2261227431640625 0.9262187158203125 0.223839599609375 0.9278407216796875 0.2175382646484375 0.9252320546875 0.1728583125 0.916427763671875 0.172313734375 0.873890119140625 0.1760617451171875 0.8404546171875 0.1772395498046875 0.836943302734375 0.178645318359375 0.834700498046875 0.1834430849609375 0.8294020673828125 0.2035375595703125
1 0.84427615234375 0.231890048828125 0.83203946484375 0.2412541015625 0.832873744140625 0.2531848447265625 0.8353300283203124 0.2588142529296875 0.835999197265625 0.2831323681640625 0.840346609375 0.2863090673828125 0.8448842255859375 0.284831533203125 0.8480976875 0.286540548828125 0.870136234375 0.28461271875 0.885396181640625 0.281611916015625 0.922829236328125 0.2786075986328125 0.9293656279296875 0.2762168056640625 0.93074360546875 0.2737999814453125 0.9301820849609375 0.251021318359375 0.9264842021484375 0.2423847734375 0.9254884501953125 0.2281448544921875 0.894051724609375 0.2284094013671875 0.84427615234375 0.231890048828125
1 0.8818579541015625 0.2826328232421875 0.873242048828125 0.2847822841796875 0.8542016650390625 0.2853402275390625 0.848610837890625 0.286504666015625 0.84075029296875 0.2920820078125 0.838480576171875 0.296494912109375 0.840719744140625 0.3063936923828125 0.839476328125 0.3107348310546875 0.842741796875 0.320561845703125 0.84306292578125 0.3325284716796875 0.84641094921875 0.33616180078125 0.90493698828125 0.332456005859375 0.9248421982421875 0.3295171201171875 0.9277058017578125 0.3262229208984375 0.9312440283203125 0.3252020146484375 0.930007884765625 0.3001500576171875 0.932143041015625 0.2938128408203125 0.9293099853515625 0.2827953544921875 0.9260696103515625 0.2807014765625 0.91521271875 0.2803004306640625 0.8818579541015625 0.2826328232421875
1 0.091100001953125 0.529753306640625 0.08945290234375 0.5283215048828125 0.0662534931640625 0.528396787109375 0.045268158203125 0.53063771484375 0.041783755859375 0.532428345703125 0.0511404755859375 0.5924929560546875 0.056106869140625 0.6045214970703126 0.083924630859375 0.6041232685546875 0.101291001953125 0.60174866015625 0.1052078173828125 0.5987675576171875 0.091100001953125 0.529753306640625
1 0.1531748173828125 0.5915459326171875 0.140254775390625 0.524769091796875 0.138094525390625 0.5233731728515625 0.1282639345703125 0.522900361328125 0.1097905263671875 0.5241921474609375 0.09955443359375 0.525294669921875 0.0925587158203125 0.5284910703125 0.0991649365234375 0.5713445087890625 0.104857958984375 0.59376434375 0.11136562109375 0.5983369619140625 0.149905712890625 0.59641546484375 0.1531748173828125 0.5915459326171875
1 0.2016800615234375 0.5920215615234375 0.2030580390625 0.589604736328125 0.201685515625 0.569976740234375 0.1936223994140625 0.521037263671875 0.1893557236328125 0.51901515234375 0.182144708984375 0.519132650390625 0.16323888671875 0.521614908203125 0.149276181640625 0.521044296875 0.14581869140625 0.523219791015625 0.145115337890625 0.52790991015625 0.156522841796875 0.59517926171875 0.160222541015625 0.59646753125 0.2016800615234375 0.5920215615234375
1 0.219180994140625 0.591571265625 0.2503755087890625 0.587842955078125 0.251753486328125 0.5854261298828125 0.2486549453125 0.5558634697265625 0.24366709375 0.521405244140625 0.240724572265625 0.5161965810546875 0.238024259765625 0.5144516826171875 0.206235857421875 0.5170612880859375 0.1955673515625 0.51935428125 0.1993656103515625 0.55892337109375 0.20570452734375 0.5905799091796875 0.2088910771484375 0.5919040625 0.219180994140625 0.591571265625
1 0.2981166611328125 0.5110231015625 0.2970096240234375 0.509940279296875 0.2903386708984375 0.5104067578125 0.27362001171875 0.5146697978515625 0.2657343720703125 0.5125140029296875 0.259063419921875 0.5129804814453125 0.2545796279296875 0.5152277412109375 0.2636923212890625 0.579176861328125 0.270092333984375 0.5822100302734375 0.3085516884765625 0.5791339453125 0.3024873486328125 0.5292812119140625 0.2981166611328125 0.5110231015625
1 0.303621298828125 0.5307488974609375 0.310496640625 0.577450962890625 0.3121706533203125 0.5792676279296874 0.3302116474609375 0.5791663115234374 0.3500899453125 0.5758425625 0.35154866015625 0.574580326171875 0.3514159169921875 0.56530773828125 0.348152265625 0.5481324501953125 0.350260509765625 0.5414103701171875 0.3456494296875 0.5123402216796875 0.3426261708984375 0.5059769716796875 0.3394665322265625 0.5050376806640625 0.32253257421875 0.506221818359375 0.307191892578125 0.5080680322265625 0.3026811884765625 0.5099304296875 0.303621298828125 0.5307488974609375
1 0.408375591796875 0.5613247294921875 0.403493572265625 0.5357542294921875 0.4025821923828125 0.5079723505859375 0.400908181640625 0.5061556865234375 0.3848121376953125 0.5045740185546875 0.3648800166015625 0.50712804296875 0.3624219140625 0.508846908203125 0.36530333984375 0.5426789404296875 0.37053521875 0.57325265625 0.3982991552734375 0.572084701171875 0.4061866123046875 0.56689222265625 0.408375591796875 0.5613247294921875
1 0.487632388671875 0.4927431923828125 0.4798813095703125 0.4925117109375 0.4717516435546875 0.49424042578125 0.452603611328125 0.493258919921875 0.4449870947265625 0.494951751953125 0.4497756513671875 0.57080558203125 0.4508826884765625 0.571888404296875 0.4637383564453125 0.571376193359375 0.495986083984375 0.5679609775390625 0.4908996748046875 0.49522193359375 0.487632388671875 0.4927431923828125
1 0.5406839794921875 0.5656088857421875 0.5431151689453125 0.5635051572265625 0.5429824267578125 0.5542325712890624 0.536435484375 0.4901040361328125 0.535328447265625 0.4890212138671875 0.53030459375 0.490919494140625 0.492439125 0.4951142841796875 0.4979848603515625 0.567047720703125 0.4990918974609375 0.56813054296875 0.51397325390625 0.5670899375 0.5223182197265624 0.568440123046875 0.5406839794921875 0.5656088857421875
1 0.593247873046875 0.5356346298828125 0.587777419921875 0.4869006025390625 0.5769474404296875 0.4868844189453125 0.559121744140625 0.49006463671875 0.5461853388671875 0.489422259765625 0.5444825966796875 0.4945690068359375 0.544911375 0.5080750830078125 0.5492729716796875 0.5630745625 0.5688803291015625 0.5632504599609375 0.592431416015625 0.560830119140625 0.59426871875 0.557607685546875 0.593247873046875 0.5356346298828125
1 0.5909101455078125 0.4874550302734375 0.595915818359375 0.55903948828125 0.6171164521484375 0.5598774619140625 0.6391549990234375 0.5579496318359375 0.6416131015625 0.556230767578125 0.6422088056640625 0.5500011982421875 0.6360942783203125 0.4846821923828125 0.6327731669921876 0.4814337265625 0.5909101455078125 0.4874550302734375
1 0.692522623046875 0.5542178046875 0.69344491015625 0.537910041015625 0.68991941015625 0.4874930302734375 0.6877071533203125 0.4779791123046875 0.670638634765625 0.4772389365234375 0.6641022431640625 0.479629728515625 0.6455211865234375 0.4793820634765625 0.642090607421875 0.4819424208984375 0.6417371123046876 0.49163575390625 0.646258365234375 0.5562926826171875 0.647878552734375 0.5573396220703125 0.6715372880859375 0.5564587314453125 0.692522623046875 0.5542178046875
1 0.7402186826171875 0.5504958271484375 0.742138541015625 0.54107970703125 0.7382668173828125 0.470962935546875 0.734053966796875 0.469710548828125 0.697214798828125 0.473833572265625 0.6893004287109376 0.478641189453125 0.6869499755859375 0.481899505859375 0.6907806005859375 0.4998086357421875 0.6939813369140625 0.5529555673828125 0.6981941875 0.5542079541015625 0.7207997109375 0.553013966796875 0.7402186826171875 0.5504958271484375
1 0.790873626953125 0.4858480478515625 0.7886075458984375 0.475564404296875 0.7808851982421875 0.46836951171875 0.761114548828125 0.4732327119140625 0.74312737890625 0.474103751953125 0.741559197265625 0.4811748125 0.7421458134765625 0.5116866123046875 0.74418932421875 0.54828444921875 0.755667013671875 0.5501890634765625 0.7920737685546875 0.547256509765625 0.793424833984375 0.544454822265625 0.790873626953125 0.4858480478515625
1 0.7966921201171875 0.5469335634765625 0.838770439453125 0.5439911611328125 0.84163404296875 0.5406969619140625 0.8423930390625 0.5294282958984375 0.841810060546875 0.484219947265625 0.8393286826171875 0.4708574033203125 0.8312815693359376 0.4663924326171875 0.8300937958984375 0.4641550224609375 0.821289505859375 0.4636104453125 0.8081898095703125 0.468007166015625 0.7983592177734375 0.4675343544921875 0.7919304755859375 0.4714645966796875 0.79111947265625 0.4746152646484375 0.7944780458984375 0.544767919921875 0.7966921201171875 0.5469335634765625
1 0.8442267060546875 0.5409024091796875 0.8526254951171875 0.5430223203125 0.8895184873046875 0.5396690224609375 0.89270685546875 0.5336449013671875 0.8919409462890625 0.4636976943359375 0.8850546953125 0.461085271484375 0.8433280537109376 0.461682615234375 0.8383311123046875 0.4639657587890625 0.838600234375 0.467814384765625 0.842461408203125 0.471411830078125 0.84383575 0.4836915537109375 0.8442267060546875 0.5409024091796875
1 0.9208744765625 0.53824988671875 0.9362151591796875 0.536403673828125 0.9452903896484375 0.5334486044921875 0.9448456083984375 0.475468021484375 0.9427428193359375 0.46014528125 0.93234525390625 0.4589386279296875 0.913979494140625 0.461769865234375 0.9055537919921876 0.4592650908203125 0.8985849873046875 0.462846353515625 0.894452873046875 0.4627485546875 0.892642482421875 0.466355849609375 0.8944616044921875 0.536616154296875 0.8971350048828125 0.5379761904296875 0.9208744765625 0.53824988671875
1 0.9941473115234375 0.531579173828125 0.9955791123046875 0.52993207421875 0.9960206162109375 0.492000234375 0.9944095185546875 0.4542119267578125 0.98911654296875 0.452261580078125 0.9701838095703125 0.454358974609375 0.950468802734375 0.4526436259765625 0.9460926611328125 0.4564303369140625 0.9453085703125 0.4599658662109375 0.947856140625 0.533269189453125 0.950016390625 0.5346651083984375 0.9655185458984376 0.5351280693359375 0.9941473115234375 0.531579173828125
1 0.845777423828125 0.3860961494140625 0.84845082421875 0.387456185546875 0.922749958984375 0.380713705078125 0.9307719765625 0.3774455390625 0.9288019306640625 0.371395384765625 0.9304275712890625 0.3503975029296875 0.9288917568359375 0.3358086044921875 0.924544345703125 0.332631904296875 0.8491650859375 0.3386764248046875 0.8443296181640625 0.3432687431640625 0.8437320947265625 0.3568465869140625 0.8451871728515625 0.370280896484375 0.843807376953125 0.3800459951171875 0.845777423828125 0.3860961494140625
1 0.937292365234375 0.3305802421875 0.9327547490234375 0.33205777734375 0.9299180576171875 0.3357368388671875 0.931285126953125 0.37740965625 0.9371181650390625 0.379708982421875 0.9699866923828125 0.3777973359375 0.987272326171875 0.374268138671875 0.991110224609375 0.3627841748046875 0.9886612119140625 0.327761671875 0.937292365234375 0.3305802421875
1 0.9851087998046875 0.276959798828125 0.9824623115234375 0.2759846259765625 0.9762237724609375 0.2752606328125 0.9397901064453125 0.277808322265625 0.9342531025390625 0.279742486328125 0.9310109091796875 0.2849968818359375 0.9302770068359375 0.303998685546875 0.930244640625 0.325658642578125 0.934592052734375 0.32883534375 0.9628691396484375 0.327631505859375 0.9884459150390625 0.3246827705078125 0.9851087998046875 0.276959798828125
1 0.9510524990234375 0.27663403515625 0.9791950244140625 0.273505884765625 0.9847320283203125 0.2715717216796875 0.9812603515625 0.2219244365234375 0.9371294326171875 0.22501037109375 0.9321594033203126 0.2276783759765625 0.9315098740234375 0.2331382197265625 0.93442184765625 0.2526585673828125 0.9340396220703125 0.2693153115234375 0.9359558447265625 0.274595740234375 0.940195607421875 0.276232990234375 0.9510524990234375 0.27663403515625
1 0.9348615341796875 0.2220750009765625 0.943692736328125 0.2230044423828125 0.9809912294921875 0.2180758095703125 0.9774926416015625 0.168043662109375 0.931336033203125 0.171657990234375 0.9295525537109375 0.1756501494140625 0.9316229765625 0.212632849609375 0.9348615341796875 0.2220750009765625
0 0.53515625 0.4345703125 0.537109375 0.4375 0.5361328125 0.44921875 0.5048828125 0.453125 0.486328125 0.453125 0.4833984375 0.447265625 0.4833984375 0.4404296875 0.4853515625 0.4384765625 0.5341796875 0.4345703125
0 0.62109375 0.58984375 0.623046875 0.6005859375 0.62109375 0.6025390625 0.5888671875 0.60546875 0.5732421875 0.60546875 0.5703125 0.6025390625 0.5712890625 0.5927734375 0.6083984375 0.5888671875 0.6201171875 0.58984375
0 0.96484375 0.3984375 0.966796875 0.4091796875 0.962890625 0.4130859375 0.923828125 0.4169921875 0.9140625 0.416015625 0.912109375 0.4140625 0.9111328125 0.4033203125 0.9130859375 0.4013671875 0.9365234375 0.400390625 0.951171875 0.396484375 0.9638671875 0.3984375
0 0.287109375 0.6103515625 0.291015625 0.61328125 0.291015625 0.6240234375 0.287109375 0.6259765625 0.2451171875 0.6298828125 0.23828125 0.6279296875 0.23828125 0.6171875 0.248046875 0.6142578125 0.2861328125 0.611328125
0 0.25 0.4697265625 0.248046875 0.4599609375 0.25 0.455078125 0.2958984375 0.451171875 0.30078125 0.453125 0.30078125 0.466796875 0.2509765625 0.4697265625
0 0.748046875 0.4150390625 0.78125 0.4130859375 0.7841796875 0.4150390625 0.78515625 0.4267578125 0.7421875 0.4326171875 0.7314453125 0.431640625 0.73046875 0.4189453125 0.732421875 0.4169921875 0.7470703125 0.4150390625
0 0.1455078125 0.4619140625 0.1533203125 0.4638671875 0.154296875 0.4765625 0.1142578125 0.48046875 0.103515625 0.48046875 0.1005859375 0.478515625 0.099609375 0.4677734375 0.1015625 0.4658203125 0.14453125 0.4619140625