1 0 0.2337962958984375 0.043209876953125 0.2318672841796875 0.0452674892578125 0.2202932099609375 0.043209876953125 0.1797839501953125 0.0231481484375 0.172839505859375 0.007201646484375 0.17669753125 0.0036008232421875 0.1751543212890625 0 0.176311728515625 0 0.2337962958984375
1 0.102880658203125 0.2314814814453125 0.1105967080078125 0.229938271484375 0.1265432099609375 0.229938271484375 0.1286008232421875 0.2283950615234375 0.1296296298828125 0.2160493828125 0.126028806640625 0.1809413583984375 0.1126543212890625 0.170910494140625 0.0884773662109375 0.1774691357421875 0.0812757197265625 0.1774691357421875 0.075102880859375 0.1751543212890625 0.06995884765625 0.17669753125 0.057098765625 0.17592592578125 0.0483539091796875 0.1801697529296875 0.045781892578125 0.1832561728515625 0.0483539091796875 0.21527777734375 0.04681069921875 0.2253086416015625 0.0504115224609375 0.2310956787109375 0.102880658203125 0.2314814814453125
1 0.2026748974609375 0.2283950615234375 0.2134773662109375 0.230709876953125 0.2165637861328125 0.2056327158203125 0.212962962890625 0.1836419755859375 0.20987654296875 0.179012345703125 0.192901234375 0.1770833330078125 0.17592592578125 0.1801697529296875 0.1466049384765625 0.17862654296875 0.1286008232421875 0.182098765625 0.1306584365234375 0.227237654296875 0.133230453125 0.23032407421875 0.187242798828125 0.23032407421875 0.2026748974609375 0.2283950615234375
1 0.2962962958984375 0.2318672841796875 0.299897119140625 0.230709876953125 0.3024691357421875 0.2121913583984375 0.3004115224609375 0.1855709873046875 0.29681069921875 0.1805555556640625 0.2227366259765625 0.18132716015625 0.2196502060546875 0.182098765625 0.217078189453125 0.185185185546875 0.219135802734375 0.2226080244140625 0.220164609375 0.230709876953125 0.22222222265625 0.2322530859375 0.2962962958984375 0.2318672841796875
1 0.3837448564453125 0.2314814814453125 0.3852880654296875 0.213348765625 0.382201646484375 0.1855709873046875 0.37294238671875 0.182098765625 0.365226337890625 0.1832561728515625 0.352880658203125 0.181712962890625 0.323045267578125 0.181712962890625 0.3029835390625 0.1832561728515625 0.3029835390625 0.229938271484375 0.3045267490234375 0.2314814814453125 0.3683127568359375 0.23302469140625 0.3837448564453125 0.2314814814453125
1 0.38786008203125 0.2322530859375 0.4634773662109375 0.2322530859375 0.4660493828125 0.23032407421875 0.4645061728515625 0.1859567900390625 0.4624485595703125 0.1836419755859375 0.45576131640625 0.1809413583984375 0.4387860078125 0.1797839501953125 0.418209876953125 0.1805555556640625 0.3873456787109375 0.184413580078125 0.38580246875 0.1855709873046875 0.3873456787109375 0.19907407421875 0.38580246875 0.2280092587890625 0.38786008203125 0.2322530859375
1 0.524176955078125 0.2322530859375 0.541152263671875 0.2318672841796875 0.5447530859375 0.229938271484375 0.5473251025390625 0.210262345703125 0.54681069921875 0.1886574072265625 0.54012345703125 0.182098765625 0.5226337451171875 0.1801697529296875 0.4897119345703125 0.1809413583984375 0.4696502060546875 0.1836419755859375 0.4665637861328125 0.1863425927734375 0.4675925927734375 0.2214506171875 0.471193416015625 0.2310956787109375 0.519032921875 0.2337962958984375 0.524176955078125 0.2322530859375
1 0.58935546875 0.203125 0.08251953125 0.0537109375
1 0.58642578125 0.2578125 0.087890625 0.052734375
1 0.50439453125 0.2568359375 0.078125 0.05224609375
1 0.42626953125 0.2587890625 0.083984375 0.0498046875
1 0.3427734375 0.25634765625 0.0869140625 0.048828125
1 0.0244140625 0.2578125 0.048828125 0.044921875
1 0.02880859375 0.30859375 0.05712890625 0.05029296875
1 0.09619140625 0.3095703125 0.09912109375 0.05029296875
1 0.091796875 0.255859375 0.08837890625 0.05859375
1 0.17626953125 0.2578125 0.09619140625 0.05615234375
1 0.25927734375 0.2578125 0.091796875 0.0498046875
1 0.26513671875 0.30859375 0.09130859375 0.046875
1 0.18603515625 0.30712890625 0.09326171875 0.0458984375
1 0.03466796875 0.359375 0.0673828125 0.0498046875
1 0.0322265625 0.40966796875 0.064453125 0.05029296875
1 0.1316872431640625 0.380787037109375 0.140946501953125 0.3823302470703125 0.144032921875 0.380401234375 0.144032921875 0.36342592578125 0.1404320986328125 0.3368055556640625 0.1342592587890625 0.3314043212890625 0.0617283955078125 0.3344907412109375 0.062757201171875 0.380787037109375 0.064814814453125 0.3850308642578125 0.113168724609375 0.3842592587890625 0.1316872431640625 0.380787037109375
1 0.1923868310546875 0.38387345703125 0.2006172841796875 0.38117283984375 0.223765431640625 0.3842592587890625 0.2263374482421875 0.3823302470703125 0.227880658203125 0.380401234375 0.227880658203125 0.3533950615234375 0.2232510283203125 0.332561728515625 0.182098765625 0.33294753125 0.17181069921875 0.3360339501953125 0.1646090537109375 0.3337191357421875 0.152520576171875 0.3341049384765625 0.144032921875 0.331790123046875 0.14197530859375 0.3344907412109375 0.1455761318359375 0.363040123046875 0.145061728515625 0.3796296298828125 0.1476337451171875 0.3827160498046875 0.1923868310546875 0.38387345703125
1 0.1183127568359375 0.4336419755859375 0.144032921875 0.431712962890625 0.14609053515625 0.4301697529296875 0.1435185185546875 0.38657407421875 0.1404320986328125 0.383487654296875 0.134773662109375 0.3827160498046875 0.121913580078125 0.3846450615234375 0.06995884765625 0.38657407421875 0.0673868310546875 0.386959876953125 0.0653292177734375 0.3900462958984375 0.066872427734375 0.425540123046875 0.0704732509765625 0.4328703701171875 0.0905349794921875 0.434413580078125 0.1183127568359375 0.4336419755859375
1 0.3045267490234375 0.3827160498046875 0.3096707822265625 0.380401234375 0.3076131689453125 0.33757716015625 0.3045267490234375 0.3333333330078125 0.263888888671875 0.3337191357421875 0.25205761328125 0.33217592578125 0.2304526748046875 0.3341049384765625 0.22890946484375 0.3356481484375 0.22890946484375 0.37847222265625 0.2304526748046875 0.3819444443359375 0.2813786005859375 0.383487654296875 0.3045267490234375 0.3827160498046875
1 0.2062757197265625 0.4332561728515625 0.2093621396484375 0.432098765625 0.2206790126953125 0.4332561728515625 0.225823044921875 0.431712962890625 0.227880658203125 0.4139660498046875 0.223765431640625 0.3850308642578125 0.198045267578125 0.3827160498046875 0.191872427734375 0.3842592587890625 0.1466049384765625 0.383487654296875 0.145061728515625 0.3854166669921875 0.147119341796875 0.42862654296875 0.1486625517578125 0.4301697529296875 0.153806583984375 0.432484568359375 0.2062757197265625 0.4332561728515625
1 0.269032921875 0.4332561728515625 0.304012345703125 0.4328703701171875 0.307098765625 0.4309413583984375 0.3086419755859375 0.4251543212890625 0.307098765625 0.383487654296875 0.23302469140625 0.383487654296875 0.227880658203125 0.38580246875 0.22890946484375 0.4293981484375 0.2304526748046875 0.431712962890625 0.2376543212890625 0.4332561728515625 0.269032921875 0.4332561728515625
1 0.331790123046875 0.4301697529296875 0.3456790126953125 0.432098765625 0.3873456787109375 0.4274691357421875 0.3894032919921875 0.4074074072265625 0.3863168720703125 0.3842592587890625 0.365226337890625 0.380787037109375 0.355967078125 0.383487654296875 0.3173868310546875 0.3827160498046875 0.310185185546875 0.3850308642578125 0.3076131689453125 0.3873456787109375 0.3096707822265625 0.429012345703125 0.3112139921875 0.4305555556640625 0.331790123046875 0.4301697529296875
1 0.3894032919921875 0.3506944443359375 0.386831275390625 0.3333333330078125 0.33487654296875 0.33294753125 0.310185185546875 0.3344907412109375 0.3112139921875 0.374614197265625 0.3137860078125 0.3819444443359375 0.3873456787109375 0.3815586416015625 0.3894032919921875 0.3506944443359375
1 0.3863168720703125 0.3314043212890625 0.3852880654296875 0.2939814814453125 0.386831275390625 0.286265431640625 0.383230453125 0.2831790126953125 0.310185185546875 0.28472222265625 0.3055555556640625 0.286265431640625 0.307098765625 0.32947530859375 0.3096707822265625 0.33294753125 0.3837448564453125 0.332561728515625 0.3863168720703125 0.3314043212890625
1 0.4660493828125 0.3082561728515625 0.465020576171875 0.2858796298828125 0.462962962890625 0.283564814453125 0.4526748974609375 0.281635802734375 0.4094650205078125 0.2831790126953125 0.3904320986328125 0.28472222265625 0.38786008203125 0.286651234375 0.3883744853515625 0.3283179013671875 0.3904320986328125 0.332561728515625 0.4645061728515625 0.3314043212890625 0.4660493828125 0.3082561728515625
1 0.5447530859375 0.3055555556640625 0.5421810703125 0.2827932099609375 0.519032921875 0.280864197265625 0.509773662109375 0.2831790126953125 0.4665637861328125 0.2839506171875 0.4675925927734375 0.329861111328125 0.473765431640625 0.3314043212890625 0.543209876953125 0.331790123046875 0.5447530859375 0.3055555556640625
1 0.6203703701171875 0.32947530859375 0.62294238671875 0.3217592587890625 0.6234567900390625 0.297839505859375 0.62294238671875 0.2858796298828125 0.619855966796875 0.2827932099609375 0.5483539091796875 0.2820216044921875 0.545781892578125 0.28472222265625 0.54681069921875 0.3117283955078125 0.5447530859375 0.32137345703125 0.54681069921875 0.3306327158203125 0.6203703701171875 0.32947530859375
1 0.600823044921875 0.37847222265625 0.6172839501953125 0.377314814453125 0.6208847734375 0.375 0.62294238671875 0.363040123046875 0.62294238671875 0.3341049384765625 0.619855966796875 0.329861111328125 0.6162551435546875 0.3310185185546875 0.5745884775390625 0.32947530859375 0.5606995888671875 0.3314043212890625 0.549897119140625 0.3306327158203125 0.5452674892578125 0.3337191357421875 0.5473251025390625 0.3560956787109375 0.5447530859375 0.3734567900390625 0.54681069921875 0.3788580244140625 0.600823044921875 0.37847222265625
1 0.5092592587890625 0.380015431640625 0.5239197529296875 0.377314814453125 0.5396090537109375 0.378086419921875 0.5426954736328125 0.3765432099609375 0.5447530859375 0.3564814814453125 0.543209876953125 0.3314043212890625 0.50600154296875 0.3310185185546875 0.4984567900390625 0.3283179013671875 0.49794238671875 0.3256172841796875 0.4850823046875 0.331790123046875 0.4717078193359375 0.3314043212890625 0.4686213994140625 0.33294753125 0.4675925927734375 0.34722222265625 0.4686213994140625 0.3777006171875 0.470164609375 0.380015431640625 0.5092592587890625 0.380015431640625
1 0.4675925927734375 0.3738425927734375 0.4665637861328125 0.3398919755859375 0.4634773662109375 0.332561728515625 0.4454732509765625 0.3314043212890625 0.3904320986328125 0.3337191357421875 0.390946501953125 0.3815586416015625 0.46399176953125 0.38117283984375 0.4660493828125 0.380015431640625 0.4675925927734375 0.3738425927734375
1 0.42181069921875 0.432484568359375 0.4305555556640625 0.4282407412109375 0.4444444443359375 0.4278549384765625 0.4526748974609375 0.4293981484375 0.4634773662109375 0.4282407412109375 0.4660493828125 0.42669753125 0.4665637861328125 0.4077932099609375 0.46399176953125 0.3827160498046875 0.45318930078125 0.380401234375 0.4326131689453125 0.380787037109375 0.4243827158203125 0.3823302470703125 0.3924897119140625 0.3827160498046875 0.388888888671875 0.3850308642578125 0.390946501953125 0.42862654296875 0.3955761318359375 0.4297839501953125 0.4104938271484375 0.4282407412109375 0.42181069921875 0.432484568359375
1 0.473765431640625 0.42862654296875 0.4850823046875 0.4278549384765625 0.4912551435546875 0.4293981484375 0.52109053515625 0.4297839501953125 0.5426954736328125 0.426311728515625 0.54423868359375 0.4220679013671875 0.5437242802734376 0.40007716015625 0.5426954736328125 0.3827160498046875 0.5406378603515625 0.380787037109375 0.519032921875 0.3769290126953125 0.5092592587890625 0.3819444443359375 0.494855966796875 0.380787037109375 0.470164609375 0.3815586416015625 0.4665637861328125 0.3850308642578125 0.4675925927734375 0.418209876953125 0.4686213994140625 0.425540123046875 0.4706790126953125 0.4274691357421875 0.473765431640625 0.42862654296875
1 0.6162551435546875 0.4274691357421875 0.6213991767578125 0.425540123046875 0.623971193359375 0.414737654296875 0.62294238671875 0.3796296298828125 0.6095679013671875 0.378086419921875 0.5967078193359375 0.3796296298828125 0.549897119140625 0.3796296298828125 0.5447530859375 0.3827160498046875 0.54681069921875 0.4278549384765625 0.56584362109375 0.426311728515625 0.5745884775390625 0.42862654296875 0.6162551435546875 0.4274691357421875
1 0.700102880859375 0.2793209873046875 0.7047325107421875 0.27777777734375 0.7083333330078125 0.2527006171875 0.7073045263671875 0.2291666669921875 0.6327160498046875 0.2287808642578125 0.630144033203125 0.22955246875 0.628086419921875 0.2337962958984375 0.6255144033203125 0.2685185185546875 0.6265432099609375 0.2793209873046875 0.67592592578125 0.2804783955078125 0.700102880859375 0.2793209873046875
1 0.6923868310546875 0.3287037041015625 0.6995884775390625 0.3283179013671875 0.70318930078125 0.326388888671875 0.7052469140625 0.28125 0.670781892578125 0.2820216044921875 0.6574074072265625 0.2800925927734375 0.6296296298828125 0.2800925927734375 0.626028806640625 0.2827932099609375 0.625 0.29012345703125 0.6244855966796875 0.3248456787109375 0.6265432099609375 0.3287037041015625 0.6404320986328125 0.3275462958984375 0.6923868310546875 0.3287037041015625
1 0.695987654296875 0.378086419921875 0.6995884775390625 0.3765432099609375 0.7016460908203125 0.335262345703125 0.6995884775390625 0.3279320986328125 0.6435185185546874 0.3283179013671875 0.6291152265625 0.329861111328125 0.6244855966796875 0.33294753125 0.625 0.35802469140625 0.62294238671875 0.374614197265625 0.626028806640625 0.37847222265625 0.695987654296875 0.378086419921875
1 0.698045267578125 0.4220679013671875 0.7016460908203125 0.4139660498046875 0.69907407421875 0.3796296298828125 0.6903292177734375 0.378086419921875 0.645061728515625 0.37847222265625 0.626028806640625 0.3796296298828125 0.625 0.38117283984375 0.6244855966796875 0.4251543212890625 0.6265432099609375 0.42669753125 0.6862139921875 0.425540123046875 0.698045267578125 0.4220679013671875
1 0.789094650390625 0.2712191357421875 0.7906378603515625 0.2519290126953125 0.7916666669921875 0.23032407421875 0.7896090537109375 0.2260802470703125 0.769032921875 0.22492283984375 0.7613168720703125 0.2264660498046875 0.738168724609375 0.2256944443359375 0.7268518515625 0.2280092587890625 0.7134773662109375 0.2268518515625 0.7093621396484375 0.229938271484375 0.7078189296875 0.27237654296875 0.70987654296875 0.2766203701171875 0.7865226337890625 0.276234568359375 0.789094650390625 0.2712191357421875
1 0.7546296298828125 0.3252314814453125 0.7793209873046875 0.324459876953125 0.7824074072265625 0.3229166669921875 0.7865226337890625 0.2962962958984375 0.787037037109375 0.2800925927734375 0.784979423828125 0.278163580078125 0.720164609375 0.27777777734375 0.7083333330078125 0.2793209873046875 0.7073045263671875 0.28125 0.708847736328125 0.30169753125 0.70576131640625 0.310185185546875 0.7062757197265624 0.3248456787109375 0.7546296298828125 0.3252314814453125
1 0.7844650205078125 0.331790123046875 0.782921810546875 0.326388888671875 0.7083333330078125 0.326388888671875 0.7047325107421875 0.3283179013671875 0.7026748974609375 0.338348765625 0.7016460908203125 0.374614197265625 0.70318930078125 0.377314814453125 0.779835390625 0.3730709873046875 0.7844650205078125 0.331790123046875
1 0.758230453125 0.42322530859375 0.778806583984375 0.42052469140625 0.78189300390625 0.383487654296875 0.7813786005859376 0.3765432099609375 0.7793209873046875 0.375 0.7263374482421875 0.375385802734375 0.7103909462890625 0.3769290126953125 0.7037037041015625 0.3788580244140625 0.7011316875 0.3815586416015625 0.702160494140625 0.4047067900390625 0.7006172841796875 0.4220679013671875 0.7026748974609375 0.4247685185546875 0.758230453125 0.42322530859375
1 0.8744855966796875 0.2322530859375 0.87294238671875 0.2256944443359375 0.8657407412109375 0.224151234375 0.8245884775390625 0.224151234375 0.81584362109375 0.2268518515625 0.7962962958984375 0.22492283984375 0.7926954736328125 0.2268518515625 0.7921810703125 0.23302469140625 0.7906378603515625 0.2716049384765625 0.7926954736328125 0.2743055556640625 0.8708847734375 0.2716049384765625 0.8744855966796875 0.2322530859375
1 0.83487654296875 0.3248456787109375 0.852880658203125 0.3217592587890625 0.8554526748046875 0.3229166669921875 0.8672839501953125 0.3217592587890625 0.8703703701171875 0.2893518515625 0.8693415634765626 0.2746913583984375 0.806069958984375 0.27507716015625 0.7896090537109375 0.2766203701171875 0.7885802470703125 0.2785493828125 0.78600823046875 0.3078703701171875 0.7875514404296875 0.324459876953125 0.8065843623046876 0.3217592587890625 0.83487654296875 0.3248456787109375
1 0.8626543212890625 0.3707561728515625 0.8657407412109375 0.363811728515625 0.8683127568359374 0.3256172841796875 0.8477366259765625 0.3217592587890625 0.8343621396484375 0.3171296298828125 0.8333333330078125 0.3221450615234375 0.82818930078125 0.3256172841796875 0.82407407421875 0.32330246875 0.8132716044921875 0.3225308642578125 0.810185185546875 0.3206018515625 0.7896090537109375 0.326388888671875 0.7865226337890625 0.329861111328125 0.7839506171875 0.357638888671875 0.7834362138671875 0.3668981484375 0.78600823046875 0.3734567900390625 0.8436213994140624 0.3734567900390625 0.8626543212890625 0.3707561728515625
1 0.8564814814453126 0.4189814814453125 0.8626543212890625 0.4193672841796875 0.8672839501953125 0.375385802734375 0.8662551435546875 0.3742283955078125 0.8446502060546875 0.3742283955078125 0.8415637861328125 0.372685185546875 0.7906378603515625 0.374614197265625 0.7865226337890625 0.3769290126953125 0.7854938271484375 0.380015431640625 0.7834362138671875 0.4035493828125 0.7834362138671875 0.4189814814453125 0.7854938271484375 0.4216820986328125 0.842078189453125 0.4216820986328125 0.8564814814453126 0.4189814814453125
1 0.1594650205078125 0.585262345703125 0.1589506171875 0.5605709873046875 0.1522633740234375 0.511188271484375 0.151234568359375 0.5100308642578125 0.13580246875 0.511188271484375 0.1157407412109375 0.5104166669921875 0.10802469140625 0.5127314814453126 0.1064814814453125 0.514660494140625 0.105967078125 0.525848765625 0.1116255146484375 0.5860339501953125 0.157921810546875 0.5864197529296875 0.1594650205078125 0.585262345703125
1 0.210905349609375 0.5810185185546874 0.2047325107421875 0.5077160498046875 0.2026748974609375 0.505787037109375 0.1965020576171875 0.5046296298828125 0.18415637890625 0.50617283984375 0.182098765625 0.505015431640625 0.1754115224609375 0.5073302470703125 0.168209876953125 0.505401234375 0.1563786005859375 0.511959876953125 0.16100823046875 0.585262345703125 0.1671810703125 0.5871913583984375 0.2083333330078125 0.585262345703125 0.210905349609375 0.5810185185546874
1 0.263888888671875 0.5837191357421875 0.2664609052734375 0.5806327158203125 0.261831275390625 0.5104166669921875 0.2494855966796875 0.508487654296875 0.234053498046875 0.5104166669921875 0.21810699609375 0.508487654296875 0.21399176953125 0.511959876953125 0.2155349794921875 0.560185185546875 0.219135802734375 0.58294753125 0.2227366259765625 0.58487654296875 0.263888888671875 0.5837191357421875
1 0.2813786005859375 0.5844907412109375 0.29681069921875 0.5802469140625 0.306069958984375 0.58294753125 0.314814814453125 0.58217592578125 0.3163580244140625 0.5814043212890625 0.3132716044921875 0.5189043212890625 0.3106995888671875 0.505401234375 0.3034979423828125 0.5015432099609375 0.3014403291015625 0.5027006171875 0.29681069921875 0.5015432099609375 0.289094650390625 0.505787037109375 0.284979423828125 0.5046296298828125 0.276234568359375 0.50617283984375 0.272119341796875 0.5046296298828125 0.2644032919921875 0.511188271484375 0.2649176953125 0.5532407412109375 0.2674897119140625 0.58217592578125 0.2716049384765625 0.5841049384765625 0.2813786005859375 0.5844907412109375
1 0.33693415625 0.579089505859375 0.3456790126953125 0.5783179013671875 0.369855966796875 0.579089505859375 0.371913580078125 0.5775462958984375 0.367798353515625 0.50617283984375 0.3662551435546875 0.505015431640625 0.344135802734375 0.50617283984375 0.3276748974609375 0.5046296298828125 0.31995884765625 0.5081018515625 0.3194444443359375 0.5297067900390625 0.3235596708984375 0.5810185185546874 0.32818930078125 0.58217592578125 0.33693415625 0.579089505859375
1 0.4176954736328125 0.5783179013671875 0.41923868359375 0.5752314814453126 0.4187242802734375 0.5528549384765625 0.41512345703125 0.5 0.4063786005859375 0.5027006171875 0.375 0.503086419921875 0.3708847734375 0.505015431640625 0.3693415634765625 0.50887345703125 0.3708847734375 0.5640432099609375 0.37294238671875 0.5779320986328125 0.3755144033203125 0.57947530859375 0.4176954736328125 0.5783179013671875
1 0.4675925927734375 0.579089505859375 0.469135802734375 0.573688271484375 0.4655349794921875 0.5081018515625 0.4634773662109375 0.5065586416015625 0.4243827158203125 0.5073302470703125 0.42181069921875 0.50617283984375 0.4202674892578125 0.5092592587890625 0.4212962958984375 0.567515431640625 0.424897119140625 0.577160494140625 0.432098765625 0.57947530859375 0.4675925927734375 0.579089505859375
1 0.5123456787109375 0.5806327158203125 0.515946501953125 0.5779320986328125 0.513888888671875 0.5065586416015625 0.5087448564453125 0.505401234375 0.490226337890625 0.5069444443359375 0.4727366259765625 0.50617283984375 0.467078189453125 0.508487654296875 0.4706790126953125 0.5783179013671875 0.473765431640625 0.5810185185546874 0.479938271484375 0.581790123046875 0.5123456787109375 0.5806327158203125
1 0.5663580244140625 0.576388888671875 0.564814814453125 0.5046296298828125 0.560185185546875 0.502314814453125 0.554012345703125 0.50347222265625 0.5205761318359375 0.503086419921875 0.51697530859375 0.505401234375 0.5185185185546874 0.5783179013671875 0.528806583984375 0.57947530859375 0.5637860078125 0.5787037041015625 0.5663580244140625 0.576388888671875
1 0.613168724609375 0.5775462958984375 0.6147119345703125 0.5756172841796875 0.615226337890625 0.5555555556640625 0.61419753125 0.505015431640625 0.6100823046875 0.502314814453125 0.568930041015625 0.5027006171875 0.5663580244140625 0.5046296298828125 0.568930041015625 0.5775462958984375 0.570987654296875 0.579089505859375 0.613168724609375 0.5775462958984375
1 0.6646090537109375 0.5779320986328125 0.6666666669921875 0.57407407421875 0.6646090537109375 0.5652006171875 0.6656378603515625 0.528935185546875 0.6635802470703125 0.5019290126953125 0.619855966796875 0.5019290126953125 0.6162551435546875 0.5042438271484375 0.616769546875 0.5756172841796875 0.61882716015625 0.5779320986328125 0.623971193359375 0.5783179013671875 0.6646090537109375 0.5779320986328125
1 0.71193415625 0.5756172841796875 0.71399176953125 0.574459876953125 0.7155349794921875 0.567515431640625 0.7155349794921875 0.5015432099609375 0.7134773662109375 0.5 0.7006172841796875 0.4992283955078125 0.668209876953125 0.5007716044921875 0.6666666669921875 0.5019290126953125 0.6676954736328125 0.576388888671875 0.672839505859375 0.5779320986328125 0.71193415625 0.5756172841796875
1 0.7685185185546874 0.577160494140625 0.7716049384765625 0.574459876953125 0.772119341796875 0.567515431640625 0.7716049384765625 0.5046296298828125 0.7695473251953125 0.499614197265625 0.7654320986328125 0.4980709873046875 0.742798353515625 0.4984567900390625 0.7304526748046875 0.4961419755859375 0.7196502060546875 0.5 0.7165637861328125 0.50347222265625 0.7160493828125 0.539737654296875 0.7186213994140624 0.570987654296875 0.7273662548828125 0.577160494140625 0.7685185185546874 0.577160494140625
1 0.793209876953125 0.574459876953125 0.8132716044921875 0.5717592587890625 0.8173868310546875 0.568287037109375 0.8173868310546875 0.497685185546875 0.8106995888671875 0.4957561728515625 0.780864197265625 0.4957561728515625 0.7731481484375 0.4984567900390625 0.772119341796875 0.5416666669921875 0.774176955078125 0.570987654296875 0.778806583984375 0.57330246875 0.793209876953125 0.574459876953125
1 0.9254115224609375 0.574459876953125 0.9279835390625 0.57137345703125 0.93004115234375 0.517515431640625 0.932098765625 0.505787037109375 0.9295267490234375 0.499614197265625 0.918209876953125 0.494984568359375 0.8837448564453125 0.499614197265625 0.8816872431640626 0.5011574072265625 0.8786008232421875 0.534336419921875 0.878086419921875 0.574459876953125 0.89197530859375 0.57677469140625 0.9146090537109375 0.576388888671875 0.9254115224609375 0.574459876953125
1 0.83487654296875 0.57677469140625 0.876028806640625 0.574459876953125 0.8796296298828125 0.5154320986328125 0.87705761328125 0.5007716044921875 0.87294238671875 0.4988425927734375 0.845164609375 0.496913580078125 0.83487654296875 0.494212962890625 0.827160494140625 0.4961419755859375 0.8235596708984375 0.5011574072265625 0.820987654296875 0.5324074072265625 0.8220164609375 0.5416666669921875 0.81995884765625 0.5644290126953125 0.8266460908203125 0.57407407421875 0.83487654296875 0.57677469140625
1 0.9845679013671875 0.574459876953125 0.9876543212890625 0.5235339501953125 0.9850823046875 0.4992283955078125 0.9804526748046875 0.4972993828125 0.9578189296875 0.49652777734375 0.93415637890625 0.499614197265625 0.932098765625 0.50347222265625 0.93004115234375 0.5393518515625 0.9295267490234375 0.567901234375 0.932098765625 0.57330246875 0.94907407421875 0.576388888671875 0.9845679013671875 0.574459876953125
1 0.8683127568359374 0.4212962958984375 0.8981481484375 0.4220679013671875 0.9465020576171875 0.4197530859375 0.9485596708984375 0.41242283984375 0.9506172841796875 0.3769290126953125 0.9485596708984375 0.3730709873046875 0.924897119140625 0.3730709873046875 0.9146090537109375 0.3707561728515625 0.9063786005859376 0.372685185546875 0.880144033203125 0.371913580078125 0.8724279833984375 0.372685185546875 0.8683127568359374 0.3761574072265625 0.8683127568359374 0.397762345703125 0.8657407412109375 0.40972222265625 0.8657407412109375 0.41782407421875 0.8683127568359374 0.4212962958984375
1 0.9495884775390625 0.360339505859375 0.9516460908203125 0.324459876953125 0.9393004111328125 0.3225308642578125 0.8734567900390625 0.323688271484375 0.871913580078125 0.3256172841796875 0.871913580078125 0.3456790126953125 0.869855966796875 0.3560956787109375 0.8693415634765626 0.3703703701171875 0.8724279833984375 0.37152777734375 0.9444444443359375 0.369598765625 0.9495884775390625 0.360339505859375
1 0.9233539091796875 0.3229166669921875 0.9506172841796875 0.3202160498046875 0.952160494140625 0.317901234375 0.954218107421875 0.275848765625 0.9526748974609375 0.2743055556640625 0.9284979423828125 0.27237654296875 0.8744855966796875 0.2739197529296875 0.8713991767578125 0.276234568359375 0.8693415634765626 0.3125 0.869855966796875 0.3194444443359375 0.87294238671875 0.323688271484375 0.9233539091796875 0.3229166669921875
1 0.95318930078125 0.27044753125 0.956790123046875 0.2426697529296875 0.9562757197265624 0.2233796298828125 0.9362139921875 0.22222222265625 0.8899176953125 0.2229938271484375 0.883230453125 0.221836419921875 0.880144033203125 0.22222222265625 0.8755144033203125 0.227237654296875 0.8734567900390625 0.2662037041015625 0.876028806640625 0.2716049384765625 0.9223251025390625 0.272762345703125 0.95318930078125 0.27044753125
1 0.984053498046875 0.27044753125 0.98919753125 0.27044753125 0.9912551435546875 0.2719907412109375 0.9994855966796875 0.269290123046875 0.9994855966796875 0.2229938271484375 0.962962962890625 0.2229938271484375 0.9583333330078125 0.2268518515625 0.9552469140625 0.261959876953125 0.9562757197265624 0.2719907412109375 0.9634773662109375 0.2731481484375 0.984053498046875 0.27044753125
1 0.9547325107421875 0.32137345703125 0.9562757197265624 0.3225308642578125 0.9994855966796875 0.32137345703125 0.9994855966796875 0.275462962890625 0.962962962890625 0.2743055556640625 0.9562757197265624 0.27507716015625 0.9552469140625 0.278163580078125 0.9552469140625 0.2995756171875 0.9526748974609375 0.3097993828125 0.9526748974609375 0.317515431640625 0.9547325107421875 0.32137345703125
1 0.9732510283203125 0.3225308642578125 0.9562757197265624 0.32407407421875 0.95318930078125 0.3371913583984375 0.95318930078125 0.371913580078125 0.9994855966796875 0.3707561728515625 0.9994855966796875 0.32330246875 0.9732510283203125 0.3225308642578125
1 0.9994855966796875 0.42052469140625 0.9994855966796875 0.3730709873046875 0.973765431640625 0.371913580078125 0.954218107421875 0.3734567900390625 0.9516460908203125 0.3777006171875 0.9506172841796875 0.3904320986328125 0.94907407421875 0.4166666669921875 0.9506172841796875 0.42052469140625 0.9593621396484375 0.4220679013671875 0.9994855966796875 0.42052469140625
0 0.818359375 0.4365234375 0.8232421875 0.4375 0.8251953125 0.44140625 0.8232421875 0.4521484375 0.7919921875 0.453125 0.771484375 0.453125 0.7705078125 0.443359375 0.7724609375 0.439453125 0.7802734375 0.4375 0.8173828125 0.4365234375
0 0.0791015625 0.4501953125 0.091796875 0.4521484375 0.091796875 0.46484375 0.0830078125 0.466796875 0.037109375 0.46484375 0.0361328125 0.453125 0.0380859375 0.451171875 0.078125 0.4501953125
0 0.7578125 0.6015625 0.79296875 0.6005859375 0.8095703125 0.6015625 0.8115234375 0.6044921875 0.8115234375 0.6123046875 0.80859375 0.615234375 0.7744140625 0.6162109375 0.7578125 0.6142578125 0.7578125 0.6025390625
0 0.3037109375 0.6064453125 0.3056640625 0.6083984375 0.3046875 0.62109375 0.255859375 0.62109375 0.2529296875 0.619140625 0.2529296875 0.609375 0.2548828125 0.6064453125 0.302734375 0.6064453125
0 0.3603515625 0.447265625 0.390625 0.4482421875 0.3916015625 0.4599609375 0.3818359375 0.462890625 0.33984375 0.4619140625 0.337890625 0.458984375 0.3388671875 0.4482421875 0.359375 0.447265625
0 0.5439453125 0.6005859375 0.5517578125 0.6025390625 0.552734375 0.61328125 0.55078125 0.615234375 0.5224609375 0.6171875 0.5009765625 0.6162109375 0.4990234375 0.6142578125 0.4990234375 0.6025390625 0.54296875 0.6005859375