1 0.2113632734375 0 0.210951333984375 0.0025449619140625 0.210106505859375 0.08099503125 0.2212612490234375 0.0837087705078125 0.24443374609375 0.0841689140625 0.2771677119140625 0.088004875 0.288051515625 0.0872189658203125 0.289881546875 0.0610483046875 0.2880136962890625 0.0435141865234375 0.29105650390625 0 0.2113632734375 0
1 0.293157638671875 0 0.290444884765625 0.0456179150390625 0.2921028935546875 0.088275755859375 0.293507783203125 0.0903077177734375 0.32273043359375 0.0927379091796875 0.3335065888671875 0.093491451171875 0.343904154296875 0.0922847978515625 0.3486570673828125 0.0906834306640625 0.3474674755859375 0.0855725673828125 0.3496546376953125 0.08379178515625 0.3473041845703125 0.08053346875 0.3485977890625 0.0694083349609375 0.34721617578125 0.0522949619140625 0.3481599208984375 0.0461730419921875 0.3530743076171875 0.0422624990234375 0.351425390625 0.03634602734375 0.351633416015625 0.00387403125 0.34849348046875 0 0.293157638671875 0
1 0.35650580078125 0 0.354900703125 0.0013952900390625 0.3527746376953125 0.03179944140625 0.3547483193359375 0.0404458349609375 0.3512228193359375 0.090862845703125 0.3536270966796875 0.093351435546875 0.3648087529296875 0.0956803115234375 0.3961378291015625 0.097484310546875 0.3999990029296875 0.09388686328125 0.404310412109375 0.0543536572265625 0.404243861328125 0.003685466796875 0.4003270458984375 0.0007043642578125 0.390254173828125 0 0.35650580078125 0
1 0.4074919658203125 0 0.404952669921875 0.0304204052734375 0.4059036875 0.0536915810546875 0.40371834375 0.0628206357421875 0.40356232421875 0.0871746328125 0.4011598642578125 0.09203431640625 0.402376369140625 0.09676031640625 0.40686016015625 0.0990075771484375 0.43062654296875 0.098349017578125 0.4417812880859375 0.101062755859375 0.47354277734375 0.104057224609375 0.47721556640625 0.1031538173828125 0.4844287841796875 0 0.4074919658203125 0
1 0.4914801337890625 0 0.485463431640625 0.036823755859375 0.48598021875 0.051556185546875 0.482474357421875 0.0721952392578125 0.484503681640625 0.0874201806640625 0.481589890625 0.09959225390625 0.482887130859375 0.1031636669921875 0.4967421875 0.1041325078125 0.5150272099609375 0.1081183330078125 0.5361201943359375 0.1088198076171875 0.550920814453125 0.1110150029296875 0.55615996484375 0.1098343818359375 0.55996549609375 0.09965838671875 0.5608266875 0.08734278125 0.554880546875 0.069136736328125 0.556689119140625 0.0653957587890625 0.5598756689453125 0.06407160546875 0.5624665146484376 0.056517884765625 0.566670275390625 0.0185241279296875 0.5651541005859375 0.0033350693359375 0.5174603818359375 0 0.4914801337890625 0
1 0.575930255859375 0.004088611328125 0.5738256484375 0.0120630791015625 0.572078171875 0.04442742578125 0.565116638671875 0.0702392587890625 0.563884130859375 0.1099877626953125 0.568907984375 0.11188604296875 0.5812774140625 0.1119775087890625 0.58573429296875 0.1146096318359375 0.6345373896484375 0.117248787109375 0.639803453125 0.1156833037109375 0.6438762890625 0.0943104091796875 0.6534159404296875 0.0095069384765625 0.575930255859375 0.004088611328125
1 0.6443410673828125 0.117160837890625 0.7062707724609375 0.1238118525390625 0.718667115234375 0.123518455078125 0.720394951171875 0.1209320654296875 0.732231232421875 0.04015663671875 0.73398052734375 0.0151405634765625 0.656494841796875 0.009722236328125 0.644954595703125 0.08626417578125 0.6424230283203125 0.1150929931640625 0.6443410673828125 0.117160837890625
1 0.738085728515625 0.015427626953125 0.735306498046875 0.0256753876953125 0.7237931630859376 0.1018324638671875 0.7239851845703125 0.11383497265625 0.727119728515625 0.1206288193359375 0.7325221708984375 0.124487294921875 0.7386261494140625 0.1256876162109375 0.792993162109375 0.129876072265625 0.7997986767578125 0.12841823828125 0.80738464453125 0.1157993857421875 0.81318531640625 0.0918401005859375 0.821729216796875 0.0212765498046875 0.738085728515625 0.015427626953125
1 0.8999291630859375 0.07547463671875 0.907938455078125 0.02730488671875 0.82788701953125 0.02170714453125 0.808681884765625 0.1193707978515625 0.8074421044921875 0.12972620703125 0.810413357421875 0.1314809560546875 0.82378217578125 0.1320290498046875 0.8318580185546876 0.1345274912109375 0.8436335615234375 0.135737662109375 0.879014015625 0.1385984482421875 0.8852525546875 0.1378744560546875 0.890514982421875 0.1216124248046875 0.8923217373046874 0.110523173828125 0.890753556640625 0.10345211328125 0.8999291630859375 0.07547463671875
1 0.9918026943359375 0.0521197294921875 0.99466084375 0.0333691064453125 0.9125568076171875 0.0276278330078125 0.905864396484375 0.0495910380859375 0.8955890234375 0.1080444326171875 0.894081939453125 0.1295967412109375 0.892354103515625 0.1321831318359375 0.8961094462890625 0.13747341015625 0.9128550185546875 0.1413515869140625 0.9554195751953125 0.1447147353515625 0.962171265625 0.1440266259765625 0.9664648525390624 0.141619650390625 0.9702434716796875 0.1318285185546875 0.9740184541015625 0.1073408388671875 0.9918026943359375 0.0521197294921875
1 1 0.034731419921875 0.9985776611328125 0.036350208984375 0.9990388046875 0.0445040908203125 0.992044904296875 0.04865596484375 0.9892136669921875 0.067021724609375 0.9875665673828125 0.0684535263671875 0.9883775703125 0.071604193359375 0.9750447548828125 0.10741260546875 0.971108298828125 0.1342094609375 0.966762705078125 0.1447344345703125 0.9707602578125 0.14656094921875 1 0.1466413505859375 1 0.034731419921875
1 0.3170035849609375 0.1967584794921875 0.3213131767578125 0.149877 0.3203639765625 0.13395409765625 0.318040435546875 0.130310919921875 0.29570403515625 0.1252683046875 0.2837131953125 0.12713703515625 0.278879544921875 0.129892990234375 0.278599873046875 0.2002609443359375 0.2850824404296875 0.2034214609375 0.3137381171875 0.2065854951171875 0.3180855283203125 0.2034087939453125 0.3170035849609375 0.1967584794921875
1 0.274625595703125 0.1833530185546875 0.2770727900390625 0.1409822421875 0.2748819912109375 0.1280664755859375 0.2658605859375 0.124341681640625 0.2596758701171875 0.1242959482421875 0.25784583984375 0.1504666103515625 0.259073251953125 0.19928225390625 0.260829818359375 0.2036592744140625 0.265934408203125 0.2044029677734375 0.276493447265625 0.20088713671875 0.274625595703125 0.1833530185546875
1 0.3609028447265625 0.1367888515625 0.3539878642578125 0.1324378642578125 0.33818785546875 0.129786041015625 0.3257646005859375 0.13046430078125 0.323037376953125 0.1325940615234375 0.318571765625 0.2038295400390625 0.3204628935546875 0.2062822470703125 0.3265399599609375 0.207867431640625 0.354196248046875 0.2105748369140625 0.357517359375 0.20732637109375 0.3609028447265625 0.1367888515625
1 0.4004154130859375 0.13955183984375 0.394526732421875 0.1352726181640625 0.3791860498046875 0.133426404296875 0.368329158203125 0.1338274501953125 0.363468595703125 0.1369682666015625 0.358941888671875 0.179580375 0.3609748505859375 0.2095018642578125 0.3926017783203125 0.214420646484375 0.3963553037109375 0.2123626513671875 0.398242794921875 0.2001188115234375 0.4004154130859375 0.13955183984375
1 0.403061900390625 0.1385766669921875 0.3989210546875 0.21254206640625 0.434113123046875 0.2180968916015625 0.437407322265625 0.2152332880859375 0.44203440625 0.141688634765625 0.438630740234375 0.1387434150390625 0.4197787421875 0.135491431640625 0.406842337890625 0.13613380859375 0.403061900390625 0.1385766669921875
1 0.4617763251953125 0.1395884228515625 0.449920044921875 0.13953283984375 0.443520033203125 0.1425660087890625 0.438433623046875 0.2153050537109375 0.4408648125 0.2174087822265625 0.475624466796875 0.22177313671875 0.4815382421875 0.21831922265625 0.4871378017578125 0.1456160595703125 0.480682146484375 0.1420706796875 0.4617763251953125 0.1395884228515625
1 0.5293506826171875 0.1466341494140625 0.519735388671875 0.1440280595703125 0.498156166015625 0.1429058388671875 0.49070294140625 0.146252103515625 0.4888961865234375 0.15734135546875 0.4851033818359375 0.2189552666015625 0.4889663740234375 0.22270609375 0.5202954501953125 0.2245100908203125 0.524589037109375 0.2221031162109375 0.53126872265625 0.148701994140625 0.5293506826171875 0.1466341494140625
1 0.57126752734375 0.151885728515625 0.5641910732421875 0.149843916015625 0.5395867744140626 0.1477366708984375 0.5354008359375 0.1486041962890625 0.533106025390625 0.151924427734375 0.5281003525390625 0.2235088857421875 0.5315578427734375 0.22568437890625 0.563832482421875 0.2287147314453125 0.567720568359375 0.2247324228515625 0.571920693359375 0.172042119140625 0.57126752734375 0.151885728515625
1 0.615183150390625 0.158050564453125 0.6128596083984374 0.154407384765625 0.5831238076171875 0.1519413115234375 0.576291380859375 0.1537840087890625 0.572193451171875 0.1828900400390625 0.5696655205078125 0.2264154052734375 0.5756349384765626 0.2295400400390625 0.6069640146484375 0.231344037109375 0.6092857373046875 0.2276389423828125 0.6145390751953125 0.1746355419921875 0.615183150390625 0.158050564453125
1 0.6238979716796875 0.2325281748046875 0.638158529296875 0.2350723486328125 0.650068634765625 0.2343582060546875 0.658695087890625 0.1699883408203125 0.6593678935546875 0.1603667734375 0.657476767578125 0.1579140654296875 0.623203349609375 0.1539704560546875 0.6189366748046875 0.155992568359375 0.6123591845703125 0.2058094189453125 0.6102851259765625 0.2280955703125 0.6126355791015625 0.23135388671875 0.6171462822265625 0.2332162841796875 0.6238979716796875 0.2325281748046875
1 0.654737173828125 0.2192148798828125 0.6526882099609375 0.23376789453125 0.657685150390625 0.2360510380859375 0.689986703125 0.23869652734375 0.69284848828125 0.234642453125 0.6977825146484375 0.2009539521484375 0.69841131640625 0.1772131318359375 0.701392388671875 0.1640789013671875 0.69690859765625 0.1618316416015625 0.6820003291015625 0.1611758984375 0.6754639375 0.1587851064453125 0.6641477197265625 0.1583805439453125 0.6609073447265625 0.160474421875 0.6534112041015625 0.2086800556640625 0.654737173828125 0.2192148798828125
1 0.6961408701171875 0.2244305751953125 0.692713927734375 0.236566765625 0.6941188173828124 0.238598728515625 0.7284460576171875 0.2417726123046875 0.7321457587890625 0.240484341796875 0.7394284208984375 0.202705884765625 0.7428229970703125 0.168909734375 0.7405263671875 0.1648816923828125 0.72153980859375 0.1635540234375 0.7044712900390625 0.16429419921875 0.7027183603515625 0.174613724609375 0.703746478515625 0.1820337646484375 0.7008039560546875 0.1872424287109375 0.6986473427734375 0.2033348935546875 0.6954895224609375 0.2116224580078125 0.6961408701171875 0.2244305751953125
1 0.8250328642578125 0.1657632841796875 0.824114212890625 0.1641520673828125 0.821360076171875 0.16666669140625 0.817227962890625 0.166764490234375 0.8092615859375 0.1700748720703125 0.806263421875 0.168704986328125 0.781065236328125 0.1677164462890625 0.77344871875 0.1660236142578125 0.761538615234375 0.1667377568359375 0.757325763671875 0.16799014453125 0.7570297294921875 0.1722236337890625 0.759460919921875 0.174327361328125 0.75354714453125 0.1777812763671875 0.752468837890625 0.1858275087890625 0.7489593408203125 0.1917700146484375 0.7460240908203125 0.226371771484375 0.74948158203125 0.228547265625 0.7549127548828125 0.239369154296875 0.773224689453125 0.2429701162109375 0.7958840361328124 0.24339437890625 0.863539130859375 0.2492855166015625 0.8625648369140625 0.241095751953125 0.8656150078125 0.234347638671875 0.863372203125 0.2295498720703125 0.866637671875 0.219722857421875 0.8726590947265624 0.2147294921875 0.878052447265625 0.181846599609375 0.8763766171875 0.1763149912109375 0.84718087890625 0.1734999365234375 0.83718699609375 0.168933650390625 0.8250328642578125 0.1657632841796875
1 1 0.185406193359375 0.992915544921875 0.183690697265625 0.973875162109375 0.1831327529296875 0.9627204169921875 0.1804190146484375 0.8881790732421875 0.177140298828125 0.881753966796875 0.187906603515625 0.8815673984375 0.197948916015625 0.8720688447265625 0.2305447451171875 0.8702908193359375 0.2485974072265625 0.8736406611328125 0.2523123515625 0.9142333544921875 0.254377380859375 0.9315189892578125 0.2579065771484375 0.97100464453125 0.261054427734375 0.981021802734375 0.2505393037109375 0.9936334423828125 0.247167005859375 0.9969545546875 0.2439185390625 1 0.237344009765625 1 0.185406193359375
1 0.2782485546875 0.3085248544921875 0.3002045478515625 0.304258998046875 0.3077134150390625 0.30749128125 0.312575794921875 0.3116987373046875 0.322892625 0.311646671875 0.3263984853515625 0.2910076181640625 0.3237716376953125 0.262204833984375 0.3213942724609375 0.259331380859375 0.326468314453125 0.245763388671875 0.3107490419921875 0.2419569775390625 0.261972857421875 0.2389329599609375 0.260657794921875 0.27248777734375 0.26334028515625 0.3078691103515625 0.2782485546875 0.3085248544921875
1 0.36001146484375 0.2454017421875 0.351854884765625 0.244057888671875 0.34815518359375 0.2453461591796875 0.3451839326171875 0.24359141015625 0.33848606640625 0.243509794921875 0.33522059765625 0.2533368095703125 0.330832087890625 0.3087211513671875 0.33358804296875 0.3135548017578125 0.34982046484375 0.3173970947265625 0.36994097265625 0.317257080078125 0.3857948056640625 0.3191391767578125 0.4014315224609375 0.3167519013671875 0.415853552734375 0.3169868984375 0.42087740625 0.3188851787109375 0.4267122626953125 0.323934126953125 0.44162053125 0.3245898701171875 0.446276345703125 0.258008626953125 0.4439528046875 0.25436544921875 0.4389020380859375 0.25285203125 0.4008275458984375 0.2498028583984375 0.372947869140625 0.244759365234375 0.36001146484375 0.2454017421875
1 0.5617889716796876 0.265312568359375 0.55630579296875 0.2626086787109375 0.4962133916015625 0.2591800986328125 0.455782171875 0.2548058935546875 0.4519479111328125 0.2580184775390625 0.4482034765625 0.296817841796875 0.45015024609375 0.30584909765625 0.4465618310546875 0.32029446484375 0.4484260458984375 0.32313203515625 0.472301896484375 0.3282822978515625 0.500605896484375 0.3291012734375 0.5115166123046875 0.327930501953125 0.5170805283203125 0.329479802734375 0.5349582314453125 0.3245420205078125 0.53787566015625 0.327066494140625 0.537579625 0.3312999833984375 0.541037115234375 0.3334754775390625 0.547060357421875 0.33583038671875 0.554865259765625 0.3348291806640625 0.5630880302734375 0.2762322548828125 0.5617889716796876 0.265312568359375
1 0.59173133984375 0.338567341796875 0.5938646767578125 0.33755628515625 0.595267748046875 0.33223997265625 0.60178777734375 0.2684963017578125 0.5694593134765625 0.26623567578125 0.5662996748046875 0.2671749658203125 0.564896603515625 0.27249127734375 0.55966654296875 0.3104132666015625 0.558457310546875 0.335080361328125 0.5614285634765624 0.336835109375 0.5749050302734375 0.3358437529296875 0.59173133984375 0.338567341796875
1 0.641761490234375 0.279413171875 0.6416251103515626 0.2739892119140625 0.6397070703125 0.2719213662109375 0.61159145703125 0.2684083525390625 0.6068923681640624 0.2692399931640625 0.6046513818359375 0.2717905 0.599744267578125 0.305094138671875 0.596916666015625 0.3381564453125 0.5988885302734375 0.3394545654296875 0.6311631708984375 0.3424849169921875 0.6328102705078125 0.341053115234375 0.641761490234375 0.279413171875
1 0.6505639619140625 0.2715203203125 0.6447578369140625 0.273434783203125 0.636316130859375 0.3204140634765625 0.6346457548828125 0.3369272744140625 0.6367539990234375 0.34364935546875 0.66905555078125 0.34629484375 0.6792250927734375 0.29672917578125 0.6816239169921875 0.2771729443359375 0.679759701171875 0.2743353740234375 0.6505639619140625 0.2715203203125
1 0.713371220703125 0.3319901923828125 0.7198985224609376 0.2976396162109375 0.7221627841796875 0.2800076982421875 0.7202447451171875 0.277939853515625 0.6911297421875 0.2739702109375 0.6842973173828125 0.275812908203125 0.6740201259765625 0.3269180283203125 0.671782775390625 0.3441650830078125 0.6731876650390625 0.3461970458984375 0.6792647314453125 0.3477822294921875 0.70805496875 0.34902194921875 0.713371220703125 0.3319901923828125
1 0.71587951171875 0.31824278515625 0.7106476318359375 0.348816501953125 0.7485131005859375 0.353011291015625 0.762647828125 0.283612177734375 0.760297375 0.280353861328125 0.7383664765625 0.276886580078125 0.729616009765625 0.27666143359375 0.7243230341796875 0.278611779296875 0.71587951171875 0.31824278515625
1 0.789114525390625 0.2812087197265625 0.7798778203125 0.280562826171875 0.767508390625 0.2804713603515625 0.764808078125 0.2822162587890625 0.7526684912109375 0.33783208203125 0.7516458271484375 0.35245686328125 0.7870262802734375 0.355317650390625 0.799463720703125 0.302816611328125 0.801566509765625 0.28749387109375 0.7992160556640625 0.2842355546875 0.789114525390625 0.2812087197265625
1 0.8422668515625 0.28801944921875 0.811639310546875 0.283557294921875 0.8052931220703125 0.2858207373046875 0.8009475283203125 0.2963457119140625 0.7925578291015625 0.3352069921875 0.7894556513671875 0.35007310546875 0.7900782685546875 0.355917810546875 0.824945572265625 0.35874271484375 0.827105822265625 0.3573467958984375 0.8406233876953125 0.3041477978515625 0.8422668515625 0.28801944921875
1 0.881239357421875 0.291131416015625 0.8609017333984375 0.28700205859375 0.8506118154296874 0.2866692626953125 0.8458050791015626 0.2890403544921875 0.83252972265625 0.3387755888671875 0.82934680859375 0.3547962890625 0.8309957265625 0.3607127607421875 0.8659168544921875 0.362767939453125 0.8696685615234375 0.353361669921875 0.8828882734375 0.2970478876953125 0.881239357421875 0.291131416015625
1 0.8704813828125 0.363860611328125 0.90742819921875 0.3664441845703125 0.91171996875 0.356688935546875 0.9164386962890625 0.3260793369140625 0.925101154296875 0.2980659775390625 0.9232100263671875 0.29561326953125 0.9151072724609375 0.29349969140625 0.912702994140625 0.2910111005859375 0.9064106298828125 0.292504818359375 0.8946619990234375 0.29090978515625 0.8878833974609375 0.2919827568359375 0.88456228515625 0.2952312236328125 0.8738508642578126 0.3377975986328125 0.86937252734375 0.35759516015625 0.8704813828125 0.363860611328125
1 0.95778311328125 0.3100199365234375 0.95761800390625 0.2976325654296875 0.92944856640625 0.29488927734375 0.925181890625 0.2969113896484375 0.9138227578125 0.3413661953125 0.910695486328125 0.3639654443359375 0.913099763671875 0.3664540341796875 0.9423493271484376 0.36849936328125 0.9450227275390625 0.3671393271484375 0.9524435859375 0.342133103515625 0.95778311328125 0.3100199365234375
1 0.296774328125 0.4123076103515625 0.316274037109375 0.4136711630859375 0.3201352099609375 0.410073716796875 0.3223958369140625 0.377745251953125 0.321767765625 0.3498557255859375 0.3173916240234375 0.346069013671875 0.2968117900390625 0.345403421875 0.2897353349609375 0.343361609375 0.285981810546875 0.3454196044921875 0.2836924541015625 0.370784658203125 0.284107044921875 0.4091013603515625 0.2865651474609375 0.4108202255859375 0.296774328125 0.4123076103515625
1 0.3591346279296875 0.4128008212890625 0.36123378125 0.382781533203125 0.3602540322265625 0.352546947265625 0.358795318359375 0.3512847099609375 0.3560680947265625 0.3534144716796875 0.35350234375 0.353235056640625 0.348099900390625 0.3493765791015625 0.330679705078125 0.347771697265625 0.3243066044921875 0.350420001953125 0.3235657880859375 0.41263407421875 0.3408783349609375 0.4157784072265625 0.3552734541015625 0.4163982685546875 0.3591346279296875 0.4128008212890625
1 0.3953799091796875 0.4180425498046875 0.3976190771484375 0.40814376953125 0.3992534501953125 0.3552740517578125 0.393770271484375 0.3525701630859375 0.3650338583984375 0.350560716796875 0.3617934833984375 0.352654595703125 0.362019689453125 0.3936653369140625 0.35997254296875 0.4155666259765625 0.3675621474609375 0.4176443212890625 0.3926795966796875 0.41978744921875 0.3953799091796875 0.4180425498046875
1 0.2794723310546875 0.3426439501953125 0.2681561142578125 0.34223938671875 0.2633224638671875 0.344995341796875 0.26160008203125 0.3696265537109375 0.2641210986328125 0.4073170625 0.2675247646484375 0.4102622822265625 0.275762080078125 0.410451546875 0.281162705078125 0.40696175 0.2843347109375 0.34685140625 0.2794723310546875 0.3426439501953125
1 0.40191630078125 0.4204333427734375 0.4300588271484375 0.4235614931640625 0.4343524140625 0.421154517578125 0.4377397177734375 0.3579652744140625 0.434255314453125 0.356174642578125 0.402899326171875 0.3547555068359375 0.397972572265625 0.4178371025390625 0.40191630078125 0.4204333427734375
1 0.47655075 0.36338641796875 0.473687146484375 0.36009221875 0.4612908046875 0.360385615234375 0.4465170966796875 0.35780555859375 0.441197208984375 0.360140767578125 0.4374313154296875 0.4213698154296875 0.440294919921875 0.424664015625 0.4695175703125 0.42709420703125 0.47162399609375 0.4264680126953125 0.4731347158203125 0.4196122509765625 0.47655075 0.36338641796875
1 0.51157952734375 0.3639021455078125 0.48284311328125 0.36189269921875 0.4790895888671875 0.3639506953125 0.4747028974609375 0.426683310546875 0.4843451025390625 0.428904537109375 0.508490076171875 0.430206173828125 0.51067723828125 0.428425392578125 0.5115940712890625 0.4226883359375 0.51549634375 0.3668832470703125 0.51157952734375 0.3639021455078125
1 0.550591669921875 0.4180671669921875 0.554307375 0.372304390625 0.552956310546875 0.369502703125 0.5494180830078125 0.3684817978515625 0.53502296484375 0.3678619384765625 0.521275556640625 0.3653536474609375 0.5170357939453125 0.366990896484375 0.5116497138671875 0.4292668837890625 0.5191854931640625 0.4321143046875 0.544249119140625 0.4350271572265625 0.54757023046875 0.4317786904296875 0.550591669921875 0.4180671669921875
1 0.592555068359375 0.39315592578125 0.59176916015625 0.38227212109375 0.5948193310546875 0.3755240078125 0.5904701005859375 0.3713524345703125 0.5612474501953125 0.3689222431640625 0.5580878125 0.369861533203125 0.5568193017578125 0.37325353125 0.5491096806640625 0.43188633984375 0.554565947265625 0.4349750908203125 0.5848418115234375 0.437092185546875 0.58756903515625 0.4349624248046875 0.592555068359375 0.39315592578125
1 0.6350083408203125 0.3833619765625 0.635331287109375 0.378743625 0.632953921875 0.3758701708984375 0.6069178212890625 0.372115826171875 0.599572244140625 0.373922640625 0.595820537109375 0.38332891015625 0.590642482421875 0.413132900390625 0.5882705712890625 0.4323042685546875 0.5894063388671875 0.4381848583984375 0.60928463671875 0.4415086064453125 0.6263531552734375 0.4407684306640625 0.6350083408203125 0.3833619765625
1 0.6638400341796875 0.4430030244140625 0.671824232421875 0.40256641015625 0.674870767578125 0.38112175 0.6729796396484375 0.3786690419921875 0.642244451171875 0.3757463388671875 0.63854475 0.3770346083984375 0.6306412890625 0.416316634765625 0.62886508203125 0.4417175703125 0.630323796875 0.4429798076171875 0.6507959814453125 0.4451848515625 0.6616528720703125 0.4447838056640625 0.6638400341796875 0.4430030244140625
1 0.68329646875 0.3786169755859375 0.67749034375 0.380531439453125 0.66602537890625 0.4338739697265625 0.6653525732421876 0.4434955361328125 0.6698094521484375 0.446127658203125 0.7006253779296875 0.4478957734375 0.7027856279296875 0.44649985546875 0.714275685546875 0.3854241884765625 0.7114659072265626 0.381360263671875 0.68329646875 0.3786169755859375
1 0.7493582880859375 0.3851701904296875 0.7335044541015625 0.3832880927734375 0.71808303515625 0.3825964677734375 0.715949697265625 0.3836075234375 0.7100952021484375 0.4083365341796875 0.7033256904296875 0.446150875 0.7134810458984375 0.4484079853515625 0.73870614453125 0.449011662109375 0.745263994140625 0.42897276953125 0.7513032392578125 0.386853173828125 0.7493582880859375 0.3851701904296875
1 0.785402814453125 0.45227701171875 0.7985399736328125 0.38976954296875 0.789437830078125 0.3871993359375 0.762700193359375 0.3861031474609375 0.7511741328125 0.4108223076171875 0.749396107421875 0.428874970703125 0.744348978515625 0.4420581005859375 0.7454309208984375 0.4487084150390625 0.75439850390625 0.4532029345703125 0.783161828125 0.4548275185546875 0.785402814453125 0.45227701171875
1 0.7927393017578125 0.413728828125 0.7868346171875 0.4539241103515625 0.8190554326171875 0.4577241875 0.8218095693359375 0.4552095634765625 0.835136931640625 0.3973563310546875 0.8344604892578125 0.392281349609375 0.8288965732421875 0.3907320498046875 0.80005251171875 0.3902620546875 0.7927393017578125 0.413728828125
1 0.8729467568359375 0.394972572265625 0.8396458154296875 0.391870455078125 0.837512478515625 0.3928815107421875 0.835244580078125 0.395816880859375 0.8239141767578125 0.4472350966796875 0.8228896943359375 0.4545116044921875 0.8246731728515625 0.4585037626953125 0.8559484248046875 0.461077486328125 0.8591080625 0.4601381962890625 0.8736770234375 0.3992778271484375 0.8729467568359375 0.394972572265625
1 0.8939215419921875 0.4637328251953125 0.8983209599609375 0.4524381259765625 0.9054959736328125 0.416199119140625 0.9106238388671875 0.401861400390625 0.90881344921875 0.39825410546875 0.90019754296875 0.3961046435546875 0.8781320830078125 0.3945616767578125 0.875485595703125 0.395536849609375 0.8649894716796875 0.4350243232421875 0.8634536572265625 0.4496132216796875 0.8603496611328125 0.457131060546875 0.861133751953125 0.46066658984375 0.8939215419921875 0.4637328251953125
1 0.9155276767578125 0.46447018359375 0.92155091796875 0.4668250927734375 0.9264903984375 0.4551814130859375 0.9282145986328125 0.4378984765625 0.9299693466796874 0.434927224609375 0.9379895478515625 0.4308471162109375 0.94260608203125 0.4238217890625 0.9469767685546875 0.4055636787109375 0.9437076650390624 0.400694146484375 0.929906431640625 0.398955580078125 0.91235167578125 0.3992750107421875 0.9100568642578125 0.4025952431640625 0.9014231376953125 0.437572013671875 0.897000443359375 0.463948123046875 0.9155276767578125 0.46447018359375
1 0.9150774404296875 0.5004059443359375 0.909242583984375 0.4953569970703125 0.8836119853515625 0.4931779873046875 0.881019322265625 0.49338343359375 0.8787514228515625 0.4963188037109375 0.8675573984375 0.5531609814453124 0.8699885888671876 0.555264708984375 0.87965770703125 0.55710107421875 0.898131115234375 0.5583928603515625 0.9025323515625 0.5544464345703125 0.9150774404296875 0.5004059443359375
1 0.837660125 0.55300408203125 0.861778185546875 0.5546905810546875 0.8665580107421875 0.5527043525390625 0.8718993564453125 0.5279394599609375 0.8722204853515625 0.5159728330078125 0.8776982109375 0.496631900390625 0.8769141201171875 0.4930963701171875 0.844666392578125 0.48968115625 0.8394272412109375 0.49086177734375 0.8361599541015625 0.493340517578125 0.83087425 0.5246839599609375 0.82836777734375 0.545779640625 0.83012434375 0.550156662109375 0.837660125 0.55300408203125
1 0.797175080078125 0.549399603515625 0.8191598037109376 0.552097158203125 0.8218062919921875 0.5511219853515625 0.8249102880859375 0.543604146484375 0.83483580078125 0.4901539677734375 0.81903579296875 0.4875021455078125 0.8009947978515625 0.487400830078125 0.796918326171875 0.494077177734375 0.794625333984375 0.50474568359375 0.794438765625 0.51478799609375 0.7886111826171875 0.5391321435546875 0.7891530625 0.5461314375 0.797175080078125 0.549399603515625
1 0.7564118251953125 0.5129023828125 0.7499885361328125 0.5310169599609375 0.7496404951171876 0.54336844921875 0.75209859765625 0.5450873154296875 0.761794626953125 0.54653881640625 0.7839408232421875 0.5469271953125 0.7872081103515625 0.544448455078125 0.79206321875 0.51926281640625 0.78979168359375 0.5075016376953125 0.7938143310546875 0.501595015625 0.7957825595703125 0.4881965888671875 0.7924058056640625 0.484866505859375 0.767315267578125 0.4823385166015625 0.7614553173828125 0.4850227041015625 0.7581629375 0.49523458203125 0.7564118251953125 0.5129023828125
1 0.75599905078125 0.481933953125 0.7468699951171875 0.479748609375 0.725803923828125 0.4786622705078125 0.7219965751953125 0.4814899912109375 0.72124121484375 0.4849178720703125 0.711369525390625 0.537598326171875 0.7147193671875 0.541313271484375 0.7454545556640625 0.5442359736328125 0.7475878935546875 0.54322491796875 0.7584302412109375 0.484037681640625 0.75599905078125 0.481933953125
1 0.707642912109375 0.539271458984375 0.7105046982421875 0.535217384765625 0.71899841015625 0.4801201064453125 0.7155409189453125 0.477944611328125 0.6909635322265625 0.4754525048828125 0.6857243818359375 0.4766331259765625 0.6834295703125 0.479953357421875 0.68300079296875 0.4934594345703125 0.67466491796875 0.53155098828125 0.679473474609375 0.5365281708984375 0.7013774609375 0.540380314453125 0.707642912109375 0.539271458984375
1 0.660309080078125 0.471375212890625 0.6483720634765625 0.47247421875 0.639740154296875 0.5147992626953125 0.6385021923828125 0.5325029453125 0.66046000390625 0.5355853642578124 0.671830044921875 0.535220201171875 0.6818632080078125 0.4802305712890625 0.680646703125 0.4755045703125 0.67294944921875 0.474966326171875 0.660309080078125 0.471375212890625
1 0.2572297529296875 0.4984936328125 0.2751630986328125 0.5001343994140625 0.278430384765625 0.497655658203125 0.2795497900390625 0.437401783203125 0.2657216455078125 0.436048080078125 0.265380876953125 0.4777926640625 0.261519703125 0.4813901103515625 0.248690947265625 0.4804930361328125 0.2455043974609375 0.481817189453125 0.244237705078125 0.4925574619140625 0.2572297529296875 0.4984936328125
1 0.308286203125 0.439411228515625 0.2857345048828125 0.437447515625 0.2830341923828125 0.4391924150390625 0.27945123046875 0.4756826025390625 0.2799698349609375 0.4977633076171875 0.281860962890625 0.5002160146484375 0.310218787109375 0.500265263671875 0.3135075322265625 0.47535683984375 0.31401341015625 0.4459996279296875 0.308286203125 0.439411228515625
1 0.3465033486328125 0.4459510771484375 0.3450984580078125 0.4439191162109375 0.3349969267578125 0.4408922802734375 0.317982232421875 0.4408627314453125 0.3152011845703125 0.443762216796875 0.312730712890625 0.501214404296875 0.32023958203125 0.5044466875 0.3411710927734375 0.50745733984375 0.3444114677734375 0.5053634619140625 0.34522065234375 0.50116585546875 0.3465033486328125 0.4459510771484375
1 0.380452 0.4471647646484375 0.3752666728515625 0.4475756611328125 0.3661376181640625 0.4453903173828125 0.3522825615234375 0.4444214775390625 0.34952842578125 0.4469361015625 0.345977830078125 0.505086248046875 0.34786895703125 0.507538955078125 0.375552158203125 0.509861498046875 0.3798995703125 0.506684796875 0.384828142578125 0.4509514765625 0.380452 0.4471647646484375
1 0.4194299599609375 0.4723215537109375 0.4197223583984375 0.453391517578125 0.416831841796875 0.4504821806640625 0.41278046484375 0.4494253916015625 0.39017494140625 0.448231404296875 0.3868538310546875 0.45147987109375 0.38507398828125 0.462184259765625 0.3819790830078125 0.506443466796875 0.3888402392578125 0.5115641796875 0.413471451171875 0.5132865615234375 0.415172375 0.51108503515625 0.4194299599609375 0.4723215537109375
1 0.4571285009765625 0.4567806982421875 0.4532116845703125 0.453799595703125 0.4281749716796875 0.4505018798828125 0.4228281708984375 0.4532219521484375 0.421911337890625 0.458959009765625 0.4165503525390625 0.513501859375 0.420061666015625 0.51490762890625 0.448258017578125 0.5172660537109375 0.450958330078125 0.51552115625 0.4518482509765625 0.5101689609375 0.4571285009765625 0.4567806982421875
1 0.48685193359375 0.5184178251953125 0.4925664150390625 0.4735683076171875 0.4925358662109375 0.4592566220703125 0.4880520751953125 0.45700936328125 0.47784289453125 0.4555219775390625 0.4624214755859375 0.4548303525390625 0.4591811005859375 0.45692423046875 0.453683736328125 0.5060431201171876 0.45511735546875 0.515038494140625 0.4580078720703125 0.517947830078125 0.4830984091796875 0.5204758212890624 0.48685193359375 0.5184178251953125
1 0.5005724287109375 0.521310978515625 0.5189920126953125 0.5233724912109375 0.5236911015625 0.5225408486328125 0.526443419921875 0.512677951171875 0.5272471513671875 0.4864355244140625 0.53102576953125 0.476644392578125 0.5313199853515626 0.46506262890625 0.5295365078125 0.461070470703125 0.5044728828125 0.4581576181640625 0.4997199697265625 0.459758984375 0.4921663671875 0.494037794921875 0.4904421669921875 0.5113207333984375 0.4926311474609375 0.516888224609375 0.5005724287109375 0.521310978515625
1 0.5293553935546875 0.493157603515625 0.5267969150390625 0.52237128515625 0.545622 0.5260081298828125 0.559477056640625 0.5269769697265625 0.56333823046875 0.5233795244140625 0.570048462890625 0.464290087890625 0.5455249013671875 0.4610282548828125 0.5346141845703125 0.462199025390625 0.5293553935546875 0.493157603515625
1 0.571198775390625 0.5289568662109375 0.5968562861328125 0.530751013671875 0.6005828994140625 0.5290778818359375 0.6017975849609375 0.5264556083984375 0.6099127080078125 0.4693981337890625 0.6049426787109375 0.46673012890625 0.5772594794921875 0.4644075859375 0.5723450927734375 0.46831812890625 0.5714013466796874 0.4744400478515625 0.5700288232421875 0.494068044921875 0.56716885546875 0.505470392578125 0.566741896484375 0.5263247431640625 0.571198775390625 0.5289568662109375
1 0.6098465166015625 0.529338912109375 0.6240801611328125 0.5322679482421875 0.635963353515625 0.53193866796875 0.6421120654296875 0.49562789453125 0.643186736328125 0.4728851142578125 0.6243078271484375 0.470017994140625 0.6171237236328125 0.4695156328125 0.612910873046875 0.47076801953125 0.6096203095703125 0.4883281708984375 0.6105138671875 0.4976725234375 0.6049805 0.510434908203125 0.6023376474609375 0.52610662890625 0.6036079765625 0.530062904296875 0.6098465166015625 0.529338912109375
1 0.211493189453125 0.5552408271484375 0.2097671708984375 0.5651754912109375 0.210689458984375 0.581483255859375 0.2126613232421875 0.582781375 0.2199261630859375 0.5821291494140625 0.238858896484375 0.58422654296875 0.241613033203125 0.581711919921875 0.2433550556640625 0.52730275 0.240923865234375 0.5251990224609375 0.232281048828125 0.523434423828125 0.2112149765625 0.5223480849609375 0.20951587109375 0.5318978857421875 0.209736623046875 0.550863806640625 0.211493189453125 0.5552408271484375
1 0.2330313125 0.60857069140625 0.2182037802734375 0.606760359375 0.2139909306640625 0.6080127470703125 0.2120496142578125 0.6210263115234375 0.2137596279296875 0.6555661533203125 0.215164517578125 0.657598115234375 0.24225383203125 0.66103936328125 0.24506179296875 0.6577550146484376 0.245158533203125 0.6121259208984375 0.2330313125 0.60857069140625
1 0.207706197265625 0.7495085283203125 0.209084173828125 0.751925353515625 0.2217783701171875 0.754746740234375 0.2362273125 0.7545968759765626 0.240492169921875 0.7452264892578125 0.241157703125 0.7062118271484376 0.24447699609375 0.695615087890625 0.24212654296875 0.692356771484375 0.2297302001953125 0.69265016796875 0.227785248046875 0.6909671865234375 0.2200610830078125 0.6908138037109375 0.2136879814453125 0.6934621103515625 0.207585822265625 0.6996100625 0.2059980009765625 0.7223169599609375 0.207706197265625 0.7495085283203125
1 0.2741586142578125 0.58824191796875 0.2773451640625 0.586917765625 0.2775873740234375 0.5834540009765625 0.2762632216796875 0.580267451171875 0.278043064453125 0.5695630615234375 0.27708841015625 0.53159533984375 0.27365783203125 0.529034982421875 0.249053533203125 0.52692773828125 0.24535383203125 0.5282160078125 0.2421512783203125 0.574014666015625 0.2434772490234375 0.584549490234375 0.24696165234375 0.5863401220703125 0.2741586142578125 0.58824191796875
1 0.2616869892578125 0.611734724609375 0.2498845341796875 0.6109094169921875 0.247211134765625 0.612269453125 0.2447926708984375 0.661603640625 0.24622447265625 0.663250740234375 0.2744208232421875 0.665609166015625 0.277121134765625 0.663864267578125 0.277524818359375 0.6580913271484375 0.276946935546875 0.6147355263671875 0.2616869892578125 0.611734724609375
1 0.264570591796875 0.695859935546875 0.26213940234375 0.69375620703125 0.2537675244140625 0.695491255859375 0.25125559765625 0.694542115234375 0.2435601630859375 0.70135214453125 0.241330083984375 0.7479922939453125 0.2466787021484375 0.75262049609375 0.26812336328125 0.75566703125 0.270310525390625 0.7538862490234375 0.2721601962890625 0.697937630859375 0.264570591796875 0.695859935546875
1 0.308512767578125 0.591030939453125 0.3117262294921875 0.589321923828125 0.311017421875 0.562586984375 0.3136028125 0.53298844140625 0.3111447099609375 0.531269576171875 0.2947777275390625 0.529351595703125 0.280355697265625 0.5291165986328125 0.2785740361328125 0.532472712890625 0.277912138671875 0.586183923828125 0.27934394140625 0.5878310224609375 0.2864473076171875 0.58948797265625 0.308512767578125 0.591030939453125
1 0.310657013671875 0.6341095263671875 0.3131653037109375 0.6203621181640625 0.3107610263671875 0.61787352734375 0.302658271484375 0.61575994921875 0.283698625 0.6140474169921875 0.277973236328125 0.6148072919921875 0.2795254130859375 0.666352857421875 0.280984126953125 0.667615095703125 0.3082080009765625 0.669132029296875 0.3117713232421875 0.662419798828125 0.310657013671875 0.6341095263671875
1 0.3040977041015625 0.75740911328125 0.3054647734375 0.7157362958984375 0.3084323896484375 0.70279449609375 0.302003646484375 0.69886425390625 0.2860959892578125 0.6977518828125 0.2782103505859375 0.6999076767578125 0.274593205078125 0.7073896318359375 0.2716059482421875 0.750109388671875 0.2727955400390625 0.7552202529296875 0.2781172451171875 0.76023331640625 0.3021545703125 0.7630744052734375 0.3040977041015625 0.75740911328125
1 0.3494695048828125 0.5362699736328125 0.3429869375 0.53310945703125 0.3327777568359375 0.531622072265625 0.3178156640625 0.5317360546875 0.3150077021484375 0.5350204033203125 0.3132656806640625 0.589429572265625 0.314211244140625 0.5906559267578125 0.343406982421875 0.59347098046875 0.345567232421875 0.5920750615234375 0.344696951171875 0.567649298828125 0.3494695048828125 0.5362699736328125
1 0.382702435546875 0.5919645966796875 0.38033670703125 0.5815504375 0.3848230458984375 0.5395156240234374 0.3521159921875 0.53529480078125 0.34984809375 0.5382301708984375 0.3466957275390625 0.5685625556640626 0.3466204453125 0.59176196484375 0.3485653974609375 0.593444947265625 0.37152259765625 0.596983994140625 0.3798406494140625 0.5960186708984375 0.382702435546875 0.5919645966796875
1 0.40337719140625 0.5396528212890624 0.391088498046875 0.5384067685546875 0.3878212109375 0.540885509765625 0.38561986328125 0.5944890703125 0.3926155810546875 0.5976854697265624 0.414681041015625 0.5992284375 0.417435177734375 0.5967138134765625 0.4200689384765625 0.5443007236328125 0.418664048828125 0.54226876171875 0.40337719140625 0.5396528212890624
1 0.4254157392578125 0.54158065234375 0.4221215400390625 0.544444255859375 0.420341697265625 0.55514864453125 0.4182461806640625 0.59986448046875 0.424269421875 0.6022193896484375 0.44884680859375 0.6047114970703125 0.45100705859375 0.603315578125 0.4550438916015625 0.545586177734375 0.4510732509765625 0.5433747998046875 0.4254157392578125 0.54158065234375
1 0.4569081064453125 0.548423748046875 0.4525734208984375 0.6030383642578125 0.456004 0.6055987216796875 0.483660287109375 0.6083061259765625 0.4890805517578125 0.5750383720703125 0.4887772451171875 0.549878765625 0.4730310615234375 0.5464572177734375 0.4591221806640625 0.546258103515625 0.4569081064453125 0.548423748046875
1 0.52213201171875 0.552211158203125 0.51556870703125 0.5502052294921875 0.4981485107421875 0.548600345703125 0.492882447265625 0.5501658291015625 0.490183953125 0.559259001953125 0.4909967734375 0.569757943359375 0.48687375 0.6065971103515625 0.491357541015625 0.6088443701171875 0.51801444140625 0.6110951474609375 0.5250225263671875 0.5551204951171875 0.52213201171875 0.552211158203125
1 0.5584365703125 0.5787279833984375 0.5593766796875 0.557909515625 0.54986903515625 0.5537639755859375 0.5355008291015625 0.5527592529296875 0.5276690146484375 0.5541453212890625 0.5255087646484375 0.555541240234375 0.5231637646484375 0.5743277451171875 0.5211202548828126 0.61092558203125 0.541538615234375 0.6139003515625 0.5529086572265625 0.6135351884765625 0.5540658828125 0.59698609375 0.5584365703125 0.5787279833984375
1 0.56988189453125 0.5551634111328125 0.5619962548828125 0.557319205078125 0.555226744140625 0.5951335458984375 0.5540695185546874 0.611682640625 0.5559068212890625 0.61490507421875 0.584076259765625 0.61764836328125 0.5877759609375 0.6163600927734375 0.594649484375 0.5623097529296875 0.5919473544921875 0.55670637890625 0.56988189453125 0.5551634111328125
1 0.59945622265625 0.5599386611328125 0.5967020849609375 0.56245328515625 0.5928983720703125 0.579977552734375 0.59028788671875 0.617309232421875 0.6076004345703125 0.6204535673828125 0.6199429521484375 0.6209298955078125 0.6233717119140625 0.6161419775390625 0.6307045615234375 0.5628972470703125 0.61903666796875 0.5601476259765625 0.59945622265625 0.5599386611328125
1 0.6592114921875 0.6198083740234375 0.6599632158203125 0.6016839443359375 0.663634185546875 0.5934322626953125 0.6663828681640624 0.568872818359375 0.6640593271484375 0.5652296396484375 0.643640966796875 0.5622548701171876 0.6364030390625 0.562522234375 0.6330281025390625 0.56654042578125 0.6292782138671875 0.58329496875 0.6245613046875 0.621252841796875 0.644952751953125 0.6246124736328125 0.6558096435546875 0.6242114267578125 0.6592114921875 0.6198083740234375
1 0.7024721298828125 0.598468544921875 0.708974337890625 0.5718511044921875 0.691769439453125 0.5671673193359374 0.6774012333984375 0.5661625966796875 0.671785310546875 0.572731294921875 0.6632628681640625 0.620865162109375 0.6660726474609375 0.6249290859375 0.669610875 0.6259499931640625 0.6978341376953126 0.6279235556640625 0.6994543251953125 0.6268766171875 0.7024721298828125 0.598468544921875
1 0.7434092275390625 0.5734855361328125 0.7378722236328125 0.571551373046875 0.7158605888671875 0.5692386806640625 0.70900125 0.5714662412109375 0.7024739482421875 0.605816818359375 0.701426189453125 0.628174736328125 0.718252498046875 0.6308983251953125 0.732674529296875 0.631133322265625 0.73704703515625 0.6202234853515625 0.744383521484375 0.581675302734375 0.7434092275390625 0.5734855361328125
1 0.7469350869140625 0.6336774951171875 0.7720794482421875 0.6354357607421875 0.7810182998046875 0.632966869140625 0.78052842578125 0.617849576171875 0.7848991142578124 0.5995914658203125 0.786757875 0.5803842158203125 0.78543372265625 0.5771976650390624 0.7732257646484375 0.5747970234375 0.757318107421875 0.5736846513671875 0.7531052578125 0.5749370390625 0.74716820703125 0.5934723623046875 0.74263786328125 0.621387923828125 0.74496322265625 0.6323793759765625 0.7469350869140625 0.6336774951171875
1 0.81984897265625 0.6086100556640625 0.827216005859375 0.5843735576171875 0.826431916015625 0.5808380263671875 0.7993426025390625 0.577396779296875 0.7920508505859375 0.5784338681640625 0.788243501953125 0.58126158984375 0.7875150537109376 0.5843046083984375 0.779992 0.632895103515625 0.7843681416015625 0.636681814453125 0.81413085546875 0.6387630263671875 0.81693881640625 0.6354786767578126 0.81984897265625 0.6086100556640625
1 0.82003917578125 0.613264291015625 0.81928926953125 0.6387369931640625 0.8464054951171875 0.6417933779296875 0.852724771484375 0.6399147978515625 0.85928262109375 0.6198759052734375 0.861704720703125 0.5852382646484375 0.8382074599609375 0.5820481982421875 0.828296130859375 0.58367559765625 0.82003917578125 0.613264291015625
1 0.888968234375 0.637808251953125 0.8804312470703125 0.6271559296875 0.885257625 0.5950068798828125 0.8849848671875 0.584158958984375 0.8752081005859375 0.5838620458984375 0.868861912109375 0.5861254892578125 0.86365330859375 0.6016177939453125 0.8569107099609375 0.6390472734375 0.8588018369140625 0.64149998046875 0.8648789033203125 0.6430851640625 0.890050177734375 0.6444585673828125 0.888968234375 0.637808251953125
1 0.8506401630859375 0.7287202763671875 0.854366775390625 0.7270471435546875 0.8572518369140625 0.7079116591796875 0.870507552734375 0.6879543818359375 0.872099009765625 0.6799440322265625 0.8707479443359375 0.6771423447265625 0.8478983935546875 0.6720638466796875 0.8394996044921875 0.6741837578125 0.8293802509765625 0.7082831552734375 0.8282750322265625 0.7167142509765625 0.8294377119140625 0.7222099765625 0.832328228515625 0.7251193134765626 0.8506401630859375 0.7287202763671875
1 0.8201471826171876 0.7223338095703125 0.8254652529296875 0.712650326171875 0.8306182138671875 0.6905794716796875 0.835396220703125 0.68124496875 0.8373931787109375 0.6748099521484375 0.8360959384765625 0.6712385390625 0.81832406640625 0.6672885966796875 0.80238949609375 0.666561087890625 0.7991491220703125 0.6686549658203125 0.7980708154296875 0.6767012001953125 0.7905943134765625 0.695128875 0.7885740791015625 0.7166453017578125 0.7920315693359375 0.7188207958984375 0.8201471826171876 0.7223338095703125
1 0.795558888671875 0.67575205859375 0.7958818349609375 0.67113370703125 0.7931258798828125 0.6663000576171875 0.7691692919921875 0.6623043818359375 0.761877541015625 0.663341470703125 0.7594768984375 0.675549427734375 0.7518658359375 0.6959014169921875 0.74981687109375 0.710454431640625 0.751600349609375 0.714446591796875 0.7833080146484375 0.71821078515625 0.7895123701171874 0.688478560546875 0.795558888671875 0.67575205859375
1 0.7591252216796875 0.673204369140625 0.7603919140625 0.66246409765625 0.7364084140625 0.6588532841796875 0.7260915849609375 0.6589053515625 0.717321478515625 0.68845816015625 0.7142462138671875 0.70293941015625 0.7148957431640625 0.70839925390625 0.733207677734375 0.712000216796875 0.747089646484375 0.7125841943359374 0.7535918544921875 0.6859667529296875 0.7591252216796875 0.673204369140625
1 0.7220132958984375 0.6582334248046875 0.7057270498046875 0.6551608564453125 0.6944377451171875 0.6543714306640624 0.6897117431640625 0.655587935546875 0.6818602880859375 0.6867519619140625 0.6802168251953125 0.702880310546875 0.682134865234375 0.70494815625 0.70560521484375 0.7085230859375 0.7128700546875 0.707870859375 0.7232028876953125 0.6633442880859375 0.7220132958984375 0.6582334248046875
1 0.6529569482421875 0.66500687109375 0.647942185546875 0.6998499599609375 0.663688369140625 0.7032715068359375 0.6781103994140625 0.7035065048828125 0.6881184677734375 0.6562500126953125 0.6790701494140625 0.6529100791015625 0.65751783984375 0.6514029951171875 0.655303765625 0.6535686396484375 0.6529569482421875 0.66500687109375
1 0.6180358203125 0.6629516923828125 0.6140706337890625 0.68278513671875 0.61407426953125 0.6974816845703125 0.644323220703125 0.6999836416015625 0.6544120263671875 0.651572560546875 0.6432572822265625 0.6488588212890625 0.623784486328125 0.6471104072265625 0.62105726171875 0.64924016796875 0.6180358203125 0.6629516923828125
1 0.588917181640625 0.6442855029296874 0.5867300205078125 0.6460662841796875 0.5841948173828125 0.6601985546875 0.5797452109375 0.68695952734375 0.5802063544921875 0.6951134091796874 0.59449382421875 0.6972727197265625 0.6109684560546875 0.6976512490234374 0.620057873046875 0.6487835390625 0.61352148046875 0.646392748046875 0.588917181640625 0.6442855029296874
1 0.5535636396484375 0.641039853515625 0.5512957421875 0.64397522265625 0.5472767314453125 0.664578392578125 0.545633267578125 0.6807067412109375 0.546878501953125 0.6923961533203125 0.57610115234375 0.6948263447265625 0.5783690517578125 0.6918909755859375 0.5857037197265625 0.6459945185546875 0.576655400390625 0.6426545869140625 0.5535636396484375 0.641039853515625
1 0.52134282421875 0.6372397763671875 0.5181831865234375 0.63817906640625 0.5168877646484376 0.6419559267578125 0.512199583984375 0.6868772109375 0.5177096748046875 0.6891962373046875 0.540801435546875 0.6908109697265625 0.544149458984375 0.6871776416015625 0.544470587890625 0.675211015625 0.5509709775390625 0.64124530078125 0.52134282421875 0.6372397763671875
1 0.516643736328125 0.63807141796875 0.4901483095703125 0.63351146484375 0.483829033203125 0.635390044921875 0.47989803125 0.68423172265625 0.48543503515625 0.6861658857421875 0.5095800078125 0.687467521484375 0.516643736328125 0.63807141796875
1 0.4778327041015625 0.6326502744140625 0.45844064453125 0.6297472705078125 0.4505550048828125 0.6319030654296875 0.4462185009765625 0.679169408203125 0.4511077939453125 0.6829920009765625 0.4751720302734375 0.6854482265625 0.4778185185546875 0.684473052734375 0.4791677646484375 0.679926466796875 0.4827758203125 0.635703142578125 0.4778327041015625 0.6326502744140625
1 0.4482118232421875 0.65803784375 0.4494210556640625 0.63337075 0.447043689453125 0.630497296875 0.442371513671875 0.6309440751953125 0.424032666015625 0.6277279755859375 0.41884733984375 0.62813887109375 0.4171195029296875 0.6307252607421875 0.413403798828125 0.6764880361328125 0.41940012890625 0.6792278076171875 0.443572013671875 0.6801445810546874 0.445893736328125 0.6764394853515625 0.4482118232421875 0.65803784375
1 0.3928112392578125 0.6243845263671876 0.3871665869140625 0.6239898134765625 0.3824136728515625 0.6255911806640625 0.3811829833984375 0.672687958984375 0.3907982763671875 0.675294048828125 0.4159695498046875 0.676667451171875 0.4132405078125 0.6714489375 0.4159604599609375 0.63992608203125 0.4141751630859375 0.6285856494140625 0.3928112392578125 0.6243845263671876
1 0.34913964453125 0.6221042001953125 0.346828830078125 0.6698989375 0.3508532958984375 0.6713405888671875 0.3750251796875 0.67225736328125 0.378238642578125 0.67054834765625 0.3819005224609375 0.6255552978515625 0.3784699443359375 0.62299494140625 0.35389255859375 0.6205028330078125 0.34913964453125 0.6221042001953125
1 0.3147316669921875 0.6200849052734375 0.3129609150390625 0.667530662109375 0.31844409375 0.6702345517578125 0.3431560419921875 0.6708023447265625 0.3453701162109375 0.668636701171875 0.34751945703125 0.6231511396484375 0.343575728515625 0.620554900390625 0.3226173056640625 0.617929109375 0.3147316669921875 0.6200849052734375
1 0.316669705078125 0.7029837607421875 0.309783455078125 0.70559618359375 0.3074348193359375 0.7096861416015625 0.30496253125 0.7597900546875 0.308852435546875 0.7631560205078125 0.33351055859375 0.7644935390625 0.336291607421875 0.761594052734375 0.337936888671875 0.7528139765625 0.3381700087890625 0.7126088447265625 0.316669705078125 0.7029837607421875
1 0.3470550361328125 0.7109096787109375 0.3438953984375 0.7118489697265625 0.3406048349609375 0.7294091201171875 0.3383442080078125 0.7617375849609375 0.3436928271484375 0.7663657861328125 0.36416501171875 0.7685708310546875 0.367837798828125 0.767667423828125 0.37201101171875 0.715361982421875 0.3644752314453125 0.7125145625 0.3470550361328125 0.7109096787109375
1 0.4039448828125 0.76013691796875 0.40409544921875 0.713738099609375 0.39596578125 0.7120093837890625 0.3930214404296875 0.7098697724609375 0.3853241875 0.7093315283203125 0.3785455859375 0.7104045 0.3733889892578125 0.7177788076171875 0.37094361328125 0.7674978583984375 0.3734286279296875 0.768831861328125 0.3985191650390625 0.7713598515625 0.4018671875 0.7677265224609375 0.4039448828125 0.76013691796875
1 0.435087392578125 0.771983228515625 0.4368403232421875 0.7616637021484375 0.4388030966796875 0.726220453125 0.4373694775390625 0.7172250791015625 0.431805560546875 0.715675779296875 0.4281327724609375 0.7165791865234376 0.4124135009765625 0.712772775390625 0.4097939248046875 0.7133630869140625 0.4074183779296875 0.71783790625 0.4037314033203125 0.7705640927734375 0.405649443359375 0.7726319384765625 0.43073998046875 0.7751599287109375 0.435087392578125 0.771983228515625
1 0.47116574609375 0.7574893125 0.47229060546875 0.7192802587890625 0.4689407626953125 0.7155653134765625 0.4540863193359375 0.7141398447265624 0.445255115234375 0.71506928515625 0.4417725302734375 0.720626927734375 0.43993886328125 0.7321010419921875 0.43735347265625 0.7616995849609375 0.438679443359375 0.7722344091796876 0.4611773173828125 0.77496784765625 0.4679290068359375 0.77427973828125 0.47116574609375 0.7574893125
1 0.5071419052734375 0.7665796669921875 0.5034672978515625 0.76013480078125 0.5067847734375 0.742189787109375 0.50648328515625 0.7243784560546875 0.496623962890625 0.7178878564453125 0.4761517783203125 0.7156828115234375 0.4744239423828125 0.7182692021484375 0.4705485830078125 0.7736894267578125 0.4740329853515625 0.77548005859375 0.4995828486328125 0.7788136572265625 0.5038495234375 0.776791544921875 0.5071419052734375 0.7665796669921875
1 0.53735303515625 0.725376845703125 0.528304716796875 0.722036912109375 0.510290634765625 0.721550734375 0.5067542255859375 0.7278781025390625 0.503600041015625 0.7508622138671875 0.5017969228515625 0.776648013671875 0.511898453125 0.77967484765625 0.53034494921875 0.781351498046875 0.5338544462890625 0.7754089921875 0.5378159970703125 0.7408790009765625 0.53735303515625 0.725376845703125
1 0.5493438759765625 0.7235081142578125 0.5415658857421874 0.7241244580078126 0.5373854013671875 0.747036802734375 0.535070951171875 0.7801349931640625 0.54004098046875 0.7828029990234375 0.5651046044921875 0.7857158525390625 0.5708747275390625 0.7474448828125 0.5701408251953125 0.728443080078125 0.5626319580078125 0.725210796875 0.5493438759765625 0.7235081142578125
1 0.59562449609375 0.79171745703125 0.599647142578125 0.785810833984375 0.6032875654296875 0.76324746875 0.6052252451171874 0.7355373564453125 0.603441765625 0.731545197265625 0.6004436005859375 0.7301753115234375 0.593745736328125 0.7300936962890625 0.5905322734375 0.7318027119140625 0.57683869140625 0.7285246953125 0.573679052734375 0.7294639853515625 0.5688526748046875 0.7616130361328125 0.5679951201171874 0.7886251884765625 0.576611025390625 0.790774650390625 0.59562449609375 0.79171745703125
1 0.6347439306640625 0.7337340576171875 0.623913951171875 0.7337502412109375 0.61373168359375 0.731877994140625 0.607331669921875 0.734911162109375 0.60571330078125 0.743306375 0.6009982080078125 0.788612521484375 0.6059413251953125 0.7916653896484375 0.630626361328125 0.792618046875 0.637071107421875 0.7520737841796875 0.63758062109375 0.7374131201171875 0.6347439306640625 0.7337340576171875
1 0.633916923828125 0.7750578955078125 0.6323541962890625 0.7900316572265625 0.6346239130859375 0.7944445615234375 0.645832482421875 0.79638857421875 0.665412927734375 0.7965975390625 0.672611216796875 0.74527712109375 0.669044259765625 0.7372928046875 0.641280322265625 0.736124849609375 0.633916923828125 0.7750578955078125
1 0.7007788369140625 0.7406721357421875 0.67771398828125 0.7386725400390625 0.6729879873046875 0.7398890439453125 0.66706002734375 0.7951657373046875 0.674407421875 0.8007071962890625 0.6969322080078125 0.8030557724609375 0.7001725830078125 0.8009618935546875 0.707397783203125 0.74925661328125 0.7051818916015625 0.744073984375 0.7007788369140625 0.7406721357421875
1 0.7317725986328125 0.8062655380859375 0.736819728515625 0.7930824091796875 0.74315864453125 0.7614258701171875 0.7430491767578125 0.755617046875 0.7411311376953125 0.7535492021484375 0.7245739501953125 0.7469769873046875 0.7115837216796875 0.7483890888671875 0.7087219365234375 0.7524431640625 0.7027616103515625 0.7860598984375 0.7011988828125 0.8010336591796875 0.7026306845703125 0.8026807587890625 0.71575729296875 0.8066926171875 0.7317725986328125 0.8062655380859375
1 0.736877189453125 0.80700923046875 0.7573224609375 0.80959913671875 0.7630478505859375 0.80883926171875 0.767151234375 0.8017780517578125 0.7768650859375 0.766103322265625 0.7751067021484375 0.75437802734375 0.7679225986328125 0.7538756650390624 0.7584418671875 0.7493452626953125 0.7578210673828125 0.750848830078125 0.7462088154296875 0.7546777568359375 0.73932801953125 0.779335001953125 0.73555121875 0.79647440625 0.7350398857421875 0.8037867978515625 0.736877189453125 0.80700923046875
1 0.8111097734375 0.7630835205078125 0.80778684375 0.7589837119140626 0.792661458984375 0.7540585966796876 0.7792926396484375 0.7535105029296875 0.775917705078125 0.7575286943359375 0.775975166015625 0.7714555166015625 0.7669090244140625 0.80524181640625 0.77325703125 0.8103266455078125 0.7957279921875 0.813444947265625 0.79966990234375 0.8086929130859375 0.8111097734375 0.7630835205078125
1 0.8274894814453125 0.816439416015625 0.8312160947265625 0.814766283203125 0.835859541015625 0.80735609375 0.845221716796875 0.7693363046875 0.8416009345703125 0.762121712890625 0.82010244921875 0.7598449033203125 0.81480947265625 0.76179525 0.8093299306640624 0.7737879091796875 0.803744556640625 0.7946682919921875 0.80075002734375 0.807994953125 0.802425857421875 0.8135265634765625 0.818712103515625 0.816599130859375 0.8274894814453125 0.816439416015625
1 0.7379791298828124 0.894490556640625 0.790779779296875 0.8989562265625 0.79620731640625 0.89508156640625 0.8017675966796876 0.8819343203125 0.806326669921875 0.8609821708984375 0.8062961220703125 0.846670486328125 0.8014337412109375 0.842463029296875 0.7167908662109375 0.836157478515625 0.7114978896484375 0.8381078251953125 0.7086091923828125 0.8425467626953125 0.7035638798828125 0.863078166015625 0.701001765625 0.877595298828125 0.7049203994140625 0.8879246748046875 0.7379791298828124 0.894490556640625
1 0.5983986318359374 0.87003384375 0.614037166015625 0.874994841796875 0.672051873046875 0.88601302734375 0.6813424013671875 0.8858891962890625 0.68509592578125 0.883831201171875 0.691413384765625 0.874604345703125 0.6959186337890625 0.8544219228515625 0.69594191015625 0.83934051171875 0.6926728046875 0.8344709794921875 0.675981056640625 0.8298230771484375 0.621775517578125 0.8233254453125 0.603761435546875 0.8228392666015625 0.6003057626953126 0.828012046875 0.5945625517578125 0.8658981533203125 0.5983986318359374 0.87003384375
1 0.497675716796875 0.820835455078125 0.4940909375 0.849977369140625 0.4939851064453125 0.85886509375 0.4962009990234375 0.86404772265625 0.55075821484375 0.8728904150390625 0.5738230625 0.874890009765625 0.5811417275390625 0.87346805859375 0.58913137890625 0.855076265625 0.5901791376953125 0.83271834765625 0.588205455078125 0.8240719541015625 0.57721218359375 0.8190490400390625 0.569568755859375 0.8177410693359375 0.541318580078125 0.8161523701171876 0.52451918359375 0.81304391796875 0.5070720751953125 0.8118238974609375 0.5018060126953126 0.8133893818359375 0.497675716796875 0.820835455078125
1 0.4516645771484375 0.8593864541015624 0.4804279033203125 0.8610110380859375 0.489826080078125 0.8593477548828125 0.4952983505859375 0.8179620009765625 0.492650044921875 0.811588900390625 0.48762619140625 0.8096906201171875 0.45244848828125 0.8076175009765625 0.428289150390625 0.802834158203125 0.4209435732421875 0.80464097265625 0.4102481552734375 0.8027328427734375 0.4034426416015625 0.804190677734375 0.399861498046875 0.8480291396484375 0.4031036904296875 0.85328353515625 0.4516645771484375 0.8593864541015624
1 0.3896272236328125 0.8542748916015624 0.3964327373046875 0.852817056640625 0.400204083984375 0.813632830078125 0.39750013671875 0.8006811806640625 0.362740482421875 0.796316826171875 0.313424234375 0.793641787109375 0.306537984375 0.7962542099609375 0.3033892548828125 0.8412831435546875 0.306685271484375 0.8457678134765625 0.3163274775390625 0.8479890400390625 0.3680749140625 0.8527678076171875 0.3896272236328125 0.8542748916015624
1 0.2139000029296875 0.786295630859375 0.213099908203125 0.82723460546875 0.217314576171875 0.8333304921875 0.2346002119140625 0.8368596884765624 0.26123019921875 0.839495328125 0.2718448798828125 0.8425580458984375 0.297016154296875 0.8439314482421875 0.3001757919921875 0.842992158203125 0.301984365234375 0.8392511806640625 0.3026822646484375 0.8218964775390625 0.302594255859375 0.793657970703125 0.300756953125 0.790435537109375 0.2664027998046875 0.7876465166015625 0.2496034033203125 0.7845380654296875 0.223378916015625 0.7834777587890625 0.2166272275390625 0.784165869140625 0.2139000029296875 0.786295630859375
1 0.295767642578125 0.9281544580078125 0.3045988447265625 0.927225017578125 0.308458201171875 0.9162792978515625 0.3096925263671875 0.8838790673828125 0.3090968212890625 0.8776494990234375 0.304693767578125 0.8742476513671875 0.2771451279296875 0.870000794921875 0.254512693359375 0.8691916708984375 0.2397389853515625 0.8666116142578125 0.22523621875 0.8675312041015625 0.2206465966796875 0.8741716689453125 0.219198791015625 0.91699907421875 0.22152233203125 0.9206422529296875 0.295767642578125 0.9281544580078125
1 0.3403022451171875 0.9254674521484375 0.3949114677734375 0.9261921455078125 0.400204443359375 0.924241798828125 0.404332921875 0.9094474521484375 0.40362775 0.897409060546875 0.40683939453125 0.888351771484375 0.402463251953125 0.884565060546875 0.3528222412109375 0.879160099609375 0.3431800341796875 0.876938873046875 0.339074833984375 0.8766518095703125 0.332215494140625 0.8788793701171875 0.314849123046875 0.8765047607421875 0.313175111328125 0.8783214248046874 0.3115658330078125 0.9234580068359375 0.3403022451171875 0.9254674521484375
1 0.41114570703125 0.9373827119140625 0.414495548828125 0.9410976572265625 0.4752913046875 0.94921635546875 0.4948986630859375 0.94904045703125 0.500349474609375 0.9300843876953125 0.5018296474609375 0.9089169404296875 0.4978841015625 0.898972427734375 0.4863776796875 0.8939136298828125 0.430551953125 0.8884629365234376 0.417183134765625 0.8879148427734375 0.413835111328125 0.8915481708984375 0.411299908203125 0.90568044140625 0.410442353515625 0.9326925947265625 0.41114570703125 0.9373827119140625
1 0.53950309375 0.9011092216796875 0.5199226484375 0.9009002568359376 0.510362998046875 0.9048727158203125 0.50458923828125 0.9284471376953125 0.5036203984375 0.9423021943359375 0.51455984375 0.948094833984375 0.5575299033203125 0.95303331640625 0.59142473046875 0.955016728515625 0.596852267578125 0.9511420693359375 0.5986877529296875 0.947016228515625 0.60213615234375 0.912450353515625 0.591629119140625 0.9078481845703125 0.586956943359375 0.9082949638671876 0.5844988408203124 0.9065760986328125 0.58182544140625 0.907936134765625 0.5751544873046875 0.90746965625 0.5605422529296875 0.9025804228515625 0.5474174638671875 0.905916837890625 0.5448517119140625 0.905737423828125 0.53950309375 0.9011092216796875
1 0.61493799609375 0.9137322900390625 0.611130646484375 0.91656001171875 0.607353845703125 0.9336994169921875 0.605387435546875 0.9544461181640626 0.608224126953125 0.9581251806640625 0.646414359375 0.9650498916015625 0.685765455078125 0.9701220556640625 0.6945697451171875 0.9695774775390625 0.69778320703125 0.9678684619140625 0.703795541015625 0.926133728515625 0.7026597734375 0.9202531396484375 0.7006879091796875 0.91895501953125 0.6848071640625 0.91745778515625 0.6739233603515625 0.918243693359375 0.660364337890625 0.9130413642578125 0.65566525 0.913873005859375 0.650101333984375 0.912323705078125 0.6286584912109375 0.9166254443359375 0.61493799609375 0.9137322900390625
1 0.728182724609375 0.9239716005859375 0.713409015625 0.921391544921875 0.70871174609375 0.9295714599609375 0.7042603212890625 0.948984158203125 0.702616857421875 0.9651125068359375 0.7054804609375 0.9684067060546875 0.7478566318359375 0.9744638935546875 0.78426338671875 0.9773964462890625 0.7921759384765625 0.9748557890625 0.7955508740234375 0.97083759765625 0.8007594765625 0.9553452919921875 0.802835353515625 0.9404074140625 0.8016995859375 0.93452682421875 0.7984573935546875 0.9292724287109375 0.7822518837890625 0.9250452724609375 0.7673436142578125 0.924389529296875 0.756405986328125 0.9259451630859376 0.74176683984375 0.9214407939453125 0.732962548828125 0.92198537109375 0.728182724609375 0.9239716005859375
0 0.8935546875 0.2578125 0.9287109375 0.26171875 0.935546875 0.2646484375 0.947265625 0.2646484375 0.9501953125 0.2802734375 0.947265625 0.283203125 0.9248046875 0.2822265625 0.90625 0.2783203125 0.892578125 0.279296875 0.888671875 0.2763671875 0.8896484375 0.2587890625 0.892578125 0.2578125
0 0.4306640625 0.6845703125 0.4404296875 0.6884765625 0.453125 0.689453125 0.4521484375 0.7099609375 0.4443359375 0.7119140625 0.4287109375 0.7080078125 0.4072265625 0.7080078125 0.4033203125 0.705078125 0.4072265625 0.685546875 0.4296875 0.685546875
0 0.388671875 0.775390625 0.3994140625 0.7744140625 0.4013671875 0.7763671875 0.43359375 0.7783203125 0.4375 0.779296875 0.439453125 0.783203125 0.4375 0.7861328125 0.4375 0.798828125 0.435546875 0.80078125 0.4267578125 0.8017578125 0.3984375 0.798828125 0.3857421875 0.7958984375 0.3857421875 0.7861328125 0.388671875 0.7763671875
0 0.5400390625 0.337890625 0.5908203125 0.3408203125 0.5927734375 0.34765625 0.591796875 0.361328125 0.58984375 0.36328125 0.58203125 0.36328125 0.5673828125 0.3603515625 0.541015625 0.359375 0.53515625 0.3544921875 0.5361328125 0.3447265625 0.5390625 0.3388671875
0 0.9580078125 0.1474609375 0.9990234375 0.150390625 0.9990234375 0.17578125 0.994140625 0.17578125 0.9921875 0.173828125 0.98046875 0.173828125 0.978515625 0.171875 0.9609375 0.171875 0.95703125 0.1650390625 0.9580078125 0.1484375
0 0.7197265625 0.8095703125 0.7587890625 0.814453125 0.7587890625 0.8359375 0.7138671875 0.8310546875 0.7109375 0.82421875 0.712890625 0.810546875 0.71875 0.8095703125
0 0.54296875 0.53125 0.5556640625 0.53515625 0.5546875 0.55078125 0.55078125 0.552734375 0.546875 0.55078125 0.505859375 0.5478515625 0.5029296875 0.5458984375 0.5029296875 0.53515625 0.505859375 0.529296875 0.51953125 0.5283203125 0.5419921875 0.53125
0 0.212890625 0.0859375 0.2607421875 0.091796875 0.2578125 0.1083984375 0.2548828125 0.1103515625 0.205078125 0.10546875 0.2080078125 0.099609375 0.2080078125 0.087890625 0.2119140625 0.0869140625
0 0.8681640625 0.80078125 0.916015625 0.8037109375 0.9228515625 0.806640625 0.9267578125 0.8154296875 0.923828125 0.822265625 0.8720703125 0.8193359375 0.8681640625 0.8154296875 0.8681640625 0.8017578125
0 0.3017578125 0.5927734375 0.3134765625 0.59765625 0.3212890625 0.5966796875 0.326171875 0.5986328125 0.326171875 0.6103515625 0.3212890625 0.6171875 0.2734375 0.611328125 0.275390625 0.599609375 0.279296875 0.591796875 0.30078125 0.5927734375
0 0.8564453125 0.896484375 0.875 0.8974609375 0.896484375 0.90234375 0.8984375 0.919921875 0.8935546875 0.921875 0.8720703125 0.919921875 0.8701171875 0.91796875 0.8583984375 0.9189453125 0.849609375 0.916015625 0.8505859375 0.91015625 0.84765625 0.8984375 0.85546875 0.896484375
0 0.7578125 0.12890625 0.7978515625 0.1337890625 0.798828125 0.1513671875 0.7958984375 0.154296875 0.7763671875 0.154296875 0.765625 0.1513671875 0.7392578125 0.1494140625 0.7373046875 0.1455078125 0.73828125 0.12890625 0.7568359375 0.12890625
0 0.216796875 0.4970703125 0.2275390625 0.5 0.2412109375 0.4990234375 0.2431640625 0.5009765625 0.265625 0.5029296875 0.267578125 0.5048828125 0.265625 0.521484375 0.259765625 0.525390625 0.20703125 0.51953125 0.2060546875 0.513671875 0.208984375 0.4990234375 0.2158203125 0.4970703125
0 0.9345703125 0.904296875 0.9541015625 0.90625 0.95703125 0.912109375 0.9580078125 0.9267578125 0.9560546875 0.927734375 0.9140625 0.9248046875 0.908203125 0.9208984375 0.9091796875 0.90234375 0.93359375 0.904296875
0 0.259765625 0.7607421875 0.287109375 0.763671875 0.294921875 0.7666015625 0.3017578125 0.7646484375 0.3056640625 0.7705078125 0.3056640625 0.7802734375 0.302734375 0.7880859375 0.255859375 0.783203125 0.2529296875 0.7802734375 0.2548828125 0.77734375 0.2548828125 0.767578125 0.2568359375 0.76171875 0.2587890625 0.76171875
0 0.841796875 0.13671875 0.8896484375 0.142578125 0.890625 0.15625 0.888671875 0.1640625 0.869140625 0.162109375 0.8671875 0.16015625 0.8408203125 0.1591796875 0.8388671875 0.1572265625 0.8271484375 0.1572265625 0.8232421875 0.1552734375 0.82421875 0.1376953125 0.826171875 0.1357421875 0.8408203125 0.13671875
0 0.5283203125 0.6943359375 0.5400390625 0.6962890625 0.5419921875 0.69921875 0.541015625 0.7177734375 0.5390625 0.7197265625 0.501953125 0.7177734375 0.494140625 0.7158203125 0.4912109375 0.712890625 0.4951171875 0.6943359375 0.52734375 0.6943359375
0 0.23046875 0.6689453125 0.2490234375 0.6689453125 0.265625 0.671875 0.2763671875 0.6708984375 0.2783203125 0.6728515625 0.2763671875 0.6923828125 0.2626953125 0.693359375 0.2275390625 0.6884765625 0.2265625 0.6845703125 0.23046875 0.669921875
0 0.63671875 0.80078125 0.66796875 0.8056640625 0.666015625 0.826171875 0.6357421875 0.82421875 0.6181640625 0.8203125 0.6201171875 0.8017578125 0.6357421875 0.80078125
0 0.2734375 0.3115234375 0.2890625 0.3125 0.2919921875 0.3154296875 0.291015625 0.3330078125 0.28125 0.3349609375 0.2646484375 0.333984375 0.2626953125 0.33203125 0.263671875 0.3134765625 0.2724609375 0.3115234375
0 0.2646484375 0.8466796875 0.283203125 0.849609375 0.28515625 0.8515625 0.28515625 0.86328125 0.2822265625 0.869140625 0.2333984375 0.86328125 0.232421875 0.8505859375 0.234375 0.8466796875 0.23828125 0.8447265625 0.2431640625 0.8466796875 0.263671875 0.8466796875
0 0.5625 0.11328125 0.5869140625 0.115234375 0.5927734375 0.1181640625 0.6123046875 0.1181640625 0.611328125 0.1328125 0.607421875 0.138671875 0.5771484375 0.1357421875 0.5751953125 0.1337890625 0.5517578125 0.1328125 0.5517578125 0.1171875 0.5546875 0.11328125 0.5615234375 0.11328125
0 0.8251953125 0.990234375 0.86328125 0.99609375 0.8671875 0.9990234375 0.8203125 0.9990234375 0.8203125 0.994140625 0.82421875 0.9912109375
0 0.6728515625 0.54296875 0.7138671875 0.546875 0.71875 0.55078125 0.71875 0.56640625 0.71484375 0.5693359375 0.6669921875 0.5634765625 0.6650390625 0.5615234375 0.6669921875 0.544921875 0.671875 0.54296875
0 0.240234375 0.9267578125 0.25390625 0.9267578125 0.2705078125 0.9306640625 0.26953125 0.9462890625 0.267578125 0.94921875 0.2275390625 0.9443359375 0.2255859375 0.94140625 0.2275390625 0.927734375 0.2314453125 0.92578125 0.2392578125 0.9267578125
0 0.671875 0.1220703125 0.6748046875 0.1240234375 0.7099609375 0.126953125 0.7119140625 0.1298828125 0.7109375 0.1416015625 0.708984375 0.1455078125 0.705078125 0.146484375 0.6513671875 0.1416015625 0.6494140625 0.1396484375 0.6513671875 0.123046875 0.6533203125 0.12109375 0.6708984375 0.1220703125
0 0.3291015625 0.767578125 0.3642578125 0.7734375 0.365234375 0.7822265625 0.3623046875 0.7919921875 0.357421875 0.794921875 0.3154296875 0.7890625 0.314453125 0.7841796875 0.3193359375 0.7685546875 0.328125 0.767578125
0 0.8759765625 0.9990234375 0.87890625 0.9970703125 0.8955078125 0.9990234375 0.876953125 0.9990234375
0 0.6904296875 0.451171875 0.701171875 0.453125 0.705078125 0.4560546875 0.7138671875 0.4541015625 0.7294921875 0.45703125 0.7314453125 0.458984375 0.7314453125 0.47265625 0.7294921875 0.4765625 0.6904296875 0.474609375 0.6708984375 0.470703125 0.669921875 0.4541015625 0.6728515625 0.451171875 0.677734375 0.453125 0.689453125 0.451171875
0 0.9296875 0.802734375 0.9580078125 0.8046875 0.9638671875 0.8076171875 0.978515625 0.8095703125 0.9775390625 0.828125 0.9326171875 0.8251953125 0.9287109375 0.8203125 0.9287109375 0.8037109375
0 0.7822265625 0.8173828125 0.8173828125 0.8193359375 0.828125 0.8232421875 0.828125 0.83984375 0.826171875 0.8427734375 0.8037109375 0.841796875 0.80078125 0.83984375 0.7802734375 0.837890625 0.779296875 0.8251953125 0.7822265625 0.818359375
0 0.544921875 0.79296875 0.552734375 0.7919921875 0.5947265625 0.7958984375 0.59765625 0.798828125 0.5966796875 0.81640625 0.5947265625 0.818359375 0.56640625 0.81640625 0.54296875 0.8125 0.5419921875 0.802734375 0.544921875 0.7939453125
0 0.6416015625 0.9716796875 0.6689453125 0.9755859375 0.669921875 0.9931640625 0.666015625 0.99609375 0.6259765625 0.990234375 0.6259765625 0.974609375 0.6279296875 0.9716796875 0.640625 0.9716796875
0 0.2314453125 0.7568359375 0.255859375 0.76171875 0.25390625 0.7783203125 0.25 0.7822265625 0.2314453125 0.78125 0.2275390625 0.779296875 0.2177734375 0.7802734375 0.20703125 0.77734375 0.20703125 0.7626953125 0.2109375 0.755859375 0.23046875 0.7568359375
0 0.396484375 0.603515625 0.44140625 0.6083984375 0.4423828125 0.6171875 0.4404296875 0.6279296875 0.390625 0.6240234375 0.3876953125 0.6220703125 0.3896484375 0.6083984375 0.392578125 0.603515625 0.3955078125 0.603515625
0 0.2685546875 0.0908203125 0.3212890625 0.0966796875 0.322265625 0.1083984375 0.3203125 0.11328125 0.31640625 0.115234375 0.2958984375 0.1123046875 0.2607421875 0.1123046875 0.2587890625 0.1103515625 0.259765625 0.09375 0.267578125 0.0908203125
0 0.4736328125 0.8701171875 0.4833984375 0.873046875 0.50390625 0.873046875 0.505859375 0.875 0.505859375 0.884765625 0.5029296875 0.8935546875 0.4599609375 0.888671875 0.4580078125 0.8857421875 0.4599609375 0.8720703125 0.462890625 0.869140625 0.47265625 0.8701171875
0 0.68359375 0.2392578125 0.6865234375 0.2412109375 0.7119140625 0.2412109375 0.71484375 0.2431640625 0.7255859375 0.2421875 0.7314453125 0.244140625 0.7333984375 0.248046875 0.7333984375 0.2626953125 0.73046875 0.2666015625 0.67578125 0.2607421875 0.673828125 0.2470703125 0.677734375 0.240234375 0.6826171875 0.2392578125
0 0.5771484375 0.8798828125 0.5791015625 0.8818359375 0.60546875 0.8828125 0.6083984375 0.884765625 0.6103515625 0.88671875 0.609375 0.90234375 0.6064453125 0.9052734375 0.578125 0.9033203125 0.576171875 0.9013671875 0.55859375 0.8994140625 0.5576171875 0.8876953125 0.5595703125 0.88671875 0.5595703125 0.8818359375 0.5625 0.87890625 0.576171875 0.8798828125
0 0.2646484375 0.412109375 0.2822265625 0.4130859375 0.2861328125 0.4169921875 0.28515625 0.4326171875 0.2822265625 0.4345703125 0.271484375 0.4345703125 0.2646484375 0.431640625 0.2626953125 0.41796875 0.2646484375 0.4130859375
0 0.7216796875 0.3525390625 0.7626953125 0.357421875 0.7646484375 0.3623046875 0.763671875 0.3759765625 0.7607421875 0.3779296875 0.7080078125 0.3740234375 0.7060546875 0.37109375 0.7060546875 0.3603515625 0.708984375 0.3544921875 0.720703125 0.3525390625
0 0.6279296875 0.625 0.650390625 0.626953125 0.6591796875 0.6298828125 0.666015625 0.6279296875 0.6728515625 0.62890625 0.6796875 0.6357421875 0.6787109375 0.650390625 0.6767578125 0.65234375 0.669921875 0.65234375 0.640625 0.6474609375 0.6279296875 0.6474609375 0.6240234375 0.6455078125 0.625 0.626953125 0.626953125 0.6259765625
0 0.7734375 0.6416015625 0.7822265625 0.6455078125 0.7939453125 0.6455078125 0.7958984375 0.6630859375 0.79296875 0.6640625 0.7431640625 0.658203125 0.7431640625 0.6416015625 0.74609375 0.6376953125 0.7724609375 0.6416015625
0 0.3525390625 0.0966796875 0.3564453125 0.0986328125 0.40234375 0.1025390625 0.404296875 0.109375 0.40234375 0.1201171875 0.3447265625 0.1171875 0.3427734375 0.1162109375 0.3427734375 0.109375 0.3447265625 0.1083984375 0.345703125 0.0986328125 0.3515625 0.09765625
1 0.852798953125 0.830585052734375 0.848453359375 0.84111002734375 0.838866796875 0.8454673486328125 0.8348154189453125 0.8444105595703125 0.8311426298828125 0.845313966796875 0.8288209072265625 0.8490190615234375 0.82717926171875 0.87249568359375 0.8297199189453125 0.8804082353515625 0.8363657783203124 0.8886078505859375 0.8500055361328125 0.892655591796875 0.891570705078125 0.895562111328125 0.8942171923828125 0.8945869384765625 0.8942153740234375 0.8872386640625 0.906116388671875 0.8497831533203125 0.9191011630859375 0.8263262294921875 0.91561676171875 0.82453559765625 0.900816140625 0.822340404296875 0.8731598525390625 0.819633 0.85916841796875 0.81324019921875 0.855414892578125 0.8152981943359375 0.8523647216796875 0.8220463076171876 0.852798953125 0.830585052734375
1 0.95017748046875 0.898113318359375 0.96912258203125 0.8410396611328125 0.9675544013671875 0.8339686005859375 0.963205171875 0.82979702734375 0.92852625390625 0.824278083984375 0.91394275 0.8263522626953125 0.9030931298828125 0.856146404296875 0.89772487109375 0.88129616015625 0.891839828125 0.891713484375 0.8916245302734375 0.89479238671875 0.9002942587890626 0.89617212109375 0.947017841796875 0.8990526083984375 0.95017748046875 0.898113318359375
1 0.81617544140625 0.9339920966796875 0.8047050234375 0.9652898046875 0.802196732421875 0.9790372119140625 0.8056003984375 0.9819824326171875 0.815728841796875 0.984624404296875 0.8234530078125 0.9847777861328125 0.82947625 0.9871326953125 0.8535673974609375 0.989204056640625 0.8603980068359375 0.9800130859375 0.87143601171875 0.94752490625 0.8721339111328125 0.9301702021484375 0.865084369140625 0.9277435283203125 0.861869087890625 0.92210426953125 0.8497418681640625 0.9185490400390625 0.840478251953125 0.918288009765625 0.8339975029296876 0.9224757666015625 0.82719198828125 0.9239336005859375 0.81617544140625 0.9339920966796875
1 0.863015763671875 0.9720745009765625 0.86247751953125 0.9797717548828125 0.8643686474609374 0.9822244619140625 0.89332217578125 0.9885032802734375 0.9091760087890625 0.9903853779296875 0.9130102705078125 0.9871727939453125 0.914763201171875 0.976853267578125 0.9256953740234375 0.9532528134765625 0.928930294921875 0.92911411328125 0.9274984931640625 0.927467013671875 0.89068623828125 0.922959126953125 0.8787492216796875 0.9240581328125 0.8738348349609375 0.92796867578125 0.8735675302734375 0.939165576171875 0.863015763671875 0.9720745009765625
1 0.9657418828125 1 0.9705492880859375 0.9312509072265625 0.933873412109375 0.932166982421875 0.9283149501953125 0.952662501953125 0.9173827763671875 0.9762629580078125 0.9153338115234375 0.9908159736328125 0.91900841796875 0.99726083984375 0.9250034091796875 1 0.9657418828125 1
1 0.9531738271484375 0.8921349306640625 0.9521493447265625 0.8994114384765625 0.9539597353515625 0.9030187333984375 0.9604961279296875 0.9054095263671875 0.9723254951171875 0.9058499716796875 0.9775733779296875 0.83080175 0.9754938642578125 0.8310430810546875 0.9669641513671875 0.8497838525390625 0.9531738271484375 0.8921349306640625
1 0.8605874931640625 0.7634493828125 0.8571641865234375 0.79028212109375 0.8599219599609375 0.8024640439453125 0.86297394921875 0.803064205078125 0.8684014853515625 0.799189544921875 0.8900883564453125 0.7987723154296875 0.9192033583984375 0.8027419580078125 0.924603982421875 0.7992521611328125 0.9278694521484375 0.789425146484375 0.9256804716796875 0.783857654296875 0.9166321533203124 0.7805177216796875 0.9137416376953125 0.777608384765625 0.9116352119140625 0.7782345791015625 0.903613193359375 0.7749664130859375 0.878737955078125 0.7693595205078125 0.865745908203125 0.763423349609375 0.8605874931640625 0.7634493828125
1 0.9281691220703125 0.7998882041015625 0.9794034091796875 0.8046310888671875 0.983736814453125 0.7426605 0.952635224609375 0.78922321484375 0.9306505009765625 0.7865256591796875 0.927167916015625 0.7920833017578125 0.92614343359375 0.7993598095703125 0.9281691220703125 0.7998882041015625