1 0 0.1883687900390625 0.0015715224609375 0.1892400927734375 0.02618866015625 0.187177298828125 0.03021748046875 0.1854208291015625 0.0305494560546875 0.1819264443359375 0.0168406005859375 0.0972655400390625 0.0104541162109375 0.09335058984375 0.000159958984375 0.093503751953125 0 0.093586958984375 0 0.1883687900390625
1 0.06077453125 0.1590941591796875 0.0479944755859375 0.0921558466796875 0.0453048359375 0.0899788134765625 0.0339832822265625 0.0901858193359375 0.0204566806640625 0.097462361328125 0.0222739013671875 0.1321369970703125 0.0321915078125 0.1837720478515625 0.0353746552734375 0.1855368857421875 0.055922587890625 0.184460013671875 0.06190524609375 0.1806694892578125 0.06077453125 0.1590941591796875
1 0.067183568359375 0.1830971875 0.091800705078125 0.1810343935546875 0.09313988671875 0.177100890625 0.0814656318359375 0.091947025390625 0.0765394765625 0.0864102158203125 0.0662049365234375 0.085792830078125 0.062095349609375 0.0860082041015625 0.058187677734375 0.0900763154296875 0.0506033505859375 0.0927917861328125 0.0491228291015625 0.0940283720703125 0.05132132421875 0.1163204052734375 0.0624189443359375 0.1806425673828125 0.067183568359375 0.1830971875
1 0.1281521376953125 0.1768113046875 0.1308910751953125 0.1701001201171875 0.1211528271484375 0.1022297294921875 0.1263794912109375 0.0938428408203125 0.12400163671875 0.0877861494140625 0.1107553515625 0.08075371875 0.104036890625 0.080333154296875 0.0973588125 0.0806831376953125 0.0828855791015625 0.0895546181640625 0.0937343505859375 0.178615064453125 0.0953562109375 0.1800753935546875 0.1256442197265625 0.178101734375 0.1281521376953125 0.1768113046875
1 0.1619552705078125 0.17310809765625 0.16460452734375 0.174514583984375 0.17531142578125 0.172408130859375 0.17779915234375 0.1707324267578125 0.1775770478515625 0.166494416015625 0.1712957109375 0.1154414609375 0.166670064453125 0.095980953125 0.1634465361328125 0.0934455673828125 0.1439461904296875 0.094853869140625 0.1325236787109375 0.0931345068359375 0.124154251953125 0.1005271044921875 0.1331275908203125 0.173459896484375 0.1368042431640625 0.1748125390625 0.1619552705078125 0.17310809765625
1 0.22454569921875 0.1682825439453125 0.228493755859375 0.16498498046875 0.228392798828125 0.163058611328125 0.2259947529296875 0.1566166455078125 0.22038864453125 0.1086189580078125 0.216276697265625 0.0891315283203125 0.2121065361328125 0.0881910810546875 0.1988311455078125 0.090432142578125 0.18798290625 0.0898416796875 0.173639736328125 0.0913660361328125 0.1706786943359375 0.0938392099609375 0.180347453125 0.170212544921875 0.1917699638671875 0.171931908203125 0.22454569921875 0.1682825439453125
1 0.270677591796875 0.16393321484375 0.2726516201171875 0.1622844326171875 0.27228817578125 0.155349505859375 0.26403044921875 0.0862425283203125 0.2612802353515625 0.082909673828125 0.2289374326171875 0.0849910205078125 0.218824998046875 0.088611646484375 0.2253486298828125 0.1442878857421875 0.2311026298828125 0.1656209189453125 0.237388158203125 0.1676095 0.250764505859375 0.167294806640625 0.270677591796875 0.16393321484375
1 0.299172763671875 0.0786058193359375 0.2705268056640625 0.0824250810546875 0.2671530224609375 0.086851544921875 0.2747064130859375 0.16217674609375 0.2789169560546875 0.1638877392578125 0.3168700576171875 0.1607397060546875 0.3138009736328125 0.1021780986328125 0.3105548916015625 0.079554634765625 0.3094669208984375 0.07845265625 0.299172763671875 0.0786058193359375
1 0.362508443359375 0.156802572265625 0.365267572265625 0.150476662109375 0.35818749609375 0.0743539912109375 0.35399714453125 0.073028271484375 0.33815326171875 0.07540394140625 0.319106041015625 0.0756295 0.3131233828125 0.0794200263671875 0.316524443359375 0.1344872490234375 0.3203851806640625 0.1590101591796875 0.3230546298828125 0.1608019189453125 0.329239201171875 0.1608641318359375 0.362508443359375 0.156802572265625
1 0.4057393349609375 0.06761225390625 0.399574955078125 0.0679353154296875 0.3607761796875 0.07460465625 0.3664161162109375 0.1527344609375 0.3717550126953125 0.1563179794921875 0.41024200390625 0.153528298828125 0.4125480087890625 0.148385130859375 0.41212162890625 0.120591578125 0.4079152763671875 0.0698162099609375 0.4057393349609375 0.06761225390625
1 0.410896509765625 0.067728310546875 0.416204470703125 0.1493525 0.4199215068359375 0.151475689453125 0.4517506123046875 0.1494212646484375 0.453038134765625 0.13467317578125 0.45005873046875 0.0679938974609375 0.4490895458984375 0.0495007578125 0.4461979931640625 0.043470986328125 0.4440422431640625 0.0416523046875 0.4336269365234375 0.03949382421875 0.4249546396484375 0.0411073154296875 0.4224871044921875 0.0431682939453125 0.420282056640625 0.050237830078125 0.415820302734375 0.05356231640625 0.4120539697265625 0.06032734375 0.410896509765625 0.067728310546875
1 0.4589221962890625 0.1486590869140625 0.4682091494140625 0.1489450419921875 0.4912448076171875 0.1461924658203125 0.4936921513671875 0.14374621484375 0.4894923525390625 0.0636092763671875 0.4902257939453125 0.0481175615234375 0.4872332841796875 0.0401614228515625 0.4808064169921875 0.0354759248046875 0.469937986328125 0.0345001875 0.463894755859375 0.0371348916015625 0.461115435546875 0.0430755283203125 0.451738802734375 0.050907244140625 0.4511063173828125 0.0683253271484375 0.4547116533203125 0.146948091796875 0.4589221962890625 0.1486590869140625
1 0.4947397392578125 0.14407764453125 0.4968752978515625 0.145511052734375 0.5205458037109375 0.1450431982421875 0.5327937978515624 0.14285598046875 0.534788017578125 0.1415924716796875 0.535521458984375 0.1261007568359375 0.53120051171875 0.0436521767578125 0.5288024658203125 0.0372102099609375 0.5244707744140625 0.0331875732421875 0.5155763720703125 0.030563052734375 0.50482908984375 0.031898958984375 0.500196890625 0.04180001953125 0.49322721875 0.0464149365234375 0.491827462890625 0.0491926171875 0.4917490595703125 0.067354326171875 0.4947397392578125 0.14407764453125
1 0.5451427490234375 0.1425951318359375 0.57386947265625 0.140316962890625 0.5768708974609374 0.138614337890625 0.577676189453125 0.134322482421875 0.576769408203125 0.048217986328125 0.5759326474609375 0.0420805283203125 0.570744005859375 0.03153516015625 0.56326955078125 0.026518232421875 0.5565510888671875 0.02609766796875 0.5494602705078125 0.0284009423828125 0.5363374951171875 0.043382958984375 0.534484615234375 0.0473433828125 0.5342357666015625 0.07208166796875 0.5378702080078125 0.14143094140625 0.5451427490234375 0.1425951318359375
1 0.6179869541015625 0.1368458681640625 0.6208470390625 0.132446326171875 0.621400587890625 0.0447199697265625 0.6158888837890625 0.0280102216796875 0.6073870322265625 0.02304713671875 0.5981000791015625 0.022761181640625 0.5915633408203125 0.0258080810546875 0.58002204296875 0.0414798798828125 0.578382353515625 0.0593370810546875 0.5804062109375 0.1372700634765625 0.5825619609375 0.13908874609375 0.592876310546875 0.139320857421875 0.6179869541015625 0.1368458681640625
1 0.6762658837890625 0.1283829521484375 0.6764161376953125 0.121421103515625 0.6753994853515625 0.0430490029296875 0.66962765625 0.0410335 0.624009462890625 0.045355908203125 0.62219696484375 0.0500868798828125 0.6216565224609375 0.07909009765625 0.6236578271484375 0.1369350029296875 0.649917015625 0.1367178125 0.6569472607421875 0.1332587177734375 0.6738589228515625 0.1315997509765625 0.6762658837890625 0.1283829521484375
1 0.731684728515625 0.124319578125 0.7307375654296875 0.0374445341796875 0.7029776640625 0.0385130361328125 0.6780083603515625 0.04368494140625 0.6767748583984375 0.0889504208984375 0.6784216337890625 0.1302016328125 0.6940344970703125 0.1332467177734375 0.6946491513671875 0.1351461640625 0.7139879658203125 0.1306556728515625 0.728865025390625 0.1294896669921875 0.731684728515625 0.124319578125
1 0.7355632958984375 0.1295249580078125 0.7432081962890625 0.1279653095703125 0.7463913427734375 0.1297301474609375 0.784817759765625 0.1257846455078125 0.787718228515625 0.122155650390625 0.787929056640625 0.1163496220703125 0.7898847216796875 0.045548388671875 0.78815062890625 0.032117650390625 0.787062658203125 0.0310156728515625 0.7608640439453125 0.0323886845703125 0.7358341650390625 0.0364047685546875 0.7338601376953126 0.0380535498046875 0.732884400390625 0.0489219814453125 0.7323801484375 0.127760119140625 0.7355632958984375 0.1295249580078125
1 0.813633630859375 0.02691882421875 0.8060493046875 0.02963429296875 0.7967623515625 0.029348337890625 0.79226021484375 0.0319022763671875 0.7895485546875 0.0981071474609375 0.7909417578125 0.1246910361328125 0.8371342236328125 0.12149752734375 0.8462596455078125 0.1187012919921875 0.8454810966796875 0.0940168515625 0.84850454296875 0.0239323212890625 0.813633630859375 0.02691882421875
1 0.8915458623046875 0.1178732705078125 0.9007116669921875 0.1158475830078125 0.903591943359375 0.1118333154296875 0.9106822314453125 0.0210600595703125 0.9090805625 0.0199850029296875 0.86389530078125 0.0227393935546875 0.854175416015625 0.0240214560546875 0.8511941826171875 0.0261093544921875 0.8476546767578125 0.0765180029296875 0.84730487109375 0.0993299189453125 0.8482538642578125 0.1174377841796875 0.849936298828125 0.1200539345703125 0.8915458623046875 0.1178732705078125
1 0.9109654423828125 0.1149238740234375 0.95820549609375 0.1120617958984375 0.964208345703125 0.1086565439453125 0.96348145703125 0.094786689453125 0.9669853037109375 0.0830131025390625 0.9680798271484375 0.0547535107421875 0.9750560517578125 0.0207770244140625 0.974672416015625 0.01345682421875 0.9673392998046875 0.0111368125 0.9586064287109375 0.011594482421875 0.914116587890625 0.0177894169921875 0.91100529296875 0.0272244384765625 0.9068309404296875 0.0753483662109375 0.905646736328125 0.1117256279296875 0.9109654423828125 0.1149238740234375
1 0.948984373046875 0.2408072529296875 0.948935076171875 0.2496954697265625 0.9516247158203125 0.25187250390625 0.97482190625 0.252202119140625 0.9870900908203125 0.2504001748046875 0.9823451259765625 0.1598608447265625 0.9633786708984375 0.1616274990234375 0.9594306142578125 0.1649250634765625 0.948984373046875 0.2408072529296875
1 0.92714891796875 0.256632212890625 0.9414920888671875 0.2551078564453125 0.9470014306640625 0.2521147998046875 0.95458994921875 0.20033495703125 0.9575171611328125 0.1677296669921875 0.9562878505859375 0.1639307724609375 0.946960515625 0.1628742705078125 0.914597521484375 0.1645703427734375 0.903316349609375 0.1655478955078125 0.89828032421875 0.167743482421875 0.8916609892578125 0.23801646484375 0.8910285048828125 0.255434548828125 0.8931438720703125 0.2564826826171875 0.92714891796875 0.256632212890625
1 0.8938120166015625 0.2004295380859375 0.8949873056640625 0.173711041015625 0.89361665625 0.16721523046875 0.88276841796875 0.1666247666015625 0.84224682421875 0.1699074091796875 0.83973890625 0.17119783984375 0.8349231552734375 0.2463986162109375 0.835035388671875 0.2583690244140625 0.8377048359375 0.260160783203125 0.8844513837890625 0.257710900390625 0.8889939033203125 0.255927509765625 0.8938120166015625 0.2004295380859375
1 0.7790690166015625 0.232327203125 0.77830646875 0.2570924091796875 0.7806641318359375 0.262763828125 0.8299993623046875 0.2605646103515625 0.832980595703125 0.2584767109375 0.8363989521484375 0.205756419921875 0.8360824443359375 0.170230470703125 0.7832320908203125 0.1741592373046875 0.7790690166015625 0.232327203125
1 0.7272389736328125 0.1770937119140625 0.724782716796875 0.1891987275390625 0.72287634765625 0.2511117451171875 0.723028962890625 0.2638527001953125 0.7251847138671875 0.265671380859375 0.774499751953125 0.263086888671875 0.776987478515625 0.2614111865234375 0.7801297099609374 0.173935494140625 0.7723636611328125 0.1731834990234375 0.7272389736328125 0.1770937119140625
1 0.66105265625 0.1821077177734375 0.617489255859375 0.1863224375 0.6160965859375 0.2482085322265625 0.616199904296875 0.2698377060546875 0.618355654296875 0.27165638671875 0.656389521484375 0.2700494482421875 0.667569736328125 0.26714552734375 0.66993814453125 0.194391001953125 0.6683050068359375 0.1828866337890625 0.66105265625 0.1821077177734375
1 0.722595498046875 0.176950734375 0.6918745556640625 0.18049241015625 0.6743684296875 0.180637203125 0.6713670048828125 0.1823398291015625 0.668343560546875 0.252424359375 0.6685971328125 0.26709168359375 0.6712665810546875 0.2688834423828125 0.718506634765625 0.2660213642578125 0.7215080595703125 0.2643187392578125 0.7239774248046875 0.1934905830078125 0.722595498046875 0.176950734375
1 0.6161993720703125 0.18136772265625 0.6153020380859375 0.174074443359375 0.6101739697265625 0.164684896484375 0.5997182802734375 0.1617558681640625 0.586916205078125 0.1631994609375 0.5759289892578126 0.179614884765625 0.57400662109375 0.19207825390625 0.5776523388671875 0.27147156640625 0.611637193359375 0.2712358232421875 0.6145982353515625 0.2687626494140625 0.61528237890625 0.26215915234375 0.6161993720703125 0.18136772265625
1 0.55923996484375 0.273981845703125 0.5725557373046875 0.2725113310546875 0.5749828896484375 0.2696798056640625 0.57355349609375 0.19326099609375 0.5750227412109375 0.18198037109375 0.5718687001953126 0.1709420419921875 0.568030515625 0.166507208984375 0.554019322265625 0.164537181640625 0.54548836328125 0.1688475888671875 0.536454984375 0.18322895703125 0.5351270791015625 0.1972065 0.53692174609375 0.2117930576171875 0.537583869140625 0.2735714658203125 0.55923996484375 0.273981845703125
1 0.53402836328125 0.27453046484375 0.535529076171875 0.27367915234375 0.5363432822265625 0.259728533203125 0.5337475146484375 0.2003694541015625 0.5346917841796875 0.1790717109375 0.531205767578125 0.171527767578125 0.5274685390625 0.1690193046875 0.5150590146484375 0.16812433203125 0.5075554541015626 0.172380896484375 0.4974542939453125 0.1860455615234375 0.4970439140625 0.20770165625 0.5005773984375 0.275124560546875 0.5068427353515625 0.2767278681640625 0.53402836328125 0.27453046484375
1 0.4735129189453125 0.27963360546875 0.49656876953125 0.2772663037109375 0.4980290986328125 0.275644443359375 0.498127693359375 0.2578680068359375 0.4946862509765625 0.2020302373046875 0.49554083984375 0.1888501640625 0.493616109375 0.181610728515625 0.4858993583984375 0.1719705166015625 0.4704480263671875 0.172007623046875 0.4586240498046875 0.1822855888671875 0.4558245390625 0.1878409521484375 0.460035615234375 0.2780219296875 0.461677666015625 0.2798675322265625 0.4735129189453125 0.27963360546875
1 0.4555132861328125 0.28019059375 0.45849451953125 0.2781026943359375 0.453772107421875 0.207651443359375 0.45538269140625 0.1990677333984375 0.4540411484375 0.183298431640625 0.450676279296875 0.178066130859375 0.444229220703125 0.1729953603515625 0.431860078125 0.1728709345703125 0.4278514482421875 0.1750126787109375 0.4176089501953125 0.1859804267578125 0.41536351953125 0.1922794150390625 0.419453447265625 0.2801487509765625 0.420561609375 0.2816360009765625 0.4555132861328125 0.28019059375
1 0.3686597177734375 0.215202650390625 0.374701119140625 0.2813351240234375 0.381500345703125 0.2832967841796875 0.416985912109375 0.2822097275390625 0.418405859375 0.2798173203125 0.414226251953125 0.20006565625 0.4125842001953125 0.1982200517578125 0.3700481953125 0.2023809296875 0.3686597177734375 0.215202650390625
1 0.370692490234375 0.2834768671875 0.3726867080078125 0.282213359375 0.3729984931640625 0.2783337001953125 0.367127537109375 0.205624650390625 0.364971787109375 0.20380596875 0.329546794921875 0.206048845703125 0.32555835546875 0.2085758623046875 0.3293632421875 0.271348560546875 0.3331319384765625 0.2842863369140625 0.3368085908203125 0.2856389794921875 0.3548687978515625 0.2862378125 0.370692490234375 0.2834768671875
1 0.29569253515625 0.2874074482421875 0.3275014482421875 0.2849677509765625 0.32900216015625 0.2841164375 0.32913222265625 0.276769314453125 0.3219422763671875 0.2083790419921875 0.3182252392578125 0.2062558515625 0.2899920234375 0.2081218232421875 0.281853615234375 0.2100936669921875 0.279386080078125 0.21215464453125 0.2839962587890625 0.2706354873046875 0.2868183232421875 0.285168203125 0.2889740732421875 0.286986884765625 0.29569253515625 0.2874074482421875
1 0.2810708759765625 0.2344736005859375 0.27673682421875 0.2107481591796875 0.27462145703125 0.2097000244140625 0.2356005751953125 0.2121313544921875 0.232639533203125 0.21460452734375 0.2405047099609375 0.2860500693359375 0.24426212890625 0.288943806640625 0.2535692724609375 0.28961503515625 0.2833032001953125 0.2868977509765625 0.285236845703125 0.284478419921875 0.2810708759765625 0.2344736005859375
1 0.1942516689453125 0.288087755859375 0.1985227861328125 0.2909545712890625 0.2036799609375 0.2910706279296875 0.2370501611328125 0.2889354375 0.2374314345703125 0.2765528349609375 0.2317445615234375 0.227014052734375 0.227975865234375 0.2140762763671875 0.223251625 0.212392203125 0.204264978515625 0.2137735830078125 0.19847295703125 0.211372806640625 0.193849671875 0.2116151025390625 0.1868194267578125 0.2150741982421875 0.1853994794921875 0.21746660546875 0.1917122841796875 0.2789488740234375 0.1942516689453125 0.288087755859375
1 0.1522697470703125 0.2929922587890625 0.1565206728515625 0.29547380078125 0.178075810546875 0.2939578125 0.189276216796875 0.2914391640625 0.19324446484375 0.288526873046875 0.193103125 0.28582995703125 0.1844528486328125 0.2190615439453125 0.18067523828125 0.215782533203125 0.1729293798828125 0.2154158125 0.1452704365234375 0.21841068359375 0.1424103515625 0.2228102255859375 0.1439247021484375 0.2517057568359375 0.1479873525390625 0.280081404296875 0.1522697470703125 0.2929922587890625
1 0.1245295048828125 0.2059760537109375 0.108333455078125 0.2114608349609375 0.118264701171875 0.292842728515625 0.12152861328125 0.2961486611328125 0.14774741796875 0.295160923828125 0.1502553359375 0.293870494140625 0.1500332314453125 0.289632482421875 0.1461231962890625 0.2739977900390625 0.141030787109375 0.225973181640625 0.1417956962890625 0.2209107783203125 0.145703369140625 0.2168426669921875 0.1509009267578125 0.2177292705078125 0.1549297470703125 0.21597280078125 0.1551405751953125 0.2101667734375 0.150808884765625 0.2061441357421875 0.1420760126953125 0.206601806640625 0.135296978515625 0.205025421875 0.1245295048828125 0.2059760537109375
1 0.11725749609375 0.2932818447265625 0.114735939453125 0.2648254326171875 0.108021669921875 0.215340494140625 0.10050683203125 0.20955301953125 0.0947955771484375 0.208693337890625 0.086062705078125 0.2091510087890625 0.072394763671875 0.2137306337890625 0.075219189453125 0.2479661533203125 0.084421185546875 0.2957753876953125 0.0865769365234375 0.2975940693359375 0.115857740234375 0.29605952734375 0.11725749609375 0.2932818447265625
1 0.069866654296875 0.2146357900390625 0.0660890439453125 0.211356779296875 0.0511716015625 0.2117522373046875 0.0410187841796875 0.2146023154296875 0.0385714404296875 0.2170485673828125 0.0485430693359375 0.2992010078125 0.052753611328125 0.300912001953125 0.0809464453125 0.298275482421875 0.082426966796875 0.2970388955078125 0.0820231396484375 0.289333421875 0.069866654296875 0.2146357900390625
1 0.019262263671875 0.3007355498046875 0.023986505859375 0.3024196220703125 0.0450279462890625 0.3009305556640625 0.047515671875 0.2992548515625 0.0460327890625 0.2807886337890625 0.036557029296875 0.21792680078125 0.03115755859375 0.2131874609375 0.023431892578125 0.213206013671875 0.0174088515625 0.2162259912109375 0.0086961728515625 0.217068935546875 0.0057553212890625 0.2199273828125 0.01486763671875 0.275854287109375 0.0177188076171875 0.2811135107421875 0.019262263671875 0.3007355498046875
1 0 0.30399923828125 0.00037657421875 0.3040432978515625 0.0074875859375 0.3021252978515625 0.0147601279296875 0.30328948828125 0.0182348671875 0.3007893935546875 0.0176582333984375 0.2799576884765625 0.0154822919921875 0.277753734375 0.01562126953125 0.260747845703125 0.007538712890625 0.22446990234375 0.003559189453125 0.2173381533203125 0 0.216565044921875 0 0.30399923828125
1 0 0.4094447529296875 0.00438809765625 0.410074341796875 0.0099983974609375 0.4090076552734375 0.010330373046875 0.4055132685546875 0 0.350495869140625 0 0.4094447529296875
1 0 0.3565669375 0.0000807900390625 0.35737260546875 0.0099580146484375 0.408237107421875 0.0198394306640625 0.410037236328125 0.0398332822265625 0.40821673828125 0.04063857421875 0.4039248837890625 0.0376258740234375 0.3955834697265625 0.027203482421875 0.3343165771484375 0.0234258720703125 0.3310375654296875 0.0100293330078125 0.3309669853515625 0.002323857421875 0.3313708125 0 0.3337364501953125 0 0.3565669375
1 0.0362481376953125 0.329979248046875 0.0306176484375 0.3306606611328125 0.0276566064453125 0.3331338349609375 0.0418476923828125 0.40733850390625 0.050681521484375 0.408807203125 0.0691544697265625 0.407452744140625 0.0705833310546875 0.3954015703125 0.0579648076171875 0.33154544921875 0.0511857724609375 0.3299690634765625 0.0362481376953125 0.329979248046875
1 0.097468451171875 0.4071278671875 0.1002275791015625 0.4008019560546875 0.096557478515625 0.370087744140625 0.0871648466796875 0.3284698115234375 0.085542986328125 0.327009482421875 0.07266014453125 0.3269119794921875 0.05942513671875 0.3299235888671875 0.0615024833984375 0.3499039794921875 0.0708749248046875 0.3911366376953125 0.071128498046875 0.4058039619140625 0.0779277236328125 0.40776562109375 0.097468451171875 0.4071278671875
1 0.108830388671875 0.407691408203125 0.13192662109375 0.4060946552734375 0.1169593486328125 0.3269083486328125 0.114269708984375 0.324731314453125 0.0983450615234375 0.3255658896484375 0.0881720517578125 0.3280306943359375 0.1004294931640625 0.4046546943359375 0.108830388671875 0.407691408203125
1 0.1602607939453125 0.40615505078125 0.1632420283203125 0.40406715234375 0.164087701171875 0.4005458447265625 0.1539658193359375 0.32535525390625 0.1518100693359375 0.3235365712890625 0.1383529560546875 0.3223101689453125 0.1204744716796875 0.32517880078125 0.118993951171875 0.32641538671875 0.122069587890625 0.35561542578125 0.1334677158203125 0.4060138896484375 0.1381717666015625 0.4073126875 0.1602607939453125 0.40615505078125
1 0.20807512109375 0.404421873046875 0.211549861328125 0.4019217783203125 0.2013181064453125 0.33446358203125 0.19762126171875 0.3327256669921875 0.171916154296875 0.333686482421875 0.1621760771484375 0.3345832705078125 0.158660955078125 0.3363128173828125 0.159540458984375 0.362923626953125 0.1668581064453125 0.4042639736328125 0.17675971484375 0.4064493759765625 0.1937925244140625 0.4071020517578125 0.20807512109375 0.404421873046875
1 0.2523137509765625 0.403262419921875 0.2540858642578125 0.397760900390625 0.2450632294921875 0.3337163251953125 0.2418800830078125 0.33195148828125 0.22227878125 0.3314334208984375 0.207935611328125 0.3329577783203125 0.2034132822265625 0.335126443359375 0.204111064453125 0.3582697900390625 0.213564271484375 0.40104354296875 0.2173015 0.4035520068359375 0.2250675478515625 0.4043040009765625 0.2523137509765625 0.403262419921875
1 0.290268681640625 0.3313472080078125 0.287579041015625 0.3291701748046875 0.263394837890625 0.329664951171875 0.2490314765625 0.33080403515625 0.24705744921875 0.3324528173828125 0.2513736728515625 0.3754957890625 0.2574305419921875 0.402607927734375 0.2770722265625 0.40389654296875 0.29704588671875 0.4016907724609375 0.298506216796875 0.400068912109375 0.290268681640625 0.3313472080078125
1 0.2968909091796875 0.36924701171875 0.2990602978515625 0.400812537109375 0.3084683974609375 0.403410134765625 0.3423926787109375 0.4020185712890625 0.34632054296875 0.398335732421875 0.3408201162109375 0.3916700234375 0.339429275390625 0.384788939453125 0.3350726689453125 0.3409754208984375 0.335967640625 0.3285658955078125 0.3322707958984375 0.3268279794921875 0.3070591953125 0.3273765986328125 0.30081405078125 0.32615856640625 0.293290296875 0.3300298564453125 0.2941899931640625 0.357025939453125 0.2968909091796875 0.36924701171875
1 0.3357478974609375 0.3440306884765625 0.340081951171875 0.3677561298828125 0.3416568759765625 0.3978074814453125 0.3496450283203125 0.4027974873046875 0.385049830078125 0.4001693359375 0.3869027099609375 0.3962089111328125 0.38452485546875 0.39015221875 0.3839369443359375 0.3592764755859375 0.3796723798828125 0.3270480908203125 0.3775368212890625 0.3256146826171875 0.3626395703125 0.3263954150390625 0.35427905859375 0.3241292470703125 0.348648568359375 0.3248106611328125 0.3434308193359375 0.3235387841796875 0.33598783203125 0.3289511689453125 0.3357478974609375 0.3440306884765625
1 0.4262264619140625 0.3995566875 0.430235091796875 0.3974149453125 0.430365154296875 0.390067822265625 0.4238504365234375 0.3247328173828125 0.42068748046875 0.3233532529296875 0.408872419921875 0.3239724541015625 0.3907314482421875 0.3218325263671875 0.3876492578125 0.321994056640625 0.3811932841796875 0.3265820517578125 0.387557748046875 0.3988789052734375 0.39074089453125 0.400643744140625 0.3979730537109375 0.4010373857421875 0.4262264619140625 0.3995566875
1 0.46617797265625 0.346080771484375 0.4660633779296875 0.314407560546875 0.461247095703125 0.301138353515625 0.4493108857421875 0.299445912109375 0.4390773017578125 0.3007548955078125 0.4308694052734375 0.3112296826171875 0.4273453681640625 0.3226179951171875 0.4328237734375 0.397665609375 0.439623 0.39962726953125 0.46684901171875 0.3982004140625 0.4703237509765625 0.395700318359375 0.46617797265625 0.346080771484375
1 0.471310765625 0.394875927734375 0.4750076103515625 0.3966138447265625 0.483801056640625 0.3973119951171875 0.504328796875 0.395849849609375 0.505789126953125 0.3942279892578125 0.502094111328125 0.3237228955078125 0.5033412509765625 0.3082042587890625 0.500429505859375 0.3017892138671875 0.493549515625 0.2982864599609375 0.483235166015625 0.2980543486328125 0.4771313603515625 0.29953323046875 0.47058570703125 0.3122388955078125 0.4668104580078125 0.3286626884765625 0.4693254609375 0.3864806708984375 0.471310765625 0.394875927734375
1 0.542555130859375 0.3192844306640625 0.5413145439453125 0.305441498046875 0.5362470498046875 0.2972077724609375 0.5191940478515625 0.2961698232421875 0.51368470703125 0.29916287890625 0.505104451171875 0.31236150390625 0.50454381640625 0.3409794482421875 0.5072898388671875 0.3933766767578125 0.5131222431640625 0.396548 0.541375650390625 0.3950673017578125 0.543699484375 0.370606603515625 0.542555130859375 0.3192844306640625
1 0.57589439453125 0.3951899111328125 0.579429708984375 0.3938456376953125 0.580768890625 0.389912134765625 0.580427466796875 0.314595302734375 0.57772655078125 0.30237423046875 0.573233328125 0.2952694033203125 0.5618310087890624 0.293935314453125 0.55363202734375 0.2947513359375 0.546390953125 0.304016458984375 0.5431294033203125 0.3204133310546875 0.542912021484375 0.3555809287109375 0.5439239501953125 0.394547419921875 0.5511964921875 0.395711609375 0.57589439453125 0.3951899111328125
1 0.6198498134765625 0.3001666435546875 0.6132816064453125 0.29278423046875 0.594647126953125 0.291056498046875 0.588130580078125 0.294488671875 0.5812327587890626 0.3103034482421875 0.5819376259765625 0.3925552080078125 0.586148169921875 0.394266201171875 0.6175039580078125 0.39300924609375 0.620000599609375 0.38167477734375 0.621826203125 0.318220666015625 0.6198498134765625 0.3001666435546875
1 0.6222080087890625 0.3943080458984375 0.646392212890625 0.3938132685546875 0.652738314453125 0.3969576708984375 0.6587815458984375 0.394322966796875 0.66954901953125 0.3933723359375 0.67199636328125 0.390926083984375 0.672736357421875 0.3460727998046875 0.6727227197265625 0.31632595703125 0.6704458212890625 0.3121956328125 0.6482962197265625 0.3121974482421875 0.638636908203125 0.314635330078125 0.6237598486328125 0.3158013359375 0.621115314453125 0.353800458984375 0.62048519140625 0.3909213466796875 0.6222080087890625 0.3943080458984375
1 0.72627976953125 0.325881771484375 0.72442452734375 0.3101393916015625 0.702909771484375 0.312425927734375 0.6966646259765625 0.31120789453125 0.678685185546875 0.3121501572265625 0.6762176513671875 0.314211134765625 0.6724875087890625 0.370811083984375 0.6725706357421875 0.392054984375 0.6746860029296875 0.3931031181640625 0.7189448232421874 0.392328939453125 0.7234671513671875 0.3901602744140625 0.72627976953125 0.325881771484375
1 0.7652584384765625 0.3914470732421875 0.77693216015625 0.388130955078125 0.7796034375 0.321155537109375 0.779511396484375 0.3095704033203125 0.7773556455078126 0.3077517216796875 0.7454457763671875 0.3082650517578125 0.738929228515625 0.311697224609375 0.728121373046875 0.31187730859375 0.7254993916015625 0.3699645087890625 0.7254815625 0.3892820400390625 0.7270832314453125 0.390357095703125 0.7462516005859375 0.3924431796875 0.7652584384765625 0.3914470732421875
1 0.7791033779296875 0.350929302734375 0.7781591083984375 0.3722270458984375 0.7806088134765625 0.38948359765625 0.7841441279296875 0.38813932421875 0.7873474658203125 0.3902894365234375 0.815701830078125 0.3907351064453125 0.8274361259765625 0.388574810546875 0.8299036611328126 0.3865138330078125 0.831615201171875 0.3798564921875 0.834548966796875 0.3178896328125 0.8344771162109375 0.3066897724609375 0.832835064453125 0.3048441689453125 0.80717033984375 0.3065755322265625 0.7988502099609375 0.3050799111328125 0.792293279296875 0.307741537109375 0.78257339453125 0.3090235986328125 0.7791033779296875 0.350929302734375
1 0.8818881474609375 0.3857211005859375 0.88821825 0.33941585546875 0.8905913818359374 0.306066939453125 0.888828181640625 0.301909693359375 0.8558707236328125 0.3020915927734375 0.848286396484375 0.3048070615234375 0.839019634765625 0.304906380859375 0.837539115234375 0.3061429677734375 0.832057048828125 0.3686297099609375 0.83284451171875 0.38365538671875 0.84342134765625 0.3888960556640625 0.878352833984375 0.3870653740234375 0.8818881474609375 0.3857211005859375
1 0.8860559462890625 0.3669587431640625 0.885221548828125 0.38052408984375 0.8880121455078125 0.3846274921875 0.8999079716796875 0.3855493857421875 0.9091141591796875 0.38429424609375 0.9122973056640625 0.386059083984375 0.918481876953125 0.386121296875 0.933892826171875 0.3853136435546875 0.935887044921875 0.3840501337890625 0.9429149296875 0.360888234375 0.9482983994140625 0.3161779287109375 0.948578716796875 0.3018689560546875 0.9469366650390625 0.3000233525390625 0.9063141162109375 0.301379626953125 0.8945192451171875 0.3023841015625 0.893038724609375 0.3036206884765625 0.8860559462890625 0.3669587431640625
1 0.0249365634765625 0.497467453125 0.0289653837890625 0.4957109833984375 0.030627626953125 0.497941861328125 0.03187712890625 0.5021260283203125 0.030517755859375 0.5056742568359375 0.0532618212890625 0.5071866142578125 0.0546211943359375 0.5036383857421876 0.0504700439453125 0.493231810546875 0.047142015625 0.459215849609375 0.0408137431640625 0.4367539169921875 0.0355152294921875 0.4339409453125 0.0180292958984375 0.4344710126953125 0.0155617607421875 0.4365319892578125 0.01808331640625 0.46498840234375 0.0249365634765625 0.497467453125
1 0.0486136220703125 0.4676380283203125 0.04810228515625 0.4873677548828125 0.0548522138671875 0.4982176318359375 0.0547221513671875 0.50556475390625 0.0558505048828125 0.507437279296875 0.0631230458984375 0.5086014697265625 0.0847185673828125 0.5078560283203125 0.0840320615234375 0.4947567216796875 0.0790138642578125 0.47763477734375 0.073811583984375 0.4373425654296875 0.067384716796875 0.4326570673828125 0.05296078125 0.4326403310546875 0.0427877705078125 0.435105134765625 0.0435550419921875 0.449745537109375 0.0486136220703125 0.4676380283203125
1 0.1151277255859375 0.5081940107421875 0.117142134765625 0.50731577734375 0.1179676181640625 0.5034091962890626 0.10623515234375 0.4368023134765625 0.098287380859375 0.43258285546875 0.0833699384765625 0.4329783134765625 0.0758259951171875 0.436464330078125 0.077631939453125 0.4610949287109375 0.086199087890625 0.5066194423828125 0.088354837890625 0.508438123046875 0.0987095693359375 0.5094407822265625 0.1151277255859375 0.5081940107421875
1 0.136462587890625 0.4336728330078125 0.1260472822265625 0.4315143525390625 0.107655099609375 0.43440990625 0.10962257421875 0.462122693359375 0.1181089580078125 0.5061061123046875 0.1192171201171875 0.5075933642578125 0.144015978515625 0.5089980341796875 0.1473695712890625 0.504186296875 0.147167658203125 0.5003335595703124 0.136462587890625 0.4336728330078125
1 0.1484327978515625 0.4949872578125 0.1485181162109375 0.5064440947265625 0.1532827392578125 0.5088987158203125 0.16774705859375 0.509686 0.1759258486328125 0.5084847041015625 0.17878593359375 0.504085162109375 0.1699539345703125 0.4338492861328125 0.16247948046875 0.4288323583984375 0.1394842041015625 0.4323554814453125 0.1380036826171875 0.433592068359375 0.138346935546875 0.440141720703125 0.1441436796875 0.4819481064453125 0.1484327978515625 0.4949872578125
1 0 0.5084478359375 0.0244947158203125 0.508694234375 0.02690167578125 0.5054774365234375 0.0182852294921875 0.468841140625 0.0150076796875 0.4357883642578125 0.0075534150390625 0.4311567109375 0.0002808740234375 0.429992521484375 0 0.4301027919921875 0 0.5084478359375
1 0.220164478515625 0.507325251953125 0.2209293876953125 0.502262849609375 0.2110408857421875 0.44135430859375 0.2057625634765625 0.4389266103515625 0.1824846083984375 0.437055900390625 0.1789492939453125 0.438400173828125 0.1755553193359375 0.44244136328125 0.1741353720703125 0.4448337724609375 0.17560933984375 0.4729587548828125 0.1815563388671875 0.507803291015625 0.19396586328125 0.5086982626953125 0.220164478515625 0.507325251953125
1 0.2237805576171875 0.5075220732421875 0.23672397265625 0.5087753974609375 0.2603540947265625 0.5075369951171875 0.262186783203125 0.503191296875 0.2548667744140625 0.442148146484375 0.2516432451171875 0.4396127607421875 0.2449045927734375 0.438806921875 0.222835755859375 0.4403498330078125 0.2147579228515625 0.443477498046875 0.2162609970703125 0.4623289892578125 0.2209674091796875 0.4833305927734375 0.2221385068359375 0.5056764697265625 0.2237805576171875 0.5075220732421875
1 0.26559203515625 0.5091941455078125 0.2790491474609375 0.5104205478515625 0.3016114912109375 0.50846544140625 0.3045119599609375 0.504836447265625 0.30416870703125 0.49828679296875 0.2976248828125 0.4422252802734375 0.2933537646484375 0.4393584638671875 0.2685750986328125 0.438339068359375 0.2648580615234375 0.4362158779296875 0.2589359775390625 0.4411622236328125 0.2575766044921875 0.444710453125 0.257498201171875 0.462872162109375 0.2639499833984375 0.50734854296875 0.26559203515625 0.5091941455078125
1 0.330813359375 0.436622626953125 0.30208663671875 0.4389007939453125 0.3001327998046875 0.440934849609375 0.301707724609375 0.4709862021484375 0.306748474609375 0.5081962236328125 0.3315069501953125 0.5088303466796875 0.34995970703125 0.507090615234375 0.3519539267578125 0.5058271064453125 0.3432632685546875 0.4382881455078125 0.330813359375 0.436622626953125
1 0.349726326171875 0.492808564453125 0.352467625 0.5058001845703125 0.3551370732421875 0.5075919443359375 0.369087693359375 0.5084061513671875 0.3885880380859375 0.5069978486328125 0.391549080078125 0.5045246767578125 0.388055978515625 0.4378723193359375 0.3848930224609375 0.4364927548828125 0.359066767578125 0.435141927734375 0.3493670732421875 0.436809263671875 0.345398826171875 0.4397215537109375 0.3458745029296875 0.458626888671875 0.3491496923828125 0.4719768603515625 0.349726326171875 0.492808564453125
1 0.405793123046875 0.432306771484375 0.39358551171875 0.4352645361328125 0.3886302509765625 0.43900121875 0.3921233525390625 0.5056535751953125 0.3968677861328125 0.507722921875 0.4324341181640625 0.5081769609375 0.4362206435546875 0.50179720703125 0.430632365234375 0.4344819892578125 0.428476615234375 0.4326633076171875 0.405793123046875 0.432306771484375
1 0.4717264013671875 0.5010954248046875 0.468123427734375 0.4421754638671875 0.468877060546875 0.4270690224609375 0.4663982490234375 0.4190859609375 0.4564562587890625 0.4161300126953125 0.442113087890625 0.417654369140625 0.4336943642578125 0.4339351845703125 0.4379232685546875 0.5047986318359375 0.4400992099609375 0.5070025859375 0.467426177734375 0.5075021005859375 0.47094130078125 0.505772552734375 0.4717264013671875 0.5010954248046875
1 0.4721391435546875 0.499142134765625 0.473942724609375 0.504069927734375 0.4792008564453125 0.5061123515625 0.4977747607421875 0.50668426171875 0.5110501513671875 0.5044432001953125 0.5071715859375 0.4992378212890625 0.5054464072265625 0.4761483193359375 0.5059934013671875 0.41778353125 0.500735271484375 0.4157411064453125 0.483662078125 0.4143178837890625 0.47712533984375 0.417364783203125 0.4700457958984375 0.429712095703125 0.470128923828125 0.4509559951171875 0.4728927744140625 0.4840356923828125 0.4721391435546875 0.499142134765625
1 0.5429196396484375 0.50315932421875 0.5435610380859375 0.476082474609375 0.540976546875 0.4267674365234375 0.53523382421875 0.41547844140625 0.5192082197265625 0.4143866484375 0.5141520009765626 0.4161969609375 0.509791203125 0.42144781640625 0.505814041015625 0.4340188720703125 0.5065231005859375 0.4672062578125 0.507967962890625 0.5046047314453125 0.51320590234375 0.5062618828125 0.540945611328125 0.50480810546875 0.5429196396484375 0.50315932421875
1 0.5569712158203125 0.5058998994140625 0.5764917529296875 0.5048768720703125 0.579432603515625 0.5020184248046875 0.5793964111328125 0.4521835029296875 0.5780637822265625 0.4267554365234375 0.5738015810546875 0.41422985546875 0.564947560546875 0.4123758828125 0.5546735947265625 0.412914318359375 0.549617376953125 0.4147246318359375 0.54572989453125 0.419178017578125 0.541631583984375 0.4294374306640625 0.5428994482421875 0.5027740498046875 0.546616484375 0.504897240234375 0.5569712158203125 0.5058998994140625
1 0.614545810546875 0.5036552060546875 0.616540029296875 0.5023916982421875 0.617921423828125 0.4304615654296875 0.6156534404296875 0.416672474609375 0.6123087626953125 0.411825447265625 0.5932413515625 0.411665732421875 0.5867046123046875 0.4147126318359375 0.5801791494140625 0.4278035703125 0.58001998046875 0.4444241845703125 0.582081859375 0.5034249111328125 0.5847513076171875 0.505216669921875 0.594551958984375 0.5054757041015625 0.614545810546875 0.5036552060546875
1 0.6181013154296875 0.50269620703125 0.6203176396484374 0.5056707099609375 0.6559445458984375 0.5072805693359375 0.6581204873046875 0.509484525390625 0.6645764609375 0.5048965302734375 0.664638865234375 0.437285173828125 0.6642754208984375 0.43035024609375 0.66156558984375 0.427787939453125 0.6507577333984375 0.4279680224609375 0.6452483916015626 0.430961078125 0.6374621513671875 0.429823810546875 0.6368676875 0.42830963671875 0.6229776416015625 0.428651251953125 0.6195634755859375 0.43230716796875 0.617686212890625 0.4849466923828125 0.6181013154296875 0.50269620703125
1 0.6657113681640625 0.477407486328125 0.665956025390625 0.5017335751953125 0.668253115234375 0.5062491728515625 0.6940591787109375 0.5072147265625 0.7104975244140626 0.506353228515625 0.7119780458984375 0.505116642578125 0.7143018798828125 0.4806559443359375 0.71456855859375 0.43660012890625 0.713792373046875 0.4316184912109375 0.7098936142578125 0.426027837890625 0.6958016552734375 0.42251671484375 0.6912389443359375 0.42391483203125 0.6814181025390625 0.423270525390625 0.6764022666015626 0.4258513857421875 0.6707515849609375 0.426147525390625 0.66574702734375 0.4387724248046875 0.6657113681640625 0.477407486328125
1 0.7109102666015625 0.5043999384765625 0.7234207490234374 0.507221279296875 0.7625425859375 0.506716318359375 0.7642761474609375 0.431677072265625 0.758221638671875 0.42426773828125 0.7433041962890625 0.4246631953125 0.742871263671875 0.426231212890625 0.7376535146484375 0.4249593349609375 0.7222425654296875 0.4257669892578125 0.718727443359375 0.4274965361328125 0.716008697265625 0.434592994140625 0.714232390625 0.489158888671875 0.7132869404296875 0.5006052294921876 0.7109102666015625 0.5043999384765625
1 0.764090234375 0.477273982421875 0.7655843935546875 0.5057842392578125 0.78010928515625 0.507727345703125 0.7985216591796875 0.50521706640625 0.81191819921875 0.5052876474609375 0.815090068359375 0.4970084462890625 0.8163752294921875 0.4625575537109375 0.816179869140625 0.42934324609375 0.814003927734375 0.427139291015625 0.7903132314453125 0.42722187109375 0.78626421875 0.4285930673828125 0.783081072265625 0.4268282294921875 0.775909486328125 0.427590408203125 0.7714073505859375 0.4301443466796875 0.7687984755859375 0.429508408203125 0.7656176904296875 0.4474463740234375 0.764090234375 0.477273982421875
1 0.8236228564453125 0.423930861328125 0.81959403515625 0.4256873291015625 0.8178219208984375 0.431188849609375 0.8151393662109375 0.488120228515625 0.8153929384765625 0.502787552734375 0.8212657255859375 0.506729423828125 0.8522087724609375 0.507425759765625 0.859914248046875 0.5070219326171875 0.861888275390625 0.505373150390625 0.8650197626953126 0.4963234013671875 0.8648671474609375 0.4835824462890625 0.8685616298828125 0.46561755859375 0.86823620703125 0.4397503740234375 0.8703201064453125 0.4303691953125 0.8681037822265625 0.4273946923828125 0.838600873046875 0.42469122265625 0.8345316689453125 0.4256771455078125 0.8313485224609375 0.423912306640625 0.8278132080078126 0.4252565810546875 0.8236228564453125 0.423930861328125
1 0.90939081640625 0.507519630859375 0.916501828125 0.505601630859375 0.91752686328125 0.4858449833984375 0.9250660830078125 0.442953357421875 0.9259408642578125 0.43015855859375 0.9227173349609376 0.4276231728515625 0.9045157890625 0.424327423828125 0.872253751953125 0.4279498662109375 0.8662377958984375 0.490078255859375 0.866430794921875 0.5035897587890625 0.870742294921875 0.5072271220703125 0.8970620576171875 0.50816575390625 0.90939081640625 0.507519630859375
1 0.92880094921875 0.4257590166015625 0.925427166015625 0.43018548046875 0.91756724609375 0.4866155302734375 0.9187068759765625 0.4985320947265625 0.9213763232421875 0.500323853515625 0.9254253359375 0.498952658203125 0.9329805576171875 0.5055106806640625 0.9402329072265625 0.5062895966796875 0.94323433203125 0.504586970703125 0.9469513681640624 0.5067101611328125 0.9685065068359375 0.5051941728515625 0.978955109375 0.449014787109375 0.9793856806640625 0.4277439658203125 0.974621056640625 0.4252893466796875 0.96005578125 0.4225756923828125 0.95347866015625 0.424852044921875 0.9426304208984375 0.4242615810546875 0.92880094921875 0.4257590166015625
1 0.03506972265625 0.582702083984375 0.0406218095703125 0.60018237890625 0.0448727353515625 0.602663921875 0.0690367470703125 0.60178387109375 0.071010775390625 0.6001350888671875 0.06142514453125 0.545005654296875 0.0571225595703125 0.531709525390625 0.0544531103515625 0.529917765625 0.0520057666015625 0.532364017578125 0.0370075595703125 0.5312183798828125 0.03036986328125 0.5323389111328125 0.03126955859375 0.5593349951171875 0.0358031640625 0.567210369140625 0.03506972265625 0.582702083984375
1 0.0194794130859375 0.599745078125 0.0257649404296875 0.6017336591796875 0.0381542744140625 0.602243357421875 0.0431095361328125 0.5985066767578126 0.040841552734375 0.5847175859375 0.0380105732421875 0.57984363671875 0.0367789013671875 0.5563419384765625 0.0326176552734375 0.5457427265625 0.031417451171875 0.5326703408203125 0.0265316796875 0.5279040791015625 0.01979302734375 0.5270982412109375 0.01013371484375 0.529536123046875 0.0067599326171875 0.5339625869140625 0.0066298701171875 0.5413097099609375 0.0194794130859375 0.599745078125
1 0.0553176787109375 0.6840188935546875 0.0624690732421875 0.68287144140625 0.0639092119140625 0.680864306640625 0.0586487177734375 0.6591190771484375 0.054121666015625 0.6218821337890625 0.051965916015625 0.6200634521484375 0.042618390625 0.6186216748046875 0.034379025390625 0.6186671513671875 0.027801904296875 0.620943501953125 0.0306150537109375 0.645134982421875 0.038123337890625 0.68028402734375 0.0397653896484375 0.682129630859375 0.0553176787109375 0.6840188935546875
1 0.021929650390625 0.70547161328125 0.03588735546875 0.7653942333984375 0.0391108857421875 0.767929619140625 0.050371865234375 0.7665667919921875 0.06025328125 0.7683669208984375 0.0624381376953125 0.7609121103515625 0.0517039619140625 0.7035248759765625 0.0352543388671875 0.694342333984375 0.021929650390625 0.70547161328125
1 0.079544626953125 0.70399746875 0.0705896513671875 0.7002171279296875 0.059801986328125 0.7007824853515625 0.053224865234375 0.7030588369140625 0.0518453017578125 0.70622179296875 0.0622878828125 0.7678739599609375 0.070648396484375 0.770140126953125 0.089202109375 0.770326763671875 0.090994416015625 0.7652105185546875 0.0832954931640625 0.736252775390625 0.079544626953125 0.70399746875
1 0.1100143583984375 0.7054912724609375 0.104614888671875 0.700751931640625 0.0896570634765625 0.7003768427734375 0.0825662431640625 0.7026801162109375 0.079746541015625 0.707850205078125 0.0832954931640625 0.736252775390625 0.09175041015625 0.769806880859375 0.1181509375 0.772286607421875 0.1209706396484375 0.767116517578125 0.11474332421875 0.7465809541015626 0.1100143583984375 0.7054912724609375
1 0.152568724609375 0.77048284765625 0.150390421875 0.748576087890625 0.1443739345703125 0.72223449609375 0.1460136240234375 0.704377294921875 0.12982648828125 0.7002033125 0.1139422236328125 0.7018084345703125 0.1079797578125 0.705984234375 0.1121029814453125 0.735515703125 0.121666060546875 0.770557060546875 0.1264104931640625 0.77262640625 0.15114877734375 0.772875255859375 0.152568724609375 0.77048284765625
1 0.1821927822265625 0.775497958984375 0.1845189765625 0.7707400654296875 0.1792988671875 0.7497653837890625 0.17643405859375 0.7147593173828125 0.1800994345703125 0.7060679208984375 0.1752944287109375 0.7028427529296875 0.1566801416015625 0.701500294921875 0.1480886083984375 0.7046548818359375 0.144382849609375 0.7125757314453125 0.1443133603515625 0.7210786748046875 0.1487572841796875 0.73707171875 0.1542107763671875 0.772328451171875 0.1821927822265625 0.775497958984375
1 0.2170031201171875 0.7713556357421875 0.2102686591796875 0.721485423828125 0.21219102734375 0.7090220546875 0.2031350947265625 0.703315345703125 0.191259458984375 0.7027787255859375 0.180059052734375 0.705297373046875 0.176826609375 0.71242075390625 0.17973180078125 0.7481973671875 0.185707904296875 0.773768412109375 0.18889105078125 0.77553325 0.21364952734375 0.7761673720703125 0.2170031201171875 0.7713556357421875
1 0.069741615234375 0.6840356298828125 0.0733980771484375 0.685003 0.0924251064453125 0.684392166015625 0.0943991337890625 0.6827433837890625 0.0939347333984375 0.6738820888671875 0.0888761533203125 0.6559895966796875 0.0854774560546875 0.620625177734375 0.077096751953125 0.6179737373046875 0.0576165986328125 0.6197673125 0.0556425703125 0.6214160947265625 0.05665213671875 0.64067978125 0.0669914013671875 0.6807027763671875 0.069741615234375 0.6840356298828125
1 0.1152719580078125 0.6190637138671875 0.1074857177734375 0.617926447265625 0.0874716748046875 0.619361669921875 0.0878060126953125 0.6355700888671875 0.09491283203125 0.682716462890625 0.09760247265625 0.68489349609375 0.121232595703125 0.6836550947265625 0.12472752734375 0.6815402724609375 0.1244852314453125 0.6769169873046875 0.1152719580078125 0.6190637138671875
1 0.082514052734375 0.6033955478515625 0.0994660966796875 0.60250712890625 0.0891939599609375 0.5342783857421874 0.0821726279296875 0.5280787158203125 0.0782245732421875 0.531376279296875 0.075555125 0.5295845205078125 0.064747267578125 0.529764603515625 0.061191763671875 0.5307236044921875 0.05977181640625 0.53311601171875 0.0669190185546875 0.5810329326171875 0.0728232724609375 0.5954041171875 0.0725720615234375 0.60043959765625 0.082514052734375 0.6033955478515625
1 0.128888240234375 0.6036695029296875 0.1307209287109375 0.5993238046875 0.1190086533203125 0.5331021962890625 0.1162786318359375 0.530154615234375 0.1105068017578125 0.5281391123046875 0.1090464716796875 0.5297609716796875 0.09061390625 0.531885978515625 0.08868026171875 0.5343053076171875 0.096320970703125 0.581810033203125 0.101520890625 0.60239944140625 0.1103547177734375 0.603868138671875 0.128888240234375 0.6036695029296875
1 0.1493976201171875 0.5330549052734375 0.1446128046875 0.53021501171875 0.138529189453125 0.53207916796875 0.125132650390625 0.5320085869140625 0.1221716083984375 0.5344817607421875 0.1318694736328125 0.6015816025390625 0.134538921875 0.60337336328125 0.1485097333984375 0.6045728427734375 0.15874331640625 0.6032638603515625 0.158328212890625 0.585514345703125 0.1493976201171875 0.5330549052734375
1 0.1727948935546875 0.606004435546875 0.18775271875 0.606379525390625 0.1902404453125 0.6047038212890625 0.189776044921875 0.5958425244140625 0.18299110546875 0.54500912890625 0.187965376953125 0.531806318359375 0.165674435546875 0.5291112177734375 0.1548867705078125 0.529676576171875 0.1509185234375 0.5325888662109375 0.159517140625 0.5885426923828125 0.1592368232421875 0.6028516640625 0.1696117470703125 0.60423959765625 0.1727948935546875 0.606004435546875
1 0.1508655673828125 0.6790114404296875 0.1431731982421875 0.6206921279296875 0.139476353515625 0.6189542119140625 0.1296555107421875 0.618309904296875 0.1163397373046875 0.6197804189453126 0.116613501953125 0.634833015625 0.123094390625 0.670035904296875 0.123166240234375 0.681235763671875 0.12854551953125 0.6855898310546875 0.149647533203125 0.6852565859375 0.1508655673828125 0.6790114404296875
1 0.1698855107421875 0.6192921943359375 0.145701306640625 0.6197869716796875 0.1437676611328125 0.62220630078125 0.1476307607421875 0.666432015625 0.1517023271484375 0.6851488984375 0.16367891796875 0.68761188671875 0.1816987421875 0.687440171875 0.1839643642578125 0.68152645703125 0.1736429306640625 0.6221859326171875 0.1698855107421875 0.6192921943359375
1 0.19565119140625 0.6194872001953124 0.18022005078125 0.619909580078125 0.1746905185546875 0.62251736328125 0.1841460859375 0.6849939208984375 0.1914993935546875 0.687699205078125 0.20904590234375 0.6883249599609375 0.210595912109375 0.6785854287109375 0.2053621630859375 0.627863904296875 0.1998617353515625 0.6211981953125 0.19565119140625 0.6194872001953124
1 0.22991636328125 0.6049424853515625 0.235979787109375 0.6026930556640625 0.2362197216796875 0.5876135361328125 0.2291734755859375 0.5416229833984375 0.2063082626953125 0.5377989833984375 0.1900112548828125 0.541357396484375 0.185035802734375 0.5447088046875 0.1902291689453125 0.5946597822265625 0.1938161416015625 0.6041300947265625 0.204765337890625 0.6066469267578125 0.217627986328125 0.60635915625 0.22991636328125 0.6049424853515625
1 0.254332119140625 0.6874969375 0.25563091796875 0.68279288671875 0.252719173828125 0.6763778427734375 0.2488067763671875 0.641040345703125 0.24503808203125 0.6281025693359376 0.24033403125 0.62680376953125 0.230120638671875 0.62849802734375 0.2130878291015625 0.6278453515625 0.2085655009765625 0.630014015625 0.208386140625 0.646249357421875 0.214615818359375 0.686487724609375 0.2332704873046875 0.68860073046875 0.254332119140625 0.6874969375
1 0.2191790615234375 0.7735595908203124 0.223470369140625 0.7768116806640625 0.22916143359375 0.777286087890625 0.247140875 0.7763438251953125 0.2578275830078125 0.7738520986328125 0.2601739697265625 0.769479478515625 0.2544467138671875 0.7191701494140625 0.25669214453125 0.71287116015625 0.255543599609375 0.7106133623046875 0.252360453125 0.7088485234375 0.2241070458984375 0.7103292216796875 0.2145285 0.7143082001953125 0.213108552734375 0.716700607421875 0.2139476748046875 0.7425408701171875 0.2191790615234375 0.7735595908203124
1 0.2724250908203125 0.541287921875 0.2687484375 0.539935279296875 0.24608513671875 0.5399640166015625 0.2383998544921875 0.5407531171875 0.233917908203125 0.5436923291015625 0.2333145302734375 0.551836921875 0.240623263671875 0.602836033203125 0.242779013671875 0.60465471484375 0.249003966796875 0.605487474609375 0.2813669619140625 0.6037914013671875 0.2724250908203125 0.541287921875
1 0.292466943359375 0.6878163681640626 0.29370516796875 0.68195649609375 0.2894227734375 0.6690456416015625 0.2880901455078125 0.6436175751953125 0.2847543828125 0.62911178125 0.279516443359375 0.627454630859375 0.2646191923828125 0.62823536328125 0.261456236328125 0.626855798828125 0.247646955078125 0.6287385078125 0.2530915322265625 0.6736540048828125 0.2574345 0.6877206806640624 0.274527884765625 0.689529177734375 0.292466943359375 0.6878163681640626
1 0.2724736240234375 0.77810684765625 0.2936362109375 0.778929423828125 0.3033359052734375 0.7772620869140625 0.294001484375 0.717097171875 0.287141685546875 0.71397969140625 0.284633767578125 0.7152701220703125 0.2773814169921875 0.714491205078125 0.269514412109375 0.7118128427734375 0.25843515234375 0.7166431328125 0.2570353974609375 0.719420814453125 0.2581459208984375 0.7406108701171875 0.263025140625 0.774738703125 0.2724736240234375 0.77810684765625
1 0.3223820615234375 0.6000965634765625 0.3142365693359375 0.5429599951171875 0.3089380546875 0.5401470224609375 0.2815908955078125 0.539262234375 0.274560650390625 0.5427213291015625 0.2749151796875 0.5593150224609374 0.28188066015625 0.6037644794921875 0.284550107421875 0.605556240234375 0.29697982421875 0.6068364853515625 0.320076056640625 0.6052397314453125 0.3223820615234375 0.6000965634765625
1 0.34695173046875 0.538154810546875 0.3228281005859375 0.539805408203125 0.31737933203125 0.54395428515625 0.324679150390625 0.6046121611328125 0.33299928125 0.6061077822265625 0.3623406591796875 0.6057290615234375 0.3643146865234375 0.604080279296875 0.3645658974609375 0.5990447978515625 0.3580422646484375 0.54336855859375 0.34695173046875 0.538154810546875
1 0.4085936982421875 0.603691373046875 0.4063571845703125 0.60033159765625 0.401253498046875 0.54226294921875 0.394867013671875 0.538348 0.372616455078125 0.5364234462890625 0.3644578564453125 0.5380100166015624 0.361124455078125 0.5432070283203125 0.3629618671875 0.5782669384765625 0.3669235615234375 0.604716216796875 0.373722787109375 0.606677876953125 0.406619671875 0.6053401552734375 0.4085936982421875 0.603691373046875
1 0.4401312099609375 0.6059018818359375 0.447533814453125 0.59971894921875 0.445240916015625 0.5461389775390625 0.4427419140625 0.537770642578125 0.441099861328125 0.5359250390625 0.4359830703125 0.53657953125 0.4301910498046875 0.5341787548828125 0.41369212890625 0.5338844296875 0.4051813623046875 0.538580111328125 0.4027542109375 0.5414116357421875 0.4020094931640625 0.5468593125 0.405511509765625 0.603852904296875 0.4154333076171875 0.606423580078125 0.4401312099609375 0.6059018818359375
1 0.3295541787109375 0.6878043671875 0.329188373046875 0.6611666357421875 0.3252064873046875 0.6343320830078125 0.315082775390625 0.627908669921875 0.2923790927734375 0.627166859375 0.2887832041015625 0.6273553115234375 0.2863156689453125 0.6294162900390625 0.293433765625 0.6866067021484376 0.2961435966796875 0.6891690107421875 0.30029356640625 0.68972418359375 0.3270664521484375 0.6894800712890625 0.3295541787109375 0.6878043671875
1 0.3306825322265625 0.689676892578125 0.338982470703125 0.6907872392578125 0.3698851357421875 0.69071302734375 0.372886560546875 0.6890104013671875 0.3697818173828125 0.669083853515625 0.368025169921875 0.6355650390625 0.3696155625 0.6265960556640625 0.3619908525390625 0.6285409775390625 0.3587875146484375 0.626390865234375 0.3367186787109375 0.627933775390625 0.32707955859375 0.630756931640625 0.3300767919921875 0.6781186806640624 0.329060671875 0.6882165634765625 0.3306825322265625 0.689676892578125
1 0.3932456845703125 0.6253576533203125 0.3741984638671875 0.6255832109375 0.3716905478515625 0.626873642578125 0.368749697265625 0.6297320888671875 0.372372861328125 0.6890373232421875 0.385971314453125 0.6929606416015625 0.410649025390625 0.6920536689453125 0.4126230517578125 0.69040488671875 0.4084054248046875 0.6295854794921875 0.3932456845703125 0.6253576533203125
1 0.4542931904296875 0.6893800439453125 0.4531019013671875 0.6666488935546875 0.4490683564453125 0.6289997529296875 0.42575001953125 0.62635849609375 0.4114270400390625 0.6282681279296874 0.4095943505859375 0.632613826171875 0.409726775390625 0.6449695068359375 0.4110819580078125 0.69048565234375 0.421084521484375 0.6945974228515625 0.4370697431640625 0.6949186689453125 0.4529338173828125 0.6929282724609375 0.4542931904296875 0.6893800439453125
1 0.34301182421875 0.7775007529296875 0.342426275390625 0.766327814453125 0.33462403515625 0.7157408974609375 0.3304134912109375 0.714029904296875 0.3030461416015625 0.7127598427734375 0.3005180322265625 0.7136649990234375 0.296238 0.72045694921875 0.2963098505859375 0.73165680859375 0.3038092216796875 0.7764646181640625 0.3096214326171875 0.7792506689453125 0.339537083984375 0.78000084765625 0.34301182421875 0.7775007529296875
1 0.3416590048828125 0.751687412109375 0.345026234375 0.776622517578125 0.34927716015625 0.7791040595703125 0.37403563671875 0.7797381826171875 0.377963501953125 0.77605534375 0.3755316259765625 0.7394812607421875 0.3724448828125 0.729727048828125 0.377422525390625 0.7165885791015625 0.373745873046875 0.7152359365234375 0.3562801298828125 0.71615127734375 0.35256309375 0.714028087890625 0.342268935546875 0.71418125 0.337887947265625 0.7190468310546875 0.3386059208984375 0.7425754501953125 0.3416590048828125 0.751687412109375
1 0.403619310546875 0.7839827470703125 0.408323361328125 0.7852815458984375 0.41652234375 0.7844655234375 0.42045020703125 0.780782685546875 0.4157325185546875 0.7497370439453125 0.414974162109375 0.7254378759765625 0.4173205498046875 0.721065255859375 0.411447763671875 0.717123384765625 0.382478744140625 0.7147782666015625 0.3789838125 0.716893087890625 0.3737571494140625 0.7252799755859375 0.378658921875 0.77949588671875 0.3845518994140625 0.7838230322265625 0.403619310546875 0.7839827470703125
1 0.422275810546875 0.71732857421875 0.4168270419921875 0.721477451171875 0.414974162109375 0.7254378759765625 0.419523767578125 0.7827628974609375 0.4258294873046875 0.785136751953125 0.4366777255859375 0.7857272158203125 0.4445245400390625 0.7880203056640624 0.45582590234375 0.7874280263671875 0.4588071357421875 0.785340126953125 0.4605186767578125 0.7786827861328125 0.4588362421875 0.776066634765625 0.4571110634765625 0.7529771328125 0.459064900390625 0.750943076171875 0.459345216796875 0.7366341044921875 0.46346371875 0.72675996484375 0.462586576171875 0.7198519599609375 0.45681474609375 0.7178364560546875 0.427392603515625 0.71667408203125 0.422275810546875 0.71732857421875
1 0.453296197265625 0.5229232353515625 0.448773869140625 0.5250918994140625 0.4456221904296875 0.5337563740234375 0.4487227421875 0.6027472958984375 0.451966462890625 0.6056679541015625 0.47927323828125 0.6057821943359375 0.480753759765625 0.6045456083984375 0.47614121875 0.5263619599609375 0.4697547353515625 0.5224470107421875 0.453296197265625 0.5229232353515625
1 0.5134172626953125 0.5889258369140625 0.5112342353515625 0.52761346875 0.509058294921875 0.525409513671875 0.4991163046875 0.5224535634765625 0.484732751953125 0.5232073740234375 0.479757298828125 0.5265587822265625 0.4776330166015625 0.5351694130859375 0.4812270751953125 0.6037481396484375 0.487573177734375 0.606892541015625 0.5107703671875 0.6072221552734375 0.5130965634765625 0.60246426171875 0.5134172626953125 0.5889258369140625
1 0.5448157958984375 0.6081422333984375 0.54678982421875 0.606493451171875 0.5474537763671875 0.5995046806640625 0.546248849609375 0.5470266865234376 0.5449880712890625 0.5327984794921875 0.5415020546875 0.5252545361328125 0.526936779296875 0.5225408818359375 0.515736373046875 0.5250595302734375 0.5111154501953125 0.545004630859375 0.514686955078125 0.593495279296875 0.5137516005859375 0.6051342568359375 0.520631591796875 0.6086370107421875 0.5448157958984375 0.6081422333984375
1 0.5809267626953125 0.530528681640625 0.5785690986328125 0.5248572626953125 0.5589274150390625 0.5235686474609375 0.5543041298828125 0.523810943359375 0.5508091982421875 0.525925765625 0.5475565625 0.53266387109375 0.5473279052734376 0.5577874296875 0.5488446171875 0.606385763671875 0.576725666015625 0.607628904296875 0.580119640625 0.6035877138671875 0.58197907421875 0.570265720703125 0.5809267626953125 0.530528681640625
1 0.6148806806640625 0.6083336083984375 0.615537548828125 0.542236423828125 0.6176416396484375 0.5332405185546875 0.6172378125 0.525535044921875 0.6145481728515625 0.5233580107421875 0.5949670625 0.5232252177734374 0.586808462890625 0.524811787109375 0.58536832421875 0.526818921875 0.582378177734375 0.5385655859375 0.582544431640625 0.581053384765625 0.58097423046875 0.5904076416015624 0.582436921875 0.6084885859375 0.6072357802734375 0.609893255859375 0.6148806806640625 0.6083336083984375
1 0.6170364306640626 0.6101522890625 0.6207130849609375 0.611504931640625 0.65993587890625 0.61292633984375 0.66210054296875 0.605086255859375 0.663109578125 0.5358799609375 0.6561488212890625 0.530836111328125 0.65417479296875 0.532484892578125 0.6451996259765626 0.528319279296875 0.6385013564453125 0.52828398828125 0.634533109375 0.5311962783203125 0.6318434697265625 0.52901924609375 0.624671884765625 0.529781423828125 0.624238951171875 0.5313494404296875 0.62115676171875 0.5315109716796875 0.61641469140625 0.5491444296875 0.6170364306640626 0.6101522890625
1 0.6625489443359375 0.564497904296875 0.663390427734375 0.6100409716796875 0.6821460546875 0.614080345703125 0.7073576552734375 0.6135317255859375 0.70958289453125 0.606847462890625 0.7115498359375 0.546090267578125 0.7154462333984375 0.5319781171875 0.712514296875 0.5251777978515625 0.71045950390625 0.5252854853515625 0.709039556640625 0.5276778935546875 0.6977785771484375 0.5290407197265625 0.6940211572265625 0.526146982421875 0.689951953125 0.527132904296875 0.677995552734375 0.525055189453125 0.669303064453125 0.5262834072265625 0.6635335966796875 0.543970708984375 0.6625489443359375 0.564497904296875
1 0.7563205263671875 0.6140563447265625 0.7609860234375 0.54581741796875 0.7574596240234375 0.5375029267578125 0.7396910107421875 0.5326391611328125 0.735621806640625 0.533625083984375 0.7287418154296875 0.5301223291015625 0.7251661181640625 0.5306960556640625 0.718366892578125 0.528734396484375 0.7162628017578125 0.5377303017578124 0.71202315234375 0.5452927978515625 0.710585375 0.567002736328125 0.7099059560546875 0.6130118427734375 0.7146301962890625 0.6146959150390625 0.7563205263671875 0.6140563447265625
1 0.7594229072265625 0.614280087890625 0.7894597060546875 0.6173419091796875 0.803349751953125 0.617000294921875 0.807872080078125 0.6148316298828125 0.8101709990234375 0.5505800498046876 0.809293857421875 0.5436720439453125 0.8065436435546876 0.5403391884765625 0.8030083291015625 0.5416834638671875 0.7839409169921875 0.541523748046875 0.7680970341796876 0.54389941796875 0.764400189453125 0.5421615029296875 0.7624261611328125 0.54381028515625 0.7588753798828125 0.584174892578125 0.757801046875 0.6128197587890625 0.7594229072265625 0.614280087890625
1 0.8088389033203125 0.6136219658203125 0.81152854296875 0.6157989990234375 0.8477095302734375 0.618152484375 0.852846513671875 0.6178832666015625 0.8553342392578125 0.6162075625 0.8574787119140626 0.6079822060546874 0.861823509765625 0.553281703125 0.8615206396484375 0.5475025966796875 0.8582163447265625 0.5434261162109375 0.8265980693359375 0.5396745126953125 0.822549056640625 0.541045708984375 0.8191348896484375 0.544701625 0.81650582421875 0.5436804130859375 0.8120036884765625 0.5462343515625 0.808917306640625 0.5954602568359375 0.8088389033203125 0.6136219658203125
1 0.4845337314453125 0.627527423828125 0.4802626142578125 0.6246606083984375 0.45914041015625 0.624608580078125 0.453097177734375 0.6272432841796876 0.4522716943359375 0.631149865234375 0.4554619267578125 0.6920231162109375 0.4694933115234375 0.6943784169921875 0.483363166015625 0.693651529296875 0.4867975234375 0.6903808876953125 0.48736051953125 0.6814657470703125 0.4845337314453125 0.627527423828125
1 0.5154791416015625 0.6479265625 0.5158693291015625 0.6258851943359375 0.4921180595703125 0.624811955078125 0.4869810751953125 0.6250811728515625 0.483999841796875 0.6271690712890625 0.4873717958984375 0.6915097861328126 0.4905953251953125 0.694045171875 0.5153941845703125 0.695449841796875 0.5178011455078125 0.69223304296875 0.5184336298828125 0.674814958984375 0.5154791416015625 0.6479265625
1 0.5194652177734375 0.6256967421875 0.517159212890625 0.6308399091796875 0.51726253125 0.6524690830078125 0.5184359921875 0.6945177646484375 0.5284183642578125 0.69824426171875 0.550527583984375 0.6974718974609375 0.5525396328125 0.676890859375 0.5498945673828125 0.6264199990234375 0.539992958984375 0.6242345966796875 0.5194652177734375 0.6256967421875
1 0.5807568486328125 0.6255752392578126 0.5550113583984375 0.6257655078125 0.5514962353515624 0.6274950546875 0.55404270703125 0.695742349609375 0.563430615234375 0.697954673828125 0.585046328125 0.6975945068359375 0.5868386337890625 0.6924782607421875 0.58605536328125 0.6283882119140625 0.5843931201171875 0.626157333984375 0.5807568486328125 0.6255752392578126
1 0.6176314267578125 0.7001364453125 0.6200787705078125 0.6976901943359375 0.6206952548828125 0.630822462890625 0.615829673828125 0.6264414736328126 0.5987766728515626 0.6254035234375 0.58800919921875 0.6263541552734375 0.5850998173828125 0.6396419150390625 0.5867353154296875 0.670849087890625 0.5854388779296875 0.695255943359375 0.5881487099609375 0.69781825 0.595955140625 0.699340791015625 0.6176314267578125 0.7001364453125
1 0.630202482421875 0.704113607421875 0.6352788916015625 0.702688568359375 0.6575496416015625 0.70499839453125 0.663180130859375 0.7043169814453125 0.6650935849609375 0.7015123779296875 0.6660782373046875 0.68098518359375 0.6664167666015625 0.648129228515625 0.6647634384765625 0.6362395849609375 0.658376955078125 0.6323246357421874 0.6532197802734375 0.6322085791015625 0.6235262333984375 0.635696412109375 0.62122023046875 0.640839580078125 0.6207492763671875 0.661339853515625 0.621801587890625 0.701076892578125 0.630202482421875 0.704113607421875
1 0.6666548720703125 0.70181688671875 0.6688106220703125 0.703635568359375 0.7024635 0.7068942109375 0.7111761806640625 0.706051265625 0.712109173828125 0.674709484375 0.7102515703125 0.6392642998046875 0.7035734921875 0.639614283203125 0.699816072265625 0.636720546875 0.6916574736328125 0.6383071162109375 0.6885550927734375 0.638083373046875 0.6863791513671875 0.63587941796875 0.677666470703125 0.636722361328125 0.6755309130859375 0.6352889541015625 0.6683189443359375 0.6352805859375 0.666461873046875 0.6883053837890625 0.6666548720703125 0.70181688671875
1 0.75561672265625 0.7087445517578125 0.75810444921875 0.70706884765625 0.7589923359375 0.6355509091796875 0.7552954912109375 0.6338129931640625 0.74142563671875 0.6345398818359375 0.7348888974609376 0.63758678125 0.71670754296875 0.6346763056640625 0.7137465009765624 0.6371494794921875 0.7125890419921875 0.6445504462890626 0.712717275390625 0.7059705009765626 0.728330138671875 0.7090155849609375 0.750520123046875 0.70978431640625 0.75561672265625 0.7087445517578125
1 0.759131845703125 0.70701500390625 0.7623351845703125 0.709165115234375 0.7798413095703125 0.709020322265625 0.784072044921875 0.71111658984375 0.797015458984375 0.7123699140625 0.8021120595703125 0.7113301484375 0.806080306640625 0.7084178583984375 0.8093169423828125 0.65223010546875 0.8076838046875 0.640725736328125 0.8025468212890625 0.6409949541015625 0.780668623046875 0.6363465634765625 0.7657309892578125 0.6363567470703125 0.762729564453125 0.638059373046875 0.76070623828125 0.648596373046875 0.7592506328125 0.689623841796875 0.759131845703125 0.70701500390625
1 0.80554641796875 0.708059505859375 0.8108247392578125 0.710487205078125 0.821733552734375 0.7122334892578125 0.8521629013671875 0.71295674609375 0.855536685546875 0.7085302822265624 0.8593072099609375 0.652700880859375 0.857734646484375 0.642352333984375 0.85083446484375 0.6384643056640625 0.8416282763671875 0.6397194453125 0.83889825390625 0.6367718642578125 0.8206676025390625 0.642749607421875 0.8144022666015625 0.6411462998046875 0.810947716796875 0.6440316689453125 0.8083548427734375 0.6928453779296875 0.80554641796875 0.708059505859375
1 0.53901775390625 0.7235730087890625 0.5396009404296875 0.7150431435546875 0.5373846181640625 0.7120686416015625 0.5305046259765624 0.70856588671875 0.4779862490234375 0.7090002666015625 0.4710973427734375 0.7151562783203125 0.4610680341796875 0.740020802734375 0.4648527294921875 0.8024082275390625 0.4758221162109375 0.8053103330078125 0.5316245966796875 0.80856716015625 0.532875927734375 0.7439841484375 0.53901775390625 0.7235730087890625
1 0.534213279296875 0.8088178251953125 0.5384440146484375 0.8109140927734375 0.5560712880859375 0.8130809423828125 0.6015392275390625 0.8157203828125 0.6049533935546875 0.812064466796875 0.605576962890625 0.8043051484375 0.60475253125 0.7689163095703125 0.60798575390625 0.732321171875 0.6070771435546874 0.714983853515625 0.5992303291015625 0.712690763671875 0.5827314091796875 0.7123964404296875 0.578500673828125 0.7103001708984376 0.5481520908203125 0.711118009765625 0.5432170205078125 0.71523996484375 0.5323218466796875 0.7432405234375 0.534213279296875 0.8088178251953125
1 0.607562267578125 0.8127004052734375 0.609758400390625 0.8152896337890625 0.65273861328125 0.8196047802734375 0.6790583759765625 0.8205434111328125 0.680971830078125 0.8177388076171875 0.682187501953125 0.791790857421875 0.6827344970703125 0.7334260703125 0.6803655576171875 0.7177106123046875 0.6694365537109375 0.7155790537109376 0.6638060625 0.7162604677734375 0.6482537744140625 0.714371205078125 0.618892205078125 0.71436465234375 0.6127592919921875 0.7251170263671874 0.607171546875 0.746271791015625 0.6062878515625 0.76872535546875 0.607562267578125 0.8127004052734375
1 0.7536337802734375 0.7200520986328125 0.74671340625 0.715778796875 0.7254094794921875 0.7122593046875 0.7178049609375 0.7145895009765625 0.7154383828125 0.7185768466796875 0.7072595927734375 0.7197781435546875 0.7045901435546875 0.7179863837890625 0.6963709716796875 0.7184171318359375 0.6892599599609375 0.7203351318359374 0.6868529990234375 0.723551931640625 0.686532298828125 0.73709035546875 0.684226294921875 0.7422335234375 0.6827392216796875 0.7728316787109375 0.6839125107421875 0.7853904951171875 0.68231101171875 0.8138053046875 0.68421555078125 0.820659466796875 0.7029307958984375 0.8239282939453125 0.7214239345703125 0.822959109375 0.7432213681640625 0.8260664052734376 0.75555012890625 0.8254202822265625 0.758450595703125 0.8217912880859375 0.75821721484375 0.8075092373046875 0.752317513671875 0.8030537958984375 0.7518396455078125 0.7939355224609375 0.757701154296875 0.78783335546875 0.7590065068359375 0.7537677353515625 0.7571019677734375 0.7469135732421875 0.757895982421875 0.7325776796875 0.7536337802734375 0.7200520986328125
1 0.760310029296875 0.7884692939453125 0.761039279296875 0.822041953125 0.763255603515625 0.8250164560546875 0.7793821640625 0.8280346171875 0.7989027001953125 0.82701158984375 0.81083891015625 0.8287040302734375 0.8313868427734376 0.8276271591796875 0.834368076171875 0.825539259765625 0.83824428125 0.8110418359375 0.837974708984375 0.74692486328125 0.834044482421875 0.7309048974609375 0.8269423857421875 0.7231641318359375 0.8160335732421875 0.72141784765625 0.774282669921875 0.7209015966796875 0.7665771953125 0.7213054228515625 0.7626089482421875 0.7242177138671875 0.760310029296875 0.7884692939453125
1 0.994096486328125 0.384090162109375 0.9895332431640625 0.297018296875 0.953594552734375 0.299288095703125 0.951106826171875 0.3009637998046875 0.9498686005859375 0.3068236708984375 0.9466497958984375 0.3436938935546875 0.9407009677734375 0.377616537109375 0.94193027734375 0.3814154306640625 0.945113423828125 0.3831802685546875 0.960665712890625 0.38506953125 0.994096486328125 0.384090162109375
1 0.9191891064453125 0.4880758603515625 0.9237630927734375 0.4967217822265625 0.9339877626953125 0.5050715634765625 0.9427206337890625 0.504613892578125 0.957245525390625 0.506557 0.9695137119140625 0.5047550546875 0.979035875 0.4505558818359375 0.9809267763671875 0.427663201171875 0.9666127119140625 0.41991406640625 0.9599750166015625 0.4210345986328125 0.9519375654296875 0.4249328095703125 0.927813935546875 0.426583408203125 0.92639398828125 0.4289758154296875 0.927060302734375 0.4416898486328125 0.923083140625 0.4542609052734375 0.9191891064453125 0.4880758603515625
1 1 0.4967359052734375 0.9963175341796875 0.4264702734375 0.9855298701171875 0.427035630859375 0.982568828125 0.4295088046875 0.9721516923828125 0.496117501953125 0.9720822041015625 0.5046204462890626 0.975325923828125 0.50754110546875 1 0.507757953125 1 0.4967359052734375
1 0.864773275390625 0.5407644912109375 0.8629203955078125 0.5447249150390625 0.85911840234375 0.59012500390625 0.85807317578125 0.60949637890625 0.8583558544921875 0.6148902109375 0.8605317958984375 0.617094166015625 0.8709672939453125 0.619637919921875 0.88697270703125 0.620344439453125 0.9023432744140625 0.6187662392578125 0.9068656025390625 0.61659757421875 0.915822408203125 0.551610736328125 0.9155397294921875 0.546216904296875 0.903139119140625 0.5356631669921875 0.896461041015625 0.536013150390625 0.8833471806640625 0.5413364013671875 0.87913663671875 0.5396254072265625 0.875601322265625 0.5409696806640625 0.8703633828125 0.5393125302734375 0.864773275390625 0.5407644912109375
1 0.959917869140625 0.6165215458984376 0.9686323779296875 0.546911423828125 0.9663554794921875 0.542781099609375 0.9588810244140625 0.5377641728515625 0.9210692626953125 0.5436091220703125 0.9186017275390626 0.545670099609375 0.9097346015625 0.602539267578125 0.910441298828125 0.61602384765625 0.9212693466796875 0.6162290380859375 0.93844349609375 0.6195786298828125 0.9533609384765624 0.619183171875 0.959917869140625 0.6165215458984376
1 1 0.54252104296875 0.9915266982421875 0.5414619326171874 0.9756424326171875 0.5430670546875 0.9710797216796875 0.544465171875 0.969226841796875 0.5484255966796875 0.963069546875 0.6078570712890625 0.963966880859375 0.6151503505859375 0.9667170947265625 0.6184832060546875 0.999201236328125 0.619098775390625 1 0.6188393173828125 1 0.54252104296875
1 0.8583070908203125 0.712248412109375 0.88012471484375 0.71574098046875 0.8975702666015625 0.7144403671875 0.90314018359375 0.7126031328125 0.908947671875 0.6759835732421875 0.9112311220703125 0.650752328125 0.9099412392578125 0.6457976123046875 0.8965245078125 0.6453417578125 0.8881438046875 0.64269031640625 0.879985205078125 0.64427688671875 0.8643925341796875 0.6416170771484375 0.86137091796875 0.6429344287109375 0.8567030595703125 0.69147055078125 0.8555770673828125 0.7093008310546876 0.8583070908203125 0.712248412109375
1 0.9258053134765625 0.6438072158203125 0.91255011328125 0.6464335517578125 0.9065632646484375 0.6992884501953125 0.9071084306640625 0.709690841796875 0.9155295166015625 0.713112830078125 0.939834869140625 0.7149296962890626 0.95415784765625 0.7130200654296875 0.96159375 0.6484992666015625 0.95722167578125 0.64370608203125 0.9258053134765625 0.6438072158203125
1 1 0.6437152578125 0.9854347001953125 0.6414548369140625 0.9643932607421875 0.6429439033203125 0.960485587890625 0.647012015625 0.956131875 0.711371283203125 0.9577739267578125 0.7132168857421874 0.9680680849609375 0.713063724609375 0.9769221044921875 0.7149176962890625 1 0.715092359375 1 0.6437152578125
1 0.8423740595703125 0.8112117353515625 0.8553376650390625 0.8128503330078125 0.8779403916015625 0.8116657734375 0.882289912109375 0.796370880859375 0.8848334892578125 0.7564453896484375 0.8840056435546875 0.740649166015625 0.87765954296875 0.7375047626953125 0.8569500791015625 0.7354994443359375 0.8440874287109374 0.7357872158203125 0.8400384169921875 0.7371584111328126 0.8386184697265625 0.7395508193359375 0.838241919921875 0.79133903125 0.8402183095703125 0.8093930537109375 0.8423740595703125 0.8112117353515625
1 0.921434302734375 0.8159539970703125 0.9254429326171875 0.8138122548828125 0.9282424443359375 0.8082568916015626 0.93452088671875 0.75113705859375 0.9329079404296875 0.7400179638671875 0.9147265869140625 0.7371074892578126 0.892103669921875 0.7379067744140625 0.887087833984375 0.740487634765625 0.884429662109375 0.7487399140625 0.882390869140625 0.7982972490234375 0.879894228515625 0.8096317177734375 0.8851927421875 0.812444689453125 0.921434302734375 0.8159539970703125
1 0.9346622255859375 0.7538339755859375 0.93084895703125 0.789190025390625 0.930871509765625 0.809278103515625 0.9325943271484375 0.8126648017578125 0.972925283203125 0.8155734609375 0.97642021484375 0.8134586396484375 0.980507248046875 0.7931551875 0.9807269912109375 0.7776903935546875 0.9885803583984375 0.7506219140625 0.982687380859375 0.7462947685546875 0.9818708125 0.740542583984375 0.976511724609375 0.736573791015625 0.9692593740234375 0.735794875 0.95970101953125 0.7401591259765625 0.945216509765625 0.738986568359375 0.940593224609375 0.7392288642578125 0.9386191962890625 0.7408776455078125 0.9346622255859375 0.7538339755859375
1 1 0.749065 0.9931834521484375 0.74999434375 0.9838382880859375 0.7682553720703125 0.9817745791015625 0.77802182421875 0.9809514580078125 0.801631208984375 0.97849519921875 0.8137362265625 1 0.8174045322265625 1 0.749065
0 0.927734375 0.255859375 0.94140625 0.2568359375 0.9404296875 0.271484375 0.9326171875 0.2744140625 0.9140625 0.275390625 0.8984375 0.2734375 0.900390625 0.2587890625 0.904296875 0.2568359375 0.9267578125 0.255859375
0 0.0107421875 0.4267578125 0.001953125 0.423828125 0.001953125 0.4130859375 0.00390625 0.4111328125 0.0224609375 0.41015625 0.03125 0.412109375 0.0322265625 0.421875 0.0302734375 0.4248046875 0.0224609375 0.4267578125 0.01171875 0.42578125
0 0.4931640625 0.279296875 0.4970703125 0.2861328125 0.49609375 0.2939453125 0.494140625 0.2958984375 0.48046875 0.2978515625 0.4638671875 0.2978515625 0.4619140625 0.2958984375 0.4609375 0.283203125 0.466796875 0.2802734375 0.4921875 0.279296875
0 0.923828125 0.115234375 0.9521484375 0.11328125 0.9541015625 0.1162109375 0.953125 0.130859375 0.947265625 0.1328125 0.91015625 0.134765625 0.9091796875 0.1201171875 0.912109375 0.1162109375 0.9228515625 0.115234375
0 0.037109375 0.5107421875 0.0390625 0.51171875 0.0400390625 0.521484375 0.0244140625 0.5244140625 0.01171875 0.5234375 0.0087890625 0.5205078125 0.0087890625 0.51171875 0.01171875 0.509765625 0.0361328125 0.5107421875
0 0.2119140625 0.51171875 0.212890625 0.51953125 0.2080078125 0.5244140625 0.1826171875 0.5234375 0.1806640625 0.51171875 0.1923828125 0.509765625 0.2109375 0.51171875
0 0.0537109375 0.6845703125 0.0703125 0.685546875 0.0732421875 0.6884765625 0.0712890625 0.697265625 0.06640625 0.69921875 0.0458984375 0.69921875 0.0439453125 0.697265625 0.0439453125 0.6875 0.0478515625 0.6845703125 0.052734375 0.6845703125
0 0.4443359375 0.5078125 0.470703125 0.509765625 0.47265625 0.521484375 0.46875 0.5234375 0.4404296875 0.521484375 0.4384765625 0.509765625 0.443359375 0.5078125
0 0.87109375 0.619140625 0.8935546875 0.62109375 0.8935546875 0.6337890625 0.8857421875 0.6357421875 0.8671875 0.6357421875 0.8564453125 0.6328125 0.8564453125 0.6220703125 0.8583984375 0.6201171875 0.8701171875 0.619140625
0 0.17919921875 0.41357421875 0.033203125 0.017578125
0 0.236328125 0.6884765625 0.2392578125 0.6904296875 0.23828125 0.703125 0.234375 0.705078125 0.2109375 0.7041015625 0.208984375 0.7021484375 0.208984375 0.6962890625 0.2109375 0.6904296875 0.2353515625 0.6884765625
0 0.5185546875 0.3984375 0.51953125 0.412109375 0.517578125 0.4140625 0.5068359375 0.4150390625 0.486328125 0.4140625 0.4853515625 0.400390625 0.4892578125 0.3984375 0.517578125 0.3984375
0 0.4765625 0.1494140625 0.4794921875 0.1552734375 0.4794921875 0.166015625 0.462890625 0.1689453125 0.4423828125 0.1689453125 0.44140625 0.154296875 0.4453125 0.1513671875 0.4755859375 0.1494140625
0 0.19921875 0.6064453125 0.2060546875 0.6083984375 0.2216796875 0.607421875 0.2236328125 0.6181640625 0.2138671875 0.62109375 0.1943359375 0.619140625 0.193359375 0.609375 0.1982421875 0.6064453125
0 0.888671875 0.8154296875 0.890625 0.8173828125 0.890625 0.826171875 0.8876953125 0.8291015625 0.8740234375 0.8271484375 0.8623046875 0.828125 0.8544921875 0.82421875 0.8544921875 0.8173828125 0.8583984375 0.814453125 0.8876953125 0.8154296875
0 0.669921875 0.1328125 0.6923828125 0.1337890625 0.69140625 0.1494140625 0.6865234375 0.1513671875 0.654296875 0.15234375 0.65234375 0.150390625 0.6533203125 0.1357421875 0.6689453125 0.1337890625
0 0.69140625 0.39453125 0.6923828125 0.4052734375 0.6904296875 0.4091796875 0.6748046875 0.41015625 0.65625 0.41015625 0.654296875 0.40625 0.6552734375 0.396484375 0.658203125 0.39453125 0.6904296875 0.39453125
0 0.8740234375 0.71484375 0.900390625 0.716796875 0.9013671875 0.7275390625 0.888671875 0.7314453125 0.865234375 0.7294921875 0.86328125 0.7236328125 0.8642578125 0.7177734375 0.873046875 0.71484375
0 0.15234375 0.2958984375 0.1826171875 0.2939453125 0.1845703125 0.2958984375 0.185546875 0.3056640625 0.1826171875 0.30859375 0.15625 0.3095703125 0.1533203125 0.3076171875 0.15234375 0.296875
0 0.041015625 0.603515625 0.0517578125 0.6044921875 0.0537109375 0.6142578125 0.052734375 0.6162109375 0.0458984375 0.6171875 0.02734375 0.6171875 0.025390625 0.615234375 0.025390625 0.6064453125 0.02734375 0.603515625 0.0400390625 0.603515625
0 0.056640625 0.7705078125 0.0751953125 0.7724609375 0.076171875 0.783203125 0.068359375 0.7841796875 0.0498046875 0.7822265625 0.0478515625 0.7783203125 0.048828125 0.7734375 0.05078125 0.7705078125 0.0556640625 0.7705078125
0 0.912109375 0.38671875 0.931640625 0.3876953125 0.9306640625 0.40234375 0.8984375 0.4052734375 0.8916015625 0.404296875 0.888671875 0.4013671875 0.890625 0.390625 0.8984375 0.38671875 0.9111328125 0.38671875
0 0.6943359375 0.615234375 0.697265625 0.6171875 0.6962890625 0.62890625 0.6806640625 0.630859375 0.6650390625 0.6298828125 0.6630859375 0.6279296875 0.662109375 0.6171875 0.6640625 0.615234375 0.693359375 0.615234375
0 0.1494140625 0.18310546875 0.03515625 0.0185546875
0 0.4462890625 0.6962890625 0.46875 0.69921875 0.470703125 0.701171875 0.470703125 0.7099609375 0.46875 0.7119140625 0.44140625 0.7099609375 0.439453125 0.701171875 0.44140625 0.697265625 0.4453125 0.697265625
0 0.4677734375 0.609375 0.48046875 0.609375 0.4833984375 0.611328125 0.484375 0.6220703125 0.474609375 0.625 0.4560546875 0.625 0.451171875 0.62109375 0.453125 0.6103515625 0.466796875 0.609375
0 0 0.3046875 0.00390625 0.3056640625 0.005859375 0.3173828125 0 0.3203125 0 0.3056640625
0 0.67529296875 0.2783203125 0.041015625 0.01953125
0 0.734375 0.708984375 0.7490234375 0.7099609375 0.751953125 0.71484375 0.7509765625 0.71875 0.736328125 0.7197265625 0.7216796875 0.7177734375 0.71875 0.720703125 0.716796875 0.7177734375 0.7177734375 0.7099609375 0.7333984375 0.708984375
0 0.66015625 0.509765625 0.69140625 0.5087890625 0.6953125 0.5107421875 0.6953125 0.521484375 0.693359375 0.5234375 0.6611328125 0.5224609375 0.6591796875 0.5205078125 0.66015625 0.5107421875
0 0.2265625 0.7783203125 0.234375 0.78125 0.2353515625 0.7880859375 0.2333984375 0.7919921875 0.2099609375 0.7919921875 0.2060546875 0.7900390625 0.205078125 0.7861328125 0.2080078125 0.779296875 0.2255859375 0.7783203125
0 0.9072265625 0.5087890625 0.908203125 0.5224609375 0.9013671875 0.5244140625 0.8701171875 0.5224609375 0.8681640625 0.513671875 0.87109375 0.5087890625 0.90625 0.5087890625