1 0 0.40101749609375 0.0042219521484375 0.400854560546875 0.006247640625 0.400326166015625 0.006897169921875 0.3948663232421875 0.0021031591796875 0.341057314453125 0.0044572490234375 0.323102451171875 0.0006229873046875 0.3198898671875 0 0.31963098828125 0 0.40101749609375
1 0.0124323564453125 0.40028043359375 0.0319589775390625 0.399301744140625 0.0359834423828125 0.3978600927734375 0.0366598837890625 0.392785111328125 0.0314567353515625 0.355247984375 0.0310603232421875 0.3200819482421875 0.0223924130859375 0.3141134111328125 0.015181396484375 0.3142309091796875 0.01029210546875 0.3180535029296875 0.0071575615234375 0.3248473486328125 0.00375389453125 0.327792568359375 0.0023759169921875 0.3302093935546875 0.0075717939453125 0.397139615234375 0.0124323564453125 0.40028043359375
1 0.044787732421875 0.398404669921875 0.066366955078125 0.397282447265625 0.0688519697265625 0.3959484453125 0.0624970498046875 0.3198174013671875 0.06020223828125 0.3164971689453125 0.0522089501953125 0.312801923828125 0.04491719921875 0.3117648359375 0.0385153671875 0.3160799404296875 0.031652392578125 0.328548927734375 0.033346044921875 0.3601435498046875 0.0389816064453125 0.3964902060546875 0.0401155556640625 0.397957890625 0.044787732421875 0.398404669921875
1 0.074787560546875 0.31122307421875 0.072544755859375 0.3160208408203125 0.06433253515625 0.3239432421875 0.0688519697265625 0.3959484453125 0.097669119140625 0.3950935869140625 0.0996409833984375 0.3937954677734375 0.094123978515625 0.314898619140625 0.08545606640625 0.30893008203125 0.0787582021484375 0.309011697265625 0.074787560546875 0.31122307421875
1 0.1084670908203125 0.306160759765625 0.09817535546875 0.313841830078125 0.0951484609375 0.3221751279296875 0.1001272216796875 0.39337472265625 0.103826921875 0.3946629912109375 0.128971283203125 0.3929047265625 0.131969447265625 0.3915348408203125 0.1249129921875 0.3127456416015625 0.1151649560546875 0.30607914453125 0.1084670908203125 0.306160759765625
1 0.1530286064453125 0.3092326279296875 0.14284815625 0.3037566015625 0.1378243017578125 0.3056548818359375 0.13007140625 0.3127716748046875 0.1269906865234375 0.32033524609375 0.133968224609375 0.390621583984375 0.13507526171875 0.39170440625 0.16078659765625 0.390679982421875 0.163271611328125 0.38934598046875 0.1552965048828125 0.312167998046875 0.1530286064453125 0.3092326279296875
1 0.1983022060546875 0.381481978515625 0.1892182451171875 0.310569447265625 0.18249528515625 0.302917927734375 0.177715458984375 0.3009316982421875 0.1715576572265625 0.3013622939453125 0.1604010947265625 0.3114243056640625 0.1576720517578125 0.316642818359375 0.16378476171875 0.38931009765625 0.1685107626953125 0.3905266015625 0.1971933515625 0.3877474306640625 0.1986789775390625 0.3868700556640625 0.1983022060546875 0.381481978515625
1 0.23103435546875 0.38499429296875 0.2310361728515625 0.3776460185546875 0.2257577421875 0.316909482421875 0.22770451171875 0.3078782255859375 0.2163093759765625 0.2997799267578125 0.2089907109375 0.298357974609375 0.20442618359375 0.299450646484375 0.19478216015625 0.3090201474609375 0.193052505859375 0.31378203125 0.2002184287109375 0.3867624072265625 0.204431279296875 0.3880147939453125 0.2280361904296875 0.386364177734375 0.23103435546875 0.38499429296875
1 0.26143423046875 0.3182821845703125 0.25003909375 0.3101838857421875 0.243827466796875 0.309844755859375 0.2408023896484375 0.310829779296875 0.23710087109375 0.316889783203125 0.2279718154296875 0.3190751259765625 0.2265938388671875 0.321491951171875 0.2323585068359375 0.3818077421875 0.2377591318359375 0.3852975390625 0.264740796875 0.380316841796875 0.2672258115234375 0.378982837890625 0.26143423046875 0.3182821845703125
1 0.275922453125 0.3779879658203125 0.2790820908203125 0.378927255859375 0.28461727734375 0.3843413662109375 0.29493410546875 0.384393431640625 0.3013090244140625 0.3796934638671875 0.30117628125 0.370420876953125 0.29799700390625 0.33970362890625 0.292817130859375 0.3172479130859375 0.289576755859375 0.3151540341796875 0.2654586943359375 0.316840533203125 0.26305441796875 0.3193291240234375 0.268738349609375 0.3784903271484375 0.270358537109375 0.379537265625 0.275922453125 0.3779879658203125
1 0.3286030859375 0.3128117919921875 0.325389623046875 0.311102775390625 0.2926556572265625 0.314938736328125 0.298964025390625 0.3609069599609375 0.2973114716796875 0.381519978515625 0.336257064453125 0.3780231484375 0.3286030859375 0.3128117919921875
1 0.366952974609375 0.3155445302734375 0.364956015625 0.309109513671875 0.3612563154296875 0.307821244140625 0.333573115234375 0.3101437861328125 0.3305749501953125 0.311513671875 0.336176328125 0.376868560546875 0.3399298525390625 0.3789265556640625 0.3503005068359375 0.37974834765625 0.3634002021484375 0.3753516259765625 0.3706112177734375 0.3752341279296875 0.366952974609375 0.3155445302734375
1 0.368709541015625 0.3111675087890625 0.37247543359375 0.372396556640625 0.3783892080078125 0.375850470703125 0.3989959541015625 0.375569740234375 0.406450998046875 0.371567732421875 0.4029291328125 0.3064541748046875 0.400795794921875 0.305443119140625 0.3720862939453125 0.3078374267578125 0.368709541015625 0.3111675087890625
1 0.40803372265625 0.305710482421875 0.4061695068359375 0.308548052734375 0.406221513671875 0.3166660517578125 0.4090705732421875 0.37215804296875 0.4180094248046875 0.37462693359375 0.44112809765625 0.3733970634765625 0.443537830078125 0.3488636513671875 0.4399835986328125 0.305410052734375 0.4367701357421875 0.3037010361328125 0.40803372265625 0.305710482421875
1 0.4722044140625 0.3016099755859375 0.4429548505859375 0.3036553037109375 0.442568990234375 0.335008595703125 0.444214271484375 0.343788669921875 0.4439647890625 0.3697180009765625 0.4637605322265625 0.3725879384765625 0.474807626953125 0.36833475 0.478266935546875 0.3588109814453125 0.47598121484375 0.3187493798828125 0.4722044140625 0.3016099755859375
1 0.4998337890625 0.2985177080078125 0.4803879052734375 0.3006509853515625 0.476982421875 0.310944478515625 0.4783458544921875 0.3673138427734375 0.4889048935546875 0.3708296728515625 0.510484115234375 0.3697074521484375 0.5134015439453125 0.367182978515625 0.5137317626953125 0.3424082353515625 0.51017753125 0.2989546357421875 0.4998337890625 0.2985177080078125
1 0.5120901171875 0.3189316123046875 0.5128687529296875 0.3374409033203125 0.5159171064453125 0.3515372900390625 0.5134302734375 0.3602195673828125 0.5145085810546876 0.36826580078125 0.5203416181640625 0.3705651259765625 0.5269856591796875 0.36971378515625 0.53449452734375 0.366481501953125 0.5458645693359375 0.3668466650390625 0.5487819970703125 0.36432219140625 0.5499177646484374 0.3584416025390625 0.5491733125 0.310924078125 0.546503548828125 0.2948674951171875 0.5345934443359375 0.2941533525390625 0.5202790625 0.29592780078125 0.51322951953125 0.2983544755859375 0.5120901171875 0.3189316123046875
1 0.585944111328125 0.36481751953125 0.5887538896484374 0.3607535947265625 0.5855837021484375 0.293294978515625 0.582856478515625 0.291165216796875 0.577158001953125 0.2907902041015625 0.550095599609375 0.294616314453125 0.5486637978515625 0.2962634140625 0.5519416357421875 0.3652614814453125 0.561960611328125 0.36842833203125 0.569657865234375 0.3678900869140625 0.5746278935546875 0.36522208203125 0.585944111328125 0.36481751953125
1 0.60422040234375 0.28696409375 0.5905806435546875 0.2910118349609375 0.587932337890625 0.297384935546875 0.590941052734375 0.3625343759765625 0.5962071162109375 0.3640998603515625 0.6075502451171875 0.36408016015625 0.6269423046875 0.3611771572265625 0.6260956591796875 0.290075361328125 0.6192363212890625 0.28784780078125 0.60422040234375 0.28696409375
1 0.66319122265625 0.341238880859375 0.6661410166015626 0.3170544482421875 0.6640687763671875 0.2874200224609375 0.6602614267578125 0.2845923017578125 0.633145201171875 0.2876486875 0.62768893359375 0.2907374384765625 0.6267415517578125 0.29931206640625 0.62948114453125 0.3606128798828125 0.63110133203125 0.3616598193359375 0.6639429462890625 0.3593633095703125 0.6657551552734375 0.3484077392578125 0.66319122265625 0.341238880859375
1 0.7018084150390625 0.3551685205078125 0.7041337744140626 0.34417706640625 0.7045734599609375 0.3135935009765625 0.7027434287109375 0.2874228388671875 0.6999354677734375 0.284138490234375 0.6880522763671875 0.2838092109375 0.6675800908203126 0.28601425390625 0.665635138671875 0.287697236328125 0.6661355625 0.33909926953125 0.6668065498046875 0.3560691103515625 0.67177476171875 0.3607493779296875 0.6800120771484375 0.3605601142578125 0.7018084150390625 0.3551685205078125
1 0.7234414609375 0.3548160234375 0.7315729462890626 0.3457390341796875 0.73813625 0.34373310546875 0.743136828125 0.3267534150390625 0.7426058564453125 0.28966306640625 0.7405281611328125 0.2820734609375 0.7311030703125 0.28002531640625 0.708605197265625 0.28275875390625 0.704148318359375 0.285390876953125 0.704266517578125 0.353449654296875 0.70704756640625 0.3563491416015625 0.7143662294921875 0.3577710927734375 0.7234414609375 0.3548160234375
1 0.750602779296875 0.278661763671875 0.74355323828125 0.2810884384765625 0.7426345859375 0.2826996552734375 0.743402314453125 0.3452985888671875 0.7631711455078125 0.3477836630859375 0.7795381279296875 0.34586568359375 0.7823013544921875 0.3116389375 0.7780150400390625 0.2798388681640625 0.7731813896484375 0.2770829130859375 0.750602779296875 0.278661763671875
1 0.82131859375 0.346038064453125 0.8238879814453125 0.3311621025390625 0.8209760078125 0.311641755859375 0.8217655517578125 0.2860614033203125 0.8195802080078125 0.2769323486328125 0.8131263720703125 0.273129455078125 0.791708623046875 0.2765608525390625 0.7831734541015625 0.2798649013671875 0.78259375390625 0.3305689755859375 0.784183392578125 0.3459275986328125 0.7885577158203125 0.3494891630859375 0.814322876953125 0.34923446484375 0.82131859375 0.346038064453125
1 0.857989375 0.2583899912109375 0.8532633740234375 0.257173486328125 0.8341960791015625 0.257346568359375 0.82169026953125 0.2628619951171875 0.8220041259765625 0.3042217158203125 0.8227271201171875 0.3293095546875 0.8254776201171875 0.3465207265625 0.85280914453125 0.3465432421875 0.8629645 0.3442861337890625 0.8610126337890625 0.2647532412109375 0.857989375 0.2583899912109375
1 0 0.4963332705078125 0.0113824208984375 0.4958797587890625 0.0163255380859375 0.4928268896484375 0.016704126953125 0.490866693359375 0.010751072265625 0.4278568642578125 0.0078623740234375 0.4234179267578125 0 0.42143341015625 0 0.4963332705078125
1 0.0483023251953125 0.492911322265625 0.050760427734375 0.49119245703125 0.0440251005859375 0.4243698837890625 0.040623251953125 0.4199668291015625 0.0276330234375 0.4185547265625 0.01585748046875 0.4197648974609375 0.0095632978515625 0.425619453125 0.0157101923828125 0.4692785009765625 0.0168925126953125 0.493560732421875 0.020619125 0.495233865234375 0.03401485546875 0.4950706328125 0.0483023251953125 0.492911322265625
1 0.081630177734375 0.4901940673828125 0.0819836728515625 0.480500734375 0.076192091796875 0.4198000810546875 0.0745449921875 0.418368279296875 0.0605015498046875 0.416643080078125 0.0502385458984375 0.4173607392578125 0.0469425283203125 0.4218454091796875 0.045968234375 0.4300351748046875 0.0522998779296875 0.4910848076171875 0.0612118173828125 0.4931688359375 0.0797121376953125 0.492261912109375 0.081630177734375 0.4901940673828125
1 0.105909712890625 0.490816744140625 0.108854052734375 0.4886771328125 0.1101243818359375 0.484720857421875 0.109591591796875 0.454978783203125 0.1067872666015625 0.43699788671875 0.10873221875 0.4353149033203125 0.1101658369140625 0.4263195302734375 0.1065486923828125 0.41883757421875 0.09750219140625 0.4148292333984375 0.0815945341796875 0.4159416044921875 0.077893015625 0.4220016083984375 0.082602654296875 0.489352576171875 0.0894889052734375 0.4919649990234375 0.105909712890625 0.490816744140625
1 0.1171346435546875 0.422738267578125 0.113623328125 0.4241440361328125 0.111272875 0.4274023525390625 0.111836212890625 0.4428327421875 0.110214208984375 0.4491340771484375 0.112067515625 0.4903861494140625 0.1229513193359375 0.4911720576171875 0.1490950693359375 0.4889571640625 0.146680240234375 0.424926427734375 0.1356887880859375 0.422601068359375 0.1171346435546875 0.422738267578125
1 0.1831677314453125 0.4231484638671875 0.1782802578125 0.419622783203125 0.1476258046875 0.42370007421875 0.145680853515625 0.425383056640625 0.1481532685546875 0.4386174423828125 0.1510669326171875 0.4876590439453125 0.1527409443359375 0.4894757080078125 0.187608248046875 0.4866508046875 0.1890669619140625 0.485388568359375 0.1831677314453125 0.4231484638671875
1 0.210689458984375 0.418516744140625 0.1941610029296875 0.418125548828125 0.1846264453125 0.4218862255859375 0.1905795 0.4848960556640625 0.1943599375 0.4873389140625 0.2292003291015625 0.484129146484375 0.23065904296875 0.48286691015625 0.225705376953125 0.4194004521484375 0.221384876953125 0.4166086142578125 0.210689458984375 0.418516744140625
1 0.274736138671875 0.4790112509765625 0.27209146875 0.4706878037109375 0.2690036923828125 0.441279087890625 0.270349447265625 0.416278634765625 0.267676046875 0.4149185986328125 0.2339445107421875 0.4118629140625 0.2273524765625 0.42083225390625 0.232684732421875 0.4823385166015625 0.23541195703125 0.48446827734375 0.2390309208984375 0.484601958984375 0.270846234375 0.4823772158203125 0.274736138671875 0.4790112509765625
1 0.3088357138671875 0.4135874130859375 0.304002064453125 0.4108314580078125 0.2797494423828125 0.41059364453125 0.2746986767578125 0.4121070615234375 0.2695115322265625 0.419044439453125 0.269506078125 0.4410892607421875 0.2737367509765625 0.4794678798828125 0.2785703994140625 0.482223833984375 0.3109526884765625 0.4807329326171875 0.3148156806640625 0.4769821044921875 0.3088357138671875 0.4135874130859375
1 0.3209360224609375 0.4096473203125 0.3138864794921875 0.4120739951171875 0.3110228759765625 0.4153681943359375 0.31042353515625 0.436294310546875 0.31489641796875 0.4781366923828125 0.3186499423828125 0.4801946884765625 0.3570823857421875 0.476733740234375 0.35250730859375 0.4113070869140625 0.34926693359375 0.4092132080078125 0.3209360224609375 0.4096473203125
1 0.3544253486328125 0.4092392412109375 0.359459751953125 0.473860287109375 0.3669129765625 0.4772065537109375 0.3987821162109375 0.4757515341796875 0.40105183203125 0.471338630859375 0.3976107041015625 0.4073796611328125 0.3948296552734375 0.404480173828125 0.3614479775390625 0.4064277041015625 0.3544253486328125 0.4092392412109375
1 0.4376902470703125 0.405350515625 0.4355299970703125 0.4039545966796875 0.39955565625 0.405696677734375 0.3976107041015625 0.4073796611328125 0.4007379755859375 0.4299789091796875 0.402266517578125 0.4739609033203125 0.4085857939453125 0.4758394833984375 0.44399316015625 0.4733635595703125 0.442952673828125 0.421612546875 0.4376902470703125 0.405350515625
1 0.486084205078125 0.4189832412109375 0.4807948662109375 0.4023363466796875 0.4775544912109375 0.4002424677734375 0.4702896513671875 0.3995902421875 0.46480647265625 0.4022941298828125 0.44479361328125 0.4036935654296875 0.4413092109375 0.405484197265625 0.4453711376953125 0.470946734375 0.4507179384765625 0.473666806640625 0.454229251953125 0.4722610380859375 0.4861253037109375 0.4711908818359375 0.486084205078125 0.4189832412109375
1 0.5287062236328125 0.4016932705078125 0.5243588115234376 0.3985165693359375 0.5087490068359375 0.3965141572265625 0.4923820234375 0.3984321376953125 0.4829282041015625 0.4033474033203125 0.4871894248046875 0.4274143369140625 0.488556494140625 0.4690871533203125 0.4912837177734375 0.471216916015625 0.50370697265625 0.47189517578125 0.5308770224609375 0.469608515625 0.5287062236328125 0.4016932705078125
1 0.5327037763671875 0.399866755859375 0.5302725859375 0.4019704833984375 0.5298634482421875 0.418242365234375 0.53230882421875 0.467961416015625 0.54114002734375 0.4688908564453125 0.57341466796875 0.46586050390625 0.5755229111328125 0.459138423828125 0.5733772060546874 0.398956314453125 0.5712169560546875 0.3975603955078125 0.5327037763671875 0.399866755859375
1 0.5845857744140625 0.3970123017578125 0.5753759814453125 0.39804305859375 0.5747766416015625 0.418969173828125 0.5764666572265625 0.4652603447265625 0.599206740234375 0.465990669921875 0.617113173828125 0.463965041015625 0.6191945048828125 0.45685809765625 0.616401087890625 0.39478755859375 0.59463348046875 0.3932157412109375 0.5845857744140625 0.3970123017578125
1 0.663955314453125 0.4185343623046875 0.6616390458984375 0.3927844453125 0.63854728515625 0.3943991787109375 0.6348744970703125 0.393495771484375 0.633119748046875 0.39052451953125 0.62661026953125 0.393300173828125 0.6194261650390624 0.3938025361328125 0.6181020126953125 0.3969890859375 0.619574912109375 0.4475496279296875 0.620057513671875 0.4618254296875 0.6217853505859375 0.4644118193359375 0.66335051953125 0.4615052998046875 0.663955314453125 0.4185343623046875
1 0.6868103193359375 0.3914110439453125 0.6672029609375 0.3912351455078125 0.663853119140625 0.3949500908203125 0.6663755966796875 0.46052027734375 0.6793927373046875 0.4623172421875 0.7101817509765626 0.4601642646484375 0.713208646484375 0.451830966796875 0.709902080078125 0.389796310546875 0.706229291015625 0.3888929033203125 0.6868103193359375 0.3914110439453125
1 0.711328427734375 0.4101940322265625 0.714286953125 0.4598772001953125 0.7282765703125 0.4608326728515625 0.755959771484375 0.4585101318359375 0.7583371357421875 0.4556366767578125 0.7585040634765625 0.4359010322265625 0.7560586875 0.3861819814453125 0.7129271572265625 0.3888112880859375 0.711328427734375 0.4101940322265625
1 0.769355501953125 0.4583468994140625 0.80470904296875 0.45510125 0.805902271484375 0.435293837890625 0.804294810546875 0.3828089833984375 0.7946795166015626 0.3854150732421875 0.78538898828125 0.3852912412109375 0.781391435546875 0.3871177548828125 0.7693736826171875 0.384864162109375 0.7601638896484375 0.38589491796875 0.7577865244140625 0.38876837109375 0.7576214150390626 0.4011557431640625 0.7599304111328125 0.45629875390625 0.7631707861328125 0.4583926318359375 0.769355501953125 0.4583468994140625
1 0.805177458984375 0.4175542724609375 0.8066270830078125 0.453033404296875 0.8083549189453125 0.455619794921875 0.8540252890625 0.4524262109375 0.8556796611328125 0.42446491796875 0.854527890625 0.385871001953125 0.85255784375 0.37982084765625 0.80634741015625 0.382665451171875 0.805177458984375 0.4175542724609375
1 0.9056814404296875 0.379973529296875 0.903899779296875 0.3766174150390625 0.8571761962890625 0.3794979013671875 0.855338892578125 0.382720333984375 0.856244818359375 0.4325470341796875 0.8569696298828124 0.450286599609375 0.8597506787109375 0.4531860859375 0.8982638583984375 0.4508797275390625 0.90480025 0.448488935546875 0.9069372236328125 0.4348034443359375 0.9056814404296875 0.379973529296875
1 0 0.5174603876953126 0.00501259765625 0.5891438740234375 0.02459304296875 0.5889349091796875 0.0279697978515625 0.5856048271484375 0.02799852734375 0.578641416015625 0.02136903125 0.5207065673828125 0.0188589228515625 0.51430743359375 0.01105401953125 0.5133062275390625 0 0.5144587880859375 0 0.5174603876953126
1 0.0548958193359375 0.587202677734375 0.0588664599609375 0.58499130078125 0.058168560546875 0.5676365966796875 0.0503225595703125 0.5144277490234375 0.0454619970703125 0.511286931640625 0.0290142783203125 0.51205032421875 0.0239635126953125 0.5135637412109375 0.0195873701171875 0.5173504521484374 0.0267605654296875 0.560937732421875 0.0280505341796875 0.5867594150390625 0.036935560546875 0.5884585810546875 0.0548958193359375 0.587202677734375
1 0.03453715625 0.6279025244140625 0.0340952333984375 0.6068341904296874 0.031908072265625 0.605053408203125 0.0267227451171875 0.604642513671875 0.011408974609375 0.60687358984375 0.006358208984375 0.6083870078125 0.0113638818359375 0.67997146484375 0.0381015185546875 0.6788752763671875 0.0415590087890625 0.6766997822265625 0.03453715625 0.6279025244140625
1 0.0615398603515625 0.5863513359375 0.069831 0.586931796875 0.084712357421875 0.58589119140625 0.08762978515625 0.5833667177734375 0.0880927470703125 0.5678645615234374 0.0831354443359375 0.519094650390625 0.0804369501953125 0.510001478515625 0.0747115615234375 0.5092416025390625 0.05323998828125 0.511903275390625 0.05418009765625 0.5327217431640625 0.0597080107421875 0.5675289482421875 0.0598927607421875 0.5849195341796875 0.0615398603515625 0.5863513359375
1 0.108606388671875 0.5072581904296874 0.0932387939453125 0.5087195419921875 0.0832449111328125 0.513285828125 0.0882003955078125 0.56940401171875 0.087656697265625 0.583751580078125 0.0929496728515625 0.5857019267578125 0.1124493818359375 0.5843383740234375 0.1168255244140625 0.5805516630859375 0.112440650390625 0.5104707744140625 0.108606388671875 0.5072581904296874
1 0.1160577958984375 0.5179527294921875 0.1137342548828125 0.521595908203125 0.113326935546875 0.5305195166015625 0.1179056494140625 0.581249623046875 0.1216860859375 0.58369248046875 0.128977837890625 0.5847295703125 0.15563473828125 0.58247879296875 0.1511942216796875 0.5189764521484375 0.1448749453125 0.51709787109375 0.1160577958984375 0.5179527294921875
1 0.18700708984375 0.5149251943359375 0.1546517119140625 0.5168009580078124 0.1535661337890625 0.5381478193359375 0.1565803017578125 0.581252439453125 0.15928061328125 0.582997337890625 0.1936347666015625 0.5802083173828125 0.19557971875 0.5785253349609375 0.1957160986328125 0.573101375 0.191219939453125 0.51617758203125 0.18700708984375 0.5149251943359375
1 0.221452529296875 0.579810087890625 0.2331742470703125 0.57783019140625 0.2351730234375 0.5769169345703125 0.2359571142578125 0.573381404296875 0.2329051962890625 0.5518597705078125 0.2314878681640625 0.516842474609375 0.224142291015625 0.51503566015625 0.1957844677734375 0.5150849091796875 0.1936223994140625 0.521037263671875 0.19668857421875 0.5722598828125 0.1986586201171875 0.578310037109375 0.2008457822265625 0.5800908173828125 0.221452529296875 0.579810087890625
1 0.2810048681640625 0.57603252734375 0.2760744775390625 0.5276474794921875 0.2776175634765625 0.512843283203125 0.269218775390625 0.5107233720703125 0.238942912109375 0.5128404658203125 0.23510683203125 0.51697615625 0.2347264248046875 0.526284626953125 0.2350170048828125 0.5525629375 0.239952849609375 0.5789031640625 0.2739553251953125 0.5784592021484375 0.2795192421875 0.5769099013671874 0.2810048681640625 0.57603252734375
1 0.280669552734375 0.5122431220703125 0.2786976884765625 0.5135412421875 0.277909962890625 0.5317733203125 0.28257123046875 0.5763097412109375 0.3196256962890625 0.575265619140625 0.3220837978515625 0.5735467529296875 0.32232964453125 0.5623139697265624 0.318588845703125 0.50881805859375 0.288718484375 0.5093598193359375 0.280669552734375 0.5122431220703125
1 0.350009208984375 0.574687974609375 0.359138263671875 0.572502630859375 0.3638373525390625 0.573334271484375 0.360828638671875 0.5081848310546875 0.3519436103515625 0.506485666015625 0.3350634775390625 0.5084395283203125 0.33190383984375 0.50750023828125 0.322315458984375 0.5104911904296875 0.3217161171875 0.5314173076171875 0.3247051923828125 0.5667887900390625 0.3270269150390625 0.570493884765625 0.3355333525390625 0.5741532470703125 0.350009208984375 0.574687974609375
1 0.3618280263671875 0.5077282021484375 0.365755392578125 0.571266427734375 0.3742887421875 0.5753106513671875 0.4055639951171875 0.5727369287109375 0.4074820341796875 0.5706690830078125 0.4061957021484375 0.530150853515625 0.4027723955078125 0.503318115234375 0.36933689453125 0.504495919921875 0.3618280263671875 0.5077282021484375
1 0.4526392548828125 0.5675113828125 0.4497076416015625 0.518213078125 0.4461461376953125 0.5041525732421875 0.4428788505859375 0.5016738330078125 0.4217589541015625 0.5019904453125 0.409497173828125 0.5036213623046875 0.405094119140625 0.5070232109375 0.4085352470703125 0.5709821806640625 0.414827611328125 0.5724758974609375 0.426683890625 0.5724203154296875 0.4497487392578125 0.5704207197265625 0.4526392548828125 0.5675113828125
1 0.4887106953125 0.5007894248046875 0.4676177109375 0.5014909013671875 0.456166931640625 0.499971150390625 0.4516293173828125 0.5014486845703126 0.4492788642578125 0.5047070009765625 0.451612955078125 0.5675831484375 0.4575805537109375 0.5718067880859375 0.493041744140625 0.5701005888671875 0.4954729345703125 0.5679968603515625 0.4929773701171875 0.502811537109375 0.4887106953125 0.5007894248046875
1 0.53286852734375 0.498088353515625 0.519472796875 0.4982515849609375 0.4964617724609375 0.5010209052734375 0.4941113193359375 0.5042792216796875 0.493892384765625 0.5158968681640625 0.495986083984375 0.5679609775390625 0.499199546875 0.569669994140625 0.5382527890625 0.5677126142578125 0.5401439169921874 0.56525990625 0.5355419267578125 0.4994483896484375 0.53286852734375 0.498088353515625
1 0.53723921484375 0.5163464638671875 0.5407916279296875 0.5671483369140625 0.55013598046875 0.56804189453125 0.5818974716796875 0.5650474248046875 0.5842748369140625 0.5621739716796875 0.5812661220703125 0.49702453125 0.53953948046875 0.497621875 0.5375676162109375 0.4989199951171875 0.53723921484375 0.5163464638671875
1 0.5843450234375 0.4968092333984375 0.58264228125 0.50195598046875 0.583040509765625 0.5297737412109375 0.58500328515625 0.565216990234375 0.5948877001953125 0.56645952734375 0.626649189453125 0.56346505859375 0.625558515625 0.4962477724609375 0.6202924521484375 0.4946822890625 0.603952380859375 0.4969851318359375 0.5843450234375 0.4968092333984375
1 0.6265848154296875 0.496176005859375 0.6291611171875 0.5625159189453125 0.63137519140625 0.5646815625 0.6730210966796875 0.562929630859375 0.6743721611328125 0.560127943359375 0.6717420361328125 0.4930183056640625 0.6438166259765625 0.4918770849609375 0.629502244140625 0.493651533203125 0.6265848154296875 0.496176005859375
1 0.67476711328125 0.492033283203125 0.6729010791015625 0.5022191279296875 0.673408775390625 0.5242280654296875 0.6760461728515625 0.5619446083984375 0.7183128779296875 0.561696244140625 0.7212859482421875 0.5525932216796875 0.7169799931640625 0.4910151943359375 0.7029903759765626 0.490059720703125 0.6938613203125 0.492245064453125 0.67476711328125 0.492033283203125
1 0.73233304296875 0.548340033203125 0.7475660771484375 0.5449543671875 0.7593954453125 0.544513921875 0.7659318359375 0.5421231298828125 0.7643512880859376 0.4900231376953125 0.7565194736328125 0.488637068359375 0.7231377958984375 0.4905845986328125 0.7196803056640625 0.492760091796875 0.719244255859375 0.5086471103515625 0.72154257421875 0.53414032421875 0.7212572177734375 0.5595566328125 0.7290352080078125 0.5601729755859375 0.73233304296875 0.548340033203125
1 0.7665922744140625 0.49257364453125 0.767471287109375 0.5420154814453125 0.7691722109375 0.5442170087890625 0.780622990234375 0.545736759765625 0.78521079296875 0.559725498046875 0.787830369140625 0.56031580859375 0.804062791015625 0.5564735146484375 0.81081448046875 0.557161625 0.8127863447265625 0.55586350390625 0.814679291015625 0.5460625224609374 0.813315857421875 0.489693158203125 0.80645651953125 0.48746559765625 0.8008656904296875 0.48863003515625 0.7904681259765625 0.4874233818359375 0.7719678046875 0.4883303056640625 0.767916427734375 0.48938709375 0.7665922744140625 0.49257364453125
1 0.8641282802734375 0.5526600712890625 0.86200221484375 0.522255919921875 0.8631183427734375 0.4865973740234375 0.8320602060546874 0.4849017236328125 0.8167195234375 0.4867479384765625 0.814342158203125 0.4896213916015625 0.814469447265625 0.52093880078125 0.8148658583984375 0.5561048349609375 0.8186193828125 0.5581628310546874 0.8474096201171875 0.5569231103515625 0.862723390625 0.554692033203125 0.8641282802734375 0.5526600712890625
1 0.9172249638671875 0.552427890625 0.9144333662109375 0.483009078125 0.9067361123046875 0.483547322265625 0.901470048828125 0.481981837890625 0.8696278212890625 0.48382171875 0.8661703310546875 0.485997212890625 0.8648730908203125 0.489568625 0.864673796875 0.5309642294921875 0.8669362421875 0.5559444208984375 0.8732016923828125 0.5570532763671875 0.915793162109375 0.554074990234375 0.9172249638671875 0.552427890625
1 0.916876923828125 0.5400764013671875 0.9177650263671875 0.5527768701171875 0.9194390390625 0.5545935341796875 0.9415852353515625 0.5542051552734375 0.9631375439453125 0.5526980712890625 0.96562255859375 0.551364068359375 0.9672714765625 0.5454475966796875 0.9680933876953125 0.4982072861328125 0.9662615390625 0.4793848984375 0.9605092373046875 0.47824016015625 0.9498138193359374 0.480148291015625 0.925128783203125 0.481100947265625 0.918052330078125 0.4831427587890625 0.9161881142578125 0.4859803291015625 0.9160750107421874 0.5064857001953125 0.916876923828125 0.5400764013671875
1 0.068734513671875 0.65236830078125 0.0623454091796875 0.605245490234375 0.0586187958984375 0.603572357421875 0.04984141796875 0.603412642578125 0.0351484462890625 0.607147287109375 0.04204524609375 0.676279037109375 0.043692345703125 0.6777108388671875 0.053549849609375 0.678568513671875 0.068458119140625 0.67791276953125 0.0698630087890625 0.6758808076171875 0.068734513671875 0.65236830078125
1 0.0884622451171875 0.602645734375 0.0699619248046875 0.6035526572265625 0.063965595703125 0.6062924296875 0.0692207509765625 0.6519475556640625 0.06980918359375 0.67511108203125 0.0741296826171875 0.677902919921875 0.100354169921875 0.6768426142578124 0.102704623046875 0.673584298828125 0.0954023212890625 0.6060278818359375 0.0884622451171875 0.602645734375
1 0.13284592578125 0.6695428896484374 0.1292971484375 0.6040444697265624 0.124409673828125 0.6005187900390625 0.104883052734375 0.6014974794921875 0.0994267861328125 0.60458623046875 0.0976971318359375 0.6093481142578125 0.10381166015625 0.6746671201171875 0.112723599609375 0.6767511484375 0.12968446875 0.6759518740234375 0.1326018974609375 0.6734273994140625 0.13284592578125 0.6695428896484374
1 0.1728592763671875 0.607572966796875 0.1609222587890625 0.6064739609375 0.135318572265625 0.609037833984375 0.13083478125 0.6112850947265625 0.130185251953125 0.6167449375 0.1341682607421875 0.67370461328125 0.13792178515625 0.6757626083984375 0.1446734755859375 0.67645071875 0.1733829755859375 0.67405641015625 0.1772459677734375 0.67030558203125 0.1728592763671875 0.607572966796875
1 0.21589734375 0.6552269892578125 0.2176000859375 0.6500802421875 0.21469356640625 0.6085150732421875 0.2129119052734375 0.6051589580078125 0.209940654296875 0.6069137060546875 0.204620765625 0.6045784970703125 0.1970580732421875 0.6070410556640625 0.1780984267578125 0.6087535869140625 0.1751540869140625 0.6108931982421875 0.179540779296875 0.673625814453125 0.2141102294921875 0.6739156953125 0.2170007451171875 0.6710063583984375 0.21589734375 0.6552269892578125
1 0.255880146484375 0.60756875 0.2479406826171875 0.60464323046875 0.219717419921875 0.60661679296875 0.2157198671875 0.6084433076171875 0.2154220146484375 0.611558091796875 0.2196203203125 0.6715966689453124 0.221267419921875 0.673028470703125 0.23109801171875 0.6735012822265625 0.2571879365234375 0.6705166630859375 0.2594307412109375 0.665718896484375 0.255880146484375 0.60756875
1 0.301480330078125 0.6697399052734375 0.29849307421875 0.6270201484375 0.2990655029296875 0.605709169921875 0.2936917900390625 0.6026042353515625 0.2859407119140625 0.60237275390625 0.2691413154296875 0.605481205078125 0.2638483408203125 0.6035308583984375 0.2583382490234375 0.605849884765625 0.2571755693359375 0.611345611328125 0.26229252734375 0.669772970703125 0.26445277734375 0.6711688896484375 0.276849119140625 0.6714622880859376 0.301480330078125 0.6697399052734375
1 0.3212890625 0.63330078125 0.0009765625 0.0009765625
1 0.3442332724609375 0.6690707958984375 0.3480962646484375 0.6653199677734375 0.344748240234375 0.661686638671875 0.3426974580078125 0.654481896484375 0.340165890625 0.625653080078125 0.3416282412109375 0.609694294921875 0.344249634765625 0.6029363310546875 0.3297468671875 0.6020167412109375 0.306115044921875 0.6032824951171875 0.301145015625 0.6059505 0.2997921328125 0.6161004609375 0.30350601953125 0.6692115107421875 0.3252467138671875 0.67039846484375 0.3442332724609375 0.6690707958984375
1 0.3477071259765625 0.600760837890625 0.344682048828125 0.6017458603515625 0.341359119140625 0.60584566796875 0.34202465234375 0.644860330078125 0.346341515625 0.6623487158203125 0.3519305263671875 0.66853255078125 0.3822333017578125 0.6668003193359375 0.384097517578125 0.6639627490234375 0.3807909501953125 0.601928091796875 0.3477071259765625 0.600760837890625
1 0.4073671142578125 0.5985227275390625 0.405908400390625 0.59978496484375 0.3868680166015625 0.600342908203125 0.3835181748046875 0.604057853515625 0.382891921875 0.6245991064453125 0.385285291015625 0.6662001591796874 0.3900112919921875 0.6674166630859375 0.426066369140625 0.6668291689453125 0.4251048017578125 0.623581017578125 0.4219775302734375 0.6009817685546875 0.4073671142578125 0.5985227275390625
1 0.4709813798828125 0.6602077041015625 0.466377572265625 0.6017444609375 0.463677259765625 0.5999995625 0.43856162890625 0.594794416015625 0.4355903759765625 0.5965491640625 0.4283524482421875 0.59628180078125 0.42375919140625 0.6043378837890625 0.42701193359375 0.665602814453125 0.42917218359375 0.6669987333984375 0.4431079765625 0.6671844814453125 0.4682792490234375 0.6658110791015625 0.4709813798828125 0.6602077041015625
1 0.5073488544921875 0.597719236328125 0.5057286669921875 0.596672296875 0.4749934775390625 0.599595 0.4678901103515625 0.60125194921875 0.46753843359375 0.6035970087890625 0.47122358984375 0.6636714677734376 0.4781098408203125 0.666283890625 0.4920456337890625 0.666469638671875 0.512517818359375 0.664264595703125 0.511396595703125 0.611358994140625 0.5073488544921875 0.597719236328125
1 0.5400828203125 0.5938832763671875 0.517990447265625 0.5950413798828125 0.514830810546875 0.59410208984375 0.510967818359375 0.59785291796875 0.5121214072265625 0.629098560546875 0.5150297451171875 0.6633154560546874 0.5171630830078126 0.66432651171875 0.5547845234375 0.6640162314453125 0.555012546875 0.615657216796875 0.552640634765625 0.596485849609375 0.5400828203125 0.5938832763671875
1 0.5951782802734376 0.592737837890625 0.5884535029296875 0.592434591796875 0.5571782509765625 0.595008314453125 0.554827796875 0.5982666298828125 0.5549874521484375 0.6079240810546875 0.55783651171875 0.6634160712890625 0.56872031640625 0.6642019794921875 0.6005087177734375 0.6615923740234375 0.6024016640625 0.6517913916015625 0.6000119306640626 0.59549379296875 0.5951782802734376 0.592737837890625
1 0.6233746298828124 0.590379412109375 0.6168382392578124 0.5927702041015624 0.601929970703125 0.593425947265625 0.60049816796875 0.595073046875 0.6003312412109375 0.6148086923828125 0.6031013818359375 0.6617978212890625 0.645394998046875 0.6619343203125 0.647205388671875 0.6583270244140625 0.6437104365234375 0.5935983291015625 0.63998382421875 0.591925197265625 0.6233746298828124 0.590379412109375
1 0.68468171875 0.5895731044921875 0.6471410146484375 0.59103797265625 0.6448443857421875 0.595066013671875 0.648393162109375 0.6605644345703126 0.652119775390625 0.6622375673828125 0.69017362890625 0.66073681640625 0.69187637109375 0.6555900693359376 0.68982740625 0.6410370546875 0.6900285185546875 0.5922931767578125 0.68468171875 0.5895731044921875
1 0.7375198291015626 0.6520116240234375 0.735508685546875 0.593753828125 0.73056738671875 0.5894584228515625 0.6925942705078125 0.59211376171875 0.691243205078125 0.59491544921875 0.690880619140625 0.641350150390625 0.6926317314453125 0.659017951171875 0.6953589560546874 0.6611477119140625 0.706728998046875 0.6615128740234375 0.735438498046875 0.65911856640625 0.7375198291015626 0.6520116240234375
1 0.758465884765625 0.59021478125 0.7445839169921875 0.5907987587890625 0.7359680107421875 0.5929482197265625 0.7385173994140625 0.6589032685546875 0.7422171005859375 0.6601915390625 0.7812703427734375 0.6582341591796875 0.7841070341796875 0.65455509765625 0.78342004296875 0.593110751953125 0.78071973046875 0.5913658525390625 0.758465884765625 0.59021478125
1 0.7906146953125 0.659127716796875 0.797852623046875 0.659395080078125 0.829154787109375 0.6572062197265625 0.8306135009765625 0.655943982421875 0.8278757275390625 0.5872948955078126 0.8246891767578125 0.5859707421875 0.8107533837890625 0.5857849931640625 0.7912805869140624 0.5875334091796875 0.7857704951171876 0.589852435546875 0.782906892578125 0.593146634765625 0.7831436484375 0.6186552197265625 0.784971861328125 0.6521741552734375 0.7868880830078125 0.6574545830078125 0.7906146953125 0.659127716796875
1 0.87852667578125 0.6479526328125 0.87637915234375 0.5951187978515625 0.875733259765625 0.5858820927734375 0.87300603515625 0.58375233203125 0.8334396435546875 0.58574559375 0.829469001953125 0.5879569716796875 0.8297810400390625 0.636664966796875 0.8304789404296875 0.654019669921875 0.8328006630859375 0.6577247646484375 0.869935865234375 0.65783523046875 0.87652608203125 0.6562141640625 0.87852667578125 0.6479526328125
1 0.9218716875 0.655750501953125 0.9249524072265625 0.6481869306640625 0.921997517578125 0.58380721484375 0.9157051533203125 0.5823134970703125 0.87919075 0.583706599609375 0.876380970703125 0.5877705234375 0.8801181328125 0.6559629833984375 0.9218716875 0.655750501953125
1 0.973699861328125 0.6521263232421874 0.973947525390625 0.633545265625 0.9725015380859375 0.5833695859375 0.9698012255859375 0.5816246884765625 0.9440360654296875 0.581879384765625 0.9255626572265625 0.583171171875 0.92369844140625 0.5860087421875 0.9243028779296875 0.6536467734375 0.9265169521484375 0.65581241796875 0.9322154287109375 0.6561874306640625 0.9717818212890625 0.6541941689453125 0.973699861328125 0.6521263232421874
1 0.015992783203125 0.7461678447265625 0.0282814765625 0.744921791015625 0.03101051953125 0.739703279296875 0.028104 0.698138109375 0.0144391474609375 0.6944527138671875 0.0123865458984375 0.69459624609375 0.015992783203125 0.7461678447265625
1 0.0575634072265625 0.7212165029296875 0.0539498974609375 0.699038 0.0469829091796875 0.6952709892578125 0.0346134794921875 0.695362455078125 0.027590849609375 0.6981739931640625 0.0304740927734375 0.7246577509765625 0.0297132783203125 0.74327469140625 0.0345200166015625 0.745645783203125 0.0484827216796875 0.74621639453125 0.055937765625 0.7422143857421875 0.0575634072265625 0.7212165029296875
1 0.08174074609375 0.698254908203125 0.07634012109375 0.694765111328125 0.065510142578125 0.6947489287109375 0.05891992578125 0.6963699951171874 0.0557046455078125 0.7020092529296875 0.058124927734375 0.7439951669921875 0.063390990234375 0.7455606513671875 0.0824044609375 0.7446178447265625 0.0848087392578125 0.7421292529296875 0.085919412109375 0.7285155283203125 0.08174074609375 0.698254908203125
1 0.109531595703125 0.69747181640625 0.1015652197265625 0.6941614345703125 0.0933009912109375 0.6939658369140626 0.0867376875 0.695971765625 0.08346858203125 0.7008412978515625 0.0848625634765625 0.7428989794921875 0.0886430009765625 0.7453418369140625 0.109169009765625 0.7439065185546875 0.1120595263671875 0.740997181640625 0.1129818125 0.72468941796875 0.109531595703125 0.69747181640625
1 0.1395256103515625 0.74294401171875 0.1407959384765625 0.738987736328125 0.1389157197265625 0.6973508017578125 0.1350814580078125 0.69413821875 0.12884291796875 0.6934142255859375 0.118066763671875 0.694167767578125 0.11069245703125 0.6993243642578125 0.1133469462890625 0.7225367900390625 0.1127610615234375 0.743655337890625 0.116973912109375 0.744907724609375 0.13604120703125 0.7447346435546875 0.1395256103515625 0.74294401171875
1 0.156579943359375 0.691861408203125 0.148396451171875 0.6928203984375 0.13994201953125 0.69727903515625 0.1446302001953125 0.7422003193359376 0.156134802734375 0.7444897958984374 0.170529921875 0.743869935546875 0.172449779296875 0.73445381640625 0.169514529296875 0.6998520595703125 0.170731033203125 0.6951260576171875 0.156579943359375 0.691861408203125
1 0.1973304736328125 0.706802103515625 0.1986564443359375 0.696267279296875 0.1913108671875 0.6944604658203125 0.1853701806640625 0.6906216884765625 0.1807249169921875 0.6905597724609375 0.1732160478515625 0.6937920556640625 0.169946943359375 0.698661587890625 0.17390667578125 0.740539853515625 0.176687724609375 0.74343933984375 0.1988070087890625 0.74266609765625 0.201186193359375 0.7324443701171875 0.1973304736328125 0.706802103515625
1 0.2350021015625 0.7219580966796875 0.2328687646484375 0.7209470400390625 0.2297916806640625 0.713814064453125 0.227392857421875 0.694257833984375 0.2147812177734375 0.69088553515625 0.201493134765625 0.6925882177734375 0.1975224951171875 0.6947995947265625 0.201184375 0.73979264453125 0.2049648115234375 0.742235501953125 0.222573392578125 0.743324658203125 0.236484091796875 0.73577726953125 0.2350021015625 0.7219580966796875
1 0.2430044794921875 0.68891197265625 0.2363335263671875 0.689378451171875 0.229013044921875 0.6953047724609375 0.232621099609375 0.73952809765625 0.2426131640625 0.7423100849609375 0.2574945205078125 0.7412694794921875 0.2603581240234375 0.7379752802734375 0.2603599423828125 0.7306270068359375 0.25564303125 0.6926691337890625 0.2430044794921875 0.68891197265625
1 0.289609505859375 0.728581677734375 0.2858094287109375 0.6963608623046875 0.289213095703125 0.6934156435546875 0.28070665625 0.68975628125 0.2667977763671875 0.6899553955078125 0.2597213212890625 0.69199720703125 0.2580724033203125 0.6979136796875 0.2614113369140625 0.738288376953125 0.271430314453125 0.7414552275390625 0.2868248212890625 0.7403787392578125 0.289822986328125 0.7390088525390625 0.289609505859375 0.728581677734375
1 0.288132970703125 0.69271768359375 0.2861054638671875 0.7005943515625 0.288075509765625 0.7066445048828125 0.2870724853515625 0.721797681640625 0.2897960732421875 0.738623990234375 0.301867650390625 0.74164730859375 0.315101908203125 0.7391749013671876 0.318046248046875 0.7370352900390625 0.320940400390625 0.71942940625 0.3186204951171875 0.7083760380859375 0.3127336328125 0.705306986328125 0.3108712353515625 0.7007962822265625 0.312979478515625 0.694074203125 0.3155183173828125 0.6935099248046875 0.315329931640625 0.69081588671875 0.3120895576171875 0.6887220087890625 0.298559265625 0.6869609267578125 0.288132970703125 0.69271768359375
1 0.3506565615234375 0.6871853740234375 0.3233250380859375 0.687162857421875 0.3209207607421875 0.68965144921875 0.325203439453125 0.73614806640625 0.32733677734375 0.7371591220703125 0.3545875634765625 0.73602705078125 0.35755881640625 0.7342723017578126 0.3583698193359375 0.7311216357421875 0.3528437236328125 0.68896615625 0.3506565615234375 0.6871853740234375
1 0.366524580078125 0.7371260556640625 0.3721423203125 0.73634648046875 0.3820536484375 0.737973880859375 0.3860242890625 0.73576250390625 0.387213880859375 0.730651640625 0.38592573046875 0.6974816845703125 0.3836327373046875 0.6868131787109375 0.3793929736328125 0.6851759287109375 0.36564556640625 0.6876842197265625 0.3573813388671875 0.68748862109375 0.35535383203125 0.6953652890625 0.3564823271484375 0.718877794921875 0.3595845048828125 0.733743908203125 0.366524580078125 0.7371260556640625
1 0.4146101376953125 0.6873542392578125 0.4108566123046875 0.685296244140625 0.3958676064453125 0.6847973984375 0.3892504775390625 0.686033603515625 0.386521435546875 0.691252115234375 0.3870505888671875 0.7356907373046875 0.3919111513671875 0.7388315556640624 0.4164616259765625 0.7359545849609375 0.4182720166015625 0.7323472890625 0.4184102138671875 0.7195750556640625 0.4146101376953125 0.6873542392578125
1 0.445332599609375 0.7358694521484375 0.44760231640625 0.731456548828125 0.448036548828125 0.7229178037109375 0.4455067998046875 0.686740712890625 0.4406731494140625 0.6839847578125 0.431355708984375 0.6834760634765625 0.419607078125 0.6850710966796875 0.4176890380859375 0.6871389423828125 0.4169300419921875 0.6984076083984375 0.4203892216796875 0.7257533681640626 0.41900046484375 0.7353903076171875 0.4227270771484375 0.7370634404296875 0.445332599609375 0.7358694521484375
1 0.4791234150390625 0.7176500419921875 0.4762689013671875 0.6842028720703125 0.4617392216796875 0.6828984189453124 0.4550682685546875 0.6833648974609375 0.451583865234375 0.6851555283203125 0.4488009990234375 0.6896043154296875 0.4481227392578125 0.7020275703125 0.450708130859375 0.73162611328125 0.4617534072265625 0.7347211982421875 0.47612161328125 0.733716474609375 0.4789583046875 0.7300374130859375 0.4791234150390625 0.7176500419921875
1 0.510610328125 0.732851767578125 0.5110445595703125 0.7243130224609375 0.508299513671875 0.6850570302734375 0.5050053134765625 0.6821934267578125 0.498280537109375 0.6818901787109375 0.4859649306640625 0.6827513701171875 0.4795092763671875 0.68629675 0.4846047763671875 0.722294427734375 0.4811992919921875 0.7325879208984375 0.4896249921875 0.735092693359375 0.5081791376953125 0.73495549609375 0.510610328125 0.732851767578125
1 0.529204111328125 0.681661515625 0.517374744140625 0.6821019599609375 0.511053650390625 0.687571654296875 0.5136084931640625 0.7314818818359375 0.5174158427734376 0.7343096025390625 0.53907580078125 0.73434196875 0.5408861923828125 0.7307346728515625 0.541295330078125 0.714462791015625 0.5380891396484375 0.6833606806640625 0.529204111328125 0.681661515625
1 0.5699851904296875 0.6822905263671875 0.5642059765625 0.6807609248046875 0.548730732421875 0.680682826171875 0.5421405166015625 0.682303892578125 0.540950923828125 0.6874147548828125 0.5439956416015626 0.7162076904296875 0.5437479765625 0.7347887470703125 0.549014041015625 0.7363542314453125 0.5700532001953125 0.7348830302734375 0.5743486064453125 0.7299417314453125 0.5699851904296875 0.6822905263671875
1 0.6062195625 0.7211384384765624 0.6034457861328125 0.688845857421875 0.6017448623046875 0.686644330078125 0.6029882783203125 0.6823031923828125 0.591456763671875 0.6796288525390625 0.576602318359375 0.6810543212890625 0.5727124150390625 0.684420287109375 0.57753515625 0.731265884765625 0.5870140703125 0.7340837548828125 0.6019492509765625 0.733812875 0.6053529169921875 0.7308676552734376 0.6062195625 0.7211384384765624
1 0.6359375419921875 0.6815461337890625 0.6239197890625 0.6792925400390625 0.6029344541015625 0.681533466796875 0.6074055185546875 0.730724123046875 0.61434559375 0.734106271484375 0.6369511162109375 0.7329122841796875 0.6393823056640625 0.7308085556640626 0.6374715380859375 0.7034833056640625 0.6401485751953125 0.690146794921875 0.6359375419921875 0.6815461337890625
1 0.6365852529296875 0.6834345634765625 0.63795050390625 0.7324556552734375 0.643324216796875 0.73556058984375 0.6674422783203126 0.7338740908203125 0.670792119140625 0.7301591455078125 0.6689137177734376 0.6811739365234375 0.6506843369140625 0.6785812138671875 0.6409613955078125 0.679647853515625 0.6365852529296875 0.6834345634765625
1 0.699702732421875 0.679020958984375 0.6846868134765625 0.6781372529296875 0.67196570703125 0.68057377734375 0.6700745791015625 0.683026484375 0.6703131533203125 0.7011867958984375 0.6728985439453125 0.7307853388671876 0.6860502470703125 0.7345066171875 0.7019309921875 0.7330093828125 0.7041199716796875 0.727441890625 0.70156512890625 0.6835316630859375 0.699702732421875 0.679020958984375
1 0.723307642578125 0.6773703427734376 0.7074268974609375 0.678867578125 0.70445564453125 0.680622326171875 0.702672166015625 0.684614484375 0.7022379345703125 0.6931532294921875 0.704956068359375 0.7320243603515625 0.718000123046875 0.7342061875 0.735906556640625 0.7321805576171875 0.736967041015625 0.703100560546875 0.733759033203125 0.6793467236328125 0.723307642578125 0.6773703427734376
1 0.751611642578125 0.676551369140625 0.7398630107421875 0.67814640234375 0.7365669931640625 0.682631072265625 0.7394986083984375 0.731929376953125 0.7457909716796876 0.733423095703125 0.7720692822265625 0.733132515625 0.7733665234375 0.7295611015625 0.7699486708984375 0.68068354296875 0.7677345966796875 0.6785178984375 0.751611642578125 0.676551369140625
1 0.807182431640625 0.719074828125 0.80584045703125 0.685135146484375 0.8027902861328124 0.678387033203125 0.793824521484375 0.675533279296875 0.781535828125 0.6767793330078125 0.772189658203125 0.6832340498046875 0.7719707236328125 0.6948516962890625 0.775067447265625 0.7317626298828125 0.7829530859375 0.733918423828125 0.8045053955078125 0.73241133984375 0.8069365859375 0.730307611328125 0.807182431640625 0.719074828125
1 0.8395468994140625 0.6804576953125 0.8283401484375 0.6750534345703125 0.8058691875 0.6781717353515625 0.80904301171875 0.7309338046875 0.81225647265625 0.7326428203125 0.8358882958984375 0.7313770673828125 0.8407775888671875 0.72755447265625 0.8419402685546875 0.7220587470703125 0.841893716796875 0.69189592578125 0.8395468994140625 0.6804576953125
1 0.8769224931640625 0.6913801982421875 0.8761420390625 0.680219181640625 0.873901052734375 0.6776686748046875 0.8618025615234375 0.6742604931640624 0.8475689169921875 0.6771895283203125 0.843246599609375 0.6817459658203125 0.8422435751953125 0.6968991416015625 0.8440448759765625 0.73003321484375 0.855063240234375 0.7327434365234375 0.8699445966796875 0.731702830078125 0.8775342021484375 0.729625134765625 0.8769224931640625 0.6913801982421875
1 0.9138333076171875 0.7251531318359375 0.9110631669921875 0.6781640029296875 0.900990365234375 0.6742274267578126 0.888161609375 0.6751245009765625 0.8811120673828124 0.67755117578125 0.878815439453125 0.681579216796875 0.877624029296875 0.6940383544921875 0.8791023828125 0.7225540751953125 0.88112625390625 0.7293739541015625 0.887499353515625 0.7320222607421875 0.9116174150390625 0.73033576171875 0.9138333076171875 0.7251531318359375
1 0.9831464091796875 0.67660415234375 0.97364058203125 0.6734014189453125 0.9607580029296875 0.673528767578125 0.9526014228515625 0.6748726201171875 0.94768521875 0.6783103515625 0.9490773818359375 0.7277163046875 0.9620406982421875 0.728743544921875 0.98000095703125 0.7274876416015625 0.98289147265625 0.7245783046875 0.983541001953125 0.7191184609375 0.9831464091796875 0.67660415234375
1 0.029598357421875 0.7711283359375 0.0257102724609375 0.76714602734375 0.019525556640625 0.767191759765625 0.0174729560546875 0.7673352919921875 0.020621685546875 0.812364224609375 0.028265115234375 0.8110562548828125 0.03021006640625 0.8093732724609375 0.031078529296875 0.792295783203125 0.029598357421875 0.7711283359375
1 0.0436596220703125 0.8099797666015625 0.0497097744140625 0.8080097197265625 0.0472876748046875 0.7733720791015625 0.042940263671875 0.77019537890625 0.035189185546875 0.7699638974609375 0.029598357421875 0.7711283359375 0.0282472919921875 0.7739300234375 0.0283262109375 0.7824328857421875 0.0243537529296875 0.7919925361328125 0.02729445703125 0.8045494716796875 0.030777041015625 0.8101071142578125 0.0436596220703125 0.8099797666015625
1 0.050468771484375 0.7967410537109375 0.0500614521484375 0.80566466015625 0.0520045859375 0.8113299521484375 0.0741238701171875 0.8105567099609375 0.0756094970703125 0.8096793359375 0.0740162216796875 0.809017259765625 0.068350111328125 0.7869822880859375 0.0688399853515625 0.7718649951171875 0.0655996103515625 0.7697711171875 0.0533109169921875 0.7710171708984375 0.047962298828125 0.775645373046875 0.04958066796875 0.7840405859375 0.0469861865234375 0.7911834111328125 0.050468771484375 0.7967410537109375
1 0.0913844111328125 0.799294376953125 0.0937097705078125 0.788302923828125 0.090713423828125 0.782324537109375 0.0906345048828125 0.7738216748046876 0.0826143046875 0.7697415673828125 0.0748901396484375 0.7698949482421875 0.0683268349609375 0.7719008779296875 0.071100611328125 0.804193458984375 0.06996484375 0.8100740478515625 0.090598501953125 0.8101781806640626 0.0924896298828125 0.80772547265625 0.0913844111328125 0.799294376953125
1 0.1073531650390625 0.7695586357421875 0.097009423828125 0.76912170703125 0.0890681416015625 0.7735444609375 0.09000643359375 0.8017112021484375 0.0930835166015625 0.808844177734375 0.0978902548828125 0.81121526953125 0.1111783359375 0.809512587890625 0.11293490234375 0.80513556640625 0.1106204521484375 0.772037376953125 0.1073531650390625 0.7695586357421875
1 0.1095385087890625 0.7786876904296876 0.1125832255859375 0.807480625 0.1169037255859375 0.810272462890625 0.1308126064453125 0.8100733486328126 0.1337031220703125 0.80716401171875 0.1323611474609375 0.7732243310546875 0.121694458984375 0.7681690498046875 0.11259231640625 0.7707392568359375 0.1095385087890625 0.7786876904296876
1 0.1372235263671875 0.769016875 0.13325288671875 0.771228251953125 0.1319287333984375 0.7744148017578125 0.134350833984375 0.8090524423828125 0.137024232421875 0.810412478515625 0.15341812890625 0.808879361328125 0.15641629296875 0.8075094755859376 0.15348104296875 0.7729077177734375 0.1475941806640625 0.769838666015625 0.1372235263671875 0.769016875
1 0.1780493388671875 0.807156978515625 0.175998556640625 0.7999522373046875 0.1755734150390625 0.77174961328125 0.1723599521484375 0.7700405966796875 0.1630694248046875 0.769916765625 0.157937921875 0.7702755947265625 0.15348104296875 0.7729077177734375 0.1546687451171875 0.797266921875 0.151284791015625 0.8078683046875 0.160763705078125 0.8106861748046875 0.1766713623046875 0.8095738037109375 0.1780493388671875 0.807156978515625
1 0.1757079765625 0.7736739267578125 0.1767270048828125 0.802995255859375 0.178670138671875 0.808660546875 0.1823967509765625 0.8103336796875 0.1962518076171875 0.80936483984375 0.198223671875 0.80806671875 0.1972064619140625 0.7713971162109375 0.1795171435546875 0.7691533740234375 0.1757079765625 0.7736739267578125
1 0.206200955078125 0.7672874599609375 0.199664564453125 0.7696782509765625 0.1973410224609375 0.7733214306640624 0.196878060546875 0.7888235859375 0.19924997265625 0.807994953125 0.21731787890625 0.8082785 0.2202891318359375 0.806523751953125 0.21813797265625 0.76838646484375 0.214411359375 0.76671333203125 0.206200955078125 0.7672874599609375
1 0.2278609140625 0.767319826171875 0.2207037236328125 0.7682070498046875 0.2188664208984375 0.7714294833984375 0.2208022822265625 0.806487869140625 0.2235833310546875 0.80938735546875 0.2358451123046875 0.807756439453125 0.2413552041015625 0.8054374130859375 0.239142947265625 0.79592349609375 0.2389061923828125 0.77041491015625 0.2278609140625 0.767319826171875
1 0.259189990234375 0.7655158271484375 0.24131046875 0.7679263203125 0.2388774619140625 0.7773783212890625 0.242840830078125 0.8045600400390625 0.25337295703125 0.8076910068359375 0.262582748046875 0.8066602509765625 0.2667974169921875 0.8005643642578125 0.2686096259765625 0.789608794921875 0.2660224169921875 0.767358525390625 0.259189990234375 0.7655158271484375
1 0.3067944052734375 0.804728904296875 0.305857931640625 0.7692138896484375 0.3009166328125 0.764918484375 0.2870615771484375 0.76588732421875 0.2852242734375 0.7691097578125 0.2838139296875 0.793186541015625 0.280085498046875 0.7988616826171875 0.2862683955078125 0.80616422265625 0.2961797236328125 0.807791623046875 0.304390126953125 0.8072174951171875 0.3067944052734375 0.804728904296875
1 0.28849337890625 0.764240224609375 0.2914915439453125 0.7628703388671875 0.2768003896484375 0.7592567099609375 0.2727490126953125 0.760313498046875 0.2688860205078125 0.764064326171875 0.271442681640625 0.8006262802734375 0.2762225078125 0.802612509765625 0.2823264853515625 0.8014121884765625 0.28367755078125 0.7986105009765625 0.2848995087890625 0.7718396796875 0.28849337890625 0.764240224609375
1 0.306344169921875 0.76879314453125 0.3073344677734375 0.8050778837890625 0.31368065625 0.8073413271484375 0.3281026875 0.807106330078125 0.3305877021484375 0.8057723271484375 0.3290035166015625 0.7683688818359375 0.323170478515625 0.7660695556640625 0.310314810546875 0.7665817666015625 0.306344169921875 0.76879314453125
1 0.36299690234375 0.8046662890625 0.363942466796875 0.803439935546875 0.3598103525390625 0.8033421357421875 0.353824802734375 0.79886179296875 0.352147283203125 0.7748721474609375 0.355120353515625 0.765769125 0.3498542900390625 0.7642036416015625 0.3318940322265625 0.7654595458984375 0.32908425390625 0.7695234697265625 0.3302127490234375 0.7930359765625 0.3285351005859375 0.805915859375 0.3414715048828125 0.8065582353515625 0.36299690234375 0.8046662890625
1 0.3629808994140625 0.760191783203125 0.355174177734375 0.7665388505859375 0.3526335205078125 0.7744514013671875 0.3553265615234375 0.8055893955078125 0.366804251953125 0.807494009765625 0.3811186337890625 0.805719560546875 0.375314326171875 0.79645682421875 0.3736744990234375 0.765631927734375 0.3700286220703125 0.7651133818359375 0.3629808994140625 0.760191783203125
1 0.3737821474609375 0.7671713779296875 0.376365720703125 0.8041181943359375 0.37752658203125 0.8059707421875 0.3838189462890625 0.8074644599609375 0.3961614638671875 0.8069881318359375 0.398592654296875 0.8048844033203125 0.3959552568359375 0.7671678603515625 0.38801579296875 0.764242341796875 0.3737821474609375 0.7671713779296875
1 0.421714962890625 0.7889579853515625 0.4195063427734375 0.76474751953125 0.41523966796875 0.7627254072265625 0.4018439375 0.762888638671875 0.3981424189453125 0.768948642578125 0.4001859296875 0.8055464794921875 0.4039125419921875 0.8072196123046875 0.420873412109375 0.806420337890625 0.4222513896484375 0.80400351171875 0.41987766015625 0.7921804189453125 0.421714962890625 0.7889579853515625
1 0.4671682177734375 0.7900337744140625 0.4649057734375 0.765053583984375 0.461152248046875 0.762995587890625 0.45440055859375 0.762307478515625 0.44988985546875 0.7641698759765625 0.447162630859375 0.762040115234375 0.4413008623046875 0.7667042001953125 0.4429443251953125 0.782832548828125 0.439859970703125 0.80509266796875 0.4534440869140625 0.807623474609375 0.466272841796875 0.806726400390625 0.4671682177734375 0.7900337744140625
1 0.4425602822265625 0.80683756640625 0.4443168486328125 0.802460544921875 0.4423271630859375 0.76663243359375 0.43954611328125 0.763732947265625 0.4301748486328125 0.7624545263671875 0.420127142578125 0.766251087890625 0.423439162109375 0.8062409228515625 0.4425602822265625 0.80683756640625
1 0.48605258203125 0.76512183203125 0.481758994140625 0.762714857421875 0.4709021025390625 0.7623138115234375 0.466499048828125 0.76571566015625 0.4652825439453125 0.7704416611328125 0.46761858203125 0.7891000068359375 0.46716458203125 0.804730322265625 0.4698648935546875 0.8064752197265626 0.487905888671875 0.806373904296875 0.4893646025390625 0.8051116669921875 0.48605258203125 0.76512183203125
1 0.5008801142578125 0.7633115009765625 0.489563896484375 0.7637160634765625 0.487645857421875 0.7657839091796875 0.4893646025390625 0.8051116669921875 0.4998159921875 0.807088046875 0.509052697265625 0.8064421533203125 0.5114569755859375 0.8039535634765625 0.509036693359375 0.7619676494140625 0.5056617578125 0.75794945703125 0.5008801142578125 0.7633115009765625
1 0.5102226484375 0.7715533330078125 0.5120239501953125 0.8046874052734375 0.515777474609375 0.8067454013671875 0.533251494140625 0.8059102431640625 0.535061884765625 0.802302947265625 0.5318575126953125 0.7638525625 0.513114982421875 0.76129572265625 0.510764529296875 0.7645540390625 0.5102226484375 0.7715533330078125
1 0.54095965625 0.76128235546875 0.5373676044921875 0.7615335361328125 0.5335315244140625 0.7656692275390625 0.5362765712890625 0.8049252197265625 0.5544790390625 0.8071330810546875 0.5583958564453125 0.804151978515625 0.5561639599609375 0.7648601015625 0.5528966728515625 0.762381361328125 0.5488183828125 0.7630532880859375 0.54095965625 0.76128235546875
1 0.5568654951171875 0.7675182578125 0.5589628310546875 0.8048858203125 0.5611499931640626 0.8066666025390625 0.5714937333984375 0.80710353125 0.5847818154296875 0.80540084765625 0.58181958203125 0.792536021484375 0.5791211591796875 0.7613210556640625 0.558082 0.7627922578125 0.5568654951171875 0.7675182578125
1 0.594948080078125 0.759054095703125 0.5830917998046875 0.7591096787109375 0.5800649052734375 0.7674429755859375 0.582702302734375 0.805159517578125 0.5910741796875 0.80689456640625 0.6034166962890625 0.80641823828125 0.605334736328125 0.804350392578125 0.6052325419921875 0.78076612109375 0.603023921875 0.7565556552734375 0.594948080078125 0.759054095703125
1 0.609694875 0.7560891767578125 0.606237384765625 0.758264669921875 0.6053114609375 0.789268982421875 0.606414861328125 0.8050483525390625 0.627615494140625 0.8058863271484376 0.629858298828125 0.8010885595703126 0.6287603525390625 0.763264369140625 0.6269248671875 0.7591385283203125 0.6205517666015625 0.75649022265625 0.609694875 0.7560891767578125
1 0.6538759833984376 0.7684695146484375 0.6516368154296875 0.758570734375 0.6483426162109375 0.755707130859375 0.643805 0.7571846650390625 0.6411585126953125 0.7562094921875 0.6310838935546875 0.759621189453125 0.6293811513671875 0.7647679365234376 0.6315861357421875 0.80367494921875 0.6337732978515624 0.8054557314453125 0.6518142919921875 0.8053544150390625 0.654110921875 0.8013263740234375 0.6538759833984376 0.7684695146484375
1 0.6775096240234375 0.75985548828125 0.6731891240234374 0.757063650390625 0.65876709375 0.7572986484375 0.6568221416015625 0.7589816298828125 0.6545738828125 0.78582421875 0.6563519072265624 0.803876880859375 0.662158033203125 0.80579134375 0.6760669140625 0.80559223046875 0.67944366796875 0.8022621474609375 0.6783708154296875 0.7721710927734375 0.6775096240234375 0.75985548828125
1 0.703915224609375 0.79088231640625 0.702031369140625 0.7639419287109375 0.6996558212890625 0.7594671083984375 0.6936343974609375 0.754473744140625 0.68647720703125 0.7553609677734375 0.679994638671875 0.7585214853515625 0.679178181640625 0.7837169736328125 0.681225328125 0.8056182626953124 0.696808220703125 0.8072358134765625 0.7018589873046875 0.80572239453125 0.7036962900390625 0.802499962890625 0.703915224609375 0.79088231640625
1 0.726226529296875 0.7781065654296875 0.7232840078125 0.77289790234375 0.7228265 0.7663552373046875 0.7114833701171875 0.7663749375 0.7075127294921875 0.7685863134765625 0.7050815400390625 0.7706900419921875 0.704674220703125 0.7796136494140625 0.7063966025390624 0.8042448603515625 0.717793556640625 0.8049948857421875 0.7259501357421875 0.8036510341796875 0.7278143505859375 0.800813462890625 0.726226529296875 0.7781065654296875
1 0.7331989716796875 0.7598287548828125 0.7287959169921875 0.7632306025390625 0.727929271484375 0.772959818359375 0.7299746005859375 0.802209380859375 0.73842721484375 0.8050990185546875 0.7512828818359375 0.8045868076171875 0.7528241513671875 0.797130884765625 0.7495103115234375 0.7644893232421875 0.7461892001953125 0.7612408564453125 0.7331989716796875 0.7598287548828125
1 0.7559946982421875 0.7539805322265625 0.7530234453125 0.7557352802734375 0.7516131015625 0.779812064453125 0.7527954208984375 0.8040942958984375 0.77758810546875 0.8046810888671875 0.7789929951171874 0.8026491279296875 0.77678801171875 0.7637421142578125 0.7748987021484375 0.758846548828125 0.7668515888671875 0.754381578125 0.7559946982421875 0.7539805322265625
1 0.7985574365234375 0.7579656572265625 0.7851347939453125 0.7577440263671875 0.7801934951171875 0.75344862109375 0.7778412236328125 0.7640552109375 0.777862681640625 0.78648489453125 0.7795868818359375 0.80376783203125 0.7859061572265625 0.8056464130859375 0.80383950390625 0.8040056474609375 0.8052443935546875 0.8019736845703125 0.8034718232421875 0.7618762001953125 0.7985574365234375 0.7579656572265625
1 0.8097121806640625 0.755251919921875 0.805066916015625 0.7551900029296875 0.802716462890625 0.7584483193359375 0.8041642685546875 0.801275724609375 0.8069453173828125 0.8041752109375 0.8265257626953125 0.8039662470703125 0.829497015625 0.8022114990234375 0.826563583984375 0.760261466796875 0.822216171875 0.757084767578125 0.8097121806640625 0.755251919921875
1 0.827103646484375 0.760610447265625 0.82847071484375 0.8022832646484375 0.833250541015625 0.804269494140625 0.8533172236328125 0.803639783203125 0.8546450126953125 0.7857566865234376 0.85024923046875 0.7597654384765625 0.8366112900390625 0.75646490625 0.829454099609375 0.757352130859375 0.827103646484375 0.760610447265625
1 0.8537587275390625 0.7657079443359375 0.855235263671875 0.8015719384765625 0.8600150888671875 0.80355816796875 0.876489720703125 0.803179638671875 0.878840173828125 0.7999213232421875 0.8766351904296875 0.7610143095703125 0.8600259970703125 0.759468525390625 0.8550290556640625 0.7617516689453125 0.8537587275390625 0.7657079443359375
1 0.90441694921875 0.7969725869140625 0.903988171875 0.783466509765625 0.9012664013671875 0.759291927734375 0.8985122646484375 0.7567773037109375 0.8901403876953125 0.7550422548828125 0.8815244833984375 0.7571917158203125 0.877634578125 0.7605576806640625 0.878300111328125 0.7995723427734375 0.8805410986328125 0.802122849609375 0.884186974609375 0.80264139453125 0.902687294921875 0.8017344697265625 0.90441694921875 0.7969725869140625
1 0.9092076826171875 0.754869173828125 0.9037514150390625 0.7579579248046875 0.90291168359375 0.7680720029296875 0.904146009765625 0.8004722333984375 0.905793109375 0.80190403515625 0.9269937412109375 0.802742009765625 0.9289172353515625 0.77862934375 0.9270584736328125 0.7594220927734375 0.9163379619140625 0.7535970859375 0.9092076826171875 0.754869173828125
1 0.9785240615234375 0.802232615234375 0.980802869140625 0.7610783427734376 0.9795612705078125 0.75807120703125 0.95795513671875 0.75880856640625 0.95560468359375 0.7620668828125 0.955441392578125 0.7671059794921875 0.95672954296875 0.800275935546875 0.9785240615234375 0.802232615234375
1 0.95883197265625 0.9262076455078125 0.959542599609375 0.8921244326171875 0.959192740234375 0.88712121875 0.956438603515625 0.88460659375 0.946121775390625 0.8845545283203124 0.9431505224609374 0.8863092763671875 0.922355390625 0.88389596875 0.8872727890625 0.883641970703125 0.882248935546875 0.88554025 0.884730314453125 0.8989027958984375 0.8854802197265625 0.924375498046875 0.9249640576171875 0.9285759208984375 0.95883197265625 0.9262076455078125
1 0.094768078125 0.8771801689453125 0.0938970673828125 0.849975583984375 0.096126416015625 0.84498538671875 0.105770439453125 0.8354158857421875 0.0937257744140625 0.8327774296875 0.0444633515625 0.836222193359375 0.0315233115234375 0.8502763642578125 0.0328132802734375 0.876098046875 0.0375912861328125 0.8854325498046876 0.0607637841796875 0.884972404296875 0.093038423828125 0.881942052734375 0.094768078125 0.8771801689453125
1 0.082396830078125 0.884619908203125 0.0792102802734375 0.8832957548828125 0.0711344375 0.8857941962890625 0.037752759765625 0.8877417255859374 0.0373203466796875 0.888932197265625 0.039500236328125 0.92010607421875 0.043334498046875 0.92331865625 0.10037491015625 0.920490236328125 0.0974378427734375 0.8932367529296875 0.0931729853515625 0.8838663662109375 0.082396830078125 0.884619908203125
1 0.0981699267578125 0.8815832236328125 0.110295328125 0.8853762666015625 0.1256090986328125 0.8831451904296875 0.1602054619140625 0.88381993359375 0.162907591796875 0.87821655859375 0.1604926357421875 0.8510553505859375 0.161592529296875 0.844661740234375 0.1668065869140625 0.838109224609375 0.167050615234375 0.83422471484375 0.15603225 0.8315144931640625 0.14995518359375 0.83309967578125 0.127755162109375 0.8327183310546875 0.1083092783203125 0.8348516083984375 0.0998817587890625 0.839695107421875 0.0948291748046875 0.848556798828125 0.0981699267578125 0.8815832236328125
1 0.157278943359375 0.9230857763671875 0.1638422470703125 0.92107984765625 0.1619063857421875 0.8860214609375 0.1596384873046875 0.883086091796875 0.1222323447265625 0.8864752724609375 0.1031112255859375 0.8858786279296875 0.0986005224609375 0.887741025390625 0.100405458984375 0.90617855078125 0.1039131376953125 0.919469330078125 0.1067210986328125 0.9227536787109375 0.138104 0.9217194072265625 0.157278943359375 0.9230857763671875
1 0.227481966796875 0.8798889912109376 0.226249458984375 0.8401404873046875 0.2220922509765625 0.83230955078125 0.2111277099609375 0.8303690546875 0.179150921875 0.830284623046875 0.1711827294921875 0.834322513671875 0.1618347392578125 0.84812550390625 0.1638262431640625 0.876605341796875 0.1662825283203125 0.88223475 0.180650734375 0.88123002734375 0.22299817578125 0.8821362509765625 0.227481966796875 0.8798889912109376
1 0.1704415546875 0.8827174111328125 0.164877638671875 0.884266712890625 0.1631479833984375 0.889028595703125 0.1655719013671875 0.916317962890625 0.169054486328125 0.92187560546875 0.224690009765625 0.9210791474609376 0.228120587890625 0.9185187900390624 0.225617751953125 0.8827265625 0.1976654287109375 0.8812004775390625 0.1704415546875 0.8827174111328125
1 0.2321810546875 0.8807206328125 0.2558397900390625 0.8798397412109376 0.2668043310546875 0.88178023828125 0.27388078515625 0.87973842578125 0.2925694912109375 0.881525541015625 0.294596998046875 0.873648873046875 0.2906067177734375 0.8460822919921875 0.30017000390625 0.835358203125 0.3009271826171875 0.831437810546875 0.289962642578125 0.829497314453125 0.2394317099609375 0.829550080078125 0.232030490234375 0.8343218134765625 0.22681643359375 0.8408743291015625 0.2294807431640625 0.8789757333984375 0.2321810546875 0.8807206328125
1 0.2562612958984375 0.9227389130859375 0.2975017001953125 0.9225623154296875 0.2962655556640625 0.8975103583984375 0.293945650390625 0.886456990234375 0.29111077734375 0.88278777734375 0.284845326171875 0.8816789228515625 0.269990880859375 0.883104390625 0.253354775390625 0.881173744140625 0.2400936064453125 0.8832612900390625 0.2327749423828125 0.881839337890625 0.2288850390625 0.885205302734375 0.2306325146484375 0.917569650390625 0.2329004140625 0.92050501953125 0.2562612958984375 0.9227389130859375
1 0.29659395703125 0.8800838896484375 0.3005896923828125 0.8856056484375 0.310581755859375 0.88838763671875 0.361464365234375 0.8859898115234375 0.359745619140625 0.846662052734375 0.363718078125 0.83710240234375 0.3671486572265625 0.8345420458984375 0.3643406953125 0.8312576962890625 0.350756580078125 0.828726888671875 0.3400880732421875 0.8310198818359374 0.336388373046875 0.829731611328125 0.323640353515625 0.8317832744140625 0.3081112861328125 0.83093544921875 0.294982859375 0.84229558203125 0.2929015283203125 0.8494025244140625 0.29659395703125 0.8800838896484375
1 0.3646418251953125 0.924055333984375 0.3656699443359375 0.9166352939453125 0.3618949609375 0.8921476142578125 0.358006875 0.8881653056640625 0.312688181640625 0.889013830078125 0.2996710400390625 0.887216865234375 0.297239849609375 0.88932059375 0.30214696484375 0.9226242314453125 0.3100326025390625 0.924780025390625 0.343116427734375 0.92594728125 0.358564759765625 0.9256405166015625 0.3646418251953125 0.924055333984375
1 0.371119296875 0.83233066796875 0.3606373583984375 0.8446659736328125 0.3624386591796875 0.8778000458984375 0.3660019814453125 0.88451227734375 0.371268044921875 0.8860777607421875 0.394440541015625 0.885617615234375 0.419907849609375 0.8884777021484375 0.428091341796875 0.8875187119140625 0.43003629296875 0.8858357294921875 0.428857609375 0.846856951171875 0.432397654296875 0.838487771484375 0.4382055986328125 0.8330539609375 0.4348575751953125 0.8294206318359375 0.4142239169921875 0.8293165 0.403259376953125 0.8273760029296875 0.3935633466796875 0.8288275048828125 0.381140091796875 0.8281492451171875 0.371119296875 0.83233066796875
1 0.3789114736328125 0.884769791015625 0.375400158203125 0.8861755595703125 0.3727267587890625 0.8848155234375 0.3656772158203125 0.88724219921875 0.365673580078125 0.90193874609375 0.370880365234375 0.924779326171875 0.4226259833984375 0.9273488330078125 0.4328351630859375 0.9258614482421875 0.4344302568359375 0.9191752509765625 0.4338956484375 0.8967814501953125 0.43284425390625 0.8891200791015625 0.430657091796875 0.8873392978515625 0.417693775390625 0.88631205859375 0.412669921875 0.8882103388671875 0.4079977451171875 0.8877635595703125 0.4011653193359375 0.8859208623046875 0.3994105703125 0.8829496103515625 0.3942521552734375 0.882923576171875 0.384177537109375 0.8863352744140625 0.3789114736328125 0.884769791015625
1 0.4467407666015625 0.829749912109375 0.441257587890625 0.8324537998046875 0.4315597392578125 0.841253576171875 0.429910822265625 0.8471700478515625 0.431873595703125 0.882613296875 0.4348430302734375 0.888206822265625 0.47632564453125 0.89149398828125 0.4804308466796875 0.891206923828125 0.4833482744140625 0.888682451171875 0.48653482421875 0.890006603515625 0.494258990234375 0.8898532216796875 0.501173970703125 0.8855022333984375 0.503201478515625 0.8776255654296875 0.5017500361328125 0.84949470703125 0.5044808974609375 0.8369279208984375 0.5035371513671875 0.830806001953125 0.5003506005859375 0.8294818486328125 0.4880349951171875 0.8303430400390625 0.4863878955078125 0.8289112373046875 0.4467407666015625 0.829749912109375
1 0.517419119140625 0.8302220234375 0.50753288671875 0.836327759765625 0.5045598154296875 0.8454307822265625 0.50617273046875 0.8758708173828125 0.508277337890625 0.8838452841796876 0.5146773515625 0.886878453125 0.5274253701171875 0.8848267900390625 0.5542975673828126 0.8856549150390625 0.559563630859375 0.8872203994140625 0.5743642509765625 0.885025205078125 0.575742228515625 0.882608380859375 0.5754840146484375 0.834670111328125 0.57259531640625 0.8302311748046876 0.561279099609375 0.830635736328125 0.559551263671875 0.8280493466796875 0.5586595234375 0.83004542578125 0.5528264853515625 0.827746099609375 0.535271728515625 0.8274266689453125 0.517419119140625 0.8302220234375
1 0.5770216474609375 0.841910736328125 0.5788785908203125 0.8684662607421875 0.5762841083984375 0.8756090859375 0.5805220537109375 0.8845946103515625 0.5995086123046875 0.8832669404296875 0.6465013173828125 0.8842350810546875 0.6482309716796875 0.8794731962890625 0.648695751953125 0.8566227666015624 0.6469195458984375 0.831221830078125 0.6430583720703125 0.827624384765625 0.6353342060546875 0.827777765625 0.63214765625 0.82645361328125 0.600278517578125 0.8279086318359375 0.5934191787109375 0.8256810712890625 0.587234462890625 0.8257268037109375 0.5797525078125 0.8293439501953125 0.5770216474609375 0.841910736328125
1 0.6503912216796875 0.880869115234375 0.65373924609375 0.8845024443359375 0.7115888427734375 0.885871630859375 0.7218249345703125 0.8847691083984375 0.7235007646484375 0.8792375 0.721945310546875 0.834870642578125 0.721001564453125 0.82874872265625 0.718787490234375 0.8265830791015625 0.70525719921875 0.8248219970703125 0.6553739775390625 0.826763193359375 0.6498369736328125 0.828697357421875 0.6480534951171875 0.832689515625 0.6484822724609375 0.846195591796875 0.65223034375 0.870298408203125 0.6503912216796875 0.880869115234375
1 0.771397935546875 0.8267716435546875 0.7510621298828125 0.8235527265625 0.7295098203125 0.825059810546875 0.7256468291015625 0.828810638671875 0.72674659375 0.859286556640625 0.724934384765625 0.8702421259765625 0.7278750888671875 0.8827990625 0.7435118056640625 0.885186337890625 0.7496157841796875 0.8839860166015625 0.7759479189453125 0.8844651611328125 0.78491368359375 0.8873189150390625 0.7982017646484375 0.8856162333984375 0.801173017578125 0.8838614853515625 0.8035234716796875 0.8806031689453125 0.8040922626953125 0.8739887373046875 0.803613296875 0.8450163876953125 0.7993771708984375 0.82868258984375 0.7960829716796874 0.8258189873046875 0.7856854052734376 0.8246123330078124 0.771397935546875 0.8267716435546875
1 0.4583024716796875 0.92872153515625 0.4999483779296875 0.926969603515625 0.50551229296875 0.925420302734375 0.5062480126953125 0.8990702255859375 0.5039011953125 0.8876319951171875 0.4587170634765625 0.8904048330078125 0.436841806640625 0.887293564453125 0.4337898173828125 0.8878937255859375 0.4320063388671875 0.8918858837890625 0.43405166796875 0.9211354462890625 0.4327006025390625 0.923937134765625 0.4359678896484375 0.9264158759765625 0.4583024716796875 0.92872153515625
1 0.548399796875 0.9266755068359375 0.561930087890625 0.928436587890625 0.578162509765625 0.924594294921875 0.57736059765625 0.89100359375 0.5744180751953125 0.8857949306640625 0.53622966015625 0.885371369140625 0.5286131435546875 0.887064201171875 0.5105721494140625 0.8871655166015625 0.5078431064453125 0.892384029296875 0.507972212890625 0.9163531630859375 0.511183857421875 0.925410453125 0.5174762216796875 0.9269041708984375 0.548399796875 0.9266755068359375
1 0.6246420654296875 0.925598318359375 0.63663290625 0.927467048828125 0.644843310546875 0.9268929208984374 0.6488139501953125 0.9246815439453125 0.6490903447265625 0.8991370751953125 0.6465013173828125 0.8842350810546875 0.5887593701171875 0.884405345703125 0.5810621162109375 0.88494358984375 0.5787385751953125 0.8885867685546875 0.5814352509765625 0.90502821484375 0.5797019609375 0.924486646484375 0.5968512158203125 0.92638141015625 0.6246420654296875 0.925598318359375
1 0.7052855703125 0.9284675546875 0.723651330078125 0.9256363173828125 0.724117927734375 0.8954376142578125 0.721392521484375 0.8859595791015625 0.6546578974609375 0.882891228515625 0.6521728828125 0.88422523046875 0.6513887919921875 0.8877607607421875 0.652355814453125 0.9089640908203125 0.654650625 0.9122843232421874 0.6543240419921875 0.9223625185546875 0.656105703125 0.9257186328125 0.7052855703125 0.9284675546875
1 0.745878263671875 0.9264025263671875 0.7685106982421875 0.9255934013671875 0.7774495498046875 0.92806229296875 0.788819591796875 0.9284274560546875 0.7999743349609375 0.925713716796875 0.8009289892578125 0.887745994140625 0.7982017646484375 0.8856162333984375 0.729576013671875 0.8850005888671875 0.7265509365234375 0.8859856123046875 0.725713021484375 0.8887514169921875 0.7259534130859375 0.899563455078125 0.726974259765625 0.9215365107421875 0.729295982421875 0.92524160546875 0.745878263671875 0.9264025263671875
1 0.8455570556640625 0.840149671875 0.8385631552734375 0.8359977978515625 0.8176047333984375 0.838623587890625 0.8059906630859375 0.8421429345703125 0.8052047548828125 0.85302673828125 0.8085222294921875 0.870971751953125 0.8071424345703125 0.8807368505859375 0.8099234833984374 0.8836363369140625 0.8268036162109375 0.881682474609375 0.8387944580078125 0.883551205078125 0.8516770380859375 0.88342385546875 0.862668490234375 0.88574921484375 0.87657737109375 0.8855501015625 0.880088685546875 0.88414433203125 0.881473935546875 0.852334412109375 0.8802341552734375 0.8419790029296875 0.8768323076171874 0.8375759482421875 0.873834142578125 0.8389458349609376 0.8696482041015625 0.8380783095703125 0.8455570556640625 0.840149671875
1 0.8123437646484375 0.925622251953125 0.866115072265625 0.9276633642578125 0.8768643154296875 0.926524958984375 0.88286064453125 0.9237851875 0.8823278544921875 0.8940431123046875 0.8801425107421875 0.8849140576171876 0.8622091640625 0.88655482421875 0.855349826171875 0.884327263671875 0.83622870703125 0.883730619140625 0.8115167587890625 0.8842984140625 0.806979142578125 0.8857759482421875 0.8081058203125 0.9166367275390624 0.8090495654296875 0.9227586484375 0.8123437646484375 0.925622251953125
1 0.927743646484375 0.8282147119140625 0.92174913671875 0.8236062099609375 0.9182916455078125 0.825781705078125 0.9004928603515625 0.8293467841796875 0.89301272265625 0.82561565625 0.88761028125 0.8294741328125 0.8839374921875 0.828570724609375 0.8798861142578125 0.8296275146484375 0.882957744140625 0.8588053115234375 0.8814146572265625 0.8736095078125 0.8831137626953125 0.88315930859375 0.88991927734375 0.88461714453125 0.8980758564453125 0.883273291015625 0.9291070810546875 0.884584078125 0.939126056640625 0.887750927734375 0.95587162890625 0.883872751953125 0.957258697265625 0.8447145576171875 0.9538317548828125 0.8325783671875 0.9486482451171875 0.8248191982421875 0.945488607421875 0.823879908203125 0.9404104853515625 0.8274577470703125 0.9350084873046876 0.828866939453125 0.9318219365234375 0.8275427861328125 0.927743646484375 0.8282147119140625
1 1 0.824455494140625 0.988916173828125 0.8254840908203125 0.9799773212890625 0.8230152001953125 0.9780323701171875 0.824698181640625 0.968849490234375 0.82611380078125 0.966095353515625 0.823599177734375 0.9607198232421875 0.8278425166015625 0.9560476474609375 0.82739573828125 0.9565858916015625 0.8350929912109375 0.9595284140625 0.8403016533203125 0.9599230068359375 0.882815962890625 0.972588470703125 0.886957986328125 0.9895224287109375 0.8857738486328125 1 0.886729416015625 1 0.824455494140625
1 1 0.886114712890625 0.9638110927734375 0.886798271484375 0.9619719716796875 0.897368978515625 0.9618570498046874 0.925222623046875 0.9645842744140625 0.9273523837890625 0.98735126953125 0.928467572265625 1 0.9307061357421875 1 0.886114712890625
1 0.9335410419921875 0.756261576171875 0.92997590234375 0.7568976181640625 0.9291379873046876 0.759663423828125 0.92950566796875 0.8017928701171875 0.9332053681640625 0.8030811396484375 0.952245751953125 0.8025231953125 0.9547038544921875 0.800804330078125 0.95452455859375 0.7613689228515625 0.951743509765625 0.758469435546875 0.9335410419921875 0.756261576171875
1 1 0.756053150390625 0.992768615234375 0.7552139375 0.990310513671875 0.7569328017578125 0.98566525 0.75687088671875 0.9817215205078125 0.7594671259765625 0.9811527275390625 0.7660815576171875 0.9806053935546875 0.7951256728515625 0.9820622890625 0.8012117099609375 0.9847626015625 0.802956607421875 1 0.8021641904296875 1 0.756053150390625
1 1 0.6727901337890625 0.9916546650390625 0.672915240234375 0.9871708740234375 0.6751625009765625 0.9845476630859376 0.6892687373046875 0.9844883837890624 0.7105438330078125 0.9849978984375 0.725204498046875 0.987185060546875 0.7269852802734375 0.9966639736328124 0.729803150390625 1 0.72931060546875 1 0.6727901337890625
1 1 0.5787394951171875 0.98257615625 0.579957888671875 0.97350092578125 0.5829129580078125 0.97343801171875 0.6188846005859375 0.97529313671875 0.6527883994140625 0.98423198828125 0.6552572900390625 1 0.65415468359375 1 0.5787394951171875
1 1 0.5754352890625 0.9937309013671874 0.577244150390625 0.9868715625 0.5750165888671875 0.9737449541015625 0.579028447265625 0.973086333984375 0.62122966015625 0.97583319921875 0.65313737890625 0.983178775390625 0.654944193359375 1 0.6537679384765624 1 0.5754352890625
1 1 0.489913890625 0.9990493291015625 0.4763186630859375 0.9871930498046875 0.4763742470703125 0.9719331044921875 0.4793750478515625 0.9682763193359375 0.522946146484375 0.969268435546875 0.55188261328125 0.9824739619140626 0.5563736162109375 1 0.552352759765625 1 0.489913890625
1 0.9604088603515625 0.4473076142578125 0.996869439453125 0.445144787109375 0.991567732421875 0.3693268408203125 0.9684759716796875 0.37094157421875 0.96148025390625 0.3741379736328125 0.9574736103515625 0.412705857421875 0.957168486328125 0.445213736328125 0.9604088603515625 0.4473076142578125
1 0.9015082275390625 0.3276680888671875 0.899662193359375 0.257022921875 0.8948823671875 0.255036693359375 0.87578816015625 0.254824912109375 0.861742900390625 0.260447986328125 0.8635496552734375 0.27153723828125 0.8619992958984375 0.315734529296875 0.8634507373046875 0.3438653876953125 0.8661241376953125 0.345225423828125 0.8978856279296875 0.3422309541015625 0.9015082275390625 0.3276680888671875
1 0.942257681640625 0.67443569140625 0.9251891630859375 0.673695515625 0.912575705078125 0.6776714912109375 0.914561755859375 0.7281961494140625 0.920907943359375 0.7304595927734375 0.94502600390625 0.72877309375 0.9478357841796875 0.724709169921875 0.9486216923828125 0.7138253662109375 0.94601120703125 0.6764936865234376 0.942257681640625 0.67443569140625
1 0.92213825 0.3424687685546875 0.9379382578125 0.3398169462890625 0.9408825986328125 0.3376773349609375 0.94245259765625 0.3232580009765625 0.9407142109375 0.25415228515625 0.936447537109375 0.2521301728515625 0.9214585302734375 0.251631328125 0.905631609375 0.2538982880859375 0.9017147939453125 0.2568793896484375 0.9035240966796875 0.3122507158203125 0.9019370048828125 0.341174166015625 0.9046373173828125 0.3429190634765625 0.92213825 0.3424687685546875
1 0.9840679541015624 0.3358177548828125 0.9834329697265625 0.282491408203125 0.98543174609375 0.2815781513671875 0.983171119140625 0.249249685546875 0.959810236328125 0.24701579296875 0.944117876953125 0.2512070654296875 0.9427129873046876 0.2532390283203125 0.9440207783203125 0.31618694140625 0.9426948076171875 0.326721765625 0.9429890244140625 0.338303529296875 0.9492813876953125 0.33979724609375 0.981636763671875 0.337921482421875 0.9840679541015624 0.3358177548828125
0 0.4248046875 0.8095703125 0.42578125 0.8203125 0.419921875 0.8232421875 0.3994140625 0.8232421875 0.3974609375 0.8095703125 0.40625 0.8076171875 0.4228515625 0.8076171875 0.423828125 0.8095703125
0 0.0400390625 0.58984375 0.048828125 0.58984375 0.05078125 0.599609375 0.046875 0.603515625 0.0341796875 0.6044921875 0.0283203125 0.6044921875 0.0263671875 0.6025390625 0.0244140625 0.59375 0.025390625 0.5908203125 0.0390625 0.58984375
0 0.9296875 0.3427734375 0.9345703125 0.34375 0.9365234375 0.3544921875 0.9345703125 0.3583984375 0.921875 0.3603515625 0.90234375 0.359375 0.9013671875 0.3486328125 0.9033203125 0.345703125 0.9287109375 0.3427734375
0 0.8876953125 0.9267578125 0.9033203125 0.9296875 0.904296875 0.9423828125 0.900390625 0.9453125 0.8740234375 0.9443359375 0.873046875 0.9296875 0.88671875 0.9267578125
0 0.7802734375 0.544921875 0.7861328125 0.587890625 0.7734375 0.5927734375 0.765625 0.5908203125 0.7373046875 0.591796875 0.734375 0.58984375 0.734375 0.583984375 0.732421875 0.58203125 0.732421875 0.55078125 0.7333984375 0.5478515625 0.779296875 0.544921875
0 0.337890625 0.7392578125 0.3544921875 0.7412109375 0.3564453125 0.751953125 0.34765625 0.7548828125 0.328125 0.75390625 0.3271484375 0.7431640625 0.3369140625 0.7392578125
0 0.0634765625 0.7470703125 0.07421875 0.7490234375 0.0751953125 0.7578125 0.0673828125 0.7607421875 0.052734375 0.7607421875 0.0498046875 0.7587890625 0.05078125 0.748046875 0.0625 0.7470703125
0 0.234375 0.4091796875 0.234375 0.3974609375 0.23828125 0.3876953125 0.2509765625 0.3828125 0.2646484375 0.3828125 0.2763671875 0.3798828125 0.28125 0.3818359375 0.2822265625 0.388671875 0.27734375 0.4033203125 0.2646484375 0.408203125 0.2529296875 0.408203125 0.25 0.41015625 0.2353515625 0.4091796875
0 0.861328125 0.7333984375 0.865234375 0.736328125 0.865234375 0.7470703125 0.8623046875 0.7490234375 0.8359375 0.7490234375 0.833984375 0.7470703125 0.833984375 0.7373046875 0.8359375 0.7353515625 0.8603515625 0.7333984375
0 0.455078125 0.5986328125 0.4541015625 0.5810546875 0.4560546875 0.5751953125 0.4580078125 0.5732421875 0.4814453125 0.5712890625 0.4970703125 0.5712890625 0.5009765625 0.5732421875 0.5029296875 0.5771484375 0.501953125 0.595703125 0.49609375 0.5986328125 0.4560546875 0.5986328125
0 0.744140625 0.3466796875 0.765625 0.349609375 0.771484375 0.34765625 0.7802734375 0.3486328125 0.7822265625 0.357421875 0.7802734375 0.3671875 0.7646484375 0.3740234375 0.740234375 0.3740234375 0.7314453125 0.3701171875 0.728515625 0.3525390625 0.732421875 0.34765625 0.7431640625 0.3466796875
0 0.09375 0.9248046875 0.1044921875 0.927734375 0.1044921875 0.9384765625 0.1025390625 0.939453125 0.0791015625 0.9384765625 0.0791015625 0.927734375 0.0810546875 0.92578125 0.0927734375 0.9248046875
0 0.1494140625 0.5859375 0.1513671875 0.58984375 0.150390625 0.5966796875 0.1396484375 0.599609375 0.1259765625 0.599609375 0.1240234375 0.59765625 0.123046875 0.587890625 0.1484375 0.5859375
0 0.52197265625 0.8154296875 0.0302734375 0.017578125
0 0.4619140625 0.9287109375 0.466796875 0.9287109375 0.470703125 0.931640625 0.4697265625 0.94140625 0.4521484375 0.943359375 0.4423828125 0.9404296875 0.443359375 0.9296875 0.4609375 0.9287109375
0 0.6962890625 0.80859375 0.6962890625 0.8203125 0.685546875 0.822265625 0.6708984375 0.822265625 0.66796875 0.8203125 0.66796875 0.8095703125 0.671875 0.8076171875 0.6953125 0.80859375
0 0.21533203125 0.58935546875 0.029296875 0.0166015625
0 0.2998046875 0.5771484375 0.306640625 0.578125 0.30859375 0.583984375 0.3076171875 0.5908203125 0.2998046875 0.5927734375 0.2880859375 0.591796875 0.2861328125 0.59375 0.28125 0.591796875 0.28125 0.580078125 0.298828125 0.578125
0 0.4375 0.7392578125 0.4384765625 0.7529296875 0.4189453125 0.75390625 0.4169921875 0.755859375 0.4111328125 0.75390625 0.41015625 0.7431640625 0.412109375 0.7412109375 0.4365234375 0.7392578125
0 0.29296875 0.8173828125 0.029296875 0.0166015625
0 0.236328125 0.8115234375 0.24609375 0.8115234375 0.248046875 0.8173828125 0.2470703125 0.8232421875 0.23828125 0.82421875 0.2236328125 0.82421875 0.2216796875 0.822265625 0.2216796875 0.8125 0.2353515625 0.8115234375
0 0.6875 0.7353515625 0.7021484375 0.7353515625 0.703125 0.748046875 0.68359375 0.7509765625 0.6748046875 0.75 0.673828125 0.7373046875 0.6865234375 0.7353515625
0 0.3515625 0.9267578125 0.359375 0.9267578125 0.3623046875 0.931640625 0.3623046875 0.939453125 0.3544921875 0.94140625 0.3369140625 0.94140625 0.3349609375 0.9384765625 0.3349609375 0.927734375 0.3505859375 0.9267578125
0 0.9951171875 0.818359375 0.9951171875 0.80859375 0.998046875 0.8046875 0.9990234375 0.8193359375 0.99609375 0.818359375
0 0.359375 0.8095703125 0.369140625 0.8095703125 0.3701171875 0.8115234375 0.37109375 0.8212890625 0.3642578125 0.82421875 0.3466796875 0.82421875 0.341796875 0.818359375 0.34375 0.810546875 0.3583984375 0.8095703125
0 0.248046875 0.744140625 0.2509765625 0.7451171875 0.251953125 0.75390625 0.248046875 0.7568359375 0.2275390625 0.755859375 0.224609375 0.748046875 0.2265625 0.744140625 0.2470703125 0.744140625
0 0.15234375 0.8125 0.1552734375 0.818359375 0.1552734375 0.82421875 0.15234375 0.826171875 0.134765625 0.826171875 0.12890625 0.8232421875 0.1318359375 0.8134765625 0.1513671875 0.8125
0 0.8828125 0.3466796875 0.8857421875 0.353515625 0.8837890625 0.3603515625 0.8798828125 0.3623046875 0.8671875 0.361328125 0.8583984375 0.36328125 0.8515625 0.3623046875 0.8505859375 0.3505859375 0.8525390625 0.3486328125 0.8818359375 0.3466796875
0 0.3974609375 0.3779296875 0.3984375 0.3876953125 0.3916015625 0.3984375 0.36328125 0.40234375 0.3544921875 0.40234375 0.34765625 0.3984375 0.3505859375 0.388671875 0.3564453125 0.3798828125 0.396484375 0.3779296875
0 0.9990234375 0.7314453125 0.9990234375 0.74609375 0.9912109375 0.7470703125 0.984375 0.7421875 0.984375 0.7333984375 0.998046875 0.7314453125
0 0.8369140625 0.8056640625 0.8544921875 0.8046875 0.857421875 0.806640625 0.8603515625 0.81640625 0.8583984375 0.8193359375 0.853515625 0.8203125 0.8310546875 0.8203125 0.8291015625 0.8173828125 0.8291015625 0.8076171875 0.8359375 0.8056640625
0 0.3271484375 0.380859375 0.33984375 0.380859375 0.3427734375 0.38671875 0.3408203125 0.392578125 0.3251953125 0.404296875 0.3076171875 0.40625 0.2939453125 0.4052734375 0.29296875 0.3994140625 0.2978515625 0.38671875 0.3076171875 0.3818359375 0.326171875 0.380859375
0 0.5654296875 0.7373046875 0.5712890625 0.7431640625 0.5703125 0.7509765625 0.568359375 0.751953125 0.54296875 0.7509765625 0.5419921875 0.7412109375 0.5439453125 0.73828125 0.564453125 0.7373046875
0 0.640625 0.3623046875 0.6435546875 0.365234375 0.6455078125 0.3740234375 0.6396484375 0.384765625 0.62890625 0.388671875 0.615234375 0.3896484375 0.5966796875 0.3896484375 0.5947265625 0.3876953125 0.5927734375 0.3759765625 0.595703125 0.3671875 0.6123046875 0.365234375 0.6142578125 0.36328125 0.6259765625 0.3642578125 0.62890625 0.3623046875 0.6396484375 0.3623046875
0 0.6728515625 0.9296875 0.67578125 0.9296875 0.677734375 0.9384765625 0.67578125 0.943359375 0.662109375 0.9443359375 0.6484375 0.943359375 0.6474609375 0.931640625 0.650390625 0.9287109375 0.671875 0.9296875
0 0.4833984375 0.3701171875 0.5146484375 0.3720703125 0.515625 0.3828125 0.5126953125 0.3916015625 0.5009765625 0.396484375 0.47265625 0.396484375 0.4638671875 0.392578125 0.46875 0.3740234375 0.478515625 0.369140625 0.482421875 0.3701171875
0 0.2373046875 0.9267578125 0.240234375 0.9365234375 0.23828125 0.9404296875 0.21484375 0.939453125 0.2119140625 0.935546875 0.2138671875 0.9267578125 0.236328125 0.9267578125
1 0.8569536259765625 0.4058120947265625 0.8589200361328125 0.4265587958984375 0.86561971875 0.4191289072265625 0.8684007685546875 0.4220283935546875 0.8761536640625 0.4149116005859375 0.875965279296875 0.4122175615234375 0.8691059404296875 0.4099900009765625 0.8693230556640625 0.40572062890625 0.8569536259765625 0.4058120947265625
1 0.957222310546875 0.4459834609375 0.9553617314453124 0.434124484375 0.955916337890625 0.3756872744140625 0.9522166376953125 0.37439900390625 0.94921847265625 0.3757688896484375 0.9333108154296875 0.37688126171875 0.9069786806640625 0.3764021171875 0.9046013154296875 0.3792755703125 0.90559161328125 0.415560310546875 0.906879763671875 0.4487302666015625 0.908499951171875 0.449777205078125 0.9398828515625 0.4487429326171875 0.957222310546875 0.4459834609375