1 0 0.389660494140625 0.022119341796875 0.3900462958984375 0.02777777734375 0.386959876953125 0.0257201650390625 0.307098765625 0.0154320986328125 0.2997685185546875 0.0077160498046875 0.3001543212890625 0.003086419921875 0.3032407412109375 0 0.307098765625 0 0.389660494140625
1 0.0586419755859375 0.3873456787109375 0.060185185546875 0.369598765625 0.057098765625 0.317515431640625 0.0534979423828125 0.30362654296875 0.0483539091796875 0.3001543212890625 0.0396090537109375 0.3001543212890625 0.034979423828125 0.3086419755859375 0.028806583984375 0.3117283955078125 0.0272633740234375 0.320987654296875 0.0282921806640625 0.3873456787109375 0.0293209873046875 0.388888888671875 0.0545267490234375 0.389660494140625 0.0586419755859375 0.3873456787109375
1 0.0946502060546875 0.3831018515625 0.0946502060546875 0.3622685185546875 0.0915637861328125 0.3105709873046875 0.08487654296875 0.3024691357421875 0.075102880859375 0.300540123046875 0.05915637890625 0.3132716044921875 0.060185185546875 0.3873456787109375 0.077160494140625 0.3904320986328125 0.092078189453125 0.38927469140625 0.0946502060546875 0.3831018515625
1 0.0982510283203125 0.3885030859375 0.1054526748046875 0.389660494140625 0.1265432099609375 0.388888888671875 0.128086419921875 0.386959876953125 0.1286008232421875 0.369598765625 0.12705761328125 0.3306327158203125 0.1244855966796875 0.3279320986328125 0.12705761328125 0.3248456787109375 0.1265432099609375 0.3152006171875 0.1172839501953125 0.30632716015625 0.111111111328125 0.3082561728515625 0.1095679013671875 0.3059413583984375 0.1064814814453125 0.309413580078125 0.095164609375 0.3136574072265625 0.094135802734375 0.3356481484375 0.09722222265625 0.3707561728515625 0.095164609375 0.386188271484375 0.0982510283203125 0.3885030859375
1 0.16100823046875 0.3900462958984375 0.16306584375 0.3881172841796875 0.1615226337890625 0.310185185546875 0.153806583984375 0.30169753125 0.1466049384765625 0.2997685185546875 0.1404320986328125 0.3024691357421875 0.13786008203125 0.309413580078125 0.133230453125 0.310185185546875 0.1291152265625 0.3140432099609375 0.1286008232421875 0.3877314814453125 0.130144033203125 0.38927469140625 0.1435185185546875 0.3908179013671875 0.16100823046875 0.3900462958984375
1 0.1934156376953125 0.3908179013671875 0.195987654296875 0.388888888671875 0.1970164609375 0.3703703701171875 0.195987654296875 0.3105709873046875 0.1944444443359375 0.307098765625 0.1882716044921875 0.3032407412109375 0.1826131689453125 0.300540123046875 0.1774691357421875 0.3001543212890625 0.1733539091796875 0.3024691357421875 0.1646090537109375 0.3140432099609375 0.16306584375 0.335262345703125 0.16512345703125 0.388888888671875 0.17181069921875 0.3912037041015625 0.1934156376953125 0.3908179013671875
1 0.210905349609375 0.3908179013671875 0.23302469140625 0.38927469140625 0.2350823046875 0.3842592587890625 0.2325102880859375 0.318287037109375 0.227880658203125 0.3055555556640625 0.2206790126953125 0.2997685185546875 0.2114197529296875 0.2997685185546875 0.2052469140625 0.3078703701171875 0.198045267578125 0.3109567900390625 0.195987654296875 0.3144290126953125 0.198045267578125 0.3591820986328125 0.1970164609375 0.3881172841796875 0.200102880859375 0.3900462958984375 0.210905349609375 0.3908179013671875
1 0.2705761318359375 0.3904320986328125 0.269032921875 0.3113425927734375 0.265946501953125 0.30632716015625 0.2556584365234375 0.3001543212890625 0.2474279833984375 0.3001543212890625 0.2433127568359375 0.3082561728515625 0.236111111328125 0.312114197265625 0.2345679013671875 0.315586419921875 0.23713991796875 0.38927469140625 0.241769546875 0.3912037041015625 0.2685185185546875 0.391589505859375 0.2705761318359375 0.3904320986328125
1 0.307098765625 0.386188271484375 0.3086419755859375 0.3765432099609375 0.30504115234375 0.324459876953125 0.297839505859375 0.3217592587890625 0.2793209873046875 0.3206018515625 0.2726337451171875 0.3221450615234375 0.2695473251953125 0.3275462958984375 0.272119341796875 0.3900462958984375 0.2793209873046875 0.3912037041015625 0.304012345703125 0.3885030859375 0.307098765625 0.386188271484375
1 0.335905349609375 0.3939043212890625 0.346193416015625 0.3904320986328125 0.344135802734375 0.3796296298828125 0.34310699609375 0.332561728515625 0.3410493828125 0.32677469140625 0.337962962890625 0.3229166669921875 0.3312757197265625 0.3221450615234375 0.307098765625 0.32407407421875 0.310185185546875 0.38657407421875 0.3235596708984375 0.3900462958984375 0.3276748974609375 0.3931327158203125 0.335905349609375 0.3939043212890625
1 0.3791152265625 0.3904320986328125 0.38117283984375 0.38580246875 0.37705761328125 0.324459876953125 0.37294238671875 0.3217592587890625 0.365226337890625 0.3217592587890625 0.3492798349609375 0.3229166669921875 0.3446502060546875 0.326388888671875 0.3467078193359375 0.36419753125 0.345164609375 0.3904320986328125 0.3477366259765625 0.39197530859375 0.3791152265625 0.3904320986328125
1 0.4176954736328125 0.3877314814453125 0.4156378603515625 0.320987654296875 0.4094650205078125 0.3198302470703125 0.382201646484375 0.320987654296875 0.380144033203125 0.3229166669921875 0.383230453125 0.3900462958984375 0.3894032919921875 0.39197530859375 0.41512345703125 0.3904320986328125 0.4176954736328125 0.3877314814453125
1 0.45576131640625 0.391589505859375 0.4562757197265625 0.3221450615234375 0.4495884775390625 0.3202160498046875 0.4274691357421875 0.3206018515625 0.42181069921875 0.320987654296875 0.41923868359375 0.324459876953125 0.41923868359375 0.389660494140625 0.4238683125 0.39197530859375 0.4454732509765625 0.3935185185546875 0.45576131640625 0.391589505859375
1 0.4912551435546875 0.39197530859375 0.4933127568359375 0.386959876953125 0.492798353515625 0.324459876953125 0.4845679013671875 0.3221450615234375 0.45987654296875 0.3221450615234375 0.4578189296875 0.3256172841796875 0.4578189296875 0.391589505859375 0.46193415625 0.3935185185546875 0.4886831279296875 0.3931327158203125 0.4912551435546875 0.39197530859375
1 0.49794238671875 0.391589505859375 0.519032921875 0.3931327158203125 0.5267489716796875 0.38927469140625 0.5282921806640625 0.3846450615234375 0.529835390625 0.324459876953125 0.526234568359375 0.3221450615234375 0.518004115234375 0.320987654296875 0.4984567900390625 0.32330246875 0.4958847734375 0.324459876953125 0.494855966796875 0.3275462958984375 0.4943415634765625 0.3591820986328125 0.4963991767578125 0.3668981484375 0.494855966796875 0.3885030859375 0.49794238671875 0.391589505859375
1 0.562242798828125 0.392361111328125 0.56584362109375 0.3877314814453125 0.566872427734375 0.3252314814453125 0.5617283955078125 0.3221450615234375 0.53600823046875 0.3225308642578125 0.5324074072265625 0.324459876953125 0.5313786005859376 0.3333333330078125 0.528806583984375 0.3904320986328125 0.53600823046875 0.3931327158203125 0.557098765625 0.3939043212890625 0.562242798828125 0.392361111328125
1 0.6033950615234375 0.3927469140625 0.6054526748046875 0.3730709873046875 0.6064814814453126 0.338348765625 0.6044238681640625 0.320987654296875 0.595164609375 0.3194444443359375 0.57407407421875 0.3202160498046875 0.56995884765625 0.3221450615234375 0.5684156376953124 0.32677469140625 0.567901234375 0.3927469140625 0.5715020576171875 0.39544753125 0.6013374482421875 0.39467592578125 0.6033950615234375 0.3927469140625
1 0.6404320986328125 0.394290123046875 0.6424897119140625 0.3827160498046875 0.6394032919921875 0.3761574072265625 0.644032921875 0.3711419755859375 0.6455761318359375 0.3595679013671875 0.6455761318359375 0.3314043212890625 0.643004115234375 0.32330246875 0.630144033203125 0.3194444443359375 0.6095679013671875 0.3221450615234375 0.605967078125 0.3657407412109375 0.60802469140625 0.3707561728515625 0.6054526748046875 0.3939043212890625 0.6105967080078125 0.395061728515625 0.6404320986328125 0.394290123046875
1 0.6795267490234375 0.386959876953125 0.6784979423828125 0.377314814453125 0.6836419755859375 0.361111111328125 0.685185185546875 0.329861111328125 0.6836419755859375 0.3229166669921875 0.6784979423828125 0.3194444443359375 0.672839505859375 0.3190586416015625 0.65277777734375 0.3221450615234375 0.6476337451171875 0.3256172841796875 0.6466049384765625 0.3356481484375 0.6445473251953125 0.380015431640625 0.64609053515625 0.3939043212890625 0.674897119140625 0.3939043212890625 0.6795267490234375 0.386959876953125
1 0.720164609375 0.3831018515625 0.7186213994140624 0.3757716044921875 0.72222222265625 0.3518518515625 0.7206790126953125 0.320987654296875 0.6887860078125 0.3194444443359375 0.6856995888671875 0.3229166669921875 0.682098765625 0.3939043212890625 0.717078189453125 0.39544753125 0.719135802734375 0.3939043212890625 0.720164609375 0.3831018515625
1 0.723765431640625 0.3966049384765625 0.7556584365234374 0.3958333330078125 0.758230453125 0.394290123046875 0.7592592587890625 0.3854166669921875 0.7613168720703125 0.341435185546875 0.759773662109375 0.324459876953125 0.7536008232421875 0.3217592587890625 0.7422839501953125 0.3206018515625 0.7283950615234375 0.32137345703125 0.7227366259765625 0.324459876953125 0.723765431640625 0.3479938271484375 0.7206790126953125 0.3742283955078125 0.721193416015625 0.3939043212890625 0.723765431640625 0.3966049384765625
1 0.782921810546875 0.394290123046875 0.784979423828125 0.3877314814453125 0.78806584375 0.3850308642578125 0.7962962958984375 0.38580246875 0.7973251025390625 0.3846450615234375 0.80092592578125 0.344135802734375 0.8004115224609375 0.324459876953125 0.79681069921875 0.3217592587890625 0.779835390625 0.3202160498046875 0.7674897119140625 0.320987654296875 0.7613168720703125 0.3256172841796875 0.7592592587890625 0.39197530859375 0.7623456787109375 0.39544753125 0.779835390625 0.39544753125 0.782921810546875 0.394290123046875
1 0.820987654296875 0.3908179013671875 0.83487654296875 0.3900462958984375 0.83693415625 0.3873456787109375 0.8405349794921875 0.35262345703125 0.840020576171875 0.33487654296875 0.835905349609375 0.32407407421875 0.8323045263671875 0.3206018515625 0.8194444443359375 0.3194444443359375 0.8065843623046876 0.320987654296875 0.8024691357421875 0.32330246875 0.8014403291015625 0.3260030859375 0.8024691357421875 0.3425925927734375 0.7993827158203125 0.386959876953125 0.8034979423828125 0.388888888671875 0.820987654296875 0.3908179013671875
1 0.8415637861328125 0.39467592578125 0.8482510283203125 0.39544753125 0.8734567900390625 0.395061728515625 0.87705761328125 0.392361111328125 0.8786008232421875 0.374614197265625 0.878086419921875 0.3368055556640625 0.875 0.32407407421875 0.8724279833984375 0.32137345703125 0.8523662548828125 0.3206018515625 0.8395061728515625 0.324459876953125 0.8405349794921875 0.3649691357421875 0.837962962890625 0.3877314814453125 0.840020576171875 0.3931327158203125 0.8415637861328125 0.39467592578125
1 0.882201646484375 0.3939043212890625 0.89197530859375 0.395061728515625 0.9146090537109375 0.394290123046875 0.916152263671875 0.391589505859375 0.9171810703125 0.312114197265625 0.90689300390625 0.306712962890625 0.89197530859375 0.3059413583984375 0.8827160498046875 0.30902777734375 0.878086419921875 0.3136574072265625 0.8775720166015625 0.317901234375 0.880144033203125 0.323688271484375 0.8796296298828125 0.3912037041015625 0.882201646484375 0.3939043212890625
1 0.954218107421875 0.386959876953125 0.956790123046875 0.312114197265625 0.9526748974609375 0.30902777734375 0.935185185546875 0.30632716015625 0.922839505859375 0.3097993828125 0.9187242802734376 0.3136574072265625 0.9171810703125 0.3935185185546875 0.931069958984375 0.395061728515625 0.9511316875 0.39467592578125 0.954218107421875 0.386959876953125
1 0.9958847734375 0.35262345703125 0.9974279833984375 0.320987654296875 0.9958847734375 0.309413580078125 0.973765431640625 0.3055555556640625 0.9603909462890625 0.3097993828125 0.9583333330078125 0.312885802734375 0.956790123046875 0.3341049384765625 0.9547325107421875 0.394290123046875 0.9573045263671875 0.39544753125 0.9912551435546875 0.394290123046875 0.9958847734375 0.35262345703125
1 0.9958847734375 0.5 0.9994855966796875 0.4980709873046875 0.9994855966796875 0.431712962890625 0.9943415634765626 0.429012345703125 0.9583333330078125 0.42862654296875 0.9562757197265624 0.43132716015625 0.9552469140625 0.4529320986328125 0.954218107421875 0.499614197265625 0.9562757197265624 0.5015432099609375 0.9773662548828125 0.502314814453125 0.9958847734375 0.5
1 0.9434156376953124 0.5015432099609375 0.9495884775390625 0.500385802734375 0.952160494140625 0.4980709873046875 0.95318930078125 0.49112654296875 0.9526748974609375 0.46527777734375 0.95576131640625 0.43132716015625 0.94907407421875 0.4282407412109375 0.91100823046875 0.4274691357421875 0.9074074072265625 0.431712962890625 0.903806583984375 0.47762345703125 0.9043209873046875 0.4988425927734375 0.9074074072265625 0.5011574072265625 0.9434156376953124 0.5015432099609375
1 0.90277777734375 0.4980709873046875 0.9017489716796875 0.48032407421875 0.904835390625 0.449459876953125 0.904835390625 0.43402777734375 0.90277777734375 0.429012345703125 0.859053498046875 0.4278549384765625 0.854938271484375 0.462962962890625 0.854938271484375 0.4992283955078125 0.8683127568359374 0.5007716044921875 0.901234568359375 0.4992283955078125 0.90277777734375 0.4980709873046875
1 0.8330078125 0.46142578125 0.0458984375 0.076171875
1 0.787109375 0.46240234375 0.04736328125 0.07470703125
1 0.73876953125 0.46142578125 0.0400390625 0.07666015625
1 0.6923828125 0.462890625 0.04833984375 0.07275390625
1 0.6435546875 0.45947265625 0.0419921875 0.07470703125
1 0.599609375 0.46142578125 0.0458984375 0.076171875
1 0.556640625 0.4580078125 0.0419921875 0.07421875
1 0.51220703125 0.458984375 0.041015625 0.07861328125
1 0.4658203125 0.45703125 0.0458984375 0.08447265625
1 0.421875 0.4560546875 0.03466796875 0.0732421875
1 0.37646484375 0.4580078125 0.0439453125 0.07275390625
1 0.32958984375 0.45556640625 0.0439453125 0.0732421875
1 0.28515625 0.45556640625 0.044921875 0.07470703125
1 0.24169921875 0.45654296875 0.0458984375 0.07666015625
1 0.19775390625 0.4560546875 0.0400390625 0.07666015625
1 0.15625 0.45458984375 0.044921875 0.0751953125
1 0.1181640625 0.44921875 0.03125 0.0869140625
1 0.098765431640625 0.4903549384765625 0.100823044921875 0.48842592578125 0.098765431640625 0.4135802470703125 0.095164609375 0.4101080244140625 0.070987654296875 0.4101080244140625 0.0673868310546875 0.4158950615234375 0.067901234375 0.4864969140625 0.0694444443359375 0.488811728515625 0.0735596708984375 0.4899691357421875 0.098765431640625 0.4903549384765625
1 0.0673868310546875 0.4876543212890625 0.0637860078125 0.414737654296875 0.060185185546875 0.411265431640625 0.043209876953125 0.4077932099609375 0.0324074072265625 0.411265431640625 0.0293209873046875 0.4139660498046875 0.0303497939453125 0.4872685185546875 0.03600823046875 0.4895833330078125 0.064814814453125 0.488811728515625 0.0673868310546875 0.4876543212890625
1 0 0.48919753125 0.0257201650390625 0.48919753125 0.028806583984375 0.4876543212890625 0.029835390625 0.473765431640625 0.0267489716796875 0.4135802470703125 0.0257201650390625 0.412037037109375 0.0041152265625 0.411265431640625 0 0.4131944443359375 0 0.48919753125
1 0 0.5841049384765625 0.0046296298828125 0.5860339501953125 0.0231481484375 0.5864197529296875 0.0293209873046875 0.588734568359375 0.03600823046875 0.58487654296875 0.0334362138671875 0.5150462958984375 0.030864197265625 0.508487654296875 0.0267489716796875 0.5069444443359375 0.0154320986328125 0.505787037109375 0.0036008232421875 0.5073302470703125 0 0.5100308642578125 0 0.5841049384765625
1 0.03806584375 0.57677469140625 0.03806584375 0.5810185185546874 0.0396090537109375 0.58294753125 0.0447530859375 0.58217592578125 0.0534979423828125 0.58487654296875 0.0673868310546875 0.5864197529296875 0.068930041015625 0.5625 0.064814814453125 0.5131172841796875 0.0612139921875 0.511188271484375 0.0365226337890625 0.511188271484375 0.034979423828125 0.51427469140625 0.0354938271484375 0.5555555556640625 0.0375514404296875 0.567901234375 0.0447530859375 0.5752314814453126 0.03806584375 0.57677469140625
1 0.098765431640625 0.587962962890625 0.100823044921875 0.5856481484375 0.100823044921875 0.511959876953125 0.0956790126953125 0.508487654296875 0.0823045263671875 0.5073302470703125 0.070987654296875 0.5077160498046875 0.066872427734375 0.511188271484375 0.068930041015625 0.58487654296875 0.070987654296875 0.58757716015625 0.075102880859375 0.588348765625 0.098765431640625 0.587962962890625
1 0.0982510283203125 0.58487654296875 0.104938271484375 0.587962962890625 0.1291152265625 0.588348765625 0.13117283984375 0.5856481484375 0.1316872431640625 0.5779320986328125 0.1316872431640625 0.511959876953125 0.1296296298828125 0.5092592587890625 0.1234567900390625 0.5081018515625 0.1054526748046875 0.50887345703125 0.098765431640625 0.511959876953125 0.1013374482421875 0.52507716015625 0.1018518515625 0.57137345703125 0.100823044921875 0.581790123046875 0.0982510283203125 0.58487654296875
1 0.1754115224609375 0.5285493828125 0.1733539091796875 0.5216049384765625 0.1615226337890625 0.519290123046875 0.1363168720703125 0.5208333330078125 0.133230453125 0.5219907412109375 0.132201646484375 0.525462962890625 0.133230453125 0.5860339501953125 0.144032921875 0.5895061728515625 0.1743827158203125 0.588348765625 0.1754115224609375 0.5285493828125
1 0.21810699609375 0.528935185546875 0.2160493828125 0.52237654296875 0.2052469140625 0.520061728515625 0.181069958984375 0.520061728515625 0.1779835390625 0.52237654296875 0.1754115224609375 0.5412808642578125 0.1754115224609375 0.588348765625 0.1815843623046875 0.5898919755859375 0.2165637861328125 0.588734568359375 0.21810699609375 0.528935185546875
1 0.261831275390625 0.5219907412109375 0.223765431640625 0.5208333330078125 0.221193416015625 0.52237654296875 0.2196502060546875 0.5285493828125 0.2196502060546875 0.587962962890625 0.2232510283203125 0.590663580078125 0.2613168720703125 0.59027777734375 0.261831275390625 0.5219907412109375
1 0.3034979423828125 0.5918209873046875 0.3065843623046875 0.588348765625 0.3086419755859375 0.52237654296875 0.30504115234375 0.520061728515625 0.2716049384765625 0.5208333330078125 0.2654320986328125 0.5216049384765625 0.2633744853515625 0.5246913583984375 0.261831275390625 0.562114197265625 0.263888888671875 0.5918209873046875 0.2793209873046875 0.5929783955078125 0.3034979423828125 0.5918209873046875
1 0.3492798349609375 0.591435185546875 0.3523662548828125 0.5725308642578125 0.3523662548828125 0.5216049384765625 0.348765431640625 0.51967592578125 0.3415637861328125 0.519290123046875 0.3112139921875 0.52237654296875 0.3076131689453125 0.547839505859375 0.308127572265625 0.5891203701171875 0.3112139921875 0.5910493828125 0.3194444443359375 0.5918209873046875 0.3492798349609375 0.591435185546875
1 0.395061728515625 0.5910493828125 0.3966049384765625 0.5891203701171875 0.3976337451171875 0.5412808642578125 0.3976337451171875 0.528163580078125 0.395061728515625 0.52237654296875 0.3626543212890625 0.52044753125 0.356995884765625 0.5216049384765625 0.3533950615234375 0.5273919755859375 0.352880658203125 0.54282407421875 0.3523662548828125 0.5891203701171875 0.354938271484375 0.5910493828125 0.365226337890625 0.5929783955078125 0.395061728515625 0.5910493828125
1 0.4063786005859375 0.59375 0.4387860078125 0.594135802734375 0.4413580244140625 0.5922067900390625 0.4423868310546875 0.5177469140625 0.432098765625 0.5181327158203125 0.4238683125 0.5212191357421875 0.403806583984375 0.5208333330078125 0.3986625517578125 0.5243055556640625 0.397119341796875 0.5524691357421875 0.3981481484375 0.588734568359375 0.4007201650390625 0.5918209873046875 0.4063786005859375 0.59375
1 0.5344650205078125 0.57947530859375 0.534979423828125 0.528935185546875 0.5293209873046875 0.51967592578125 0.522119341796875 0.5189043212890625 0.515946501953125 0.5235339501953125 0.494855966796875 0.5231481484375 0.4897119345703125 0.525848765625 0.48919753125 0.5532407412109375 0.4886831279296875 0.5918209873046875 0.4963991767578125 0.5952932099609375 0.53189300390625 0.5952932099609375 0.5344650205078125 0.57947530859375
1 0.4845679013671875 0.5945216044921875 0.4866255146484375 0.590663580078125 0.4876543212890625 0.5543981484375 0.4866255146484375 0.52777777734375 0.4845679013671875 0.5219907412109375 0.4814814814453125 0.5235339501953125 0.477880658203125 0.5212191357421875 0.46810699609375 0.5235339501953125 0.4495884775390625 0.5219907412109375 0.4465020576171875 0.5231481484375 0.443930041015625 0.5270061728515625 0.4434156376953125 0.5412808642578125 0.4434156376953125 0.5929783955078125 0.4454732509765625 0.5945216044921875 0.45987654296875 0.5952932099609375 0.4845679013671875 0.5945216044921875
1 0.5776748974609375 0.5952932099609375 0.57818930078125 0.59027777734375 0.579218107421875 0.5273919755859375 0.5776748974609375 0.5216049384765625 0.57407407421875 0.517361111328125 0.5673868310546875 0.517361111328125 0.5637860078125 0.5219907412109375 0.543209876953125 0.52044753125 0.5354938271484375 0.525848765625 0.5344650205078125 0.5285493828125 0.5339506171875 0.5945216044921875 0.53600823046875 0.5964506171875 0.5745884775390625 0.59722222265625 0.5776748974609375 0.5952932099609375
1 0.604938271484375 0.59722222265625 0.619855966796875 0.5956790126953125 0.6234567900390625 0.5895061728515625 0.623971193359375 0.528163580078125 0.581790123046875 0.5266203701171875 0.5797325107421875 0.548611111328125 0.5787037041015625 0.5844907412109375 0.5802469140625 0.5949074072265625 0.58487654296875 0.5964506171875 0.604938271484375 0.59722222265625
1 0.668209876953125 0.594135802734375 0.6687242802734376 0.53125 0.6656378603515625 0.528935185546875 0.6466049384765625 0.528935185546875 0.638888888671875 0.5273919755859375 0.6286008232421875 0.5273919755859375 0.6255144033203125 0.5293209873046875 0.623971193359375 0.5956790126953125 0.6337448564453125 0.5979938271484375 0.6656378603515625 0.596836419921875 0.668209876953125 0.594135802734375
1 0.7124485595703125 0.596064814453125 0.7155349794921875 0.59027777734375 0.717078189453125 0.5293209873046875 0.71399176953125 0.528163580078125 0.6779835390625 0.52777777734375 0.67181069921875 0.528935185546875 0.6702674892578125 0.557098765625 0.6697530859375 0.596836419921875 0.6743827158203125 0.599151234375 0.702160494140625 0.599537037109375 0.7124485595703125 0.596064814453125
1 0.761831275390625 0.599151234375 0.76286008203125 0.5918209873046875 0.7623456787109375 0.5300925927734375 0.755144033203125 0.5297067900390625 0.74382716015625 0.5324074072265625 0.734053498046875 0.5297067900390625 0.7206790126953125 0.5293209873046875 0.717078189453125 0.5497685185546874 0.7165637861328125 0.599151234375 0.742798353515625 0.6014660498046875 0.7592592587890625 0.6006944443359375 0.761831275390625 0.599151234375
1 0.7726337451171875 0.5918209873046875 0.7757201650390625 0.5868055556640625 0.7854938271484375 0.585262345703125 0.804012345703125 0.5856481484375 0.8076131689453125 0.58294753125 0.8106995888671875 0.53125 0.804012345703125 0.5293209873046875 0.78806584375 0.530864197265625 0.776234568359375 0.528935185546875 0.7674897119140625 0.5293209873046875 0.7644032919921875 0.534336419921875 0.763888888671875 0.548611111328125 0.763888888671875 0.5979938271484375 0.7695473251953125 0.59992283984375 0.772119341796875 0.5979938271484375 0.7726337451171875 0.5918209873046875
1 0.82818930078125 0.60262345703125 0.852880658203125 0.6006944443359375 0.855967078125 0.5952932099609375 0.85802469140625 0.5320216044921875 0.8544238681640625 0.5300925927734375 0.845164609375 0.5300925927734375 0.8312757197265624 0.5331790126953125 0.8276748974609375 0.53125 0.8137860078125 0.5300925927734375 0.8106995888671875 0.548611111328125 0.8086419755859375 0.5783179013671875 0.810185185546875 0.58487654296875 0.825102880859375 0.5898919755859375 0.82818930078125 0.60262345703125
1 0.90689300390625 0.5331790126953125 0.904835390625 0.5320216044921875 0.86213991796875 0.530864197265625 0.859053498046875 0.5339506171875 0.85802469140625 0.5501543212890625 0.8564814814453126 0.602237654296875 0.8626543212890625 0.6037808642578125 0.903806583984375 0.602237654296875 0.90689300390625 0.5331790126953125
1 0.9552469140625 0.60455246875 0.9578189296875 0.562114197265625 0.9573045263671875 0.5331790126953125 0.941872427734375 0.531635802734375 0.918209876953125 0.5320216044921875 0.9115226337890625 0.5331790126953125 0.9094650205078125 0.536265431640625 0.905864197265625 0.5918209873046875 0.9074074072265625 0.60262345703125 0.9171810703125 0.604938271484375 0.9552469140625 0.60455246875
1 0.9994855966796875 0.5327932099609375 0.96399176953125 0.5324074072265625 0.9603909462890625 0.5339506171875 0.9578189296875 0.5706018515625 0.9583333330078125 0.604938271484375 0.9727366259765625 0.6064814814453126 0.9994855966796875 0.604938271484375 0.9994855966796875 0.5327932099609375
1 0.9994855966796875 0.63387345703125 0.9665637861328125 0.6342592587890625 0.960905349609375 0.636959876953125 0.9578189296875 0.6782407412109375 0.956790123046875 0.7029320986328125 0.9593621396484375 0.7060185185546874 0.9994855966796875 0.7064043212890625 0.9994855966796875 0.63387345703125
1 0.95318930078125 0.70447530859375 0.95576131640625 0.702160494140625 0.956790123046875 0.6971450615234375 0.95987654296875 0.6377314814453126 0.956790123046875 0.6350308642578125 0.9495884775390625 0.633487654296875 0.9264403291015625 0.6315586416015625 0.918209876953125 0.6319444443359375 0.914094650390625 0.633487654296875 0.91306584375 0.636188271484375 0.91306584375 0.7010030859375 0.9146090537109375 0.7029320986328125 0.9202674892578125 0.70447530859375 0.95318930078125 0.70447530859375
1 0.91100823046875 0.6998456787109375 0.912037037109375 0.69367283984375 0.912037037109375 0.63657407421875 0.91100823046875 0.6350308642578125 0.8883744853515625 0.6327160498046875 0.869855966796875 0.6327160498046875 0.8672839501953125 0.636188271484375 0.865226337890625 0.7025462958984375 0.8796296298828125 0.704861111328125 0.907921810546875 0.7037037041015625 0.91100823046875 0.6998456787109375
1 0.8626543212890625 0.70177469140625 0.8636831279296875 0.69830246875 0.8662551435546875 0.633487654296875 0.8595679013671875 0.6319444443359375 0.8312757197265624 0.6319444443359375 0.8215020576171875 0.636959876953125 0.8204732509765625 0.70177469140625 0.82407407421875 0.7037037041015625 0.8605967080078125 0.7025462958984375 0.8626543212890625 0.70177469140625
1 0.818930041015625 0.7002314814453126 0.8204732509765625 0.6373456787109375 0.817901234375 0.6350308642578125 0.7793209873046875 0.6327160498046875 0.7757201650390625 0.63580246875 0.774176955078125 0.699459876953125 0.7793209873046875 0.70177469140625 0.8173868310546875 0.7025462958984375 0.818930041015625 0.7002314814453126
1 0.7716049384765625 0.7002314814453126 0.7731481484375 0.699459876953125 0.774176955078125 0.633487654296875 0.772119341796875 0.63117283984375 0.755144033203125 0.6292438271484375 0.7304526748046875 0.6288580244140625 0.7294238681640625 0.630401234375 0.727880658203125 0.69830246875 0.729938271484375 0.6998456787109375 0.7433127568359374 0.7010030859375 0.7716049384765625 0.7002314814453126
1 0.7273662548828125 0.6793981484375 0.7283950615234375 0.630401234375 0.71399176953125 0.628086419921875 0.6856995888671875 0.628086419921875 0.683127572265625 0.630015431640625 0.6815843623046876 0.69637345703125 0.6856995888671875 0.699459876953125 0.723765431640625 0.699459876953125 0.7273662548828125 0.6793981484375
1 0.6805555556640625 0.695987654296875 0.682098765625 0.6296296298828125 0.679012345703125 0.6277006171875 0.66512345703125 0.6265432099609375 0.638888888671875 0.6265432099609375 0.6373456787109375 0.6466049384765625 0.6363168720703125 0.695987654296875 0.6445473251953125 0.6979166669921875 0.6784979423828125 0.6979166669921875 0.6805555556640625 0.695987654296875
1 0.6352880654296875 0.692901234375 0.6363168720703125 0.6724537041015625 0.63580246875 0.6269290126953125 0.6296296298828125 0.625385802734375 0.5936213994140624 0.6261574072265625 0.5915637861328125 0.628086419921875 0.5910493828125 0.639660494140625 0.5910493828125 0.6952160498046875 0.6147119345703125 0.6971450615234375 0.633230453125 0.695987654296875 0.6352880654296875 0.692901234375
1 0.5874485595703125 0.6952160498046875 0.58899176953125 0.692901234375 0.5905349794921875 0.651234568359375 0.5895061728515625 0.625 0.5812757197265624 0.619984568359375 0.575038580078125 0.6222993828125 0.5565843623046876 0.6222993828125 0.554012345703125 0.6234567900390625 0.549897119140625 0.62152777734375 0.545781892578125 0.6257716044921875 0.545781892578125 0.692901234375 0.547839505859375 0.6944444443359375 0.560185185546875 0.6952160498046875 0.5874485595703125 0.6952160498046875
1 0.54423868359375 0.6894290126953125 0.545781892578125 0.650462962890625 0.545781892578125 0.6400462958984375 0.541152263671875 0.6257716044921875 0.5396090537109375 0.624614197265625 0.524176955078125 0.6269290126953125 0.5015432099609375 0.6265432099609375 0.5015432099609375 0.692515431640625 0.54012345703125 0.6944444443359375 0.543209876953125 0.693287037109375 0.54423868359375 0.6894290126953125
1 0.5005144033203125 0.66782407421875 0.5 0.6265432099609375 0.48919753125 0.6238425927734375 0.4876543212890625 0.621913580078125 0.4742798349609375 0.62152777734375 0.45987654296875 0.62152777734375 0.456790123046875 0.6257716044921875 0.456790123046875 0.6894290126953125 0.45987654296875 0.692515431640625 0.4984567900390625 0.692901234375 0.5005144033203125 0.66782407421875
1 0.4336419755859375 0.6921296298828125 0.45318930078125 0.6917438271484375 0.4552469140625 0.6890432099609375 0.4562757197265625 0.6265432099609375 0.45318930078125 0.6207561728515625 0.4423868310546875 0.6184413583984375 0.4284979423828125 0.6184413583984375 0.4254115224609375 0.6168981484375 0.418209876953125 0.6176697529296875 0.414094650390625 0.6230709873046875 0.412037037109375 0.6427469140625 0.41306584375 0.67322530859375 0.4115226337890625 0.6890432099609375 0.4171810703125 0.69097222265625 0.4336419755859375 0.6921296298828125
1 0.409979423828125 0.6863425927734375 0.4115226337890625 0.6655092587890625 0.4115226337890625 0.622685185546875 0.4032921806640625 0.6203703701171875 0.3863168720703125 0.6207561728515625 0.3765432099609375 0.621913580078125 0.371913580078125 0.6242283955078125 0.3693415634765625 0.62847222265625 0.367798353515625 0.647762345703125 0.3662551435546875 0.6859567900390625 0.375 0.6890432099609375 0.407921810546875 0.6894290126953125 0.409979423828125 0.6863425927734375
1 0.3647119345703125 0.6863425927734375 0.366769546875 0.66782407421875 0.3683127568359375 0.622685185546875 0.3657407412109375 0.619984568359375 0.3302469140625 0.61882716015625 0.3266460908203125 0.6203703701171875 0.3245884775390625 0.6257716044921875 0.32407407421875 0.6859567900390625 0.333847736328125 0.6882716044921875 0.36213991796875 0.6882716044921875 0.3647119345703125 0.6863425927734375
1 0.3194444443359375 0.6875 0.323045267578125 0.6855709873046875 0.3245884775390625 0.6697530859375 0.32407407421875 0.622685185546875 0.3173868310546875 0.6184413583984375 0.2973251025390625 0.619212962890625 0.284979423828125 0.6180555556640625 0.279835390625 0.6230709873046875 0.2803497939453125 0.6855709873046875 0.282921810546875 0.6875 0.2926954736328125 0.6886574072265625 0.3194444443359375 0.6875
1 0.278806583984375 0.6847993828125 0.2793209873046875 0.619598765625 0.2443415634765625 0.6176697529296875 0.2376543212890625 0.619212962890625 0.2355967080078125 0.621913580078125 0.2355967080078125 0.685185185546875 0.2376543212890625 0.6875 0.2757201650390625 0.687885802734375 0.278806583984375 0.6847993828125
1 0.231995884765625 0.687114197265625 0.234053498046875 0.6859567900390625 0.2350823046875 0.6543209873046875 0.234053498046875 0.619598765625 0.210905349609375 0.616512345703125 0.1954732509765625 0.6176697529296875 0.191872427734375 0.6242283955078125 0.1913580244140625 0.6643518515625 0.1934156376953125 0.6855709873046875 0.195987654296875 0.687114197265625 0.231995884765625 0.687114197265625
1 0.1795267490234375 0.6863425927734375 0.1887860078125 0.68402777734375 0.1903292177734375 0.6805555556640625 0.1903292177734375 0.639660494140625 0.1862139921875 0.6207561728515625 0.182098765625 0.6176697529296875 0.1754115224609375 0.6157407412109375 0.147119341796875 0.6157407412109375 0.144032921875 0.6211419755859375 0.144032921875 0.6832561728515625 0.1466049384765625 0.685185185546875 0.157921810546875 0.6867283955078125 0.1795267490234375 0.6863425927734375
1 0.109053498046875 0.682484568359375 0.1126543212890625 0.6847993828125 0.1404320986328125 0.685185185546875 0.1424897119140625 0.682484568359375 0.1435185185546875 0.6122685185546874 0.136831275390625 0.6060956787109375 0.11213991796875 0.6064814814453126 0.1085390947265625 0.6091820986328125 0.1085390947265625 0.6489197529296875 0.1105967080078125 0.659336419921875 0.109053498046875 0.682484568359375
1 0.109053498046875 0.682098765625 0.106995884765625 0.610339505859375 0.1023662548828125 0.6064814814453126 0.0967078193359375 0.605709876953125 0.08076131640625 0.605709876953125 0.070987654296875 0.608410494140625 0.07407407421875 0.682098765625 0.077160494140625 0.6836419755859375 0.105967078125 0.68402777734375 0.109053498046875 0.682098765625
1 0.0735596708984375 0.682098765625 0.075102880859375 0.661651234375 0.070987654296875 0.61419753125 0.0735596708984375 0.6091820986328125 0.0684156376953125 0.605709876953125 0.060185185546875 0.604938271484375 0.047839505859375 0.605709876953125 0.041152263671875 0.6091820986328125 0.0426954736328125 0.6805555556640625 0.0462962958984375 0.682484568359375 0.070987654296875 0.6832561728515625 0.0735596708984375 0.682098765625
1 0.0154320986328125 0.6828703701171875 0.0396090537109375 0.682484568359375 0.0416666669921875 0.6778549384765625 0.0421810703125 0.6589506171875 0.039094650390625 0.6091820986328125 0.03600823046875 0.605709876953125 0.026234568359375 0.6041666669921875 0.01286008203125 0.60455246875 0.0077160498046875 0.6087962958984375 0.0066872431640625 0.644290123046875 0.0092592587890625 0.6797839501953125 0.01080246875 0.682098765625 0.0154320986328125 0.6828703701171875
1 0 0.7507716044921875 0.0226337451171875 0.7519290126953125 0.0246913583984375 0.7484567900390625 0.024176955078125 0.704089505859375 0.015946501953125 0.7002314814453126 0.008230453125 0.699459876953125 0.0036008232421875 0.701388888671875 0 0.7029320986328125 0 0.7507716044921875
1 0.0529835390625 0.7515432099609375 0.0545267490234375 0.7457561728515625 0.0565843623046875 0.7064043212890625 0.0493827158203125 0.702160494140625 0.0375514404296875 0.6998456787109375 0.0293209873046875 0.702160494140625 0.026234568359375 0.7064043212890625 0.0257201650390625 0.7484567900390625 0.028806583984375 0.7515432099609375 0.0473251025390625 0.75347222265625 0.0529835390625 0.7515432099609375
1 0.0853909462890625 0.7515432099609375 0.0864197529296875 0.733410494140625 0.0853909462890625 0.7064043212890625 0.0715020576171875 0.701388888671875 0.0596707822265625 0.7029320986328125 0.056069958984375 0.7056327158203125 0.0565843623046875 0.749614197265625 0.0637860078125 0.7538580244140625 0.083847736328125 0.7527006171875 0.0853909462890625 0.7515432099609375
1 0.1126543212890625 0.755015431640625 0.1172839501953125 0.7318672841796875 0.11419753125 0.706790123046875 0.1085390947265625 0.7037037041015625 0.1003086416015625 0.702160494140625 0.095164609375 0.7025462958984375 0.085905349609375 0.7064043212890625 0.08693415625 0.7372685185546874 0.0853909462890625 0.7515432099609375 0.0910493828125 0.755015431640625 0.1126543212890625 0.755015431640625
1 0.140946501953125 0.7577160498046875 0.145061728515625 0.755015431640625 0.1476337451171875 0.7418981484375 0.1455761318359375 0.7064043212890625 0.1373456787109375 0.704089505859375 0.1224279833984375 0.704089505859375 0.117798353515625 0.7056327158203125 0.1157407412109375 0.7091049384765625 0.1172839501953125 0.7195216044921875 0.1162551435546875 0.7546296298828125 0.126028806640625 0.7573302470703125 0.140946501953125 0.7577160498046875
1 0.179012345703125 0.7430555556640625 0.1784979423828125 0.7091049384765625 0.1646090537109375 0.7029320986328125 0.157921810546875 0.7029320986328125 0.1517489716796875 0.7056327158203125 0.1481481484375 0.7094907412109375 0.1466049384765625 0.755787037109375 0.1723251025390625 0.758487654296875 0.176954732421875 0.7542438271484375 0.179012345703125 0.7430555556640625
1 0.210905349609375 0.755401234375 0.21193415625 0.746913580078125 0.208847736328125 0.7091049384765625 0.2037037041015625 0.7056327158203125 0.1954732509765625 0.704089505859375 0.182098765625 0.706790123046875 0.1805555556640625 0.7094907412109375 0.181069958984375 0.755015431640625 0.195987654296875 0.7596450615234375 0.2073045263671875 0.7592592587890625 0.210905349609375 0.755401234375
1 0.2376543212890625 0.7596450615234375 0.241769546875 0.7515432099609375 0.2412551435546875 0.7094907412109375 0.2314814814453125 0.70447530859375 0.22222222265625 0.70447530859375 0.21193415625 0.7091049384765625 0.2124485595703125 0.7565586416015625 0.21399176953125 0.7581018515625 0.2232510283203125 0.7596450615234375 0.2376543212890625 0.7596450615234375
1 0.2731481484375 0.755401234375 0.274176955078125 0.746913580078125 0.2731481484375 0.710262345703125 0.2649176953125 0.706790123046875 0.251028806640625 0.7060185185546874 0.24382716015625 0.7118055556640625 0.24382716015625 0.75617283984375 0.2546296298828125 0.7600308642578125 0.268004115234375 0.7596450615234375 0.2731481484375 0.755401234375
1 0.28189300390625 0.7592592587890625 0.2854938271484375 0.7604166669921875 0.3029835390625 0.7596450615234375 0.307098765625 0.755401234375 0.304012345703125 0.7094907412109375 0.2865226337890625 0.7060185185546874 0.27520576171875 0.7106481484375 0.2757201650390625 0.75 0.27777777734375 0.750385802734375 0.27777777734375 0.755015431640625 0.28189300390625 0.7592592587890625
1 0.3312757197265625 0.761959876953125 0.3353909462890625 0.758487654296875 0.33693415625 0.752314814453125 0.3384773662109375 0.7094907412109375 0.333847736328125 0.706790123046875 0.316872427734375 0.7052469140625 0.307098765625 0.7083333330078125 0.30504115234375 0.7121913583984375 0.307098765625 0.7569444443359375 0.3086419755859375 0.75887345703125 0.317901234375 0.761959876953125 0.3312757197265625 0.761959876953125
1 0.376028806640625 0.755015431640625 0.375 0.7087191357421875 0.37294238671875 0.707561728515625 0.3446502060546875 0.707561728515625 0.3415637861328125 0.7091049384765625 0.340020576171875 0.71257716015625 0.3410493828125 0.758487654296875 0.348765431640625 0.76080246875 0.37294238671875 0.7600308642578125 0.376028806640625 0.755015431640625
1 0.4043209873046875 0.761188271484375 0.407921810546875 0.75617283984375 0.40689300390625 0.70987654296875 0.401234568359375 0.70717592578125 0.384773662109375 0.707561728515625 0.3786008232421875 0.7087191357421875 0.37705761328125 0.7118055556640625 0.376028806640625 0.7368827158203125 0.378086419921875 0.758487654296875 0.382201646484375 0.761959876953125 0.4043209873046875 0.761188271484375
1 0.4403292177734375 0.75617283984375 0.439814814453125 0.7106481484375 0.4356995888671875 0.7083333330078125 0.4115226337890625 0.7087191357421875 0.409979423828125 0.7106481484375 0.4089506171875 0.7472993828125 0.41100823046875 0.761188271484375 0.4356995888671875 0.763888888671875 0.4403292177734375 0.75617283984375
1 0.470164609375 0.7604166669921875 0.4717078193359375 0.7422839501953125 0.47222222265625 0.7172067900390625 0.4706790126953125 0.7106481484375 0.46399176953125 0.7087191357421875 0.44495884765625 0.70987654296875 0.441872427734375 0.716435185546875 0.4413580244140625 0.76157407421875 0.4485596708984375 0.764660494140625 0.467078189453125 0.7635030859375 0.470164609375 0.7604166669921875
1 0.5036008232421875 0.746913580078125 0.503086419921875 0.713348765625 0.49794238671875 0.710262345703125 0.492798353515625 0.7094907412109375 0.4763374482421875 0.70987654296875 0.473765431640625 0.71257716015625 0.47222222265625 0.73302469140625 0.4727366259765625 0.761959876953125 0.4897119345703125 0.7650462958984375 0.5015432099609375 0.7631172841796875 0.5036008232421875 0.746913580078125
1 0.5354938271484375 0.75887345703125 0.5354938271484375 0.713348765625 0.5324074072265625 0.7114197529296875 0.5195473251953125 0.710262345703125 0.508230453125 0.7118055556640625 0.5046296298828125 0.7229938271484375 0.505144033203125 0.7623456787109375 0.518004115234375 0.7658179013671875 0.532921810546875 0.7654320986328125 0.5354938271484375 0.75887345703125
1 0.5643004111328125 0.766589505859375 0.5673868310546875 0.764660494140625 0.567901234375 0.7596450615234375 0.5673868310546875 0.7148919755859375 0.5632716044921875 0.71257716015625 0.54681069921875 0.7114197529296875 0.54012345703125 0.713348765625 0.5375514404296875 0.7168209873046875 0.5365226337890625 0.7627314814453126 0.539094650390625 0.7654320986328125 0.5426954736328125 0.7662037041015625 0.5643004111328125 0.766589505859375
1 0.598765431640625 0.7689043212890625 0.600823044921875 0.7658179013671875 0.6023662548828125 0.7168209873046875 0.5925925927734375 0.71257716015625 0.5833333330078125 0.71257716015625 0.570987654296875 0.713348765625 0.56995884765625 0.7172067900390625 0.5694444443359375 0.7654320986328125 0.570987654296875 0.767361111328125 0.5787037041015625 0.7685185185546874 0.598765431640625 0.7689043212890625
1 0.6327160498046875 0.7689043212890625 0.6342592587890625 0.75617283984375 0.633230453125 0.7172067900390625 0.630144033203125 0.7148919755859375 0.6203703701171875 0.712962962890625 0.6018518515625 0.7160493828125 0.6023662548828125 0.7662037041015625 0.6054526748046875 0.769290123046875 0.6296296298828125 0.77044753125 0.6327160498046875 0.7689043212890625
1 0.6676954736328125 0.769290123046875 0.66923868359375 0.7199074072265625 0.6656378603515625 0.716435185546875 0.6455761318359375 0.715663580078125 0.6373456787109375 0.7172067900390625 0.63580246875 0.7202932099609375 0.63580246875 0.7677469140625 0.6414609052734375 0.7708333330078125 0.66512345703125 0.7712191357421875 0.6676954736328125 0.769290123046875
1 0.700102880859375 0.770061728515625 0.6995884775390625 0.719135802734375 0.6923868310546875 0.715663580078125 0.674897119140625 0.7160493828125 0.6702674892578125 0.7168209873046875 0.6687242802734376 0.7199074072265625 0.668209876953125 0.7681327158203125 0.67181069921875 0.7712191357421875 0.698045267578125 0.77237654296875 0.700102880859375 0.770061728515625
1 0.7304526748046875 0.772762345703125 0.7325102880859375 0.76967592578125 0.7335390947265625 0.744984568359375 0.7335390947265625 0.7268518515625 0.7314814814453126 0.71875 0.7186213994140624 0.7168209873046875 0.7052469140625 0.7175925927734375 0.702160494140625 0.7202932099609375 0.7011316875 0.733410494140625 0.7006172841796875 0.7604166669921875 0.7026748974609375 0.7716049384765625 0.7093621396484375 0.7731481484375 0.7304526748046875 0.772762345703125
1 0.7674897119140625 0.77044753125 0.768004115234375 0.730709876953125 0.7644032919921875 0.7202932099609375 0.76080246875 0.718364197265625 0.75205761328125 0.7179783955078125 0.7366255146484375 0.7199074072265625 0.7345679013671875 0.7364969140625 0.7325102880859375 0.77237654296875 0.73713991796875 0.7743055556640625 0.7654320986328125 0.7735339501953125 0.7674897119140625 0.77044753125
1 0.8004115224609375 0.775848765625 0.8024691357421875 0.769290123046875 0.804012345703125 0.7395833330078125 0.8024691357421875 0.7233796298828125 0.793209876953125 0.7195216044921875 0.7782921806640625 0.7195216044921875 0.7705761318359375 0.7226080244140625 0.769032921875 0.72955246875 0.7685185185546874 0.766589505859375 0.7705761318359375 0.772762345703125 0.77777777734375 0.77507716015625 0.8004115224609375 0.775848765625
1 0.8343621396484375 0.7773919755859375 0.83693415625 0.775848765625 0.8374485595703125 0.76697530859375 0.83693415625 0.7407407412109375 0.83899176953125 0.729938271484375 0.83693415625 0.7253086416015625 0.8287037041015625 0.7195216044921875 0.81995884765625 0.7195216044921875 0.8106995888671875 0.7226080244140625 0.806069958984375 0.727237654296875 0.80504115234375 0.73842592578125 0.8045267490234375 0.76967592578125 0.806069958984375 0.775848765625 0.8204732509765625 0.778163580078125 0.8343621396484375 0.7773919755859375
1 0.8657407412109375 0.778935185546875 0.8713991767578125 0.775848765625 0.873971193359375 0.7368827158203125 0.871913580078125 0.7260802470703125 0.863168724609375 0.7206790126953125 0.8554526748046875 0.7202932099609375 0.8395061728515625 0.727237654296875 0.837962962890625 0.7426697529296875 0.83899176953125 0.775848765625 0.8415637861328125 0.77777777734375 0.8657407412109375 0.778935185546875
1 0.90277777734375 0.778163580078125 0.904835390625 0.776234568359375 0.9084362138671875 0.73032407421875 0.9007201650390625 0.7226080244140625 0.8899176953125 0.72222222265625 0.876028806640625 0.7268518515625 0.8734567900390625 0.75 0.87294238671875 0.77507716015625 0.8744855966796875 0.7773919755859375 0.882201646484375 0.7797067900390625 0.90277777734375 0.778163580078125
1 0.924897119140625 0.7800925927734375 0.9387860078125 0.7793209873046875 0.941872427734375 0.7731481484375 0.942901234375 0.749614197265625 0.942901234375 0.7310956787109375 0.94084362109375 0.727237654296875 0.935185185546875 0.723765431640625 0.929012345703125 0.7226080244140625 0.92181069921875 0.7229938271484375 0.91100823046875 0.727237654296875 0.9074074072265625 0.744598765625 0.9074074072265625 0.7731481484375 0.9089506171875 0.7773919755859375 0.91100823046875 0.778935185546875 0.924897119140625 0.7800925927734375
1 0.97479423828125 0.7677469140625 0.9768518515625 0.7364969140625 0.9753086416015625 0.7291666669921875 0.9645061728515625 0.723765431640625 0.95576131640625 0.7229938271484375 0.945987654296875 0.72492283984375 0.9434156376953124 0.7268518515625 0.942901234375 0.730709876953125 0.942901234375 0.7793209873046875 0.970164609375 0.7800925927734375 0.973765431640625 0.7766203701171875 0.97479423828125 0.7677469140625
1 0.9994855966796875 0.724151234375 0.9804526748046875 0.727237654296875 0.9783950615234375 0.730709876953125 0.9763374482421875 0.746913580078125 0.975823044921875 0.778163580078125 0.9886831279296875 0.7800925927734375 0.9994855966796875 0.7797067900390625 0.9994855966796875 0.724151234375
1 0 0.8225308642578125 0.02109053515625 0.820987654296875 0.0216049384765625 0.7827932099609375 0.0185185185546875 0.77777777734375 0.013888888671875 0.7797067900390625 0.011831275390625 0.7785493828125 0 0.778935185546875 0 0.8225308642578125
1 0.0396090537109375 0.820987654296875 0.041152263671875 0.807484568359375 0.0447530859375 0.804012345703125 0.0437242802734375 0.7827932099609375 0.0396090537109375 0.778935185546875 0.0293209873046875 0.7773919755859375 0.0231481484375 0.77777777734375 0.02109053515625 0.7804783955078125 0.020061728515625 0.8171296298828125 0.0149176953125 0.820987654296875 0.0216049384765625 0.8221450615234375 0.0396090537109375 0.820987654296875
1 0.0673868310546875 0.82137345703125 0.0653292177734375 0.7827932099609375 0.0606995888671875 0.7800925927734375 0.049897119140625 0.7804783955078125 0.04423868359375 0.786265431640625 0.0437242802734375 0.82137345703125 0.0483539091796875 0.82407407421875 0.060185185546875 0.823688271484375 0.0673868310546875 0.82137345703125
1 0.06995884765625 0.824459876953125 0.0864197529296875 0.8256172841796875 0.08899176953125 0.82330246875 0.0874485595703125 0.7827932099609375 0.0761316875 0.78125 0.06584362109375 0.7831790126953125 0.0663580244140625 0.80902777734375 0.062757201171875 0.8202160498046875 0.0606995888671875 0.820987654296875 0.06995884765625 0.824459876953125
1 0.1085390947265625 0.814814814453125 0.1064814814453125 0.80169753125 0.1095679013671875 0.79552469140625 0.111111111328125 0.783564814453125 0.106995884765625 0.781635802734375 0.0915637861328125 0.78125 0.08899176953125 0.7827932099609375 0.08899176953125 0.8202160498046875 0.092078189453125 0.824459876953125 0.1064814814453125 0.824459876953125 0.1085390947265625 0.814814814453125
1 0.132201646484375 0.8252314814453126 0.1337448564453125 0.824459876953125 0.132201646484375 0.7858796298828125 0.1157407412109375 0.7824074072265625 0.1105967080078125 0.7858796298828125 0.109053498046875 0.793209876953125 0.1075102880859375 0.804012345703125 0.1105967080078125 0.824459876953125 0.1126543212890625 0.8260030859375 0.132201646484375 0.8252314814453126
1 0.1563786005859375 0.8248456787109375 0.1563786005859375 0.7851080244140625 0.147119341796875 0.781635802734375 0.1424897119140625 0.7831790126953125 0.1399176953125 0.7824074072265625 0.134773662109375 0.7851080244140625 0.133230453125 0.7916666669921875 0.1306584365234375 0.824459876953125 0.1404320986328125 0.827160494140625 0.1543209873046875 0.82677469140625 0.1563786005859375 0.8248456787109375
1 0.16943359375 0.80517578125 0.02392578125 0.04931640625
1 0.19384765625 0.80859375 0.01904296875 0.04736328125
1 0.21630859375 0.80615234375 0.02099609375 0.05078125
1 0.23876953125 0.80615234375 0.02001953125 0.04931640625
1 0.26220703125 0.80615234375 0.02294921875 0.04833984375
1 0.287109375 0.8037109375 0.02099609375 0.0439453125
1 0.3184156376953125 0.8283179013671875 0.317901234375 0.8032407412109375 0.3204732509765625 0.789737654296875 0.317901234375 0.78742283984375 0.3034979423828125 0.7851080244140625 0.2993827158203125 0.786651234375 0.2962962958984375 0.79282407421875 0.291152263671875 0.824459876953125 0.2983539091796875 0.8302469140625 0.3153292177734375 0.8314043212890625 0.3184156376953125 0.8283179013671875
1 0.3436213994140625 0.8279320986328125 0.344135802734375 0.7893518515625 0.33076131640625 0.787037037109375 0.32407407421875 0.7881944443359375 0.3204732509765625 0.789737654296875 0.318930041015625 0.8001543212890625 0.3184156376953125 0.8287037041015625 0.31995884765625 0.8314043212890625 0.342078189453125 0.83217592578125 0.3436213994140625 0.8279320986328125
1 0.367798353515625 0.8302469140625 0.3683127568359375 0.82137345703125 0.3683127568359375 0.7908950615234375 0.3662551435546875 0.7881944443359375 0.3523662548828125 0.78742283984375 0.346193416015625 0.7908950615234375 0.344135802734375 0.8059413583984375 0.344135802734375 0.8314043212890625 0.3544238681640625 0.83294753125 0.3657407412109375 0.832561728515625 0.367798353515625 0.8302469140625
1 0.3924897119140625 0.8302469140625 0.39197530859375 0.789737654296875 0.37294238671875 0.7881944443359375 0.3693415634765625 0.792438271484375 0.3693415634765625 0.83217592578125 0.383230453125 0.8341049384765625 0.3904320986328125 0.83294753125 0.3924897119140625 0.8302469140625
1 0.4074074072265625 0.8356481484375 0.412037037109375 0.83487654296875 0.41512345703125 0.83217592578125 0.41512345703125 0.7905092587890625 0.4007201650390625 0.786265431640625 0.3924897119140625 0.79282407421875 0.3914609052734375 0.81597222265625 0.3935185185546875 0.8314043212890625 0.3986625517578125 0.8341049384765625 0.4074074072265625 0.8356481484375
1 0.4403292177734375 0.83294753125 0.4393004111328125 0.7912808642578125 0.4356995888671875 0.7878086416015625 0.4295267490234375 0.79012345703125 0.42181069921875 0.7885802470703125 0.418209876953125 0.789737654296875 0.4166666669921875 0.793209876953125 0.4156378603515625 0.83294753125 0.420781892578125 0.83487654296875 0.437242798828125 0.835262345703125 0.4403292177734375 0.83294753125
1 0.462962962890625 0.79282407421875 0.4603909462890625 0.79012345703125 0.4537037041015625 0.7916666669921875 0.4423868310546875 0.79012345703125 0.439814814453125 0.7966820986328125 0.439814814453125 0.83217592578125 0.4423868310546875 0.835262345703125 0.462962962890625 0.8360339501953125 0.462962962890625 0.79282407421875
1 0.484053498046875 0.83757716015625 0.4866255146484375 0.83487654296875 0.4850823046875 0.793209876953125 0.4675925927734375 0.7916666669921875 0.4634773662109375 0.797839505859375 0.46399176953125 0.8286072529296875 0.460905349609375 0.83487654296875 0.4660493828125 0.8371913583984375 0.484053498046875 0.83757716015625
1 0.5102880654296875 0.835262345703125 0.509773662109375 0.7943672841796875 0.5056584365234374 0.7916666669921875 0.5025720166015625 0.792438271484375 0.492798353515625 0.7905092587890625 0.48713991796875 0.7962962958984375 0.4866255146484375 0.835262345703125 0.4943415634765625 0.837962962890625 0.508230453125 0.837962962890625 0.5102880654296875 0.835262345703125
1 0.532921810546875 0.8144290126953125 0.532921810546875 0.7962962958984375 0.529835390625 0.7943672841796875 0.5231481484375 0.7943672841796875 0.5154320986328125 0.79205246875 0.511831275390625 0.793209876953125 0.5113168720703125 0.795138888671875 0.51080246875 0.835262345703125 0.5144032919921875 0.838348765625 0.5293209873046875 0.838734568359375 0.532921810546875 0.8144290126953125
1 0.5565843623046876 0.838348765625 0.556069958984375 0.7974537041015625 0.5534979423828125 0.7947530859375 0.54681069921875 0.793209876953125 0.53600823046875 0.7939814814453126 0.5334362138671875 0.7974537041015625 0.53189300390625 0.83757716015625 0.53600823046875 0.8398919755859375 0.554012345703125 0.84027777734375 0.5565843623046876 0.838348765625
1 0.58076131640625 0.838348765625 0.5812757197265624 0.7947530859375 0.5637860078125 0.7908950615234375 0.560185185546875 0.79205246875 0.558127572265625 0.797839505859375 0.558127572265625 0.838348765625 0.5606995888671875 0.84027777734375 0.5776748974609375 0.841435185546875 0.58076131640625 0.838348765625
1 0.6054526748046875 0.8395061728515625 0.605967078125 0.832561728515625 0.6054526748046875 0.7966820986328125 0.6023662548828125 0.793209876953125 0.5967078193359375 0.793209876953125 0.5946502060546875 0.7908950615234375 0.58487654296875 0.7939814814453126 0.581790123046875 0.7997685185546874 0.581790123046875 0.8398919755859375 0.58487654296875 0.8422067900390625 0.6023662548828125 0.8425925927734375 0.6054526748046875 0.8395061728515625
1 0.6286008232421875 0.8418209873046875 0.6306584365234374 0.8059413583984375 0.6296296298828125 0.798611111328125 0.6244855966796875 0.793209876953125 0.625 0.789737654296875 0.6193415634765626 0.789737654296875 0.6116255146484375 0.79282407421875 0.609053498046875 0.79205246875 0.6064814814453126 0.8028549384765625 0.6064814814453126 0.84027777734375 0.609053498046875 0.8422067900390625 0.6265432099609375 0.8425925927734375 0.6286008232421875 0.8418209873046875
1 0.651234568359375 0.843364197265625 0.6543209873046875 0.840663580078125 0.654835390625 0.832561728515625 0.6553497939453125 0.8055555556640625 0.653806583984375 0.797839505859375 0.6507201650390625 0.79282407421875 0.63580246875 0.79205246875 0.632201646484375 0.7947530859375 0.63117283984375 0.7993827158203125 0.630144033203125 0.8279320986328125 0.6316872431640626 0.8398919755859375 0.6399176953125 0.8429783955078125 0.651234568359375 0.843364197265625
1 0.6795267490234375 0.8001543212890625 0.6646090537109375 0.7916666669921875 0.657921810546875 0.79282407421875 0.6563786005859376 0.8024691357421875 0.654835390625 0.8418209873046875 0.6594650205078125 0.84375 0.6784979423828125 0.8449074072265625 0.6795267490234375 0.8001543212890625
1 0.7052469140625 0.8055555556640625 0.7026748974609375 0.7966820986328125 0.700102880859375 0.7974537041015625 0.6923868310546875 0.793209876953125 0.683127572265625 0.7993827158203125 0.68004115234375 0.82407407421875 0.681069958984375 0.844135802734375 0.7026748974609375 0.846064814453125 0.7047325107421875 0.8425925927734375 0.7052469140625 0.8055555556640625
1 0.72890946484375 0.8452932099609375 0.729938271484375 0.829089505859375 0.72890946484375 0.804012345703125 0.7273662548828125 0.80169753125 0.72222222265625 0.801311728515625 0.717078189453125 0.7966820986328125 0.7124485595703125 0.8001543212890625 0.70987654296875 0.7989969140625 0.706790123046875 0.80362654296875 0.7052469140625 0.8445216044921875 0.7093621396484375 0.8464506171875 0.7273662548828125 0.8464506171875 0.72890946484375 0.8452932099609375
1 0.7541152265625 0.8452932099609375 0.7541152265625 0.806712962890625 0.74794238671875 0.801311728515625 0.7355967080078125 0.80092592578125 0.7314814814453126 0.804012345703125 0.7304526748046875 0.8105709873046875 0.72890946484375 0.8452932099609375 0.7314814814453126 0.846836419921875 0.751028806640625 0.84722222265625 0.7541152265625 0.8452932099609375
1 0.7782921806640625 0.8456790126953125 0.7793209873046875 0.8082561728515625 0.7757201650390625 0.7993827158203125 0.7654320986328125 0.7966820986328125 0.76286008203125 0.7997685185546874 0.7566872431640626 0.80169753125 0.7541152265625 0.827160494140625 0.7541152265625 0.8456790126953125 0.757201646484375 0.84722222265625 0.7767489716796875 0.8476080244140625 0.7782921806640625 0.8456790126953125
1 0.8014403291015625 0.8476080244140625 0.8034979423828125 0.8452932099609375 0.8034979423828125 0.8059413583984375 0.7824074072265625 0.80169753125 0.779835390625 0.82407407421875 0.7793209873046875 0.8418209873046875 0.7813786005859376 0.8452932099609375 0.7854938271484375 0.846836419921875 0.8014403291015625 0.8476080244140625
1 0.8266460908203125 0.848765431640625 0.829218107421875 0.846064814453125 0.8297325107421875 0.8364197529296875 0.8287037041015625 0.8078703701171875 0.82407407421875 0.8032407412109375 0.807098765625 0.804012345703125 0.8055555556640625 0.806712962890625 0.80504115234375 0.846064814453125 0.8065843623046876 0.8476080244140625 0.8137860078125 0.848765431640625 0.8266460908203125 0.848765431640625
1 0.8544238681640625 0.8456790126953125 0.8544238681640625 0.807098765625 0.848765431640625 0.80092592578125 0.829218107421875 0.7997685185546874 0.8287037041015625 0.8456790126953125 0.8333333330078125 0.848765431640625 0.8523662548828125 0.849537037109375 0.8544238681640625 0.8456790126953125
1 0.8796296298828125 0.848765431640625 0.8796296298828125 0.806712962890625 0.876028806640625 0.804012345703125 0.8662551435546875 0.80169753125 0.8564814814453126 0.8043981484375 0.854938271484375 0.807098765625 0.8533950615234375 0.848765431640625 0.859053498046875 0.8503086416015625 0.87705761328125 0.8503086416015625 0.8796296298828125 0.848765431640625
1 0.883230453125 0.8514660498046875 0.9032921806640625 0.848765431640625 0.9043209873046875 0.809413580078125 0.9022633740234375 0.804012345703125 0.90020576171875 0.8020833330078125 0.894032921875 0.80092592578125 0.8883744853515625 0.804012345703125 0.8816872431640626 0.8047839501953125 0.8791152265625 0.806712962890625 0.8786008232421875 0.8132716044921875 0.878086419921875 0.8456790126953125 0.876028806640625 0.848765431640625 0.880144033203125 0.849151234375 0.883230453125 0.8514660498046875
1 0.92592592578125 0.809413580078125 0.9202674892578125 0.8059413583984375 0.90689300390625 0.8047839501953125 0.9043209873046875 0.8086419755859375 0.9032921806640625 0.82330246875 0.9032921806640625 0.848765431640625 0.924897119140625 0.8503086416015625 0.9274691357421875 0.829089505859375 0.92592592578125 0.809413580078125
1 0.950102880859375 0.8518518515625 0.9537037041015625 0.8260030859375 0.9537037041015625 0.8097993828125 0.9423868310546875 0.8001543212890625 0.9382716044921875 0.80169753125 0.9356995888671875 0.80092592578125 0.9284979423828125 0.806712962890625 0.926954732421875 0.848765431640625 0.9284979423828125 0.8503086416015625 0.9387860078125 0.852237654296875 0.950102880859375 0.8518518515625
1 0.97479423828125 0.8530092587890625 0.9773662548828125 0.848765431640625 0.977880658203125 0.810185185546875 0.970164609375 0.807098765625 0.9516460908203125 0.8032407412109375 0.9547325107421875 0.81114969140625 0.9526748974609375 0.8506944443359375 0.958847736328125 0.8530092587890625 0.97479423828125 0.8530092587890625
1 0.9804526748046875 0.8024691357421875 0.9768518515625 0.80632716015625 0.9768518515625 0.852237654296875 0.9994855966796875 0.8541666669921875 0.9994855966796875 0.80362654296875 0.9804526748046875 0.8024691357421875
1 0.0925925927734375 0.8881172841796875 0.0925925927734375 0.8622685185546874 0.1013374482421875 0.852237654296875 0.100823044921875 0.848765431640625 0.0761316875 0.8476080244140625 0.03806584375 0.8483796298828125 0.030864197265625 0.85262345703125 0.022119341796875 0.8649691357421875 0.022119341796875 0.89737654296875 0.0257201650390625 0.900848765625 0.0895061728515625 0.8996913583984375 0.0925925927734375 0.8881172841796875
1 0.0483539091796875 0.942515431640625 0.0884773662109375 0.9444444443359375 0.09310699609375 0.942515431640625 0.0915637861328125 0.9074074072265625 0.0884773662109375 0.9023919755859375 0.0617283955078125 0.903935185546875 0.057098765625 0.9016203701171875 0.0257201650390625 0.90277777734375 0.024176955078125 0.903935185546875 0.024176955078125 0.9332561728515625 0.026234568359375 0.942901234375 0.032921810546875 0.9440586416015625 0.0483539091796875 0.942515431640625
1 0.1373456787109375 0.90277777734375 0.15689300390625 0.9047067900390625 0.1615226337890625 0.90277777734375 0.1625514404296875 0.8668981484375 0.1697530859375 0.855709876953125 0.1687242802734375 0.8514660498046875 0.1507201650390625 0.849151234375 0.1306584365234375 0.8506944443359375 0.104938271484375 0.849537037109375 0.0992798349609375 0.85262345703125 0.09310699609375 0.8614969140625 0.0936213994140625 0.897762345703125 0.095164609375 0.900848765625 0.1054526748046875 0.903163580078125 0.1373456787109375 0.90277777734375
1 0.151234568359375 0.94637345703125 0.16100823046875 0.943287037109375 0.16306584375 0.9212962958984375 0.1604938271484375 0.905864197265625 0.144032921875 0.9035493828125 0.10390946484375 0.903935185546875 0.0977366259765625 0.90277777734375 0.0946502060546875 0.90277777734375 0.092078189453125 0.9054783955078125 0.0946502060546875 0.939814814453125 0.0977366259765625 0.9444444443359375 0.111111111328125 0.945987654296875 0.151234568359375 0.94637345703125
1 0.1856995888671875 0.903935185546875 0.220164609375 0.903163580078125 0.2283950615234375 0.9043209873046875 0.2325102880859375 0.903163580078125 0.234053498046875 0.8993055556640625 0.2335390947265625 0.8591820986328125 0.2407407412109375 0.857638888671875 0.2443415634765625 0.852237654296875 0.238168724609375 0.8506944443359375 0.185185185546875 0.8483796298828125 0.1738683125 0.852237654296875 0.168209876953125 0.85802469140625 0.1646090537109375 0.8653549384765625 0.1646090537109375 0.8981481484375 0.166152263671875 0.9016203701171875 0.181069958984375 0.9020061728515625 0.1856995888671875 0.903935185546875
1 0.225823044921875 0.94637345703125 0.2314814814453125 0.942901234375 0.2325102880859375 0.90972222265625 0.230967078125 0.90625 0.2217078193359375 0.9043209873046875 0.2016460908203125 0.9035493828125 0.189814814453125 0.905864197265625 0.1733539091796875 0.9035493828125 0.1646090537109375 0.903163580078125 0.1635802470703125 0.9043209873046875 0.1625514404296875 0.9158950615234375 0.1646090537109375 0.9440586416015625 0.1903292177734375 0.94637345703125 0.225823044921875 0.94637345703125
1 0.3014403291015625 0.9506172841796875 0.3029835390625 0.949459876953125 0.304012345703125 0.9135802470703125 0.3004115224609375 0.908564814453125 0.291152263671875 0.90972222265625 0.2793209873046875 0.9077932099609375 0.23713991796875 0.90625 0.2350823046875 0.9089506171875 0.2345679013671875 0.939814814453125 0.2376543212890625 0.9467592587890625 0.263888888671875 0.9506172841796875 0.3014403291015625 0.9506172841796875
1 0.2813786005859375 0.9050925927734375 0.2906378603515625 0.9070216044921875 0.301954732421875 0.9035493828125 0.3034979423828125 0.8981481484375 0.3024691357421875 0.874614197265625 0.308127572265625 0.8595679013671875 0.3065843623046875 0.8564814814453126 0.276234568359375 0.8514660498046875 0.26080246875 0.85262345703125 0.244855966796875 0.8514660498046875 0.234053498046875 0.8614969140625 0.2345679013671875 0.9023919755859375 0.236111111328125 0.9043209873046875 0.2746913583984375 0.9077932099609375 0.2813786005859375 0.9050925927734375
1 0.3662551435546875 0.9158950615234375 0.3744855966796875 0.9143518515625 0.37705761328125 0.869598765625 0.3827160498046875 0.8591820986328125 0.3734567900390625 0.855709876953125 0.353223765625 0.857638888671875 0.3153292177734375 0.8564814814453126 0.306069958984375 0.8680555556640625 0.306069958984375 0.9043209873046875 0.308127572265625 0.90972222265625 0.3215020576171875 0.9143518515625 0.3662551435546875 0.9158950615234375
1 0.3765432099609375 0.9564043212890625 0.3786008232421875 0.954861111328125 0.3796296298828125 0.9251543212890625 0.376028806640625 0.9162808642578125 0.307098765625 0.9139660498046875 0.3076131689453125 0.9502314814453126 0.30915637890625 0.9529320986328125 0.3616255146484375 0.9564043212890625 0.3765432099609375 0.9564043212890625
1 0.439814814453125 0.917438271484375 0.4465020576171875 0.9224537041015625 0.4495884775390625 0.9089506171875 0.4506172841796875 0.871913580078125 0.45576131640625 0.8622685185546874 0.432098765625 0.858410494140625 0.4032921806640625 0.85802469140625 0.4007201650390625 0.8560956787109375 0.386831275390625 0.8587962958984375 0.380144033203125 0.866512345703125 0.3775720166015625 0.8734567900390625 0.378086419921875 0.908564814453125 0.380144033203125 0.912037037109375 0.386831275390625 0.9158950615234375 0.439814814453125 0.917438271484375
1 0.3837448564453125 0.954089505859375 0.3996913583984375 0.957561728515625 0.4413580244140625 0.960262345703125 0.4470164609375 0.9591049384765625 0.44907407421875 0.9243827158203125 0.445987654296875 0.920910494140625 0.409979423828125 0.9162808642578125 0.401234568359375 0.917438271484375 0.3852880654296875 0.9162808642578125 0.3806584365234375 0.9189814814453126 0.38117283984375 0.942901234375 0.383230453125 0.945987654296875 0.382201646484375 0.9529320986328125 0.3837448564453125 0.954089505859375
1 0.4547325107421875 0.918209876953125 0.4933127568359375 0.9197530859375 0.5041152265625 0.9155092587890625 0.5226337451171875 0.9155092587890625 0.5231481484375 0.877314814453125 0.5154320986328125 0.86612654296875 0.49794238671875 0.8622685185546874 0.49382716015625 0.863040123046875 0.491769546875 0.861111111328125 0.4825102880859375 0.86072530859375 0.4742798349609375 0.85802469140625 0.4660493828125 0.857638888671875 0.4526748974609375 0.869984568359375 0.4506172841796875 0.8761574072265625 0.4511316875 0.9054783955078125 0.4516460908203125 0.91242283984375 0.4547325107421875 0.918209876953125
1 0.5077160498046875 0.963348765625 0.5231481484375 0.95987654296875 0.5257201650390625 0.9305555556640625 0.5226337451171875 0.92052469140625 0.51080246875 0.9216820986328125 0.4526748974609375 0.920910494140625 0.4516460908203125 0.9239969140625 0.4506172841796875 0.9529320986328125 0.4537037041015625 0.9583333330078125 0.460905349609375 0.9614197529296875 0.5077160498046875 0.963348765625
1 0.5936213994140624 0.922839505859375 0.59722222265625 0.9212962958984375 0.59979423828125 0.8904320986328125 0.598765431640625 0.8653549384765625 0.587962962890625 0.8626543212890625 0.587962962890625 0.86419753125 0.56995884765625 0.8684413583984375 0.556069958984375 0.869598765625 0.551954732421875 0.8649691357421875 0.545781892578125 0.8622685185546874 0.5334362138671875 0.8649691357421875 0.5293209873046875 0.8680555556640625 0.5282921806640625 0.871913580078125 0.5272633740234375 0.911265431640625 0.530864197265625 0.9185956787109375 0.57407407421875 0.922839505859375 0.5936213994140624 0.922839505859375
1 0.5766460908203125 0.96527777734375 0.595164609375 0.9648919755859375 0.5977366259765625 0.963348765625 0.5982510283203125 0.9239969140625 0.5334362138671875 0.92052469140625 0.5293209873046875 0.9212962958984375 0.5282921806640625 0.9243827158203125 0.5282921806640625 0.94084375 0.52520576171875 0.9529320986328125 0.529835390625 0.9621913583984375 0.5766460908203125 0.96527777734375
1 0.6414609052734375 0.9220679013671875 0.6635802470703125 0.9243827158203125 0.670781892578125 0.9224537041015625 0.6738683125 0.8831018515625 0.6723251025390625 0.869598765625 0.6687242802734376 0.86612654296875 0.6404320986328125 0.86612654296875 0.638888888671875 0.869598765625 0.625 0.87152777734375 0.6224279833984375 0.86612654296875 0.6116255146484375 0.8649691357421875 0.602880658203125 0.86882716015625 0.6018518515625 0.874614197265625 0.6013374482421875 0.918209876953125 0.602880658203125 0.9197530859375 0.61213991796875 0.9220679013671875 0.6414609052734375 0.9220679013671875
1 0.6784979423828125 0.92669753125 0.706790123046875 0.92592592578125 0.7165637861328125 0.92862654296875 0.729938271484375 0.9297839501953125 0.7443415634765626 0.929012345703125 0.746913580078125 0.9251543212890625 0.7484567900390625 0.8904320986328125 0.746913580078125 0.8765432099609375 0.7422839501953125 0.869598765625 0.7366255146484375 0.869984568359375 0.734053498046875 0.8680555556640625 0.725180041015625 0.8680555556640625 0.717078189453125 0.86612654296875 0.6903292177734375 0.8668981484375 0.6887860078125 0.8657407412109375 0.6784979423828125 0.8668981484375 0.6754115224609375 0.869984568359375 0.676954732421875 0.8955760029296875 0.6743827158203125 0.9074074072265625 0.6743827158203125 0.9212962958984375 0.6784979423828125 0.92669753125
1 0.7746913583984375 0.9274691357421875 0.817901234375 0.93132716015625 0.81995884765625 0.932098765625 0.820987654296875 0.9359567900390625 0.8220164609375 0.931712962890625 0.8256172841796875 0.9293981484375 0.827160494140625 0.925540123046875 0.8302469140625 0.8912037041015625 0.8297325107421875 0.886188271484375 0.8220164609375 0.8707561728515625 0.812757201171875 0.8676697529296875 0.7716049384765625 0.8680555556640625 0.7592592587890625 0.8657407412109375 0.7515432099609375 0.866512345703125 0.748971193359375 0.8684413583984375 0.7484567900390625 0.9193672841796875 0.7525720166015625 0.926311728515625 0.758230453125 0.92862654296875 0.7746913583984375 0.9274691357421875
1 0.8328189296875 0.9216820986328125 0.8343621396484375 0.929012345703125 0.8585390947265625 0.9297839501953125 0.8657407412109375 0.932098765625 0.90277777734375 0.931712962890625 0.9053497939453125 0.9305555556640625 0.9089506171875 0.8904320986328125 0.8976337451171875 0.880787037109375 0.8904320986328125 0.8796296298828125 0.8553497939453125 0.8854166669921875 0.8415637861328125 0.8850308642578125 0.8343621396484375 0.886959876953125 0.831790123046875 0.8935185185546874 0.833847736328125 0.8989197529296875 0.8312757197265624 0.9047067900390625 0.835905349609375 0.9128086416015625 0.8328189296875 0.9216820986328125
1 0.9665637861328125 0.9367283955078125 0.979938271484375 0.9355709873046875 0.9814814814453126 0.892361111328125 0.9768518515625 0.883487654296875 0.973765431640625 0.880401234375 0.967078189453125 0.8788580244140625 0.9660493828125 0.880787037109375 0.96810699609375 0.883487654296875 0.9645061728515625 0.886188271484375 0.9645061728515625 0.888888888671875 0.9603909462890625 0.8912037041015625 0.9356995888671875 0.8904320986328125 0.929012345703125 0.895061728515625 0.9254115224609375 0.8931327158203125 0.9146090537109375 0.891589505859375 0.912037037109375 0.8939043212890625 0.91306584375 0.8966049384765625 0.9094650205078125 0.9139660498046875 0.91100823046875 0.93132716015625 0.9254115224609375 0.9305555556640625 0.9387860078125 0.9336419755859375 0.9665637861328125 0.9367283955078125
1 0.670781892578125 0.963734568359375 0.6712962958984375 0.9556327158203125 0.6702674892578125 0.9251543212890625 0.6424897119140625 0.9224537041015625 0.6054526748046875 0.9216820986328125 0.6018518515625 0.9243827158203125 0.600823044921875 0.9305555556640625 0.6013374482421875 0.963348765625 0.628086419921875 0.9660493828125 0.6687242802734376 0.9668209873046875 0.670781892578125 0.963734568359375
1 0.676954732421875 0.96527777734375 0.6795267490234375 0.968364197265625 0.687757201171875 0.9699074072265625 0.7114197529296875 0.969135802734375 0.730967078125 0.9714506171875 0.7458847734375 0.96875 0.7474279833984375 0.93132716015625 0.7443415634765626 0.9282407412109375 0.6784979423828125 0.92592592578125 0.67592592578125 0.92862654296875 0.6764403291015625 0.9448302470703125 0.674897119140625 0.949459876953125 0.6774691357421875 0.952160494140625 0.676954732421875 0.96527777734375
1 0.8235596708984375 0.9564043212890625 0.8235596708984375 0.9386574072265625 0.820987654296875 0.932098765625 0.79681069921875 0.9282407412109375 0.758230453125 0.92669753125 0.751028806640625 0.9278549384765625 0.7494855966796875 0.93132716015625 0.748971193359375 0.9648919755859375 0.7515432099609375 0.9695216044921875 0.8184156376953124 0.9729938271484375 0.8235596708984375 0.9564043212890625
1 0.8302469140625 0.9675925927734375 0.835905349609375 0.973765431640625 0.8738976337890625 0.974151234375 0.8837448564453125 0.977237654296875 0.8966049384765625 0.9764660498046875 0.904835390625 0.9733796298828125 0.9063786005859376 0.971064814453125 0.90689300390625 0.935185185546875 0.9043209873046875 0.9328703701171875 0.8796296298828125 0.93132716015625 0.850823044921875 0.932098765625 0.83693415625 0.9309413583984375 0.8312757197265624 0.932098765625 0.8333333330078125 0.949459876953125 0.8312757197265624 0.960262345703125 0.8333333330078125 0.962962962890625 0.8302469140625 0.9675925927734375
1 0.977880658203125 0.9814814814453126 0.9814814814453126 0.979938271484375 0.9835390947265625 0.9444444443359375 0.98302469140625 0.9394290126953125 0.9804526748046875 0.9363425927734375 0.96193415625 0.9363425927734375 0.954218107421875 0.934413580078125 0.916152263671875 0.932098765625 0.91100823046875 0.9328703701171875 0.9089506171875 0.935185185546875 0.907921810546875 0.9467592587890625 0.91100823046875 0.974151234375 0.9645061728515625 0.9818672841796875 0.977880658203125 0.9814814814453126
1 0 0.900848765625 0.019032921875 0.9016203701171875 0.02109053515625 0.897762345703125 0.0216049384765625 0.863040123046875 0.0324074072265625 0.85262345703125 0.0334362138671875 0.848765431640625 0.0025720166015625 0.846064814453125 0 0.846064814453125 0 0.900848765625
1 0 0.943287037109375 0.0216049384765625 0.942901234375 0.0231481484375 0.9390432099609375 0.022119341796875 0.9070216044921875 0.019032921875 0.903163580078125 0.0025720166015625 0.90277777734375 0 0.90277777734375 0 0.943287037109375
0 0.6962890625 0.3955078125 0.69921875 0.3974609375 0.69921875 0.4150390625 0.6953125 0.4189453125 0.6865234375 0.421875 0.658203125 0.421875 0.6513671875 0.4189453125 0.6494140625 0.4130859375 0.6494140625 0.3974609375 0.6953125 0.3955078125
0 0.384765625 0.8369140625 0.3857421875 0.8486328125 0.3837890625 0.8505859375 0.357421875 0.8486328125 0.3583984375 0.8359375 0.3837890625 0.8369140625
0 0.9072265625 0.3974609375 0.9375 0.3984375 0.9365234375 0.412109375 0.9091796875 0.4130859375 0.9052734375 0.4111328125 0.9072265625 0.3984375
0 0.896484375 0.978515625 0.9052734375 0.9765625 0.9248046875 0.9794921875 0.9267578125 0.982421875 0.92578125 0.9951171875 0.896484375 0.994140625 0.896484375 0.9794921875
0 0.1513671875 0.828125 0.1552734375 0.830078125 0.1552734375 0.8427734375 0.1279296875 0.841796875 0.1279296875 0.8310546875 0.1298828125 0.8291015625 0.150390625 0.828125
0 0.3212890625 0.388671875 0.3232421875 0.4033203125 0.3203125 0.412109375 0.3154296875 0.4150390625 0.2958984375 0.4169921875 0.279296875 0.4169921875 0.275390625 0.4150390625 0.2744140625 0.4072265625 0.27734375 0.3935546875 0.28125 0.390625 0.3203125 0.388671875
0 0.25 0.76806640625 0.02880859375 0.0146484375
0 0.533203125 0.59765625 0.5400390625 0.6044921875 0.5400390625 0.62109375 0.537109375 0.6259765625 0.490234375 0.623046875 0.490234375 0.6044921875 0.494140625 0.59765625 0.5322265625 0.59765625
0 0.40234375 0.3935546875 0.44140625 0.3935546875 0.4462890625 0.39453125 0.4482421875 0.3974609375 0.4462890625 0.4072265625 0.443359375 0.4130859375 0.439453125 0.4150390625 0.431640625 0.4169921875 0.3994140625 0.4169921875 0.396484375 0.4130859375 0.396484375 0.4072265625 0.40234375 0.39453125
0 0.23828125 0.599609375 0.0302734375 0.01513671875
0 0.033203125 0.5888671875 0.0576171875 0.58984375 0.060546875 0.5927734375 0.0595703125 0.6025390625 0.03515625 0.603515625 0.03125 0.6005859375 0.033203125 0.58984375
0 0.890625 0.78125 0.8935546875 0.783203125 0.8935546875 0.7939453125 0.8916015625 0.7958984375 0.865234375 0.794921875 0.86328125 0.79296875 0.86328125 0.7841796875 0.865234375 0.78125 0.8896484375 0.78125
0 0.4580078125 0.9638671875 0.484375 0.9638671875 0.4873046875 0.9658203125 0.486328125 0.9775390625 0.458984375 0.9775390625 0.4580078125 0.96484375
0 0.3701171875 0.763671875 0.373046875 0.765625 0.373046875 0.7763671875 0.37109375 0.77734375 0.349609375 0.77734375 0.3447265625 0.7724609375 0.3447265625 0.7666015625 0.3466796875 0.7646484375 0.369140625 0.763671875
0 0.9814453125 0.3974609375 0.986328125 0.400390625 0.986328125 0.412109375 0.984375 0.4130859375 0.958984375 0.4130859375 0.955078125 0.41015625 0.9560546875 0.3984375 0.98046875 0.3974609375
0 0.140625 0.591796875 0.1630859375 0.5908203125 0.16796875 0.5927734375 0.1669921875 0.6044921875 0.146484375 0.6064453125 0.142578125 0.6064453125 0.1396484375 0.603515625 0.140625 0.5927734375
0 0.2431640625 0.8310546875 0.2548828125 0.8330078125 0.25390625 0.845703125 0.228515625 0.8447265625 0.2275390625 0.8330078125 0.2294921875 0.8310546875 0.2421875 0.8310546875
0 0.6943359375 0.970703125 0.6982421875 0.9736328125 0.697265625 0.9853515625 0.6767578125 0.9853515625 0.6689453125 0.984375 0.66796875 0.982421875 0.669921875 0.9697265625 0.693359375 0.970703125
0 0.3349609375 0.59375 0.3369140625 0.595703125 0.3349609375 0.607421875 0.3076171875 0.6064453125 0.3076171875 0.5947265625 0.3095703125 0.59375 0.333984375 0.59375
0 0.80126953125 0.61083984375 0.05517578125 0.04736328125
0 0 0.82421875 0.0078125 0.82421875 0.0087890625 0.828125 0.0087890625 0.8359375 0 0.837890625 0 0.8251953125
0 0.3154296875 0.833984375 0.3173828125 0.8349609375 0.318359375 0.841796875 0.3173828125 0.8466796875 0.314453125 0.84765625 0.2919921875 0.8466796875 0.2900390625 0.84375 0.2919921875 0.833984375 0.314453125 0.833984375
0 0.732421875 0.7763671875 0.732421875 0.7900390625 0.705078125 0.7900390625 0.703125 0.7861328125 0.705078125 0.775390625 0.7314453125 0.7763671875
0 0.345703125 0.9580078125 0.373046875 0.958984375 0.3720703125 0.9716796875 0.3466796875 0.9716796875 0.3447265625 0.9697265625 0.345703125 0.958984375
0 0.8681640625 0.859375 0.0302734375 0.015625
0 0.0556640625 0.755859375 0.0712890625 0.7568359375 0.0732421875 0.7587890625 0.072265625 0.76953125 0.0478515625 0.76953125 0.0458984375 0.7666015625 0.0458984375 0.7578125 0.0478515625 0.755859375 0.0546875 0.755859375
0 0.0859375 0.947265625 0.095703125 0.94921875 0.0966796875 0.958984375 0.0947265625 0.962890625 0.0703125 0.962890625 0.068359375 0.9609375 0.0673828125 0.953125 0.0693359375 0.9482421875 0.0849609375 0.947265625
0 0.7978515625 0.3876953125 0.8125 0.390625 0.8330078125 0.390625 0.8369140625 0.392578125 0.8369140625 0.4111328125 0.8349609375 0.4140625 0.8251953125 0.4169921875 0.796875 0.4150390625 0.7880859375 0.408203125 0.78515625 0.3994140625 0.7861328125 0.3896484375 0.796875 0.3876953125
0 0.5908203125 0.7705078125 0.59765625 0.7724609375 0.5966796875 0.78515625 0.5703125 0.7841796875 0.5693359375 0.7744140625 0.5712890625 0.7705078125 0.58984375 0.7705078125
0 0.3623046875 0.4052734375 0.0517578125 0.02490234375
0 0.5556640625 0.841796875 0.5576171875 0.8525390625 0.5546875 0.8564453125 0.53125 0.85546875 0.5283203125 0.8525390625 0.5283203125 0.8447265625 0.53125 0.8408203125 0.5546875 0.841796875
0 0.4404296875 0.8369140625 0.4423828125 0.837890625 0.443359375 0.849609375 0.439453125 0.8525390625 0.41796875 0.8525390625 0.4130859375 0.849609375 0.4130859375 0.837890625 0.4150390625 0.8369140625 0.439453125 0.8369140625
0 0.4326171875 0.7685546875 0.458984375 0.767578125 0.4619140625 0.771484375 0.4609375 0.779296875 0.4580078125 0.78125 0.435546875 0.78125 0.4326171875 0.779296875 0.4326171875 0.76953125
0 0.521484375 0.3935546875 0.564453125 0.3955078125 0.5673828125 0.4013671875 0.5673828125 0.4091796875 0.5634765625 0.4189453125 0.5205078125 0.4189453125 0.5166015625 0.4169921875 0.515625 0.4130859375 0.5185546875 0.3974609375 0.521484375 0.39453125
0 0.693359375 0.84765625 0.7197265625 0.8486328125 0.7216796875 0.8505859375 0.7216796875 0.859375 0.7197265625 0.861328125 0.6962890625 0.861328125 0.6923828125 0.859375 0.693359375 0.8486328125
0 0.232421875 0.9521484375 0.2421875 0.9541015625 0.2421875 0.966796875 0.21484375 0.9658203125 0.21484375 0.953125 0.2314453125 0.9521484375