1 0.0333376474609375 0 0.0319269619140625 0.0170285546875 0.034070623046875 0.0855940869140625 0.0358648896484375 0.091164375 0.0852353583984375 0.09453409375 0.090079984375 0.091658701171875 0.091744953125 0.0698409384765625 0.0916408818359375 0.002164619140625 0.0899108134765625 0 0.0333376474609375 0
1 0.1539392001953125 0.0375047431640625 0.1524335380859375 0.0065241103515625 0.14891536328125 0.003992763671875 0.098004978515625 0.0001511806640625 0.0932625712890625 0.001076125 0.0916198994140625 0.09213056640625 0.102358416015625 0.0962137978515625 0.1471295849609375 0.0977778330078125 0.1504342958984375 0.094430576171875 0.1523445888671875 0.0679317373046875 0.1539392001953125 0.0375047431640625
1 0.1525989404296875 0.0730301611328125 0.1539729140625 0.09657183203125 0.1642117548828125 0.1002377158203125 0.19899843359375 0.1032342919921875 0.2085445791015625 0.1002141337890625 0.212185955078125 0.0108290849609375 0.2107278154296875 0.008796861328125 0.1857825205078125 0.007098373046875 0.17654303125 0.004267185546875 0.1702811533203125 0.00433017578125 0.1693226884765625 0.00271530078125 0.153973453125 0.006995974609375 0.1551405986328125 0.0543876318359375 0.1525989404296875 0.0730301611328125
1 0.2613923359375 0.10689537890625 0.2657577294921875 0.103212548828125 0.2681767255859375 0.0869105576171875 0.2709799072265625 0.0135191845703125 0.2689607607421875 0.0122398818359375 0.2295134501953125 0.0086078916015625 0.2244349169921875 0.0059947705078125 0.2158676796875 0.0102397138671875 0.2141233271484375 0.01366874609375 0.2100664423828125 0.0811269990234375 0.211685740234375 0.0999875947265625 0.215662703125 0.1037164677734375 0.2613923359375 0.10689537890625
1 0.2729990556640625 0.014798486328125 0.2703161435546875 0.1057984111328125 0.2733346416015625 0.1079124091796875 0.297239697265625 0.109556380859375 0.3028383505859375 0.1121967607421875 0.3102222431640625 0.1106279287109375 0.3237657939453125 0.1109465546875 0.326918373046875 0.10055042578125 0.3296511982421875 0.018549822265625 0.3261330244140625 0.0160184755859375 0.300647166015625 0.014682818359375 0.2945079501953125 0.0124052705078125 0.29406960546875 0.0108176533203125 0.291387232421875 0.012241720703125 0.2858391181640625 0.0119509560546875 0.2805669404296875 0.00971884765625 0.2729990556640625 0.014798486328125
1 0.341400484375 0.01329816015625 0.3316703447265625 0.0198291240234375 0.3295147275390625 0.0510090390625 0.3305910712890625 0.0901815546875 0.3284468701171875 0.1111918798828125 0.3334845166015625 0.1145851806640625 0.3808767265625 0.11589541796875 0.3841405498046875 0.11332833984375 0.3860484521484375 0.1067785908203125 0.3846720869140625 0.1031860087890625 0.387967771484375 0.090059251953125 0.38732313671875 0.022745763671875 0.3848247578125 0.0206590234375 0.3665796865234375 0.020485162109375 0.358839224609375 0.0189060185546875 0.3497428408203125 0.013344203125 0.3475397001953125 0.0155757080078125 0.341400484375 0.01329816015625
1 0.0257529541015625 0.1348356318359375 0.024090376953125 0.1367043056640625 0.0234927255859375 0.1879150849609375 0.026108984375 0.22755946484375 0.0291070400390625 0.230063552734375 0.0348079111328125 0.230753484375 0.0779778330078125 0.233015923828125 0.0832608046875 0.2317281484375 0.08614761328125 0.2264031845703125 0.0868360654296875 0.183411546875 0.0827887451171875 0.1710734423828125 0.084982859375 0.1590624384765625 0.082925216796875 0.1386142255859375 0.0694838837890625 0.1363451513671875 0.0528196142578125 0.135862974609375 0.03698212109375 0.1295567119140625 0.033136845703125 0.13326680078125 0.0257529541015625 0.1348356318359375
1 0.0854188134765625 0.18059914453125 0.08806454296875 0.229632935546875 0.0910217099609375 0.2329172021484375 0.0977219326171875 0.2344418291015625 0.1419729814453125 0.2359786064453125 0.145461685546875 0.2291205419921875 0.1464544033203125 0.2002266494140625 0.1446558935546875 0.144978681640625 0.1416782822265625 0.1420845048828125 0.1188134658203125 0.140495048828125 0.10341431640625 0.1357764033203125 0.0960713125 0.1365650556640625 0.0864229482421875 0.1415356611328125 0.0870519208984375 0.169341060546875 0.0854188134765625 0.18059914453125
1 0.202306849609375 0.2391405703125 0.20273616796875 0.2309486875 0.2023482763671875 0.1487845341796875 0.1972492998046875 0.146561501953125 0.16710280859375 0.1445904306640625 0.1630031845703125 0.143202095703125 0.1620651630859375 0.1411971298828125 0.1509586591796875 0.1441355126953125 0.1471542724609375 0.147065421875 0.1487958671875 0.2351626953125 0.1533133935546875 0.2385287373046875 0.1985433505859375 0.24129030078125 0.202306849609375 0.2391405703125
1 0.2583570986328125 0.244425005859375 0.2621819287109375 0.2411050068359375 0.262754353515625 0.2301824970703125 0.2620802490234375 0.1534795986328125 0.2524228583984375 0.1486707041015625 0.2092324921875 0.146798353515625 0.204408310546875 0.14928365625 0.2027475859375 0.22077909765625 0.2049278916015625 0.2388867724609375 0.208925296875 0.242225556640625 0.2333095849609375 0.2446769658203125 0.2583570986328125 0.244425005859375
1 0.32126209375 0.2383338515625 0.3223341943359375 0.2278286884765625 0.3233725810546875 0.1582564375 0.3203745263671875 0.155752349609375 0.312634064453125 0.1541732060546875 0.2684647900390625 0.1510760703125 0.265262296875 0.15247287890625 0.2640375263671875 0.2455050263671875 0.2863004482421875 0.24862758203125 0.3154475869140625 0.2497639580078125 0.3175893955078125 0.24870272265625 0.32126209375 0.2383338515625
1 0.3754044404296875 0.2501680361328125 0.3789027099609375 0.1635136142578125 0.3774241259765625 0.1618714814453125 0.3514999248046875 0.15894820703125 0.3356624296875 0.1526419443359375 0.3319602626953125 0.1536214052734375 0.3248511650390625 0.1598985712890625 0.3238512744140625 0.248639732421875 0.327869125 0.2515884267578125 0.3382306279296875 0.2529137724609375 0.3720383984375 0.2546855625 0.3754044404296875 0.2501680361328125
1 0.432722201171875 0.2312669130859375 0.4360340859375 0.1680723876953125 0.434657720703125 0.1644798056640625 0.432159341796875 0.1623930654296875 0.4212572744140625 0.1614305517578125 0.383767779296875 0.1602481328125 0.38054484375 0.16203503125 0.3763629052734375 0.2517829111328125 0.3814414384765625 0.2543960322265625 0.428211310546875 0.2576294599609375 0.4310776767578125 0.2526945859375 0.432722201171875 0.2312669130859375
1 0.4923453203125 0.2081838359375 0.48979702734375 0.197097775390625 0.4936946064453125 0.18243791796875 0.4937877998046875 0.170707970703125 0.487791689453125 0.165699794921875 0.4419598388671875 0.16447133203125 0.43709476953125 0.167736814453125 0.43253581640625 0.25472680859375 0.4370328994140625 0.2584829404296875 0.4858832490234375 0.2618254013671875 0.4887087275390625 0.25767070703125 0.4923453203125 0.2081838359375
1 0.54748701953125 0.220852716796875 0.548859140625 0.1747676201171875 0.54326048828125 0.1721272412109375 0.496408841796875 0.170454171875 0.492885884765625 0.2078210048828125 0.4906052119140625 0.261290546875 0.49312403515625 0.262987197265625 0.5071468193359375 0.2641132607421875 0.5409954765625 0.2651048720703125 0.54315773046875 0.263653546875 0.54748701953125 0.220852716796875
1 0.5726205517578125 0.2687180771484375 0.5789437607421875 0.267484818359375 0.59818818359375 0.2684933759765625 0.6003504365234374 0.26704205078125 0.60125898828125 0.25965760546875 0.6087137763671875 0.177122146484375 0.5927740634765625 0.17276633203125 0.584910939453125 0.1735277265625 0.563647369140625 0.1712398662109375 0.5526021962890625 0.17300798046875 0.5483252119140625 0.204859041015625 0.5452177646484375 0.2641526689453125 0.5487563828125 0.26629392578125 0.5726205517578125 0.2687180771484375
1 0.6549629892578125 0.2699041728515625 0.66187482421875 0.207680634765625 0.6631832236328125 0.182714896484375 0.6612662939453126 0.179485146484375 0.643102998046875 0.17775092578125 0.613935416015625 0.1770046396484375 0.611273486328125 0.1780386171875 0.6085977490234376 0.2091912734375 0.6052611767578125 0.2230982099609375 0.60284881640625 0.2691287900390625 0.6178505087890624 0.2714796396484375 0.6522192861328125 0.2724985087890625 0.6549629892578125 0.2699041728515625
1 0.656003228515625 0.269958689453125 0.658960396484375 0.27324295703125 0.694287638671875 0.275876701171875 0.69917315234375 0.27222112890625 0.7081089150390625 0.17137871484375 0.6968911669921874 0.1664880458984375 0.6929346474609375 0.1623690830078125 0.6840926142578125 0.16190569140625 0.6783508564453125 0.161995939453125 0.665020767578125 0.1675559169921875 0.6616547255859375 0.1720734423828125 0.6637851171875 0.181181796875 0.6638849453125 0.1991804375 0.656003228515625 0.269958689453125
1 0.7544199990234375 0.173414615234375 0.7412648779296875 0.16568428515625 0.7236012568359375 0.1643674130859375 0.7101893935546875 0.171487748046875 0.7032889775390625 0.2235416962890625 0.700040814453125 0.26561686328125 0.701090080078125 0.2754508798828125 0.7166323349609375 0.2774388984375 0.741659404296875 0.2775770283203125 0.7440465390625 0.271834716796875 0.7544199990234375 0.173414615234375
1 0.781168046875 0.2800387490234375 0.7865736796875 0.276410435546875 0.796508794921875 0.1764027177734375 0.786208623046875 0.1739071025390625 0.780753076171875 0.168536095703125 0.76616928515625 0.168162953125 0.7639252568359375 0.17117463671875 0.7564187021484375 0.1750840068359375 0.752112248046875 0.1975456572265625 0.745820361328125 0.2777950947265625 0.7479621708984375 0.2767338583984375 0.75930258203125 0.279283990234375 0.781168046875 0.2800387490234375
1 0.7901375244140625 0.238263423828125 0.7886337138671875 0.27690955859375 0.7905710859375 0.2797492197265625 0.79827066015625 0.28210854296875 0.822716279296875 0.28338968359375 0.827081673828125 0.279706853515625 0.8408097578125 0.1869388154296875 0.839994400390625 0.1825933125 0.8307957978515625 0.1789819453125 0.826339603515625 0.1744456337890625 0.8227396533203125 0.173474646484375 0.8123168193359375 0.1733195703125 0.802209666015625 0.1770926484375 0.7989458427734375 0.1796597265625 0.7951595087890625 0.202148634765625 0.7901375244140625 0.238263423828125
1 0.8290394892578125 0.282156423828125 0.832078431640625 0.2838803330078125 0.853342001953125 0.2861681923828125 0.8710873974609376 0.2859247060546875 0.8751166650390625 0.278703810546875 0.8822714326171875 0.2317482861328125 0.8848449521484375 0.202546078125 0.8834890302734375 0.1985634072265625 0.8705882607421875 0.1959315009765625 0.8686100009765625 0.19387201953125 0.866447748046875 0.1953233447265625 0.853546978515625 0.1926914384765625 0.842981037109375 0.1952669892578125 0.83874733203125 0.20638878125 0.832644220703125 0.2432292333984375 0.8290394892578125 0.282156423828125
1 0.884465546875 0.21973728125 0.8759729111328125 0.2822691337890625 0.8809901123046875 0.2860525244140625 0.9126765185546875 0.2884954609375 0.9169192490234375 0.28715316796875 0.919867390625 0.280657935546875 0.92449191796875 0.2421753505859375 0.926919939453125 0.235652859375 0.9291164443359375 0.203692765625 0.9256187138671875 0.200771330078125 0.9162361181640625 0.20067076953125 0.9112598046875 0.1961072001953125 0.8961763369140625 0.1953167099609375 0.8860487412109375 0.1994798779296875 0.8847222900390626 0.2048866162109375 0.884465546875 0.21973728125
1 0.9626488828125 0.2903320791015625 0.9666372626953125 0.28389136328125 0.9753866416015625 0.2065088447265625 0.9590494716796875 0.199785234375 0.9558878662109375 0.20040186328125 0.95182912890625 0.1982333486328125 0.944547455078125 0.197851732421875 0.93171704296875 0.2038290576171875 0.930431478515625 0.2084556162109375 0.92105976171875 0.28776132421875 0.9230175771484375 0.2902108955078125 0.9573250234375 0.2924000341796875 0.9626488828125 0.2903320791015625
1 1 0.20310484375 0.9865544765625 0.202400193359375 0.9774875625 0.2062277890625 0.9743554287109375 0.216233828125 0.971005046875 0.260259443359375 0.9647293603515625 0.2904411123046875 0.9702871259765625 0.2938616708984375 0.9770282353515625 0.294606119140625 0.9967723349609375 0.2960320244140625 1 0.295843646484375 1 0.20310484375
1 0.0523435478515625 0.3638849306640625 0.08773212109375 0.36534840625 0.0900988115234375 0.35999618359375 0.0880501953125 0.3493274716796875 0.0890519375 0.330213078125 0.0862949638671875 0.2733502353515625 0.043726935546875 0.2695546953125 0.0358842548828125 0.269926 0.0315393046875 0.2732187412109375 0.02970839453125 0.318106310546875 0.0332831181640625 0.35936556640625 0.03580194140625 0.361062216796875 0.0523435478515625 0.3638849306640625
1 0.1481549375 0.3071027431640625 0.1455068173828125 0.2780180419921875 0.1172216328125 0.2753621943359375 0.0963203408203125 0.271137515625 0.088252779296875 0.275799806640625 0.091454732421875 0.36397885546875 0.11109661328125 0.367355208984375 0.1454858349609375 0.3679839892578125 0.1487905458984375 0.3646367314453125 0.1466625458984375 0.3355792880859375 0.1481549375 0.3071027431640625
1 0.152910615234375 0.3656349775390625 0.1585092666015625 0.3682753564453125 0.16679029296875 0.3694916689453125 0.1928371572265625 0.3700744052734375 0.195040298828125 0.367842900390625 0.1953265107421875 0.3623816455078125 0.1928491142578125 0.2703289580078125 0.1888108193359375 0.2677703544921875 0.155564056640625 0.265245642578125 0.150801205078125 0.2665606767578125 0.1495565283203125 0.270407056640625 0.147902978515625 0.2820552294921875 0.1498217578125 0.354911748046875 0.152910615234375 0.3656349775390625
1 0.1980611884765625 0.3500078095703125 0.196784650390625 0.364413869140625 0.1940205029296875 0.3673982939453125 0.195478642578125 0.369430517578125 0.202158421875 0.371345234375 0.2364658681640625 0.3735343720703125 0.2392709033203125 0.369769767578125 0.2397958056640625 0.3298988466796875 0.237415845703125 0.275793890625 0.231960298828125 0.2704228837890625 0.22833990625 0.2698419853515625 0.200794013671875 0.268007205078125 0.19540882421875 0.2712454296875 0.1949633056640625 0.329505080078125 0.1980611884765625 0.3500078095703125
1 0.2785751083984375 0.3761323857421875 0.281237037109375 0.375098408203125 0.2815845810546875 0.3684668837890625 0.2826434111328125 0.29850454296875 0.281065 0.278863767578125 0.2735494189453125 0.2729936376953125 0.2632696904296875 0.27010793359375 0.2631879150390625 0.2716682919921875 0.2579049453125 0.272956068359375 0.2454629638671875 0.271521689453125 0.2400982177734375 0.2743698232421875 0.240810818359375 0.3702416318359375 0.2432274228515625 0.37388873046875 0.2785751083984375 0.3761323857421875
1 0.3207252353515625 0.37795021875 0.3225309189453125 0.37335091796875 0.32462998828125 0.30344309375 0.323072021484375 0.2834122294921875 0.3152407578125 0.2736139443359375 0.3006160791015625 0.27402098046875 0.2979337060546875 0.2754450478515625 0.28753131640625 0.2748998818359375 0.28112633203125 0.2776934990234375 0.282838283203125 0.37440000390625 0.2847960986328125 0.37684957421875 0.3175227431640625 0.37934702734375 0.3207252353515625 0.37795021875
1 0.3260153798828125 0.3168151748046875 0.3246137880859375 0.353510861328125 0.326224060546875 0.36259195703125 0.32388683984375 0.3773335888671875 0.326864451171875 0.3802277666015625 0.36477184765625 0.383387892578125 0.3664753125 0.3807390400390625 0.3676201611328125 0.3588940185546875 0.3692105283203125 0.2787893466796875 0.36677348046875 0.275532337890625 0.3611134970703125 0.2740622275390625 0.337687673828125 0.273225693359375 0.3266425009765625 0.274993806640625 0.3247345986328125 0.2815435556640625 0.3260153798828125 0.3168151748046875
1 0.40794176953125 0.38565033203125 0.4112055927734375 0.3830832548828125 0.4130226943359375 0.3683143642578125 0.413736373046875 0.2850344580078125 0.4122782333984375 0.283002234375 0.4066182490234375 0.2815321240234375 0.38269275 0.2802782421875 0.37432994921875 0.2806222880859375 0.3709843505859375 0.284749724609375 0.3674542197265625 0.3819638251953125 0.3684126845703125 0.3835787001953125 0.3751129072265625 0.385103328125 0.40794176953125 0.38565033203125
1 0.4832298076171875 0.362214736328125 0.4853264853515625 0.3122560009765625 0.4837366572265625 0.3027848154296875 0.4634724384765625 0.30133165234375 0.4500719921875 0.2982823984375 0.4466151494140625 0.294580783203125 0.4429743125 0.294389974609375 0.4310410322265625 0.303152443359375 0.4289377197265625 0.32338258984375 0.42726796875 0.38509853125 0.4375476962890625 0.3879842353515625 0.4791777041015625 0.389774810546875 0.4832298076171875 0.362214736328125
1 0.485918814453125 0.3905192578125 0.4931596015625 0.3916810537109375 0.5347691650390625 0.39386171875 0.5374719814453125 0.3920475615234375 0.5387984326171875 0.3866408232421875 0.54292806640625 0.3078427119140625 0.5399504560546875 0.3049485341796875 0.51962490625 0.3046656396484375 0.506744580078125 0.3016436435546875 0.504287087890625 0.298776724609375 0.4980660966796875 0.29805953515625 0.4883155146484375 0.3049805888671875 0.486866400390625 0.312727865234375 0.4829003154296875 0.388405259765625 0.485918814453125 0.3905192578125
1 0.5410220166015625 0.384019228515625 0.5421939443359375 0.39151270703125 0.548771505859375 0.3953778720703125 0.59252287890625 0.3964973017578125 0.5952256953125 0.39468314453125 0.597276703125 0.385402767578125 0.6021808076171875 0.311730337890625 0.5986421904296875 0.30958908203125 0.574176126953125 0.30869803125 0.565477201171875 0.30550401171875 0.5635193857421875 0.3030544404296875 0.5557380361328125 0.3022554765625 0.5463644658203125 0.311934416015625 0.544252126953125 0.3223850625 0.5410220166015625 0.384019228515625
1 0.6531020712890625 0.394978189453125 0.6598936337890625 0.3151461005859375 0.6537748623046875 0.312478462890625 0.6319298408203124 0.31133361328125 0.6247503857421876 0.309001548828125 0.62129354296875 0.30529993359375 0.6129716298828125 0.30486380078125 0.6057603134765625 0.3130914150390625 0.6021579736328125 0.332069517578125 0.5994004599609375 0.3647825322265625 0.60038600390625 0.3957359072265625 0.64975647265625 0.3991056259765625 0.6531020712890625 0.394978189453125
1 0.6646769287109375 0.3134409765625 0.66251467578125 0.314892302734375 0.6594120107421875 0.334287751953125 0.65605923828125 0.39826245703125 0.6871233056640625 0.4026285830078125 0.7023089912109375 0.4014686259765625 0.7051140263671875 0.3977040205078125 0.7118851455078125 0.318262021484375 0.6996476005859374 0.31292674609375 0.6646769287109375 0.3134409765625
1 0.75648319921875 0.4027431318359375 0.767058705078125 0.32037122265625 0.74122364453125 0.3182349423828125 0.7241954384765625 0.3122574384765625 0.719973150390625 0.313209640625 0.7142813056640624 0.322299208984375 0.7082984658203125 0.3767482119140625 0.706674384765625 0.3977857958984375 0.7080098623046875 0.402158556640625 0.7377180078125 0.40254201171875 0.7475185048828125 0.4046202783203125 0.75648319921875 0.4027431318359375
1 0.820151787109375 0.322371390625 0.80446642578125 0.323114 0.7706790986328125 0.3209521201171875 0.76762873828125 0.3293978017578125 0.7606669912109375 0.3826220185546875 0.7595221416015625 0.4044670400390625 0.79060665234375 0.408443076171875 0.8051699990234376 0.4092063095703125 0.8115340966796875 0.40719287109375 0.821446376953125 0.32752433203125 0.820151787109375 0.322371390625
1 0.819192783203125 0.410332373046875 0.8260565556640626 0.408736283203125 0.857722517578125 0.41156930859375 0.864606734375 0.40958312890625 0.86833412890625 0.3683153994140625 0.8755183662109375 0.33074928515625 0.8731222060546875 0.32671209765625 0.8616591318359375 0.32650250390625 0.8526944375 0.3283796513671875 0.8407316875 0.3277527099609375 0.8289324873046875 0.3240050517578125 0.824190080078125 0.3249299951171875 0.8138917607421875 0.3920611494140625 0.81317623046875 0.405714287109375 0.819192783203125 0.410332373046875
1 0.8667894306640626 0.4077417138671875 0.86820668359375 0.4105541162109375 0.88060777734375 0.4127686748046875 0.9128551904296875 0.414458689453125 0.9149969990234375 0.4133974541015625 0.9248341396484375 0.3650178623046875 0.928611447265625 0.3327494541015625 0.9256747236328124 0.3290750966796875 0.9164147900390625 0.3266339990234375 0.9134167353515625 0.3241299111328125 0.907154857421875 0.3241929013671875 0.899148626953125 0.3276849228515625 0.882005125 0.3263953095703125 0.877741951171875 0.32812769140625 0.8686383935546875 0.38241314453125 0.8667894306640626 0.4077417138671875
1 0.923278025390625 0.4146137666015625 0.9591049423828125 0.4176648583984375 0.9653668212890625 0.417601869140625 0.9691098759765625 0.415842228515625 0.9821428740234375 0.3363372392578125 0.9797671572265625 0.3319099609375 0.9568410087890625 0.331490775390625 0.948784865234375 0.3259834765625 0.937882798828125 0.3250209619140625 0.93520042578125 0.326445029296875 0.9300695869140625 0.3347816767578125 0.9268328427734375 0.3666872548828125 0.920516267578125 0.3976491025390625 0.91923973046875 0.412055162109375 0.923278025390625 0.4146137666015625
1 1 0.332691166015625 0.9964314267578125 0.3323921376953125 0.983224 0.335611576171875 0.9718445537109375 0.403468392578125 0.971608255859375 0.41792896875 1 0.4187399111328125 1 0.332691166015625
1 0.0855555205078125 0.486494267578125 0.0879835419921875 0.4799717763671875 0.0859349248046875 0.469303064453125 0.0876816689453125 0.445924943359375 0.08581041015625 0.402016833984375 0.0827714677734375 0.40029292578125 0.064026720703125 0.3997017158203125 0.048566240234375 0.3961533388671875 0.033298779296875 0.3988736552734375 0.0308726103515625 0.4750229140625 0.0325442138671875 0.4829337412109375 0.0428648291015625 0.485039265625 0.0855555205078125 0.486494267578125
1 0.14380891015625 0.4895471982421875 0.1454919306640625 0.487288435546875 0.145955501953125 0.4485877841796875 0.1429622294921875 0.406185517578125 0.134865197265625 0.4014583984375 0.10937933984375 0.4001227412109375 0.089512578125 0.401037373046875 0.087613703125 0.417366623046875 0.0878109658203125 0.473312994140625 0.0903388154296875 0.48478914453125 0.0980179462890625 0.487538556640625 0.14380891015625 0.4895471982421875
1 0.152691830078125 0.48923041015625 0.186458712890625 0.4917823798828125 0.1907218876953125 0.490049998046875 0.191466888671875 0.4857862705078125 0.1903454140625 0.3977162548828125 0.1889281611328125 0.3949038525390625 0.1848285361328125 0.3935155166015625 0.157802763671875 0.3917079951171875 0.1488789560546875 0.3928049619140625 0.1468983046875 0.4106945703125 0.1470751240234375 0.46703103125 0.149693775390625 0.486726322265625 0.152691830078125 0.48923041015625
1 0.2294770419921875 0.39742008984375 0.1967503984375 0.3949226376953125 0.19238500390625 0.3986054677734375 0.1906948095703125 0.4607114990234375 0.1933020419921875 0.49057637890625 0.1957799765625 0.493053208984375 0.22700759375 0.4942986181640625 0.23447326171875 0.4911694267578125 0.2345351318359375 0.40042330078125 0.2294770419921875 0.39742008984375
1 0.2376354052734375 0.4009769404296875 0.2345826533203125 0.4293717109375 0.2343097119140625 0.49429014453125 0.23736909765625 0.495623962890625 0.2753991552734375 0.49644355078125 0.2771849345703125 0.402658482421875 0.2637844892578125 0.399609228515625 0.241398904296875 0.3988272109375 0.2376354052734375 0.4009769404296875
1 0.31261439453125 0.4033417783203125 0.2840078203125 0.4018425712890625 0.2797650888671875 0.40318486328125 0.2774591904296875 0.496942673828125 0.3107059541015625 0.499467384765625 0.318151177734375 0.4967282841796875 0.3196411787109375 0.488200828125 0.320150419921875 0.408821818359375 0.3182334912109375 0.405592068359375 0.31261439453125 0.4033417783203125
1 0.3582826962890625 0.4076909580078125 0.33287861328125 0.4047949423828125 0.324454482421875 0.4063092578125 0.3218124580078125 0.4965290029296875 0.3227709228515625 0.4981438779296875 0.3309906162109375 0.500530458984375 0.359576748046875 0.502419755859375 0.3627587958984375 0.501413037109375 0.3649215888671875 0.4103858544921875 0.3582826962890625 0.4076909580078125
1 0.4101215361328125 0.4933338642578125 0.4096109814453125 0.413510248046875 0.406154138671875 0.4098086328125 0.3989337958984375 0.408256748046875 0.3671451728515625 0.407764259765625 0.3649306142578125 0.420165353515625 0.362779240234375 0.501022947265625 0.3668175341796875 0.5035815517578125 0.4037460224609375 0.5055168916015625 0.407009845703125 0.502949814453125 0.4101215361328125 0.4933338642578125
1 0.4635802138671875 0.5082615078125 0.469026734375 0.5038530146484375 0.470057947265625 0.49412803125 0.4736945400390625 0.4446411611328125 0.4720343544921875 0.4265607451171875 0.467496384765625 0.42358479296875 0.4461101513671875 0.423637470703125 0.4254280322265625 0.4202066005859375 0.41677901953125 0.42601190234375 0.4148482822265625 0.4529008310546875 0.41529087109375 0.5041661259765625 0.41778925 0.5062528662109375 0.4635802138671875 0.5082615078125
1 0.4916257822265625 0.5105136357421876 0.506373123046875 0.5077660615234375 0.51405225390625 0.510515474609375 0.521854046875 0.5109243486328126 0.524536419921875 0.5095002822265625 0.5316232216796875 0.4339864375 0.529788068359375 0.429196328125 0.490299869140625 0.426344517578125 0.481896181640625 0.4274687431640625 0.4791115908203125 0.4308432578125 0.4753024208984375 0.473671345703125 0.4737078095703125 0.50409833984375 0.4760426396484375 0.509305796875 0.4916257822265625 0.5105136357421876
1 0.529569822265625 0.4632159033203125 0.5265760107421875 0.510389494140625 0.531695431640625 0.5122224365234375 0.5769867197265625 0.5138137294921875 0.5804754248046875 0.506955666015625 0.5853999716796875 0.432893146484375 0.5761195947265625 0.430842138671875 0.533928580078125 0.429804484375 0.529569822265625 0.4632159033203125
1 0.5850452548828124 0.499371939453125 0.586410203125 0.5131341103515625 0.6352196650390625 0.51725675 0.637606798828125 0.5115144384765625 0.6407322998046875 0.4717798095703125 0.64142977734375 0.438567671875 0.64003296875 0.4353651796875 0.620890763671875 0.432406173828125 0.6125075205078125 0.4331403095703125 0.606490966796875 0.4285222236328125 0.598689173828125 0.4281133486328125 0.5895404853515624 0.433501302734375 0.5880300400390625 0.4424188486328125 0.5872802568359375 0.4865807548828125 0.5850452548828124 0.499371939453125
1 0.6895165361328125 0.5161907177734375 0.6918856171875 0.49088940625 0.6935643955078125 0.43895296484375 0.6869050595703124 0.436648158203125 0.6635610107421875 0.434251265625 0.655922767578125 0.430721673828125 0.6517413681640625 0.430893697265625 0.644009931640625 0.439094052734375 0.642049724609375 0.4565935712890625 0.6384221572265625 0.51585994140625 0.6394010654296876 0.5170847275390625 0.6867523876953125 0.5191751435546875 0.6895165361328125 0.5161907177734375
1 0.7384786689453126 0.437786373046875 0.73400203125 0.4336401513671875 0.7180582998046875 0.437889669921875 0.7020089697265625 0.4370485595703125 0.69722567578125 0.43875368359375 0.691994470703125 0.5186675478515625 0.6945337373046875 0.5199741083984375 0.740283814453125 0.5227629287109375 0.7427322802734375 0.5158503486328125 0.7482178349609375 0.441034908203125 0.7384786689453126 0.437786373046875
1 0.800066240234375 0.4468814560546875 0.796568509765625 0.4439600205078125 0.755040720703125 0.4402189970703125 0.751338552734375 0.4411984580078125 0.745244466796875 0.4878184091796875 0.743486306640625 0.5213661201171875 0.789215939453125 0.52454503125 0.7913577490234375 0.523483794921875 0.7916962666015624 0.507072771484375 0.7997890537109374 0.4621222119140625 0.800066240234375 0.4468814560546875
1 0.804778638671875 0.5261429599609375 0.844848287109375 0.527851759765625 0.8476737666015625 0.5236970654296875 0.84809405859375 0.5057256826171875 0.8563822578125 0.4470947265625 0.8528231962890624 0.4453435595703125 0.8059306611328125 0.444450669921875 0.8037888515625 0.44551190625 0.801860505859375 0.4524517451171875 0.79365408203125 0.509522341796875 0.795019029296875 0.523284513671875 0.79803752734375 0.52539851171875 0.804778638671875 0.5261429599609375
1 0.90289299609375 0.485127908203125 0.907363 0.459545541015625 0.9067929658203125 0.4505189619140625 0.9042741435546875 0.4488223115234375 0.86238978515625 0.4419333125 0.85968696875 0.4437474697265625 0.8578403974609375 0.44912694921875 0.8485708994140625 0.526482208984375 0.8510692783203125 0.52856894921875 0.872373736328125 0.5300766298828125 0.90002184765625 0.5299609609375 0.90289299609375 0.485127908203125
1 0.9591614912109375 0.4563927685546875 0.9572854501953125 0.4523828388671875 0.94278343359375 0.4504493369140625 0.930759353515625 0.4509926650390625 0.924701912109375 0.4471547578125 0.91111747265625 0.447616310546875 0.902565896484375 0.4913693427734375 0.9044395458984374 0.5153283623046875 0.8990020517578124 0.52951635546875 0.917104017578125 0.5324208447265625 0.946312486328125 0.532386951171875 0.9591614912109375 0.4563927685546875
1 1 0.4533827421875 0.9994969091796875 0.4530304033203125 0.9938778125 0.45078011328125 0.9807112744140625 0.453219373046875 0.9640674482421875 0.452347107421875 0.961925638671875 0.4534083427734375 0.9589366103515625 0.4606837548828125 0.953496724609375 0.4948208369140625 0.95049388671875 0.532214927734375 0.9587135810546875 0.5346015087890625 0.9983244423828125 0.5351127822265624 1 0.5031412353515625 1 0.4533827421875
1 0.0311774140625 0.3995448017578125 0.0277205712890625 0.3958431865234375 0.0064161123046875 0.394335505859375 0.00485575390625 0.39425373046875 0.0002968017578125 0.4812437255859375 0.0262618916015625 0.4833868203125 0.0300458349609375 0.4808470009765625 0.031792578125 0.4574688798828125 0.0311774140625 0.3995448017578125
1 0.01774140234375 0.2678016904296875 0.0114386357421875 0.268644859375 0.006757021484375 0.357975392578125 0.0259196689453125 0.36054430859375 0.030366837890625 0.355301119140625 0.0295406015625 0.2715493486328125 0.027062666015625 0.26907251953125 0.01774140234375 0.2678016904296875
1 0 0.6021616591796874 0.0303676123046875 0.6040796025390625 0.032918296875 0.5952165732421875 0.03085641015625 0.5250906826171875 0.02895992578125 0.5214708427734375 0.0243401806640625 0.5200552490234375 0.000435125 0.5184112763671875 0 0.518469486328125 0 0.6021616591796874
1 0.0860612919921875 0.6062160625 0.0883053203125 0.6032043779296875 0.08729508984375 0.5229634140625 0.0738742001953125 0.52030425 0.0520291787109375 0.5191594013671875 0.03790417578125 0.51998378515625 0.033538783203125 0.523666615234375 0.0320848857421875 0.5713120703125 0.034589900390625 0.603127400390625 0.036588603515625 0.6047967919921875 0.0578930615234375 0.60630447265625 0.0860612919921875 0.6062160625
1 0.1444078740234375 0.597539044921875 0.1435497763671875 0.524346953125 0.1415306298828125 0.5230676513671875 0.0957396650390625 0.521059009765625 0.0899365751953125 0.5223195263671875 0.090592626953125 0.57946342578125 0.0887141943359375 0.5954025849609375 0.0903040234375 0.6048737705078125 0.1203891826171875 0.6080151103515625 0.1412348515625 0.608325263671875 0.1444078740234375 0.597539044921875
1 0.183907490234375 0.5902212666015625 0.1861539091796875 0.5672604931640625 0.185547771484375 0.5191159150390625 0.1805305693359375 0.5153325244140625 0.1592465556640625 0.5134347548828125 0.14980262890625 0.5145044638671875 0.14753815625 0.5179062373046875 0.1450596826171875 0.605005265625 0.148016849609375 0.6082895322265625 0.182864859375 0.6101158388671875 0.184547880859375 0.607857076171875 0.183907490234375 0.5902212666015625
1 0.2238316416015625 0.614609783203125 0.2275338095703125 0.6136303232421875 0.2292372744140625 0.6109814697265625 0.229534904296875 0.595350625 0.227638419921875 0.59173078515625 0.2307296669921875 0.5825049248046875 0.2320019609375 0.5184211865234375 0.22374137890625 0.51681478515625 0.199193541015625 0.5174840927734375 0.1935131142578125 0.516404072265625 0.1877100244140625 0.5176645888671875 0.1859855771484375 0.610279388671875 0.192644912109375 0.6125841953125 0.2238316416015625 0.614609783203125
1 0.2307158583984375 0.612623603515625 0.2342544765625 0.6147648603515625 0.2405163544921875 0.6147018701171875 0.2451156552734375 0.6165075537109375 0.272804654296875 0.6156117060546875 0.2761502529296875 0.61148426953125 0.2760776767578125 0.592965638671875 0.2780605458984375 0.5849854306640625 0.279085123046875 0.5455318583984375 0.2766276328125 0.542664939453125 0.2782721572265625 0.5212372666015626 0.2705316953125 0.519658123046875 0.25166428515625 0.521407451171875 0.23670348046875 0.518276421875 0.23385755859375 0.5228212060546875 0.2307158583984375 0.612623603515625
1 0.3085617529296875 0.5204777099609375 0.2875729775390625 0.5228981845703125 0.2847474990234375 0.5270528798828125 0.2811494013671875 0.59570866015625 0.28218725 0.615712265625 0.2862664306640625 0.61749069140625 0.32111444140625 0.619316998046875 0.325041490234375 0.61404655078125 0.32762218359375 0.5249970751953125 0.3085617529296875 0.5204777099609375
1 0.3675691689453125 0.5290464130859375 0.365070791015625 0.5269596728515625 0.3557904140625 0.5249086650390625 0.3328847099609375 0.524099388671875 0.3302023369140625 0.5255234560546875 0.326040841796875 0.6148812470703126 0.3300791357421875 0.6174398515625 0.3629284423828125 0.6175967666015625 0.3661309345703125 0.61619995703125 0.3671417041015625 0.6068650634765625 0.3675691689453125 0.5290464130859375
1 0.371771013671875 0.5284842998046875 0.3681909697265625 0.616699080078125 0.37324905859375 0.619702291015625 0.40557824609375 0.619831947265625 0.4098209765625 0.6184896552734375 0.411799775390625 0.530973279296875 0.4052017705078125 0.5274982041015625 0.3744942744140625 0.5262800537109374 0.371771013671875 0.5284842998046875
1 0.4150426162109375 0.6183721494140625 0.4175614384765625 0.620068798828125 0.4284430615234375 0.6214214033203125 0.463933853515625 0.6209344296875 0.4666571142578125 0.61873018359375 0.4694236533203125 0.5957966689453125 0.4712250927734375 0.541519689453125 0.4672072421875 0.5385709951171875 0.458426541015625 0.5369373349609375 0.4469225791015625 0.5375079208984375 0.4402836875 0.5348130244140625 0.432858908203125 0.5371620361328125 0.4303196416015625 0.5358554755859375 0.4229357490234375 0.5374243076171875 0.41917225 0.539574037109375 0.4150426162109375 0.6183721494140625
1 0.5140384453125 0.5406341533203125 0.48497308203125 0.5379374189453126 0.4786498720703125 0.539170677734375 0.4748659287109375 0.5417104970703125 0.472978470703125 0.5478701572265625 0.4696551689453125 0.621234271484375 0.4721944345703125 0.62254083203125 0.517465279296875 0.6245222158203125 0.520372533203125 0.618807162109375 0.52429773046875 0.543909947265625 0.5140384453125 0.5406341533203125
1 0.52422258984375 0.57519889453125 0.5221872431640625 0.623987361328125 0.5387492939453125 0.6264199853515625 0.572098275390625 0.626994248046875 0.577309037109375 0.5474704736328125 0.5619098876953125 0.542751828125 0.5290401376953126 0.5429850029296875 0.5262964326171875 0.5455793388671875 0.52422258984375 0.57519889453125
1 0.6318807021484375 0.5511127763671875 0.6278628515625 0.54816408203125 0.621682748046875 0.546666712890625 0.620846947265625 0.5427112998046875 0.597716361328125 0.546193009765625 0.582755556640625 0.5430619814453125 0.579909634765625 0.547606765625 0.57627967578125 0.6268222255859375 0.5782988232421875 0.62810152734375 0.6230495478515625 0.63005565234375 0.6258136962890625 0.6270712265625 0.6318807021484375 0.5511127763671875
1 0.666015625 0.576171875 0.00390625 0.001953125
1 0.6277510673828125 0.6299108876953124 0.6391323662109375 0.63168083984375 0.67560206640625 0.63241865234375 0.677825650390625 0.6297970576171875 0.6783072744140625 0.61065540625 0.6828999404296875 0.5827325 0.6837291064453125 0.55695932421875 0.6817917353515625 0.5541196630859375 0.669615521484375 0.547614119140625 0.66233384765625 0.5472325029296875 0.65282858984375 0.54947248046875 0.6404070517578125 0.5476480126953125 0.634542630859375 0.550078798828125 0.626792603515625 0.6282960126953125 0.6277510673828125 0.6299108876953124
1 0.7328452255859375 0.555230619140625 0.7282868125 0.5526447568359375 0.71536559765625 0.5504029404296875 0.690399859375 0.549094541015625 0.68485112109375 0.555453482421875 0.6789272216796876 0.6286813056640626 0.68140515625 0.631158134765625 0.7251360859375 0.6326676533203125 0.7277980146484375 0.6316336767578125 0.72848168359375 0.6285402177734375 0.7328452255859375 0.555230619140625
1 0.7870303125 0.635911392578125 0.7955343662109375 0.563209951171875 0.79421933203125 0.558447099609375 0.744369630859375 0.554269943359375 0.739066216796875 0.55594780859375 0.7380644736328125 0.5750622021484375 0.7317274560546875 0.6064141396484375 0.7309097060546875 0.6220177265625 0.73370332421875 0.6284227109375 0.7376802861328124 0.632151583984375 0.7443600654296875 0.63406630078125 0.7870303125 0.635911392578125
1 0.8457724990234375 0.5599754033203125 0.804662611328125 0.5582120869140625 0.8009604423828125 0.5591915478515626 0.7971765 0.5617313671875 0.7941556103515625 0.5795664580078125 0.7896513544921875 0.6356575947265625 0.8150554365234375 0.6385536103515626 0.8390218232421875 0.6390273134765625 0.8412862958984375 0.6356255400390625 0.848291322265625 0.5616720537109375 0.8457724990234375 0.5599754033203125
1 0.873767615234375 0.642804068359375 0.8868319345703125 0.6423152568359375 0.8910951103515625 0.6405828759765625 0.901311654296875 0.5750120810546875 0.9017614169921875 0.5664301083984375 0.899824044921875 0.563590447265625 0.887525169921875 0.5594254404296874 0.874002060546875 0.558716724609375 0.854033080078125 0.5615818056640625 0.84965626953125 0.5754342255859375 0.8446138408203125 0.611939103515625 0.8433258857421875 0.636514751953125 0.8457629345703125 0.6397717607421874 0.873767615234375 0.642804068359375
1 0.9435454091796875 0.6448963232421875 0.953905060546875 0.5765949013671875 0.9543957099609375 0.5672327490234375 0.9528966826171875 0.565980705078125 0.937976765625 0.5620694970703125 0.9130928017578125 0.5592007392578126 0.9082890634765625 0.5612959521484375 0.902719880859375 0.5680449833984375 0.897993134765625 0.6084780166015625 0.895837517578125 0.639657931640625 0.8982950078125 0.6425248505859374 0.91121622265625 0.6447666669921875 0.9435454091796875 0.6448963232421875
1 0.9629016162109375 0.5641580751953125 0.9571189697265625 0.5650285029296875 0.9524150595703125 0.585122357421875 0.945666775390625 0.644225177734375 0.97055073828125 0.6470939345703125 0.992497978515625 0.6462883359375 0.9966685 0.566710044921875 0.991528634765625 0.5652671923828125 0.978423427734375 0.56653618359375 0.9629016162109375 0.5641580751953125
1 0 0.7379320107421875 0.018051998046875 0.7395582216796875 0.0227944052734375 0.73863327734375 0.026160447265625 0.7341157509765625 0.023889513671875 0.677930447265625 0.0258952177734375 0.6496110595703125 0.020857572265625 0.6462177587890625 0 0.6444962255859376 0 0.7379320107421875
1 0.0250479990234375 0.655825236328125 0.02859749609375 0.7373727607421875 0.0644857451171875 0.739253583984375 0.0817927958984375 0.73742248046875 0.0810278896484375 0.6525004404296875 0.077468828125 0.6507492734375 0.0474654443359375 0.64604757421875 0.0305558505859375 0.6502464736328125 0.0250479990234375 0.655825236328125
1 0.1392518095703125 0.6461639609375 0.1092983388671875 0.65046158203125 0.09633623828125 0.6489999453125 0.0857294091796875 0.65235567578125 0.082924375 0.65612028125 0.08125940625 0.6779380439453125 0.083852830078125 0.737921603515625 0.085351857421875 0.7391736474609375 0.105116400390625 0.740209462890625 0.137486474609375 0.7395589404296875 0.1392518095703125 0.6461639609375
1 0.179218701171875 0.7393990673828125 0.1813809541015625 0.7379477412109375 0.1830687578125 0.6957907998046875 0.18254439453125 0.64608586328125 0.1899192607421875 0.63473753125 0.18956269140625 0.6315895556640625 0.153613111328125 0.6308790009765625 0.149910943359375 0.6318584619140625 0.14222039453125 0.639278638671875 0.1396967900390625 0.6774801669921875 0.1402097353515625 0.737354693359375 0.14116819921875 0.7389695693359375 0.179218701171875 0.7393990673828125
1 0.2252849990234375 0.656540185546875 0.227458669921875 0.6449192705078125 0.233691078125 0.6354668701171875 0.232212494140625 0.6338247373046875 0.226511623046875 0.6331348056640625 0.192040626953125 0.634066384765625 0.1838798720703125 0.6504586240234375 0.182920869140625 0.7384196064453125 0.19530151953125 0.74102425390625 0.2213074970703125 0.742387169921875 0.224010314453125 0.7405730126953125 0.2252849990234375 0.656540185546875
1 0.2751779794921875 0.6399880732421875 0.2681007431640625 0.635705560546875 0.23739324609375 0.63448741015625 0.2296004794921875 0.64385803515625 0.2270906826171875 0.651940884765625 0.2245099892578125 0.7409903603515625 0.2373903154296875 0.7440123564453125 0.262876173828125 0.745348013671875 0.2671393486328125 0.7436156318359375 0.2714439501953125 0.651527212890625 0.2751779794921875 0.6399880732421875
1 0.2935836708984375 0.7465661640625 0.30668887890625 0.745297173828125 0.3099731455078125 0.7423400068359375 0.313398666015625 0.667025443359375 0.317766451171875 0.6433935234375 0.313769044921875 0.640054740234375 0.28568258984375 0.638582791015625 0.2787574853515625 0.641349150390625 0.2747486611328125 0.6481799560546875 0.2712190693359375 0.65581819921875 0.2687610380859375 0.7425271376953125 0.270198734375 0.744949451171875 0.2935836708984375 0.7465661640625
1 0.31342998828125 0.74604162109375 0.3252496328125 0.7493991904296875 0.3527750810546875 0.751624060546875 0.35662035546875 0.7479139716796875 0.3592732578125 0.737100494140625 0.3630168515625 0.6457649970703125 0.35897855859375 0.643206392578125 0.32354909765625 0.6425230966796875 0.3159493505859375 0.6581624140625 0.312771544921875 0.7088468125 0.3142182685546875 0.721048625 0.311921935546875 0.735010078125 0.31342998828125 0.74604162109375
1 0.3657576259765625 0.752695607421875 0.3761395732421875 0.75363086328125 0.4017072060546875 0.753406162109375 0.4049914736328125 0.750448994140625 0.4057364736328125 0.7461852666015625 0.4087146240234375 0.6595035869140625 0.4071452392578125 0.6496423115234375 0.403729283203125 0.645160517578125 0.3682998232421875 0.6444772216796875 0.3655765625 0.6466814677734375 0.3647906748046875 0.651725375 0.3613447099609375 0.72743002734375 0.3627595712890625 0.75019151953125 0.3657576259765625 0.752695607421875
1 0.4288965283203125 0.752092966796875 0.4318536962890625 0.7553772333984375 0.4662838046875 0.755225833984375 0.477665103515625 0.75699578515625 0.481428603515625 0.7548460556640625 0.4875683583984375 0.66754774609375 0.4824194677734375 0.65632539453125 0.4764029140625 0.65170730859375 0.47120171875 0.6514347255859375 0.46529641015625 0.65464569140625 0.4536697861328125 0.6575568154296875 0.44492997265625 0.6551429755859375 0.4376278544921875 0.65515144921875 0.43436403125 0.6577185263671875 0.4310274599609375 0.671625462890625 0.4288965283203125 0.752092966796875
1 0.54007759765625 0.6906400146484375 0.5379995107421875 0.670581892578125 0.532941421875 0.667578681640625 0.4948909189453125 0.66714918359375 0.4915657646484375 0.6708865302734375 0.4884336298828125 0.6808925703125 0.4863507607421875 0.7007326259765625 0.4850694404296875 0.7550368642578125 0.4875678193359375 0.757123603515625 0.5334201142578125 0.7579619765625 0.5371451181640625 0.7366433369140625 0.54007759765625 0.6906400146484375
1 0.597118171875 0.686979646484375 0.590399896484375 0.66589601953125 0.586943052734375 0.662194404296875 0.5833431044921875 0.6612234169921875 0.5603965126953125 0.6611943203125 0.54849509375 0.6593971103515625 0.5416517646484375 0.660603111328125 0.537662845703125 0.7566196845703125 0.5427004912109376 0.760012984375 0.5880122236328125 0.7612141884765625 0.591194271484375 0.7602074697265625 0.597118171875 0.686979646484375
1 0.6184863515625 0.66736796875 0.611388671875 0.663475544921875 0.604106998046875 0.6630939287109375 0.60038438671875 0.6644634794921875 0.594794759765625 0.671602599609375 0.5945289912109375 0.676673765625 0.59782228515625 0.68349609765625 0.5927979091796876 0.7395599755859374 0.59327475 0.7603165029296876 0.598353283203125 0.7629296240234374 0.6426452197265625 0.7636862216796875 0.6448688037109375 0.761064626953125 0.645797798828125 0.7532900927734375 0.6484169873046876 0.6834095263671875 0.6440425673828125 0.6773128564453125 0.6423505205078125 0.6697921201171875 0.6413511689453125 0.668957423828125 0.638128232421875 0.670744322265625 0.6356911845703125 0.6674873134765625 0.6320707919921875 0.666906416015625 0.6184863515625 0.66736796875
1 0.6446967666015625 0.6648299873046875 0.6453281318359375 0.672686296875 0.6508131484375 0.68744671484375 0.6489461337890625 0.6932162841796875 0.6464496064453125 0.7607563125 0.6474080703125 0.7623711875 0.6541491806640625 0.7631156357421875 0.6744338427734375 0.7641787099609375 0.69274024609375 0.763182302734375 0.6960858447265625 0.7590548662109375 0.7020572666015625 0.7147754521484375 0.7021732939453125 0.6827063251953125 0.69444425 0.670957591796875 0.6874283447265624 0.665504810546875 0.655639720703125 0.665012322265625 0.6494800615234375 0.6631248642578125 0.6446967666015625 0.6648299873046875
1 0.748413482421875 0.7657088515625 0.756601853515625 0.6890792548828125 0.74567031640625 0.678727330078125 0.7445074150390625 0.6810133515625 0.73306478515625 0.6804136689453125 0.732085876953125 0.6791888837890625 0.7177359931640624 0.68430425390625 0.7075380400390625 0.67985819140625 0.7047534482421876 0.68323270703125 0.6974826533203125 0.7622573583984374 0.6994813564453125 0.76392675 0.726445798828125 0.766904541015625 0.748413482421875 0.7657088515625
1 0.7514728681640624 0.7670426708984375 0.754511810546875 0.7687665791015625 0.79982354296875 0.769967783203125 0.80312825390625 0.7666205263671875 0.810694287109375 0.691914119140625 0.8082776826171875 0.6882670205078125 0.801220890625 0.68359441796875 0.7737567724609375 0.680199279296875 0.7704316181640625 0.6839366259765625 0.761753134765625 0.680352517578125 0.757510404296875 0.6816948095703125 0.7583847021484375 0.7048191328125 0.750984609375 0.7564557333984375 0.7514728681640624 0.7670426708984375
1 0.8072374443359375 0.68821250390625 0.809756265625 0.689909154296875 0.8130086728515625 0.697511666015625 0.80462728125 0.7678725703125 0.8071052158203125 0.7703493994140626 0.8332542998046875 0.7689816875 0.8383941640625 0.7704245400390625 0.84675696484375 0.7700804931640625 0.8505613505859375 0.767150583984375 0.85441804296875 0.75327090625 0.8616864462890625 0.69419534375 0.8532328447265625 0.6863202490234375 0.834406322265625 0.6872893984375 0.813744646484375 0.6834684384765625 0.8083799013671875 0.686316572265625 0.8072374443359375 0.68821250390625
1 0.863083255859375 0.6973978359375 0.8629401494140625 0.7001284638671875 0.85370251171875 0.7669240439453126 0.859280720703125 0.769954513671875 0.9003701650390625 0.772107919921875 0.903072982421875 0.7702937626953125 0.911186212890625 0.7249531142578125 0.9138006201171875 0.6949707265625 0.9052447998046875 0.689046080078125 0.894801521484375 0.68928109375 0.884644455078125 0.6840548515625 0.861779638671875 0.6824653955078125 0.8590972666015625 0.683889462890625 0.8568327939453125 0.687291236328125 0.863083255859375 0.6973978359375
1 0.90809018359375 0.7740771533203125 0.9564817451171875 0.7762220859375 0.9587053291015625 0.7736004921875 0.9616763056640625 0.746766080078125 0.9661553359375 0.7309632119140625 0.9699825576171875 0.7076941240234375 0.969351193359375 0.699837814453125 0.9608567041015625 0.6927428984375 0.95065875 0.6882968359375 0.933851375 0.690545287109375 0.92879328515625 0.687542076171875 0.91928802734375 0.6897820546875 0.915463197265625 0.6931020537109375 0.904674228515625 0.7695953583984375 0.90809018359375 0.7740771533203125
1 0.9669250244140625 0.7759870732421875 0.9856902158203125 0.776188193359375 0.9907602607421875 0.67944595703125 0.9798581943359375 0.6784834423828126 0.969006041015625 0.6865202490234374 0.96442718359375 0.6843244755859375 0.958001755859375 0.68750818359375 0.957399861328125 0.689041283203125 0.968494947265625 0.696272490234375 0.9708706650390625 0.7006997685546875 0.959725125 0.7740450986328125 0.9669250244140625 0.7759870732421875
1 0 0.8386404169921875 0.00297701953125 0.838123087890625 0.01171683203125 0.840536927734375 0.0321446005859375 0.8388693740234375 0.0477277431640625 0.840077212890625 0.05224526953125 0.8434432548828125 0.0558656630859375 0.8440241533203126 0.0593453408203125 0.8273865888671875 0.0598383828125 0.79807534765625 0.0662752275390625 0.78472205078125 0.0595954482421875 0.782807333984375 0.01066332421875 0.781025232421875 0 0.7789273525390625 0 0.8386404169921875
1 0 0.8910640029296875 0.01109873828125 0.8921377958984374 0.056951033203125 0.8929761689453125 0.0586364453125 0.87076831640625 0.057282916015625 0.8468365556640625 0.052224826171875 0.8438333447265625 0.0398032880859375 0.8420088759765625 0.0038537080078125 0.841298322265625 0 0.8418138623046875 0 0.8910640029296875
1 0.0730572255859375 0.7846863193359375 0.0654484521484375 0.7905461376953125 0.061255634765625 0.80088775 0.0598744873046875 0.83719334765625 0.0625454423828125 0.845938869140625 0.1291616318359375 0.84864775390625 0.14280740234375 0.847015931640625 0.146030337890625 0.845229033203125 0.1495352431640625 0.788303201171875 0.14759787109375 0.7854635400390625 0.126711314453125 0.78593356640625 0.1203267734375 0.7883370947265625 0.11562525390625 0.788481859375 0.1146667890625 0.786866984375 0.1055794326171875 0.7910846689453125 0.1041008486328125 0.78944253515625 0.0900985087890625 0.7879263818359376 0.087080009765625 0.7858123837890625 0.0730572255859375 0.7846863193359375
1 0.1457441259765625 0.8506902890625 0.143245748046875 0.848603548828125 0.0765682265625 0.84706493359375 0.0624227802734375 0.8482794072265625 0.06026052734375 0.8497307333984375 0.0595720751953125 0.89272237109375 0.062050009765625 0.8951992001953125 0.138548470703125 0.8984259921875 0.143331765625 0.896720869140625 0.145055673828125 0.8936819267578126 0.1457441259765625 0.8506902890625
1 0.2308169990234375 0.7898248701171875 0.2110320126953125 0.7891791435546875 0.205412916015625 0.7869288544921875 0.1658020556640625 0.7864175810546875 0.1594992890625 0.7872607509765625 0.15625591015625 0.78943773828125 0.151022853515625 0.7997248349609375 0.1496098447265625 0.846590111328125 0.186915345703125 0.8512833369140625 0.2303510361328125 0.848474611328125 0.232874642578125 0.81027308203125 0.2308169990234375 0.7898248701171875
1 0.2291676923828125 0.8511507216796875 0.14956895703125 0.8473702900390625 0.146866140625 0.849184447265625 0.14559862890625 0.873370005859375 0.1470748212890625 0.894961228515625 0.1886434970703125 0.8979220732421875 0.2272345634765625 0.897988740234375 0.2289584716796875 0.8949497978515625 0.23116639453125 0.8528201142578125 0.2291676923828125 0.8511507216796875
1 0.2800942763671875 0.804924537109375 0.2363224599609375 0.804195197265625 0.23413976171875 0.8060366123046875 0.23257462109375 0.8458530166015625 0.234950337890625 0.8502802939453125 0.31168270703125 0.8589956005859375 0.3149260859375 0.8568186123046875 0.3171953408203125 0.81351866015625 0.3147991796875 0.8094814716796875 0.2800942763671875 0.804924537109375
1 0.362879302734375 0.8573759287109375 0.37742220703125 0.8585292509765625 0.392403455078125 0.8612701904296876 0.4003892412109375 0.8581682578125 0.4031581728515625 0.8152856533203126 0.4018226953125 0.810912892578125 0.3341458212890625 0.8085395810546875 0.325242458984375 0.8092464580078125 0.3203978330078125 0.8121218505859376 0.3185693134765625 0.8370603310546875 0.3202703876953125 0.8543605673828125 0.3503146591796875 0.858282087890625 0.362879302734375 0.8573759287109375
1 0.2521185263671875 0.9008574970703125 0.288006775390625 0.9027383203125 0.310076677734375 0.89959218359375 0.3119232490234375 0.894212703125 0.3127025009765625 0.85944020703125 0.2951819873046875 0.85539270703125 0.238050611328125 0.85083393359375 0.23436888671875 0.8514233046875 0.232145302734375 0.8540448994140625 0.2300600419921875 0.893834044921875 0.2318338642578125 0.8997944228515625 0.2359130458984375 0.9015728486328125 0.2521185263671875 0.9008574970703125
1 0.31561878125 0.8635046533203125 0.313585826171875 0.8923440302734374 0.3156753310546875 0.9022325625 0.344740693359375 0.904929296875 0.36558636328125 0.9052394501953125 0.3698699814453125 0.903116978515625 0.3724116396484375 0.8844744501953125 0.369077458984375 0.878432296875 0.36896621484375 0.8706032451171875 0.3723118125 0.86647580859375 0.3724549189453125 0.863745181640625 0.3699565400390625 0.86165844140625 0.3653776826171875 0.85946266796875 0.360635275390625 0.8603876123046875 0.326409603515625 0.8566381162109376 0.3227278798828125 0.8572274873046875 0.31561878125 0.8635046533203125
1 0.340462396484375 0.777577732421875 0.32387990234375 0.775535197265625 0.3206160791015625 0.778102275390625 0.318717203125 0.7944315244140625 0.3192259052734375 0.8046283720703125 0.3221217412109375 0.809082908203125 0.3378888779296875 0.8067799404296875 0.3481277177734375 0.81044582421875 0.3981614140625 0.811112173828125 0.403087814453125 0.8066764228515625 0.4056090283203125 0.7884239833984374 0.404916333984375 0.7817379423828125 0.4023975107421875 0.7800412919921875 0.3816336162109375 0.7781707802734374 0.3656677509765625 0.7792898505859375 0.357147109375 0.7776698193359375 0.3551892939453125 0.775220248046875 0.3479076201171875 0.7748386318359375 0.340462396484375 0.777577732421875
1 0.489652541015625 0.8069103154296875 0.4907565029296875 0.7858454736328125 0.485657525390625 0.7836224423828125 0.4519519736328125 0.7799002041015625 0.425221439453125 0.7824109267578125 0.411219099609375 0.7808947734375 0.407955275390625 0.7834618505859375 0.40607684375 0.7994010107421875 0.408850017578125 0.8061960849609375 0.4613003173828125 0.8105095322265625 0.4885100830078125 0.8088062470703125 0.489652541015625 0.8069103154296875
1 0.4989533623046875 0.808571234375 0.54266384765625 0.8104708427734375 0.5755744853515625 0.80945748828125 0.5767397783203125 0.7872223779296875 0.5682543154296875 0.7899069619140625 0.562716994140625 0.7860963134765625 0.543931359375 0.7862852841796875 0.52426903515625 0.78329901953125 0.511683947265625 0.7845952685546875 0.499762083984375 0.7831881484375 0.4938772197265625 0.7860090234375 0.491855681640625 0.804678810546875 0.4933138212890625 0.8067110341796875 0.4989533623046875 0.808571234375
1 0.61335921875 0.81495815234375 0.6284426865234375 0.8157486435546875 0.6618529990234375 0.8151526376953125 0.6650578828125 0.7938067392578125 0.662682166015625 0.7893794609375 0.608151388671875 0.78495698046875 0.594984849609375 0.7873962392578125 0.5840827822265625 0.7864337255859375 0.580278396484375 0.789363634765625 0.57883830859375 0.8068904111328125 0.582111158203125 0.8141028330078125 0.6061593193359375 0.813016177734375 0.61335921875 0.81495815234375
1 0.4826499052734375 0.8609147119140625 0.486372517578125 0.859545162109375 0.4898251171875 0.8135690986328125 0.4884078642578125 0.8107566953125 0.42743121484375 0.80990801171875 0.408788685546875 0.807366353515625 0.4050251875 0.8095160830078125 0.4020927060546875 0.8555194052734375 0.4035712900390625 0.8571615390625 0.406110556640625 0.858468099609375 0.4549813505859375 0.8614204697265625 0.4826499052734375 0.8609147119140625
1 0.5728963564453124 0.860559234375 0.575308716796875 0.814528654296875 0.4967911083984375 0.8100225595703126 0.491405919921875 0.813260783203125 0.4904360380859375 0.821815498046875 0.4886892939453125 0.845193619140625 0.4896363408203125 0.856978083984375 0.491635044921875 0.8586474755859375 0.542004865234375 0.862851890625 0.5696734208984375 0.8623461328125 0.5728963564453124 0.860559234375
1 0.5926813427734375 0.8612049609375 0.61132387109375 0.8637466181640625 0.6456926494140625 0.8647654873046875 0.6567173779296875 0.8633874638671875 0.66138279296875 0.82412469921875 0.6601290908203125 0.8181915791015625 0.6024162646484374 0.8147758173828125 0.582488171875 0.81686071875 0.5782249970703125 0.8185931005859375 0.5758559150390625 0.843894412109375 0.577077755859375 0.8603872109375 0.5796170234375 0.861693771484375 0.5926813427734375 0.8612049609375
1 0.5719421357421876 0.9086220380859374 0.574179529296875 0.8758817646484375 0.5732733701171875 0.8633171201171875 0.5112769248046874 0.862023830078125 0.4998956259765625 0.8602538779296875 0.4925935078125 0.8602623515625 0.4899111357421875 0.86168641796875 0.48801889453125 0.9077442568359375 0.4926386396484375 0.9091598505859375 0.53474787890625 0.91175786328125 0.570259115234375 0.91088080078125 0.5719421357421876 0.9086220380859374
1 0.483194712890625 0.9102295595703125 0.485897529296875 0.90841540234375 0.4888185908203125 0.8725816708984375 0.488646015625 0.8659228876953124 0.4862498544921875 0.8618857001953125 0.4054268876953125 0.86156155859375 0.4033963232421875 0.870451845703125 0.40150647265625 0.8965605947265625 0.4031780771484375 0.9044714208984375 0.4066962509765625 0.907002767578125 0.4560667216796875 0.910372486328125 0.483194712890625 0.9102295595703125
1 0.6118073466796875 0.914231734375 0.6509185322265625 0.9143256591796876 0.657761861328125 0.9131196591796875 0.660826029296875 0.874555298828125 0.660112890625 0.86825934765625 0.656115484375 0.864920564453125 0.5857971259765625 0.863191140625 0.5773934384765625 0.8643153662109375 0.57571041796875 0.86657412890625 0.5729619306640625 0.9090666435546875 0.5744405146484375 0.91070877734375 0.57697978125 0.912015337890625 0.6118073466796875 0.914231734375
1 0.6669357763671875 0.8674434365234375 0.681957912109375 0.869404197265625 0.7121657333984375 0.870205 0.7398138447265625 0.8700893310546876 0.742496216796875 0.8686652646484375 0.7462530810546875 0.8367869453125 0.745428697265625 0.8226619423828125 0.7130381787109376 0.8237025546875 0.6684305595703125 0.8190178017578125 0.665268955078125 0.819634431640625 0.664065166015625 0.8227006328125 0.6606648720703125 0.8577269267578125 0.66241825 0.86407739453125 0.6669357763671875 0.8674434365234375
1 0.8229307529296875 0.876401109375 0.82777537890625 0.873525716796875 0.8306669716796875 0.82830257421875 0.8286682685546874 0.8266331826171875 0.822426833984375 0.8263060830078125 0.7791138046875 0.8267742705078125 0.7765745390625 0.8254677099609375 0.7489877587890625 0.824413109375 0.7461190009765625 0.8492970732421875 0.745199033203125 0.866851107421875 0.749696115234375 0.8706072392578125 0.7735193955078125 0.8738115703125 0.8229307529296875 0.876401109375
1 0.823720884765625 0.921034880859375 0.82594446875 0.9184132861328125 0.829047134765625 0.8990178369140625 0.8296923076171875 0.8767554677734375 0.8261741328125 0.87422412109375 0.81827012109375 0.8757656953125 0.7995049296875 0.8755645751953125 0.75327562109375 0.87196831640625 0.746891080078125 0.8743718447265625 0.7442652568359375 0.9145238212890625 0.7471610927734375 0.918978357421875 0.7840691376953125 0.921303787109375 0.823720884765625 0.921034880859375
1 0.7461869677734375 0.877855392578125 0.745392052734375 0.87311980078125 0.742893673828125 0.871033060546875 0.662733931640625 0.8680055498046875 0.6618458251953125 0.8749999052734375 0.6597106513671875 0.90578973046875 0.6604033466796875 0.912475771484375 0.6628812822265625 0.9149526005859375 0.6961484892578125 0.91708722265625 0.742021228515625 0.9175355048828125 0.7461869677734375 0.877855392578125
1 0.8462339140625 0.879578181640625 0.885885662109375 0.879309275390625 0.8941666884765626 0.880525587890625 0.9260575302734375 0.879067626953125 0.9326603173828125 0.8426445234375 0.932446853515625 0.8367659208984375 0.929448798828125 0.8342618330078125 0.9251856240234375 0.83599421484375 0.8636275234375 0.836288541015625 0.8454233388671875 0.8353345 0.841946052734375 0.832022974609375 0.835225384765625 0.8308884375 0.8333992578125 0.835877828125 0.83228387890625 0.8671122587890625 0.8462339140625 0.879578181640625
1 0.8435263154296875 0.921290517578125 0.866350244140625 0.92366015234375 0.9210241279296875 0.925352005859375 0.9231659384765625 0.92429076953125 0.9274429208984375 0.892439708984375 0.9264549873046874 0.881435423828125 0.90829169140625 0.879701203125 0.8389931279296875 0.8784163857421875 0.8330673759765626 0.88201744140625 0.83146373828125 0.9026649345703125 0.8327174404296875 0.9085980546875 0.83651041015625 0.9158377353515625 0.8435263154296875 0.921290517578125
1 0.93050708984375 0.8538753486328124 0.9288421220703125 0.8756931123046875 0.9332574296875 0.8810096025390625 0.9742650986328125 0.8847233671875 0.9800681884765625 0.8834628505859375 0.982480548828125 0.8374322705078125 0.936230796875 0.8342261015625 0.9333848740234375 0.8387708857421875 0.93050708984375 0.8538753486328124
0 0.929441625 0.8941091005859375 0.9273268935546874 0.9245088359375 0.9417675791015625 0.9276126064453125 0.9777989345703125 0.926762802734375 0.9797410888671875 0.88970428515625 0.9612825537109375 0.8836518203125 0.933675330078125 0.88298730859375 0.93089073828125 0.88636182421875 0.929441625 0.8941091005859375
0 0.349609375 0.9091796875 0.3681640625 0.91015625 0.37109375 0.9150390625 0.369140625 0.927734375 0.3544921875 0.9287109375 0.330078125 0.927734375 0.3251953125 0.9267578125 0.3232421875 0.9228515625 0.3232421875 0.9150390625 0.3271484375 0.9091796875 0.3486328125 0.9091796875
0 0.9677734375 0.2958984375 0.9990234375 0.296875 0.9990234375 0.314453125 0.96875 0.3125 0.966796875 0.310546875 0.9677734375 0.296875
0 0.8134765625 0.2841796875 0.84375 0.2880859375 0.845703125 0.2939453125 0.8447265625 0.3017578125 0.8427734375 0.3037109375 0.796875 0.3017578125 0.7958984375 0.29296875 0.7978515625 0.2861328125 0.8125 0.28515625
0 0.5986328125 0.6494140625 0.6337890625 0.650390625 0.6416015625 0.65234375 0.642578125 0.6591796875 0.6396484375 0.6630859375 0.5986328125 0.6611328125 0.5947265625 0.6591796875 0.59375 0.6552734375 0.59375 0.6513671875 0.59765625 0.6494140625
0 0.3544921875 0.38671875 0.3974609375 0.388671875 0.400390625 0.3916015625 0.400390625 0.400390625 0.3955078125 0.40625 0.3623046875 0.4052734375 0.353515625 0.4033203125 0.3525390625 0.4013671875 0.3544921875 0.3876953125
0 0.216796875 0.2451171875 0.251953125 0.248046875 0.2529296875 0.259765625 0.251953125 0.263671875 0.248046875 0.265625 0.2041015625 0.2626953125 0.2021484375 0.259765625 0.2041015625 0.24609375 0.2158203125 0.2451171875
0 0.0302734375 0.23046875 0.0322265625 0.232421875 0.0576171875 0.234375 0.05859375 0.2490234375 0.0546875 0.251953125 0.0390625 0.251953125 0.0126953125 0.248046875 0.013671875 0.232421875 0.029296875 0.23046875
0 0.9072265625 0.4189453125 0.9404296875 0.4189453125 0.951171875 0.4208984375 0.9541015625 0.4248046875 0.953125 0.4365234375 0.9111328125 0.435546875 0.9072265625 0.43359375 0.9072265625 0.419921875
0 0.181640625 0.9052734375 0.2001953125 0.904296875 0.2265625 0.9072265625 0.2255859375 0.921875 0.2236328125 0.9248046875 0.2001953125 0.9248046875 0.1796875 0.9228515625 0.1787109375 0.91796875 0.181640625 0.90625
0 0.359375 0.5078125 0.4013671875 0.509765625 0.404296875 0.515625 0.4033203125 0.5234375 0.3984375 0.5263671875 0.3603515625 0.5244140625 0.3564453125 0.5224609375 0.3583984375 0.5087890625
0 0.8291015625 0.4111328125 0.8388671875 0.4130859375 0.8427734375 0.416015625 0.8427734375 0.4287109375 0.8359375 0.4306640625 0.80078125 0.4287109375 0.7958984375 0.42578125 0.7958984375 0.4150390625 0.7978515625 0.412109375 0.828125 0.4111328125
0 0.6826171875 0.27734375 0.7177734375 0.279296875 0.7197265625 0.28125 0.7197265625 0.291015625 0.71875 0.294921875 0.7138671875 0.296875 0.671875 0.294921875 0.669921875 0.29296875 0.671875 0.2783203125 0.681640625 0.27734375
0 0.158203125 0.3720703125 0.2021484375 0.375 0.205078125 0.3779296875 0.205078125 0.388671875 0.203125 0.3916015625 0.2001953125 0.3935546875 0.158203125 0.3916015625 0.1533203125 0.388671875 0.1572265625 0.373046875
0 0.0458984375 0.3642578125 0.091796875 0.3681640625 0.091796875 0.3828125 0.0830078125 0.3857421875 0.04296875 0.3818359375 0.041015625 0.3798828125 0.041015625 0.37109375 0.044921875 0.365234375
0 0.4775390625 0.2646484375 0.5146484375 0.267578125 0.515625 0.28125 0.5068359375 0.2841796875 0.46875 0.2802734375 0.466796875 0.27734375 0.4677734375 0.2666015625 0.4765625 0.2646484375
0 0.51171875 0.39453125 0.5302734375 0.3955078125 0.53515625 0.3984375 0.5400390625 0.40234375 0.5390625 0.4140625 0.494140625 0.4111328125 0.494140625 0.400390625 0.4970703125 0.3955078125 0.5107421875 0.39453125
0 0.4423828125 0.9111328125 0.474609375 0.9130859375 0.474609375 0.927734375 0.470703125 0.931640625 0.4306640625 0.9296875 0.4306640625 0.9130859375 0.44140625 0.9111328125
0 0.5166015625 0.9130859375 0.5322265625 0.9130859375 0.548828125 0.916015625 0.548828125 0.93359375 0.5166015625 0.93359375 0.505859375 0.931640625 0.5048828125 0.916015625 0.515625 0.9140625
0 0.69140625 0.5234375 0.70703125 0.5283203125 0.70703125 0.5390625 0.7041015625 0.541015625 0.666015625 0.5390625 0.662109375 0.537109375 0.6630859375 0.5234375 0.6904296875 0.5234375
0 0.638671875 0.2744140625 0.6435546875 0.2763671875 0.6455078125 0.28125 0.6455078125 0.2890625 0.6416015625 0.2919921875 0.6103515625 0.2919921875 0.5966796875 0.2880859375 0.5966796875 0.2744140625 0.599609375 0.2724609375 0.6376953125 0.2744140625
0 0.861328125 0.2880859375 0.888671875 0.2900390625 0.9013671875 0.2880859375 0.90625 0.2890625 0.91015625 0.2939453125 0.91015625 0.3056640625 0.90625 0.30859375 0.869140625 0.306640625 0.861328125 0.3046875 0.861328125 0.2890625
0 0.6796875 0.4033203125 0.705078125 0.4072265625 0.7060546875 0.4208984375 0.69921875 0.423828125 0.6611328125 0.4208984375 0.6591796875 0.4189453125 0.6591796875 0.40625 0.6611328125 0.404296875 0.6787109375 0.4033203125