1 0 0.33757716015625 0.03189300390625 0.338348765625 0.0365226337890625 0.3314043212890625 0.037037037109375 0.25347222265625 0.0334362138671875 0.2488425927734375 0.0257201650390625 0.244598765625 0.0185185185546875 0.244598765625 0 0.2488425927734375 0 0.33757716015625
1 0.0761316875 0.338348765625 0.0776748974609375 0.3105709873046875 0.07818930078125 0.2635030859375 0.0766460908203125 0.255015431640625 0.070987654296875 0.2515432099609375 0.0586419755859375 0.2480709873046875 0.0437242802734375 0.249614197265625 0.0396090537109375 0.2519290126953125 0.03806584375 0.255015431640625 0.0375514404296875 0.2623456787109375 0.037037037109375 0.33487654296875 0.0452674892578125 0.338734568359375 0.0745884775390625 0.3398919755859375 0.0761316875 0.338348765625
1 0.117798353515625 0.338734568359375 0.11882716015625 0.3105709873046875 0.11882716015625 0.27507716015625 0.116769546875 0.2569444443359375 0.102880658203125 0.2527006171875 0.0823045263671875 0.2546296298828125 0.0797325107421875 0.2577160498046875 0.07818930078125 0.28125 0.077160494140625 0.338348765625 0.1018518515625 0.3418209873046875 0.1157407412109375 0.3410493828125 0.117798353515625 0.338734568359375
1 0.1563786005859375 0.3391203701171875 0.1574074072265625 0.307098765625 0.1574074072265625 0.2650462958984375 0.155864197265625 0.26080246875 0.1466049384765625 0.2484567900390625 0.1424897119140625 0.2457561728515625 0.136831275390625 0.244984568359375 0.133230453125 0.24652777734375 0.12705761328125 0.255401234375 0.1203703701171875 0.2581018515625 0.11882716015625 0.2635030859375 0.11882716015625 0.3395061728515625 0.1286008232421875 0.341435185546875 0.1543209873046875 0.3422067900390625 0.1563786005859375 0.3391203701171875
1 0.19495884765625 0.3410493828125 0.195987654296875 0.3337191357421875 0.1954732509765625 0.26697530859375 0.1944444443359375 0.2627314814453125 0.1856995888671875 0.250385802734375 0.18004115234375 0.2484567900390625 0.1733539091796875 0.250385802734375 0.16923868359375 0.2569444443359375 0.1604938271484375 0.261959876953125 0.1589506171875 0.27237654296875 0.157921810546875 0.341435185546875 0.16923868359375 0.343364197265625 0.1923868310546875 0.343364197265625 0.19495884765625 0.3410493828125
1 0.230967078125 0.3456790126953125 0.234053498046875 0.337962962890625 0.2345679013671875 0.267361111328125 0.231995884765625 0.26157407421875 0.221193416015625 0.2515432099609375 0.2114197529296875 0.2515432099609375 0.2047325107421875 0.261188271484375 0.200102880859375 0.264660494140625 0.1975308642578125 0.281635802734375 0.1965020576171875 0.3422067900390625 0.1995884775390625 0.344135802734375 0.2165637861328125 0.3464506171875 0.230967078125 0.3456790126953125
1 0.269032921875 0.3476080244140625 0.272119341796875 0.3391203701171875 0.2731481484375 0.2689043212890625 0.2602880654296875 0.255787037109375 0.2541152265625 0.253086419921875 0.246913580078125 0.255015431640625 0.242798353515625 0.263888888671875 0.2376543212890625 0.26967592578125 0.2355967080078125 0.3001543212890625 0.2345679013671875 0.3418209873046875 0.236111111328125 0.3456790126953125 0.24382716015625 0.34722222265625 0.269032921875 0.3476080244140625
1 0.304012345703125 0.349151234375 0.307098765625 0.346064814453125 0.3096707822265625 0.27237654296875 0.307098765625 0.2685185185546875 0.301954732421875 0.2654320986328125 0.301954732421875 0.261959876953125 0.2983539091796875 0.2573302470703125 0.29012345703125 0.255401234375 0.28600823046875 0.2577160498046875 0.282921810546875 0.2658179013671875 0.2757201650390625 0.26967592578125 0.2736625517578125 0.2743055556640625 0.2726337451171875 0.3445216044921875 0.27520576171875 0.34722222265625 0.2854938271484375 0.349537037109375 0.304012345703125 0.349151234375
1 0.344135802734375 0.349537037109375 0.3446502060546875 0.3425925927734375 0.3456790126953125 0.272762345703125 0.3323045263671875 0.2577160498046875 0.32407407421875 0.2581018515625 0.3184156376953125 0.267361111328125 0.312242798828125 0.2716049384765625 0.310185185546875 0.292438271484375 0.3086419755859375 0.34722222265625 0.3132716044921875 0.3503086416015625 0.342078189453125 0.3514660498046875 0.344135802734375 0.349537037109375
1 0.38117283984375 0.352237654296875 0.3816872431640625 0.34027777734375 0.3827160498046875 0.2770061728515625 0.380144033203125 0.272762345703125 0.373971193359375 0.270061728515625 0.3693415634765625 0.26157407421875 0.366769546875 0.2604166669921875 0.359053498046875 0.2604166669921875 0.35390946484375 0.26967592578125 0.3477366259765625 0.27237654296875 0.346193416015625 0.2993827158203125 0.345164609375 0.349537037109375 0.3492798349609375 0.35262345703125 0.3796296298828125 0.3533950615234375 0.38117283984375 0.352237654296875
1 0.4166666669921875 0.35262345703125 0.4176954736328125 0.3452932099609375 0.418209876953125 0.2820216044921875 0.409979423828125 0.2654320986328125 0.4043209873046875 0.261188271484375 0.3981481484375 0.261959876953125 0.38786008203125 0.27237654296875 0.3852880654296875 0.2797067900390625 0.3827160498046875 0.309413580078125 0.3827160498046875 0.3518518515625 0.3894032919921875 0.3537808642578125 0.4146090537109375 0.35455246875 0.4166666669921875 0.35262345703125
1 0.454218107421875 0.3541666669921875 0.45576131640625 0.28472222265625 0.4547325107421875 0.2793209873046875 0.4475308642578125 0.27237654296875 0.443930041015625 0.2650462958984375 0.4367283955078125 0.26427469140625 0.433127572265625 0.2654320986328125 0.4238683125 0.2746913583984375 0.420781892578125 0.29282407421875 0.4176954736328125 0.352237654296875 0.4243827158203125 0.35532407421875 0.452160494140625 0.3564814814453125 0.454218107421875 0.3541666669921875
1 0.4845679013671875 0.35532407421875 0.4912551435546875 0.35262345703125 0.4922839501953125 0.3483796298828125 0.492798353515625 0.29282407421875 0.4876543212890625 0.289737654296875 0.46193415625 0.287037037109375 0.4583333330078125 0.2881944443359375 0.4573045263671875 0.2908950615234375 0.4552469140625 0.3537808642578125 0.4562757197265625 0.355709876953125 0.4614197529296875 0.3568672841796875 0.4845679013671875 0.35532407421875
1 0.511831275390625 0.3595679013671875 0.5257201650390625 0.3599537041015625 0.52777777734375 0.3564814814453125 0.5272633740234375 0.3391203701171875 0.5293209873046875 0.324459876953125 0.528806583984375 0.2939814814453125 0.526234568359375 0.29205246875 0.5036008232421875 0.29012345703125 0.496913580078125 0.2916666669921875 0.4943415634765625 0.29552469140625 0.492798353515625 0.349151234375 0.4958847734375 0.352237654296875 0.509773662109375 0.3572530859375 0.511831275390625 0.3595679013671875
1 0.5643004111328125 0.3595679013671875 0.566872427734375 0.3086419755859375 0.56584362109375 0.2970679013671875 0.5606995888671875 0.29282407421875 0.53600823046875 0.29205246875 0.5313786005859376 0.2939814814453125 0.529835390625 0.3024691357421875 0.530864197265625 0.3221450615234375 0.528806583984375 0.3591820986328125 0.5426954736328125 0.361111111328125 0.5643004111328125 0.3595679013671875
1 0 0.44367283984375 0.037037037109375 0.4448302470703125 0.04012345703125 0.442515431640625 0.04012345703125 0.360339505859375 0.034979423828125 0.357638888671875 0.0046296298828125 0.3560956787109375 0 0.3591820986328125 0 0.44367283984375
1 0.0787037041015625 0.442901234375 0.0802469140625 0.3626543212890625 0.067901234375 0.3595679013671875 0.043209876953125 0.360339505859375 0.041152263671875 0.36419753125 0.0406378603515625 0.386959876953125 0.0406378603515625 0.442901234375 0.0504115224609375 0.4452160498046875 0.075102880859375 0.445987654296875 0.0787037041015625 0.442901234375
1 0.1193415634765625 0.36612654296875 0.1162551435546875 0.3626543212890625 0.0956790126953125 0.3599537041015625 0.0828189296875 0.3622685185546875 0.08076131640625 0.366512345703125 0.0787037041015625 0.3939043212890625 0.0787037041015625 0.445987654296875 0.1157407412109375 0.4471450615234375 0.1183127568359375 0.443287037109375 0.1193415634765625 0.36612654296875
1 0.1543209873046875 0.4479166669921875 0.15689300390625 0.41705246875 0.1563786005859375 0.366512345703125 0.151234568359375 0.36419753125 0.136831275390625 0.3618827158203125 0.12705761328125 0.3618827158203125 0.1224279833984375 0.3626543212890625 0.1193415634765625 0.3676697529296875 0.11882716015625 0.445987654296875 0.1265432099609375 0.4475308642578125 0.151234568359375 0.4467592587890625 0.1543209873046875 0.4479166669921875
1 0.1923868310546875 0.44907407421875 0.1954732509765625 0.423611111328125 0.1944444443359375 0.3668981484375 0.1923868310546875 0.3645833330078125 0.1867283955078125 0.363040123046875 0.166152263671875 0.363811728515625 0.16100823046875 0.3649691357421875 0.1574074072265625 0.3730709873046875 0.1574074072265625 0.4456018515625 0.16100823046875 0.4479166669921875 0.1676954736328125 0.44907407421875 0.1923868310546875 0.44907407421875
1 0.2345679013671875 0.42592592578125 0.2345679013671875 0.369212962890625 0.2304526748046875 0.36612654296875 0.2175925927734375 0.3645833330078125 0.2026748974609375 0.3653549384765625 0.1975308642578125 0.3684413583984375 0.1965020576171875 0.3815586416015625 0.195987654296875 0.4475308642578125 0.202160494140625 0.4498456787109375 0.231995884765625 0.449459876953125 0.2345679013671875 0.42592592578125
1 0.27109053515625 0.449459876953125 0.2726337451171875 0.3792438271484375 0.2685185185546875 0.37152777734375 0.261831275390625 0.3672839501953125 0.2536008232421875 0.366512345703125 0.2376543212890625 0.36882716015625 0.236111111328125 0.3761574072265625 0.2350823046875 0.442515431640625 0.238168724609375 0.449459876953125 0.269032921875 0.4510030859375 0.27109053515625 0.449459876953125
1 0.3076131689453125 0.38387345703125 0.3034979423828125 0.369212962890625 0.2793209873046875 0.3672839501953125 0.2736625517578125 0.369598765625 0.2716049384765625 0.3792438271484375 0.2705761318359375 0.417438271484375 0.27109053515625 0.4506172841796875 0.28806584375 0.4525462958984375 0.3024691357421875 0.451388888671875 0.3076131689453125 0.38387345703125
1 0.348765431640625 0.4537037041015625 0.352880658203125 0.3969907412109375 0.352880658203125 0.386959876953125 0.348765431640625 0.3842592587890625 0.310185185546875 0.383487654296875 0.3055555556640625 0.4282407412109375 0.30504115234375 0.4510030859375 0.3065843623046875 0.4533179013671875 0.317901234375 0.45447530859375 0.348765431640625 0.4537037041015625
1 0.3955761318359375 0.3873456787109375 0.3873456787109375 0.3854166669921875 0.35390946484375 0.386188271484375 0.3518518515625 0.40972222265625 0.3503086416015625 0.4448302470703125 0.3518518515625 0.454861111328125 0.3935185185546875 0.4537037041015625 0.3955761318359375 0.3873456787109375
1 0.4413580244140625 0.388888888671875 0.401234568359375 0.3854166669921875 0.3986625517578125 0.3877314814453125 0.3976337451171875 0.3927469140625 0.39609053515625 0.4212962958984375 0.3955761318359375 0.4529320986328125 0.397119341796875 0.4552469140625 0.4393004111328125 0.4564043212890625 0.4413580244140625 0.388888888671875
1 0.484053498046875 0.454861111328125 0.4850823046875 0.44367283984375 0.48713991796875 0.3908179013671875 0.4845679013671875 0.386188271484375 0.4624485595703125 0.38657407421875 0.4485596708984375 0.383487654296875 0.442901234375 0.3904320986328125 0.4413580244140625 0.40972222265625 0.4423868310546875 0.4564043212890625 0.4495884775390625 0.45794753125 0.481995884765625 0.45794753125 0.484053498046875 0.454861111328125
1 0.52777777734375 0.4533179013671875 0.53189300390625 0.3989197529296875 0.5339506171875 0.3939043212890625 0.5324074072265625 0.39197530859375 0.5293209873046875 0.3900462958984375 0.5066872431640626 0.38927469140625 0.5015432099609375 0.3877314814453125 0.490226337890625 0.38927469140625 0.4876543212890625 0.3931327158203125 0.4866255146484375 0.420138888671875 0.486111111328125 0.45717592578125 0.5046296298828125 0.460262345703125 0.5257201650390625 0.4591049384765625 0.52777777734375 0.4533179013671875
1 0.5761316875 0.3939043212890625 0.558127572265625 0.3912037041015625 0.5339506171875 0.3912037041015625 0.5293209873046875 0.43402777734375 0.5293209873046875 0.4587191357421875 0.54681069921875 0.4610339501953125 0.570987654296875 0.4587191357421875 0.5761316875 0.3939043212890625
1 0.615226337890625 0.45717592578125 0.6183127568359374 0.4220679013671875 0.6162551435546875 0.408564814453125 0.617798353515625 0.3969907412109375 0.609053498046875 0.39197530859375 0.5884773662109375 0.391589505859375 0.5797325107421875 0.3939043212890625 0.577160494140625 0.3966049384765625 0.575102880859375 0.4166666669921875 0.5725308642578125 0.45717592578125 0.57818930078125 0.4606481484375 0.6126543212890625 0.46257716015625 0.615226337890625 0.45717592578125
1 0 0.5474537041015625 0.0324074072265625 0.5497685185546874 0.04012345703125 0.5470679013671875 0.03806584375 0.5162037041015625 0.039094650390625 0.4668209873046875 0.034979423828125 0.4645061728515625 0.0246913583984375 0.462962962890625 0.008230453125 0.463348765625 0.003086419921875 0.4648919755859375 0 0.466435185546875 0 0.5474537041015625
1 0.0534979423828125 0.548611111328125 0.07407407421875 0.5493827158203125 0.0766460908203125 0.5470679013671875 0.0776748974609375 0.54205246875 0.079218107421875 0.4714506171875 0.0745884775390625 0.465663580078125 0.0565843623046875 0.4641203701171875 0.0421810703125 0.4660493828125 0.04012345703125 0.494598765625 0.04012345703125 0.525848765625 0.043209876953125 0.5358796298828125 0.0396090537109375 0.545138888671875 0.0534979423828125 0.548611111328125
1 0.087962962890625 0.550540123046875 0.1162551435546875 0.5501543212890625 0.1183127568359375 0.5474537041015625 0.1183127568359375 0.48572530859375 0.1162551435546875 0.4668209873046875 0.1100823046875 0.465663580078125 0.0828189296875 0.4668209873046875 0.0802469140625 0.4702932099609375 0.0787037041015625 0.5042438271484375 0.0797325107421875 0.54012345703125 0.0776748974609375 0.543209876953125 0.08076131640625 0.5474537041015625 0.087962962890625 0.550540123046875
1 0.153806583984375 0.5493827158203125 0.1563786005859375 0.5470679013671875 0.1574074072265625 0.520061728515625 0.155864197265625 0.4702932099609375 0.1522633740234375 0.4668209873046875 0.1291152265625 0.4660493828125 0.12294238671875 0.4668209873046875 0.1193415634765625 0.4702932099609375 0.1183127568359375 0.502314814453125 0.1183127568359375 0.547839505859375 0.121913580078125 0.5501543212890625 0.1507201650390625 0.550540123046875 0.153806583984375 0.5493827158203125
1 0.192901234375 0.5470679013671875 0.193930041015625 0.5246913583984375 0.193930041015625 0.47492283984375 0.1913580244140625 0.4699074072265625 0.17181069921875 0.4668209873046875 0.159979423828125 0.46875 0.1574074072265625 0.4729938271484375 0.1563786005859375 0.5015432099609375 0.1563786005859375 0.5474537041015625 0.16923868359375 0.5501543212890625 0.1913580244140625 0.5489969140625 0.192901234375 0.5470679013671875
1 0.2304526748046875 0.5466820986328125 0.2304526748046875 0.4706790126953125 0.2273662548828125 0.468364197265625 0.220164609375 0.4675925927734375 0.198045267578125 0.46875 0.1954732509765625 0.471836419921875 0.1944444443359375 0.48842592578125 0.1944444443359375 0.547839505859375 0.202160494140625 0.550540123046875 0.2273662548828125 0.550540123046875 0.2304526748046875 0.5466820986328125
1 0.26697530859375 0.519290123046875 0.2664609052734375 0.4702932099609375 0.2453703701171875 0.468364197265625 0.2376543212890625 0.468364197265625 0.234053498046875 0.4699074072265625 0.2314814814453125 0.5081018515625 0.230967078125 0.5466820986328125 0.2376543212890625 0.551311728515625 0.2633744853515625 0.550540123046875 0.26697530859375 0.519290123046875
1 0.2988683125 0.5501543212890625 0.3004115224609375 0.54012345703125 0.3029835390625 0.4726080244140625 0.2937242802734375 0.4702932099609375 0.2716049384765625 0.4702932099609375 0.268004115234375 0.47955246875 0.2674897119140625 0.4872685185546875 0.2654320986328125 0.5501543212890625 0.2685185185546875 0.55169753125 0.2962962958984375 0.5524691357421875 0.2988683125 0.5501543212890625
1 0.345164609375 0.551311728515625 0.348765431640625 0.4961419755859375 0.34722222265625 0.4845679013671875 0.3215020576171875 0.48302469140625 0.3055555556640625 0.4845679013671875 0.3034979423828125 0.4907407412109375 0.3014403291015625 0.5273919755859375 0.3004115224609375 0.5501543212890625 0.329218107421875 0.554012345703125 0.3425925927734375 0.5528549384765625 0.345164609375 0.551311728515625
1 0.3935185185546875 0.4961419755859375 0.393004115234375 0.4876543212890625 0.3904320986328125 0.4849537041015625 0.3724279833984375 0.485339505859375 0.354938271484375 0.483410494140625 0.3503086416015625 0.48572530859375 0.346193416015625 0.5339506171875 0.3456790126953125 0.550540123046875 0.3477366259765625 0.5532407412109375 0.3894032919921875 0.5532407412109375 0.3935185185546875 0.4961419755859375
1 0.4346707822265625 0.55362654296875 0.4382716044921875 0.50887345703125 0.4387860078125 0.4903549384765625 0.4367283955078125 0.486111111328125 0.3981481484375 0.485339505859375 0.394032921875 0.4876543212890625 0.3914609052734375 0.5339506171875 0.390946501953125 0.550540123046875 0.3935185185546875 0.5543981484375 0.4115226337890625 0.55632716015625 0.4346707822265625 0.55362654296875
1 0.4814814814453125 0.55362654296875 0.479938271484375 0.54822530859375 0.48302469140625 0.48919753125 0.480967078125 0.4872685185546875 0.4675925927734375 0.485339505859375 0.441872427734375 0.48572530859375 0.4387860078125 0.49112654296875 0.437242798828125 0.5532407412109375 0.445987654296875 0.5555555556640625 0.4773662548828125 0.556712962890625 0.4814814814453125 0.55362654296875
1 0.5231481484375 0.5551697529296875 0.5257201650390625 0.550540123046875 0.5236625517578125 0.539737654296875 0.5267489716796875 0.494598765625 0.52520576171875 0.48842592578125 0.51080246875 0.485339505859375 0.490226337890625 0.486111111328125 0.4855967080078125 0.4876543212890625 0.481995884765625 0.5154320986328125 0.48302469140625 0.542438271484375 0.4804526748046875 0.55362654296875 0.508230453125 0.557484568359375 0.5231481484375 0.5551697529296875
1 0.564814814453125 0.554012345703125 0.568930041015625 0.49112654296875 0.554012345703125 0.4872685185546875 0.5293209873046875 0.488040123046875 0.5272633740234375 0.4907407412109375 0.52520576171875 0.514660494140625 0.526234568359375 0.5532407412109375 0.5354938271484375 0.55632716015625 0.562242798828125 0.55632716015625 0.564814814453125 0.554012345703125
1 0.5776748974609375 0.5578703701171875 0.5853909462890625 0.556712962890625 0.6044238681640625 0.5578703701171875 0.60802469140625 0.55632716015625 0.6136831279296875 0.494598765625 0.60802469140625 0.49112654296875 0.6054526748046875 0.4872685185546875 0.6003086416015625 0.4864969140625 0.57407407421875 0.48919753125 0.570987654296875 0.49112654296875 0.5663580244140625 0.5354938271484375 0.56584362109375 0.55362654296875 0.5673868310546875 0.5547839501953125 0.575102880859375 0.5559413583984375 0.5776748974609375 0.5578703701171875
1 0 0.647762345703125 0.0041152265625 0.6520061728515625 0.0396090537109375 0.650848765625 0.041152263671875 0.5814043212890625 0.0267489716796875 0.5783179013671875 0.024176955078125 0.570987654296875 0.01697530859375 0.56867283984375 0.0066872431640625 0.568287037109375 0.0025720166015625 0.570987654296875 0.00205761328125 0.588734568359375 0 0.5945216044921875 0 0.647762345703125
1 0.0812757197265625 0.6481481484375 0.08076131640625 0.57947530859375 0.0776748974609375 0.577160494140625 0.06584362109375 0.579089505859375 0.0529835390625 0.5779320986328125 0.04681069921875 0.57947530859375 0.043209876953125 0.58294753125 0.043209876953125 0.6496913583984375 0.0606995888671875 0.6520061728515625 0.07818930078125 0.6516203701171875 0.0812757197265625 0.6481481484375
1 0.1183127568359375 0.650848765625 0.1213991767578125 0.5706018515625 0.116769546875 0.56867283984375 0.1018518515625 0.567515431640625 0.08487654296875 0.5694444443359375 0.0828189296875 0.57330246875 0.081790123046875 0.5956790126953125 0.0828189296875 0.6493055556640625 0.0843621396484375 0.650848765625 0.1013374482421875 0.6520061728515625 0.1183127568359375 0.650848765625
1 0.1574074072265625 0.6481481484375 0.159979423828125 0.5952932099609375 0.159979423828125 0.570987654296875 0.1584362138671875 0.5690586416015625 0.133230453125 0.567515431640625 0.1234567900390625 0.5725308642578125 0.1203703701171875 0.6145833330078125 0.119855966796875 0.644290123046875 0.121913580078125 0.6493055556640625 0.1337448564453125 0.650848765625 0.1574074072265625 0.6481481484375
1 0.1923868310546875 0.6489197529296875 0.19495884765625 0.64544753125 0.195987654296875 0.5748456787109375 0.192901234375 0.5694444443359375 0.164094650390625 0.5698302470703125 0.1604938271484375 0.576388888671875 0.1594650205078125 0.5983796298828125 0.1589506171875 0.64737654296875 0.16100823046875 0.6489197529296875 0.1738683125 0.65007716015625 0.1923868310546875 0.6489197529296875
1 0.2325102880859375 0.6462191357421875 0.2335390947265625 0.5702160498046875 0.2196502060546875 0.5690586416015625 0.1985596708984375 0.570987654296875 0.1970164609375 0.57407407421875 0.1965020576171875 0.6018518515625 0.1970164609375 0.6481481484375 0.1995884775390625 0.6496913583984375 0.2304526748046875 0.6489197529296875 0.2325102880859375 0.6462191357421875
1 0.2705761318359375 0.64544753125 0.2716049384765625 0.570987654296875 0.2685185185546875 0.5694444443359375 0.2376543212890625 0.57137345703125 0.2335390947265625 0.59027777734375 0.2345679013671875 0.6469907412109375 0.23919753125 0.65007716015625 0.2664609052734375 0.6493055556640625 0.2705761318359375 0.64544753125
1 0.308127572265625 0.5729166669921875 0.304012345703125 0.5698302470703125 0.2757201650390625 0.570987654296875 0.272119341796875 0.58757716015625 0.2716049384765625 0.6469907412109375 0.282921810546875 0.6493055556640625 0.3034979423828125 0.647762345703125 0.308127572265625 0.5729166669921875
1 0.3533950615234375 0.6354166669921875 0.3544238681640625 0.58487654296875 0.352880658203125 0.58217592578125 0.3106995888671875 0.579089505859375 0.308127572265625 0.6010802470703125 0.3065843623046875 0.6481481484375 0.3276748974609375 0.650462962890625 0.348765431640625 0.6493055556640625 0.3533950615234375 0.6354166669921875
1 0.4022633740234375 0.6458333330078125 0.403806583984375 0.5833333330078125 0.3744855966796875 0.579089505859375 0.36213991796875 0.5810185185546874 0.35802469140625 0.58487654296875 0.3564814814453125 0.64737654296875 0.3626543212890625 0.650462962890625 0.40020576171875 0.650848765625 0.4022633740234375 0.6458333330078125
1 0.4465020576171875 0.638888888671875 0.4465020576171875 0.61072530859375 0.44907407421875 0.5841049384765625 0.42181069921875 0.5814043212890625 0.407921810546875 0.58217592578125 0.4053497939453125 0.5841049384765625 0.403806583984375 0.60455246875 0.40277777734375 0.6481481484375 0.4043209873046875 0.650848765625 0.443930041015625 0.6489197529296875 0.4465020576171875 0.638888888671875
1 0.4876543212890625 0.64737654296875 0.4912551435546875 0.5833333330078125 0.481995884765625 0.5810185185546874 0.452160494140625 0.581790123046875 0.4485596708984375 0.58487654296875 0.4475308642578125 0.604938271484375 0.4470164609375 0.6489197529296875 0.465020576171875 0.651234568359375 0.4855967080078125 0.650848765625 0.4876543212890625 0.64737654296875
1 0.5282921806640625 0.647762345703125 0.534979423828125 0.58487654296875 0.532921810546875 0.582561728515625 0.520061728515625 0.5806327158203125 0.5005144033203125 0.581790123046875 0.491769546875 0.5844907412109375 0.4876543212890625 0.64737654296875 0.491769546875 0.65007716015625 0.5267489716796875 0.6493055556640625 0.5282921806640625 0.647762345703125
1 0.570987654296875 0.6493055556640625 0.57818930078125 0.588734568359375 0.5745884775390625 0.5833333330078125 0.5637860078125 0.5810185185546874 0.5493827158203125 0.5810185185546874 0.54012345703125 0.58217592578125 0.5354938271484375 0.58487654296875 0.528806583984375 0.6346450615234375 0.5282921806640625 0.6481481484375 0.53189300390625 0.650848765625 0.5643004111328125 0.650848765625 0.570987654296875 0.6493055556640625
1 0.6203703701171875 0.588348765625 0.6157407412109375 0.585262345703125 0.600823044921875 0.58217592578125 0.5812757197265624 0.5837191357421875 0.5776748974609375 0.596836419921875 0.57407407421875 0.6496913583984375 0.6136831279296875 0.6520061728515625 0.617798353515625 0.63387345703125 0.6203703701171875 0.588348765625
1 0.0066872431640625 0.7202932099609375 0.008230453125 0.72222222265625 0.015946501953125 0.7233796298828125 0.0324074072265625 0.7229938271484375 0.0385802470703125 0.7202932099609375 0.0396090537109375 0.7168209873046875 0.03806584375 0.69907407421875 0.04012345703125 0.673611111328125 0.02520576171875 0.670138888671875 0.0092592587890625 0.6720679013671875 0.005144033203125 0.6751543212890625 0.007201646484375 0.679012345703125 0.0056584365234375 0.682098765625 0.0066872431640625 0.7202932099609375
1 0.049897119140625 0.7233796298828125 0.0643004111328125 0.7233796298828125 0.070987654296875 0.7206790126953125 0.0745884775390625 0.689814814453125 0.0745884775390625 0.6716820986328125 0.0673868310546875 0.6685956787109375 0.0473251025390625 0.6685956787109375 0.041152263671875 0.6716820986328125 0.0396090537109375 0.679012345703125 0.0385802470703125 0.70794753125 0.041152263671875 0.712962962890625 0.041152263671875 0.7202932099609375 0.049897119140625 0.7233796298828125
1 0.105967078125 0.721836419921875 0.109053498046875 0.6724537041015625 0.08899176953125 0.6685956787109375 0.077160494140625 0.670910494140625 0.07407407421875 0.6782407412109375 0.073045267578125 0.7002314814453126 0.0725308642578125 0.7168209873046875 0.0745884775390625 0.7233796298828125 0.102880658203125 0.723765431640625 0.105967078125 0.721836419921875
1 0.136831275390625 0.7229938271484375 0.140946501953125 0.71875 0.1414609052734375 0.6716820986328125 0.128086419921875 0.668209876953125 0.1183127568359375 0.668209876953125 0.1100823046875 0.6720679013671875 0.10802469140625 0.67862654296875 0.106995884765625 0.707561728515625 0.1085390947265625 0.7206790126953125 0.1147119345703125 0.723765431640625 0.136831275390625 0.7229938271484375
1 0.1754115224609375 0.713348765625 0.1738683125 0.67322530859375 0.17181069921875 0.6712962958984375 0.1543209873046875 0.670138888671875 0.147119341796875 0.670910494140625 0.1435185185546875 0.6743827158203125 0.143004115234375 0.7202932099609375 0.153806583984375 0.721836419921875 0.172839505859375 0.721064814453125 0.1754115224609375 0.713348765625
1 0.1887860078125 0.7226080244140625 0.2026748974609375 0.72222222265625 0.2062757197265625 0.7175925927734375 0.206790123046875 0.71257716015625 0.2073045263671875 0.6739969140625 0.2052469140625 0.670910494140625 0.200102880859375 0.6685956787109375 0.182098765625 0.67052469140625 0.179012345703125 0.6716820986328125 0.1764403291015625 0.6809413583984375 0.1754115224609375 0.6998456787109375 0.1774691357421875 0.719135802734375 0.181069958984375 0.7214506171875 0.1887860078125 0.7226080244140625
1 0.2412551435546875 0.7168209873046875 0.241769546875 0.7091049384765625 0.2412551435546875 0.670910494140625 0.234053498046875 0.66782407421875 0.2134773662109375 0.6697530859375 0.20987654296875 0.6743827158203125 0.2083333330078125 0.6917438271484375 0.208847736328125 0.7206790126953125 0.2165637861328125 0.7229938271484375 0.2386831279296875 0.7214506171875 0.2412551435546875 0.7168209873046875
1 0.274176955078125 0.7052469140625 0.27520576171875 0.6747685185546874 0.2736625517578125 0.670910494140625 0.269032921875 0.668209876953125 0.2613168720703125 0.66782407421875 0.2587448564453125 0.6693672841796875 0.2546296298828125 0.668209876953125 0.2453703701171875 0.6720679013671875 0.242798353515625 0.68402777734375 0.242798353515625 0.7206790126953125 0.257201646484375 0.7226080244140625 0.27109053515625 0.721064814453125 0.274176955078125 0.7052469140625
1 0.3055555556640625 0.7202932099609375 0.307098765625 0.707561728515625 0.307098765625 0.67322530859375 0.2962962958984375 0.66705246875 0.2803497939453125 0.668209876953125 0.276234568359375 0.6743827158203125 0.27520576171875 0.6882716044921875 0.27520576171875 0.721064814453125 0.284979423828125 0.7233796298828125 0.3034979423828125 0.7226080244140625 0.3055555556640625 0.7202932099609375
1 0.337962962890625 0.7202932099609375 0.340020576171875 0.7148919755859375 0.342078189453125 0.670910494140625 0.3384773662109375 0.668209876953125 0.3287037041015625 0.66705246875 0.31584362109375 0.668209876953125 0.3112139921875 0.6716820986328125 0.30915637890625 0.681712962890625 0.3076131689453125 0.7202932099609375 0.3106995888671875 0.72222222265625 0.33487654296875 0.72222222265625 0.337962962890625 0.7202932099609375
1 0.3662551435546875 0.7233796298828125 0.371913580078125 0.7202932099609375 0.3734567900390625 0.7168209873046875 0.375 0.692515431640625 0.371913580078125 0.6697530859375 0.3662551435546875 0.667438271484375 0.355967078125 0.66705246875 0.344135802734375 0.673611111328125 0.3425925927734375 0.67862654296875 0.342078189453125 0.713734568359375 0.3436213994140625 0.71875 0.3477366259765625 0.7214506171875 0.3662551435546875 0.7233796298828125
1 0.397119341796875 0.72222222265625 0.4017489716796875 0.7202932099609375 0.4043209873046875 0.7145061728515625 0.4043209873046875 0.6720679013671875 0.3981481484375 0.66782407421875 0.386831275390625 0.66705246875 0.383230453125 0.6697530859375 0.376028806640625 0.6716820986328125 0.3744855966796875 0.6809413583984375 0.3755144033203125 0.7106481484375 0.373971193359375 0.713348765625 0.3755144033203125 0.7199074072265625 0.397119341796875 0.72222222265625
1 0.4254115224609375 0.721836419921875 0.432098765625 0.7206790126953125 0.43415637890625 0.7179783955078125 0.4367283955078125 0.7010030859375 0.4362139921875 0.6724537041015625 0.4284979423828125 0.667438271484375 0.414094650390625 0.667438271484375 0.4084362138671875 0.670138888671875 0.405864197265625 0.679012345703125 0.40689300390625 0.707561728515625 0.4053497939453125 0.7172067900390625 0.41100823046875 0.721064814453125 0.4254115224609375 0.721836419921875
1 0.467078189453125 0.6801697529296875 0.4634773662109375 0.668209876953125 0.44907407421875 0.66705246875 0.4393004111328125 0.6751543212890625 0.437757201171875 0.6805555556640625 0.4382716044921875 0.7199074072265625 0.4526748974609375 0.7214506171875 0.465020576171875 0.7202932099609375 0.467078189453125 0.6801697529296875
1 0.496913580078125 0.7175925927734375 0.498971193359375 0.6886574072265625 0.498971193359375 0.6751543212890625 0.4963991767578125 0.6689814814453126 0.4912551435546875 0.66705246875 0.4804526748046875 0.66705246875 0.470164609375 0.67322530859375 0.4686213994140625 0.6801697529296875 0.470164609375 0.716435185546875 0.473765431640625 0.7199074072265625 0.4943415634765625 0.721064814453125 0.496913580078125 0.7175925927734375
1 0.5344650205078125 0.6689814814453126 0.532921810546875 0.66782407421875 0.50205761328125 0.66782407421875 0.5 0.67052469140625 0.4994855966796875 0.6782407412109375 0.4994855966796875 0.7175925927734375 0.5154320986328125 0.7195216044921875 0.5324074072265625 0.7172067900390625 0.5344650205078125 0.6689814814453126
1 0.5643004111328125 0.710262345703125 0.5637860078125 0.670138888671875 0.5612139921875 0.668209876953125 0.55504115234375 0.66782407421875 0.545781892578125 0.66782407421875 0.5416666669921875 0.6693672841796875 0.537037037109375 0.672839505859375 0.534979423828125 0.681712962890625 0.53600823046875 0.715663580078125 0.5426954736328125 0.7195216044921875 0.5606995888671875 0.7202932099609375 0.5643004111328125 0.710262345703125
1 0.59310699609375 0.7141203701171875 0.595164609375 0.6747685185546874 0.5853909462890625 0.670138888671875 0.57407407421875 0.6685956787109375 0.5704732509765625 0.67052469140625 0.567901234375 0.6751543212890625 0.56584362109375 0.687885802734375 0.5653292177734375 0.7168209873046875 0.570987654296875 0.7199074072265625 0.58899176953125 0.7179783955078125 0.59310699609375 0.7141203701171875
1 0 0.7989969140625 0.0102880654296875 0.798611111328125 0.0149176953125 0.7966820986328125 0.011831275390625 0.79012345703125 0.0144032919921875 0.7480709873046875 0.011831275390625 0.744598765625 0.0036008232421875 0.744598765625 0 0.7457561728515625 0 0.7989969140625
1 0.032921810546875 0.79822530859375 0.037037037109375 0.7966820986328125 0.0354938271484375 0.7881944443359375 0.03806584375 0.7831790126953125 0.037037037109375 0.758487654296875 0.0385802470703125 0.7515432099609375 0.0324074072265625 0.744984568359375 0.0257201650390625 0.7453703701171875 0.020061728515625 0.7484567900390625 0.0154320986328125 0.7480709873046875 0.01286008203125 0.7573302470703125 0.011831275390625 0.7885802470703125 0.0133744853515625 0.7970679013671875 0.0154320986328125 0.798611111328125 0.032921810546875 0.79822530859375
1 0.062757201171875 0.7719907412109375 0.06584362109375 0.7480709873046875 0.0576131689453125 0.74652777734375 0.054012345703125 0.74382716015625 0.0473251025390625 0.744984568359375 0.0426954736328125 0.7480709873046875 0.03806584375 0.76427469140625 0.0375514404296875 0.7966820986328125 0.04423868359375 0.798611111328125 0.064814814453125 0.7966820986328125 0.062757201171875 0.7719907412109375
1 0.0895061728515625 0.7943672841796875 0.0905349794921875 0.7573302470703125 0.0884773662109375 0.7472993828125 0.07407407421875 0.74652777734375 0.0694444443359375 0.7484567900390625 0.0663580244140625 0.752314814453125 0.0637860078125 0.7677469140625 0.062757201171875 0.7962962958984375 0.070987654296875 0.79822530859375 0.087962962890625 0.797839505859375 0.0895061728515625 0.7943672841796875
1 0.11419753125 0.7943672841796875 0.1136831279296875 0.7689043212890625 0.1157407412109375 0.7515432099609375 0.11213991796875 0.7515432099609375 0.109053498046875 0.74652777734375 0.095164609375 0.75 0.0925925927734375 0.752314814453125 0.0915637861328125 0.7596450615234375 0.0905349794921875 0.795910494140625 0.0936213994140625 0.7974537041015625 0.1126543212890625 0.7974537041015625 0.11419753125 0.7943672841796875
1 0.13580246875 0.797839505859375 0.138888888671875 0.79552469140625 0.1404320986328125 0.7480709873046875 0.13580246875 0.7492283955078125 0.1296296298828125 0.746913580078125 0.1234567900390625 0.7472993828125 0.1172839501953125 0.7511574072265625 0.11419753125 0.7577160498046875 0.11213991796875 0.7689043212890625 0.11419753125 0.7966820986328125 0.1183127568359375 0.7993827158203125 0.13580246875 0.797839505859375
1 0.16100823046875 0.795910494140625 0.1656378603515625 0.78125 0.168209876953125 0.7480709873046875 0.1476337451171875 0.7472993828125 0.1435185185546875 0.75 0.1414609052734375 0.755015431640625 0.140946501953125 0.780864197265625 0.138888888671875 0.7851080244140625 0.1404320986328125 0.7966820986328125 0.16100823046875 0.795910494140625
1 0.157921810546875 0.783564814453125 0.1574074072265625 0.786651234375 0.16306584375 0.79552469140625 0.168209876953125 0.7974537041015625 0.1754115224609375 0.7970679013671875 0.1923868310546875 0.793209876953125 0.1887860078125 0.7893518515625 0.189814814453125 0.7488425927734375 0.1862139921875 0.744598765625 0.1764403291015625 0.747685185546875 0.1702674892578125 0.7472993828125 0.1635802470703125 0.7515432099609375 0.162037037109375 0.755015431640625 0.16512345703125 0.7681327158203125 0.1646090537109375 0.775462962890625 0.162037037109375 0.780864197265625 0.157921810546875 0.783564814453125
1 0.1486625517578125 0.7631172841796875 0.1476337451171875 0.75347222265625 0.144032921875 0.75347222265625 0.143004115234375 0.7581018515625 0.144032921875 0.78742283984375 0.1507201650390625 0.7797067900390625 0.151234568359375 0.7677469140625 0.1486625517578125 0.7631172841796875
1 0.2145061728515625 0.7939814814453126 0.2160493828125 0.755787037109375 0.2155349794921875 0.7488425927734375 0.2134773662109375 0.746913580078125 0.1954732509765625 0.7472993828125 0.1923868310546875 0.7488425927734375 0.187242798828125 0.77507716015625 0.187242798828125 0.7947530859375 0.1954732509765625 0.7974537041015625 0.212962962890625 0.795910494140625 0.2145061728515625 0.7939814814453126
1 0.2376543212890625 0.7939814814453126 0.238168724609375 0.7677469140625 0.2407407412109375 0.7507716044921875 0.23713991796875 0.7472993828125 0.220164609375 0.74652777734375 0.2160493828125 0.7519290126953125 0.2134773662109375 0.7854938271484375 0.2145061728515625 0.793209876953125 0.217078189453125 0.7947530859375 0.2376543212890625 0.7939814814453126
1 0.2412551435546875 0.795138888671875 0.2515432099609375 0.795138888671875 0.2623456787109375 0.793209876953125 0.261831275390625 0.7708333330078125 0.2654320986328125 0.747685185546875 0.2443415634765625 0.747685185546875 0.2407407412109375 0.7511574072265625 0.236111111328125 0.7716049384765625 0.2355967080078125 0.7793209873046875 0.238168724609375 0.7824074072265625 0.23919753125 0.7935956787109375 0.2412551435546875 0.795138888671875
1 0.287037037109375 0.789737654296875 0.289094650390625 0.7519290126953125 0.2875514404296875 0.7461419755859375 0.2793209873046875 0.7426697529296875 0.2746913583984375 0.744984568359375 0.269032921875 0.7430555556640625 0.2644032919921875 0.7569444443359375 0.2633744853515625 0.7916666669921875 0.265946501953125 0.7935956787109375 0.282921810546875 0.793209876953125 0.287037037109375 0.789737654296875
1 0.3086419755859375 0.79282407421875 0.312242798828125 0.79012345703125 0.3132716044921875 0.7515432099609375 0.3106995888671875 0.7484567900390625 0.2983539091796875 0.744598765625 0.2926954736328125 0.746913580078125 0.289094650390625 0.7515432099609375 0.287037037109375 0.7681327158203125 0.2885802470703125 0.792438271484375 0.2926954736328125 0.7935956787109375 0.3086419755859375 0.79282407421875
1 0.3374485595703125 0.79012345703125 0.337962962890625 0.7457561728515625 0.3328189296875 0.7457561728515625 0.3312757197265625 0.7430555556640625 0.3173868310546875 0.744984568359375 0.3132716044921875 0.75347222265625 0.312757201171875 0.7912808642578125 0.3137860078125 0.792438271484375 0.33487654296875 0.792438271484375 0.3374485595703125 0.79012345703125
1 0.3600823046875 0.789737654296875 0.3626543212890625 0.7488425927734375 0.3626543212890625 0.744212962890625 0.359053498046875 0.7407407412109375 0.3482510283203125 0.7407407412109375 0.3415637861328125 0.7426697529296875 0.3374485595703125 0.7623456787109375 0.337962962890625 0.7905092587890625 0.3410493828125 0.79205246875 0.35802469140625 0.7916666669921875 0.3600823046875 0.789737654296875
1 0.3827160498046875 0.789737654296875 0.3842592587890625 0.749614197265625 0.380144033203125 0.74652777734375 0.3662551435546875 0.746913580078125 0.3616255146484375 0.7569444443359375 0.361111111328125 0.789737654296875 0.3626543212890625 0.7916666669921875 0.3806584365234375 0.7908950615234375 0.3827160498046875 0.789737654296875
1 0.404835390625 0.78742283984375 0.405864197265625 0.784336419921875 0.4074074072265625 0.744598765625 0.3945473251953125 0.746913580078125 0.386831275390625 0.74652777734375 0.3842592587890625 0.767361111328125 0.3842592587890625 0.789737654296875 0.3894032919921875 0.7908950615234375 0.401234568359375 0.789737654296875 0.404835390625 0.78742283984375
1 0.4295267490234375 0.786651234375 0.4315843623046875 0.7480709873046875 0.4284979423828125 0.7434413583984375 0.42592592578125 0.744984568359375 0.418209876953125 0.7426697529296875 0.41100823046875 0.7426697529296875 0.4084362138671875 0.747685185546875 0.405864197265625 0.786651234375 0.4104938271484375 0.7912808642578125 0.42592592578125 0.789737654296875 0.4295267490234375 0.786651234375
1 0.4526748974609375 0.7827932099609375 0.45318930078125 0.74112654296875 0.4470164609375 0.7395833330078125 0.4393004111328125 0.7403549384765625 0.43415637890625 0.7434413583984375 0.432098765625 0.747685185546875 0.4305555556640625 0.786265431640625 0.432098765625 0.7881944443359375 0.4495884775390625 0.7878086416015625 0.4526748974609375 0.7827932099609375
1 0.4753086416015625 0.786265431640625 0.4773662548828125 0.75617283984375 0.4773662548828125 0.7507716044921875 0.4742798349609375 0.7461419755859375 0.458847736328125 0.7472993828125 0.45576131640625 0.7492283955078125 0.4526748974609375 0.76427469140625 0.4506172841796875 0.786265431640625 0.45987654296875 0.789737654296875 0.47222222265625 0.7885802470703125 0.4753086416015625 0.786265431640625
1 0.501028806640625 0.7604166669921875 0.501028806640625 0.750385802734375 0.4984567900390625 0.74382716015625 0.4804526748046875 0.74382716015625 0.4783950615234375 0.7480709873046875 0.4753086416015625 0.786265431640625 0.480967078125 0.7889660498046875 0.49794238671875 0.7893518515625 0.501028806640625 0.7604166669921875
1 0.52520576171875 0.786265431640625 0.5246913583984375 0.7484567900390625 0.5154320986328125 0.74112654296875 0.5133744853515625 0.7426697529296875 0.508230453125 0.74112654296875 0.5015432099609375 0.747685185546875 0.501028806640625 0.7881944443359375 0.50617283984375 0.789737654296875 0.522119341796875 0.7885802470703125 0.52520576171875 0.786265431640625
1 0.5473251025390625 0.786651234375 0.5483539091796875 0.7515432099609375 0.54681069921875 0.746913580078125 0.543209876953125 0.74382716015625 0.5257201650390625 0.744212962890625 0.52520576171875 0.7492283955078125 0.5231481484375 0.786651234375 0.528806583984375 0.7889660498046875 0.543209876953125 0.789737654296875 0.5473251025390625 0.786651234375
1 0.568930041015625 0.786265431640625 0.5694444443359375 0.747685185546875 0.5673868310546875 0.74382716015625 0.5643004111328125 0.7422839501953125 0.55092592578125 0.7430555556640625 0.5483539091796875 0.74652777734375 0.547839505859375 0.786651234375 0.554012345703125 0.7889660498046875 0.564814814453125 0.7893518515625 0.568930041015625 0.786265431640625
1 0.1018518515625 0.880401234375 0.1054526748046875 0.8734567900390625 0.1054526748046875 0.8314043212890625 0.1023662548828125 0.827160494140625 0.09722222265625 0.82677469140625 0.0534979423828125 0.8283179013671875 0.0473251025390625 0.8306327158203125 0.03600823046875 0.8302469140625 0.03189300390625 0.8333333330078125 0.0282921806640625 0.8398919755859375 0.0257201650390625 0.855709876953125 0.0257201650390625 0.87847222265625 0.028806583984375 0.88387345703125 0.0895061728515625 0.8823302470703125 0.1018518515625 0.880401234375
1 0.083847736328125 0.9251543212890625 0.095164609375 0.9247685185546874 0.1033950615234375 0.9216820986328125 0.1033950615234375 0.883487654296875 0.1018518515625 0.88117283984375 0.045781892578125 0.8827160498046875 0.0324074072265625 0.88387345703125 0.0257201650390625 0.8877314814453126 0.02520576171875 0.92052469140625 0.0282921806640625 0.92592592578125 0.0776748974609375 0.9274691357421875 0.083847736328125 0.9251543212890625
1 0.18004115234375 0.8684413583984375 0.1815843623046875 0.829089505859375 0.1779835390625 0.82330246875 0.157921810546875 0.8217592587890625 0.14197530859375 0.82407407421875 0.11882716015625 0.82407407421875 0.109053498046875 0.8275462958984375 0.105967078125 0.837962962890625 0.105967078125 0.87847222265625 0.14609053515625 0.8769290126953125 0.1779835390625 0.8738425927734375 0.18004115234375 0.8684413583984375
1 0.1784979423828125 0.917438271484375 0.1805555556640625 0.888888888671875 0.1805555556640625 0.8796296298828125 0.1784979423828125 0.8757716044921875 0.109053498046875 0.878086419921875 0.10390946484375 0.8819444443359375 0.10390946484375 0.908564814453125 0.105967078125 0.9216820986328125 0.1337448564453125 0.9220679013671875 0.1784979423828125 0.917438271484375
1 0.217078189453125 0.8738425927734375 0.225823044921875 0.87152777734375 0.2345679013671875 0.8711419755859375 0.2443415634765625 0.8734567900390625 0.25205761328125 0.871913580078125 0.2546296298828125 0.86419753125 0.258230453125 0.82137345703125 0.2546296298828125 0.8163580244140625 0.23713991796875 0.81597222265625 0.227880658203125 0.81867283984375 0.20987654296875 0.8171296298828125 0.208847736328125 0.81867283984375 0.2011316875 0.8202160498046875 0.1975308642578125 0.8198302470703125 0.195987654296875 0.8171296298828125 0.1913580244140625 0.817515431640625 0.1862139921875 0.820987654296875 0.182098765625 0.829861111328125 0.1815843623046875 0.8684413583984375 0.182098765625 0.8738425927734375 0.185185185546875 0.8765432099609375 0.217078189453125 0.8738425927734375
1 0.193930041015625 0.918209876953125 0.225823044921875 0.9143518515625 0.2304526748046875 0.9162808642578125 0.2453703701171875 0.9158950615234375 0.2515432099609375 0.9143518515625 0.2541152265625 0.911651234375 0.2556584365234375 0.880015431640625 0.2546296298828125 0.875385802734375 0.2515432099609375 0.8722993828125 0.2376543212890625 0.8742283955078125 0.223765431640625 0.872685185546875 0.221193416015625 0.875385802734375 0.185185185546875 0.875385802734375 0.182098765625 0.880015431640625 0.1815843623046875 0.88657407421875 0.1815843623046875 0.9104938271484375 0.182098765625 0.9143518515625 0.185185185546875 0.9166666669921875 0.193930041015625 0.918209876953125
1 0.2983539091796875 0.869212962890625 0.325102880859375 0.8703703701171875 0.3287037041015625 0.861111111328125 0.3287037041015625 0.8167438271484375 0.3266460908203125 0.812885802734375 0.261831275390625 0.8140432099609375 0.257201646484375 0.8310185185546874 0.25617283984375 0.8653549384765625 0.258230453125 0.872685185546875 0.28600823046875 0.872685185546875 0.2983539091796875 0.869212962890625
1 0.2633744853515625 0.91512345703125 0.3245884775390625 0.91242283984375 0.3266460908203125 0.886959876953125 0.3256172841796875 0.869598765625 0.2613168720703125 0.8730709873046875 0.257201646484375 0.8761574072265625 0.2556584365234375 0.8900462958984375 0.2566872431640625 0.9081790126953125 0.2587448564453125 0.912037037109375 0.2633744853515625 0.91512345703125
1 0.4007201650390625 0.863040123046875 0.3996913583984375 0.8429783955078125 0.4022633740234375 0.835262345703125 0.4017489716796875 0.8260030859375 0.40020576171875 0.817515431640625 0.397119341796875 0.8125 0.3904320986328125 0.8109567900390625 0.384773662109375 0.812885802734375 0.37705761328125 0.8113425927734375 0.3734567900390625 0.812885802734375 0.3693415634765625 0.8105709873046875 0.36882716015625 0.812885802734375 0.3626543212890625 0.8140432099609375 0.3554526748046875 0.8105709873046875 0.348765431640625 0.8132716044921875 0.3312757197265625 0.8132716044921875 0.3302469140625 0.817901234375 0.329218107421875 0.849151234375 0.3312757197265625 0.8668981484375 0.3914609052734375 0.8668981484375 0.4007201650390625 0.863040123046875
1 0.3575102880859375 0.909336419921875 0.3945473251953125 0.9070216044921875 0.397119341796875 0.901234568359375 0.3966049384765625 0.8854166669921875 0.3996913583984375 0.869984568359375 0.397119341796875 0.8676697529296875 0.3554526748046875 0.8668981484375 0.352880658203125 0.8680555556640625 0.3333333330078125 0.8680555556640625 0.3297325107421875 0.869598765625 0.3276748974609375 0.8765432099609375 0.3276748974609375 0.9089506171875 0.33487654296875 0.90972222265625 0.3456790126953125 0.9081790126953125 0.3575102880859375 0.909336419921875
1 0.4732510283203125 0.863040123046875 0.4727366259765625 0.8198302470703125 0.4696502060546875 0.8125 0.432098765625 0.8113425927734375 0.4007201650390625 0.8140432099609375 0.399176955078125 0.8217592587890625 0.4022633740234375 0.831790123046875 0.40020576171875 0.8368055556640625 0.397119341796875 0.837962962890625 0.3966049384765625 0.852237654296875 0.4043209873046875 0.8672839501953125 0.467078189453125 0.86612654296875 0.4732510283203125 0.863040123046875
1 0.4043209873046875 0.9089506171875 0.4243827158203125 0.909336419921875 0.47222222265625 0.9070216044921875 0.47222222265625 0.869598765625 0.4696502060546875 0.8668981484375 0.448045267578125 0.8645833330078125 0.4043209873046875 0.8653549384765625 0.40020576171875 0.869598765625 0.397119341796875 0.8792438271484375 0.3976337451171875 0.9043209873046875 0.3996913583984375 0.9070216044921875 0.4043209873046875 0.9089506171875
1 0.4866255146484375 0.8680555556640625 0.524176955078125 0.8649691357421875 0.528806583984375 0.866512345703125 0.543209876953125 0.86612654296875 0.5452674892578125 0.8626543212890625 0.5426954736328125 0.844135802734375 0.5437242802734376 0.82330246875 0.541152263671875 0.8136574072265625 0.5293209873046875 0.8109567900390625 0.475823044921875 0.8140432099609375 0.473765431640625 0.815586419921875 0.473765431640625 0.8429783955078125 0.4763374482421875 0.8645833330078125 0.4866255146484375 0.8680555556640625
1 0.5303497939453125 0.9077932099609375 0.5421810703125 0.9047067900390625 0.54423868359375 0.901234568359375 0.545781892578125 0.880401234375 0.5447530859375 0.869212962890625 0.5426954736328125 0.8676697529296875 0.5149176953125 0.8657407412109375 0.4876543212890625 0.8668981484375 0.4753086416015625 0.869984568359375 0.4753086416015625 0.8962191357421875 0.4773662548828125 0.9074074072265625 0.5246913583984375 0.906635802734375 0.5303497939453125 0.9077932099609375
1 0.5982510283203125 0.866512345703125 0.6095679013671875 0.86612654296875 0.6126543212890625 0.860339505859375 0.6116255146484375 0.8483796298828125 0.61419753125 0.835262345703125 0.6095679013671875 0.8136574072265625 0.5905349794921875 0.812885802734375 0.5864197529296875 0.8105709873046875 0.581790123046875 0.812114197265625 0.5565843623046876 0.810185185546875 0.5524691357421875 0.812114197265625 0.549897119140625 0.8113425927734375 0.5452674892578125 0.8171296298828125 0.5462962958984375 0.863811728515625 0.556069958984375 0.8672839501953125 0.58487654296875 0.8645833330078125 0.5982510283203125 0.866512345703125
1 0.611111111328125 0.9016203701171875 0.61213991796875 0.869598765625 0.609053498046875 0.8672839501953125 0.5884773662109375 0.8649691357421875 0.5504115224609375 0.8672839501953125 0.54681069921875 0.869212962890625 0.545781892578125 0.88657407421875 0.5462962958984375 0.9047067900390625 0.5766460908203125 0.90625 0.6095679013671875 0.9047067900390625 0.611111111328125 0.9016203701171875
1 0.5992798349609375 0.3614969140625 0.6013374482421875 0.357638888671875 0.6054526748046875 0.3047839501953125 0.6054526748046875 0.29822530859375 0.6023662548828125 0.2947530859375 0.5756172841796875 0.29282407421875 0.5694444443359375 0.2939814814453125 0.5663580244140625 0.329089505859375 0.5653292177734375 0.355709876953125 0.566872427734375 0.360339505859375 0.5776748974609375 0.3622685185546875 0.5992798349609375 0.3614969140625
1 0.6306584365234374 0.363811728515625 0.63580246875 0.3618827158203125 0.64197530859375 0.3097993828125 0.64197530859375 0.2997685185546875 0.638888888671875 0.2966820986328125 0.619855966796875 0.2947530859375 0.6126543212890625 0.2947530859375 0.6085390947265625 0.2966820986328125 0.6044238681640625 0.3287037041015625 0.6023662548828125 0.3530092587890625 0.60390946484375 0.3614969140625 0.6208847734375 0.36419753125 0.6306584365234374 0.363811728515625
1 0.643004115234375 0.36612654296875 0.670781892578125 0.3672839501953125 0.672839505859375 0.36612654296875 0.6733539091796875 0.341435185546875 0.6784979423828125 0.3001543212890625 0.6754115224609375 0.29822530859375 0.647119341796875 0.2970679013671875 0.643004115234375 0.298611111328125 0.6414609052734375 0.30362654296875 0.6414609052734375 0.3225308642578125 0.6363168720703125 0.35532407421875 0.636831275390625 0.3626543212890625 0.643004115234375 0.36612654296875
1 0.708847736328125 0.36612654296875 0.710905349609375 0.352237654296875 0.7083333330078125 0.349151234375 0.708847736328125 0.340663580078125 0.71193415625 0.32947530859375 0.7114197529296875 0.30902777734375 0.7062757197265624 0.30092592578125 0.683127572265625 0.29822530859375 0.68004115234375 0.2993827158203125 0.6754115224609375 0.3356481484375 0.6743827158203125 0.3657407412109375 0.6923868310546875 0.369212962890625 0.70318930078125 0.36612654296875 0.708847736328125 0.36612654296875
1 0.7453703701171875 0.324459876953125 0.744855966796875 0.3032407412109375 0.734053498046875 0.300540123046875 0.7175925927734375 0.301311728515625 0.71193415625 0.30362654296875 0.7103909462890625 0.310185185546875 0.7062757197265624 0.36612654296875 0.720164609375 0.369212962890625 0.7412551435546875 0.3703703701171875 0.7453703701171875 0.324459876953125
1 0.7757201650390625 0.3711419755859375 0.7782921806640625 0.3676697529296875 0.778806583984375 0.35455246875 0.7844650205078125 0.3252314814453125 0.784979423828125 0.310185185546875 0.782921810546875 0.3047839501953125 0.769032921875 0.2989969140625 0.7515432099609375 0.301311728515625 0.748971193359375 0.30362654296875 0.7463991767578125 0.3221450615234375 0.742798353515625 0.369598765625 0.7453703701171875 0.37152777734375 0.757201646484375 0.3730709873046875 0.7757201650390625 0.3711419755859375
1 0.8132716044921875 0.372685185546875 0.818930041015625 0.3287037041015625 0.818930041015625 0.3078703701171875 0.8173868310546875 0.3059413583984375 0.801954732421875 0.3024691357421875 0.7865226337890625 0.3059413583984375 0.7793209873046875 0.357638888671875 0.7793209873046875 0.369598765625 0.7844650205078125 0.3730709873046875 0.8076131689453125 0.3742283955078125 0.8132716044921875 0.372685185546875
1 0.846193416015625 0.374614197265625 0.84979423828125 0.3360339501953125 0.8533950615234375 0.32137345703125 0.8518518515625 0.30902777734375 0.8384773662109375 0.3051697529296875 0.820987654296875 0.306712962890625 0.8153292177734375 0.357638888671875 0.8153292177734375 0.369984568359375 0.81995884765625 0.375 0.8425925927734375 0.3757716044921875 0.846193416015625 0.374614197265625
1 0.85802469140625 0.3765432099609375 0.8672839501953125 0.3742283955078125 0.87294238671875 0.374614197265625 0.8734567900390625 0.369598765625 0.8703703701171875 0.3657407412109375 0.8765432099609375 0.354938271484375 0.878086419921875 0.3314043212890625 0.878086419921875 0.317515431640625 0.8755144033203125 0.3105709873046875 0.8554526748046875 0.30902777734375 0.84979423828125 0.338348765625 0.848765431640625 0.366512345703125 0.846193416015625 0.3734567900390625 0.848765431640625 0.3757716044921875 0.85802469140625 0.3765432099609375
1 0.907921810546875 0.3769290126953125 0.9135802470703125 0.3256172841796875 0.912037037109375 0.3144290126953125 0.8976337451171875 0.3105709873046875 0.884773662109375 0.3113425927734375 0.8765432099609375 0.32407407421875 0.873971193359375 0.3765432099609375 0.880144033203125 0.37847222265625 0.9053497939453125 0.378086419921875 0.907921810546875 0.3769290126953125
1 0.935185185546875 0.372685185546875 0.9403292177734375 0.3730709873046875 0.942901234375 0.3703703701171875 0.9485596708984375 0.329089505859375 0.9465020576171875 0.31597222265625 0.92181069921875 0.312114197265625 0.9146090537109375 0.3140432099609375 0.914094650390625 0.329089505859375 0.91100823046875 0.343364197265625 0.9094650205078125 0.377314814453125 0.9166666669921875 0.380015431640625 0.9295267490234375 0.3796296298828125 0.935185185546875 0.372685185546875
1 0.9804526748046875 0.3456790126953125 0.9783950615234375 0.317515431640625 0.962962962890625 0.3136574072265625 0.9552469140625 0.3140432099609375 0.9495884775390625 0.3167438271484375 0.942901234375 0.372685185546875 0.95987654296875 0.3769290126953125 0.973765431640625 0.378086419921875 0.9804526748046875 0.3456790126953125
1 0.9994855966796875 0.31597222265625 0.990226337890625 0.315586419921875 0.981995884765625 0.317901234375 0.979938271484375 0.332561728515625 0.975823044921875 0.3769290126953125 0.980967078125 0.3827160498046875 0.9994855966796875 0.3842592587890625 0.9994855966796875 0.31597222265625
1 0.6296296298828125 0.4648919755859375 0.654835390625 0.4648919755859375 0.65689300390625 0.463348765625 0.6589506171875 0.4185956787109375 0.65689300390625 0.40007716015625 0.6507201650390625 0.395061728515625 0.6255144033203125 0.394290123046875 0.6172839501953125 0.39737654296875 0.616769546875 0.4043209873046875 0.617798353515625 0.4193672841796875 0.61419753125 0.460262345703125 0.6183127568359374 0.463348765625 0.6296296298828125 0.4648919755859375
1 0.6507201650390625 0.5586419755859375 0.654835390625 0.5189043212890625 0.6553497939453125 0.4980709873046875 0.6532921806640625 0.494212962890625 0.65020576171875 0.4922839501953125 0.63580246875 0.4903549384765625 0.617798353515625 0.4918981484375 0.615226337890625 0.494212962890625 0.61213991796875 0.5100308642578125 0.609053498046875 0.557098765625 0.6126543212890625 0.55902777734375 0.6327160498046875 0.5613425927734375 0.6507201650390625 0.5586419755859375
1 0.698045267578125 0.4668209873046875 0.702160494140625 0.422839505859375 0.6985596708984375 0.401234568359375 0.6923868310546875 0.3969907412109375 0.664094650390625 0.3969907412109375 0.6604938271484375 0.400462962890625 0.6589506171875 0.4104938271484375 0.6574074072265625 0.463348765625 0.662037037109375 0.46527777734375 0.6774691357421875 0.4672067900390625 0.698045267578125 0.4668209873046875
1 0.6954732509765625 0.554012345703125 0.6985596708984375 0.5208333330078125 0.6975308642578125 0.496913580078125 0.687242798828125 0.4930555556640625 0.66100823046875 0.4922839501953125 0.6563786005859376 0.4961419755859375 0.6553497939453125 0.5073302470703125 0.65277777734375 0.5582561728515625 0.6671810703125 0.5609567900390625 0.692901234375 0.5605709873046875 0.6954732509765625 0.554012345703125
1 0.6589506171875 0.6346450615234375 0.659979423828125 0.5895061728515625 0.654835390625 0.5860339501953125 0.623971193359375 0.5856481484375 0.6203703701171875 0.588348765625 0.6193415634765626 0.6010802470703125 0.616769546875 0.650848765625 0.630144033203125 0.653163580078125 0.6553497939453125 0.6520061728515625 0.6589506171875 0.6346450615234375
1 0.6970164609375 0.65007716015625 0.702160494140625 0.5918209873046875 0.6995884775390625 0.5895061728515625 0.664094650390625 0.5895061728515625 0.6615226337890625 0.5918209873046875 0.66100823046875 0.5979938271484375 0.657921810546875 0.651234568359375 0.66100823046875 0.65277777734375 0.693930041015625 0.653163580078125 0.6970164609375 0.65007716015625
1 0.7345679013671875 0.653935185546875 0.7376543212890625 0.650848765625 0.741769546875 0.5910493828125 0.7345679013671875 0.5868055556640625 0.706790123046875 0.5864197529296875 0.7026748974609375 0.5918209873046875 0.702160494140625 0.596064814453125 0.698045267578125 0.6516203701171875 0.7016460908203125 0.6535493828125 0.712962962890625 0.6543209873046875 0.7345679013671875 0.653935185546875
1 0.734053498046875 0.5609567900390625 0.7386831279296875 0.50887345703125 0.73713991796875 0.4988425927734375 0.7273662548828125 0.4957561728515625 0.7196502060546875 0.49652777734375 0.706790123046875 0.494598765625 0.6975308642578125 0.4980709873046875 0.6985596708984375 0.5171682099609375 0.6954732509765625 0.5597993828125 0.7026748974609375 0.562114197265625 0.734053498046875 0.5609567900390625
1 0.7355967080078125 0.4672067900390625 0.7376543212890625 0.4660493828125 0.7386831279296875 0.4606481484375 0.742798353515625 0.4128086416015625 0.741769546875 0.4023919755859375 0.7345679013671875 0.3966049384765625 0.7083333330078125 0.3985339501953125 0.6995884775390625 0.4016203701171875 0.7006172841796875 0.4185956787109375 0.698045267578125 0.4641203701171875 0.7011316875 0.4668209873046875 0.7355967080078125 0.4672067900390625
1 0.784979423828125 0.403935185546875 0.7824074072265625 0.4023919755859375 0.7474279833984375 0.40277777734375 0.7443415634765626 0.40625 0.7407407412109375 0.4347993828125 0.73919753125 0.4668209873046875 0.7443415634765626 0.46875 0.77777777734375 0.4672067900390625 0.784979423828125 0.403935185546875
1 0.77520576171875 0.5605709873046875 0.7793209873046875 0.500385802734375 0.7685185185546874 0.4972993828125 0.74382716015625 0.4961419755859375 0.73919753125 0.4980709873046875 0.740226337890625 0.5038580244140625 0.73713991796875 0.53125 0.736111111328125 0.5609567900390625 0.7376543212890625 0.562114197265625 0.7736625517578125 0.5617283955078125 0.77520576171875 0.5605709873046875
1 0.7757201650390625 0.6535493828125 0.77777777734375 0.651234568359375 0.7803497939453125 0.6373456787109375 0.7834362138671875 0.5918209873046875 0.77777777734375 0.5898919755859375 0.7664609052734375 0.5895061728515625 0.7443415634765626 0.5895061728515625 0.742798353515625 0.5918209873046875 0.7386831279296875 0.651234568359375 0.7407407412109375 0.653163580078125 0.7541152265625 0.6547067900390625 0.7757201650390625 0.6535493828125
1 0.8173868310546875 0.6550925927734375 0.8225308642578125 0.5918209873046875 0.817901234375 0.59027777734375 0.78600823046875 0.5898919755859375 0.7824074072265625 0.5918209873046875 0.780864197265625 0.5952932099609375 0.7834362138671875 0.6041666669921875 0.779835390625 0.6543209873046875 0.78189300390625 0.6554783955078125 0.8173868310546875 0.6550925927734375
1 0.80224609375 0.435546875 0.03662109375 0.0693359375
1 0.84521484375 0.43896484375 0.03662109375 0.06982421875
1 0.88427734375 0.43994140625 0.0361328125 0.0712890625
1 0.92431640625 0.43994140625 0.03271484375 0.072265625
1 0.9773662548828125 0.4753086416015625 0.9794238681640625 0.4714506171875 0.984053498046875 0.4143518515625 0.9717078193359375 0.4104938271484375 0.945987654296875 0.411265431640625 0.942901234375 0.4444444443359375 0.9423868310546875 0.4675925927734375 0.943930041015625 0.473765431640625 0.9511316875 0.4756944443359375 0.9773662548828125 0.4753086416015625
1 0.9994855966796875 0.411265431640625 0.98713991796875 0.41242283984375 0.984053498046875 0.4251543212890625 0.9794238681640625 0.474151234375 0.984053498046875 0.477237654296875 0.9994855966796875 0.477237654296875 0.9994855966796875 0.411265431640625
1 0.8544238681640625 0.5640432099609375 0.856995884765625 0.5597993828125 0.8605967080078125 0.52237654296875 0.861111111328125 0.5038580244140625 0.8595679013671875 0.5011574072265625 0.831790123046875 0.4984567900390625 0.8225308642578125 0.500385802734375 0.817901234375 0.536265431640625 0.81584362109375 0.560185185546875 0.8173868310546875 0.562885802734375 0.820987654296875 0.5644290126953125 0.8544238681640625 0.5640432099609375
1 0.814814814453125 0.5613425927734375 0.8204732509765625 0.505787037109375 0.8194444443359375 0.5011574072265625 0.807098765625 0.497685185546875 0.78600823046875 0.4980709873046875 0.7824074072265625 0.5 0.7772633740234375 0.5358796298828125 0.7757201650390625 0.55902777734375 0.77777777734375 0.562885802734375 0.804012345703125 0.5632716044921875 0.814814814453125 0.5613425927734375
1 0.8986625517578125 0.5405092587890625 0.9007201650390625 0.5015432099609375 0.880144033203125 0.5015432099609375 0.8744855966796875 0.5 0.8657407412109375 0.5 0.863168724609375 0.5015432099609375 0.8585390947265625 0.5358796298828125 0.85802469140625 0.5640432099609375 0.8626543212890625 0.56597222265625 0.894032921875 0.5667438271484375 0.8986625517578125 0.5405092587890625
1 0.9094650205078125 0.5543981484375 0.93004115234375 0.554012345703125 0.9346707822265625 0.5520833330078125 0.9387860078125 0.503086419921875 0.9074074072265625 0.5015432099609375 0.9022633740234375 0.5027006171875 0.8966049384765625 0.55169753125 0.89609053515625 0.5640432099609375 0.90277777734375 0.565586419921875 0.9053497939453125 0.5644290126953125 0.9094650205078125 0.5543981484375
1 0.9526748974609375 0.567901234375 0.970164609375 0.5663580244140625 0.9773662548828125 0.505401234375 0.9645061728515625 0.5038580244140625 0.9562757197265624 0.505015431640625 0.9423868310546875 0.5015432099609375 0.939814814453125 0.50617283984375 0.9362139921875 0.5285493828125 0.93415637890625 0.5501543212890625 0.9362139921875 0.5532407412109375 0.94907407421875 0.5555555556640625 0.9526748974609375 0.567901234375
1 0.9994855966796875 0.5011574072265625 0.9804526748046875 0.5038580244140625 0.9763374482421875 0.5081018515625 0.9717078193359375 0.548611111328125 0.970164609375 0.5644290126953125 0.9727366259765625 0.567901234375 0.9994855966796875 0.5690586416015625 0.9994855966796875 0.5011574072265625
1 0.85802469140625 0.6547067900390625 0.8636831279296875 0.6060956787109375 0.8636831279296875 0.5945216044921875 0.861111111328125 0.5918209873046875 0.83487654296875 0.5898919755859375 0.8261316875 0.5918209873046875 0.820987654296875 0.6354166669921875 0.8204732509765625 0.650848765625 0.8225308642578125 0.6554783955078125 0.855967078125 0.65625 0.85802469140625 0.6547067900390625
1 0.8976337451171875 0.6489197529296875 0.899176955078125 0.61882716015625 0.9017489716796875 0.6060956787109375 0.9007201650390625 0.5949074072265625 0.890946501953125 0.5925925927734375 0.87294238671875 0.5925925927734375 0.865226337890625 0.5952932099609375 0.8605967080078125 0.6381172841796875 0.8600823046875 0.6543209873046875 0.86213991796875 0.65625 0.895061728515625 0.6550925927734375 0.8976337451171875 0.6489197529296875
1 0.9393004111328125 0.5983796298828125 0.9367283955078125 0.596836419921875 0.9043209873046875 0.594135802734375 0.9017489716796875 0.598765431640625 0.899176955078125 0.6257716044921875 0.897119341796875 0.6547067900390625 0.9315843623046876 0.65625 0.93415637890625 0.650848765625 0.9393004111328125 0.5983796298828125
1 0.9768518515625 0.605709876953125 0.9742798349609375 0.5949074072265625 0.9578189296875 0.5945216044921875 0.9423868310546875 0.596064814453125 0.939814814453125 0.5976080244140625 0.9367283955078125 0.6257716044921875 0.9356995888671875 0.656635802734375 0.954218107421875 0.6574074072265625 0.970164609375 0.655864197265625 0.9768518515625 0.605709876953125
1 0.9994855966796875 0.594135802734375 0.981995884765625 0.594135802734375 0.9783950615234375 0.596064814453125 0.9732510283203125 0.6412037041015625 0.9727366259765625 0.6554783955078125 0.9742798349609375 0.6574074072265625 0.9994855966796875 0.6577932099609375 0.9994855966796875 0.594135802734375
1 0.595164609375 0.707561728515625 0.595164609375 0.7172067900390625 0.6054526748046875 0.7206790126953125 0.6203703701171875 0.71875 0.6224279833984375 0.7168209873046875 0.6255144033203125 0.67862654296875 0.623971193359375 0.6712962958984375 0.6162551435546875 0.6685956787109375 0.598765431640625 0.6712962958984375 0.596193416015625 0.685185185546875 0.5977366259765625 0.699459876953125 0.6013374482421875 0.7037037041015625 0.5992798349609375 0.707561728515625 0.595164609375 0.707561728515625
1 0.6496913583984375 0.7202932099609375 0.65277777734375 0.71527777734375 0.6553497939453125 0.675540123046875 0.6507201650390625 0.670910494140625 0.633230453125 0.670910494140625 0.6296296298828125 0.6743827158203125 0.6255144033203125 0.6847993828125 0.625 0.70987654296875 0.6265432099609375 0.7168209873046875 0.6327160498046875 0.7202932099609375 0.6496913583984375 0.7202932099609375
1 0.651234568359375 0.7029320986328125 0.653806583984375 0.7064043212890625 0.6466049384765625 0.712962962890625 0.649176955078125 0.7195216044921875 0.657921810546875 0.721064814453125 0.67592592578125 0.721064814453125 0.6795267490234375 0.719135802734375 0.682098765625 0.713734568359375 0.6815843623046876 0.702160494140625 0.6856995888671875 0.682098765625 0.6836419755859375 0.679012345703125 0.68415637890625 0.6751543212890625 0.681069958984375 0.6716820986328125 0.67592592578125 0.67052469140625 0.6507201650390625 0.673611111328125 0.65020576171875 0.6747685185546874 0.655864197265625 0.681712962890625 0.655864197265625 0.685185185546875 0.654835390625 0.69830246875 0.651234568359375 0.7029320986328125
1 0.7124485595703125 0.7202932099609375 0.71399176953125 0.7179783955078125 0.7145061728515625 0.6751543212890625 0.7062757197265624 0.6697530859375 0.6882716044921875 0.6716820986328125 0.6856995888671875 0.6747685185546874 0.6836419755859375 0.693287037109375 0.6826131689453125 0.7168209873046875 0.6846707822265625 0.7202932099609375 0.69495884765625 0.7214506171875 0.7124485595703125 0.7202932099609375
1 0.7407407412109375 0.72222222265625 0.74382716015625 0.7160493828125 0.7443415634765626 0.6847993828125 0.74794238671875 0.6751543212890625 0.731995884765625 0.670138888671875 0.7242798349609375 0.6712962958984375 0.7175925927734375 0.675540123046875 0.7145061728515625 0.692901234375 0.7145061728515625 0.7168209873046875 0.7160493828125 0.7206790126953125 0.7263374482421875 0.7226080244140625 0.7407407412109375 0.72222222265625
1 0.7746913583984375 0.6774691357421875 0.7664609052734375 0.6716820986328125 0.7546296298828125 0.6712962958984375 0.746913580078125 0.6774691357421875 0.74382716015625 0.6890432099609375 0.74382716015625 0.7206790126953125 0.751028806640625 0.721836419921875 0.7716049384765625 0.721064814453125 0.7746913583984375 0.6774691357421875
1 0.7962962958984375 0.7226080244140625 0.8004115224609375 0.7202932099609375 0.801954732421875 0.6774691357421875 0.7952674892578125 0.6712962958984375 0.7854938271484375 0.67052469140625 0.779835390625 0.6751543212890625 0.7757201650390625 0.6751543212890625 0.7746913583984375 0.6778549384765625 0.7726337451171875 0.6917438271484375 0.7726337451171875 0.710262345703125 0.7746913583984375 0.7199074072265625 0.7962962958984375 0.7226080244140625
1 0.8302469140625 0.6805555556640625 0.829218107421875 0.675540123046875 0.8215020576171875 0.6720679013671875 0.80915637890625 0.6751543212890625 0.8034979423828125 0.6805555556640625 0.80092592578125 0.6917438271484375 0.8014403291015625 0.7202932099609375 0.810185185546875 0.721836419921875 0.8256172841796875 0.7202932099609375 0.8302469140625 0.6805555556640625
1 0.8575102880859375 0.693287037109375 0.8600823046875 0.6828703701171875 0.8575102880859375 0.6751543212890625 0.8477366259765625 0.672839505859375 0.83693415625 0.6739969140625 0.8312757197265624 0.6828703701171875 0.8297325107421875 0.6940586416015625 0.8302469140625 0.7202932099609375 0.8353909462890625 0.7229938271484375 0.8554526748046875 0.7214506171875 0.8575102880859375 0.693287037109375
1 0.8842592587890625 0.721064814453125 0.8852880654296875 0.715663580078125 0.8894032919921875 0.682098765625 0.886831275390625 0.6751543212890625 0.8816872431640626 0.672839505859375 0.86882716015625 0.67322530859375 0.86419753125 0.6747685185546874 0.8595679013671875 0.681712962890625 0.855967078125 0.698688271484375 0.856995884765625 0.7214506171875 0.865226337890625 0.723765431640625 0.880144033203125 0.724151234375 0.8842592587890625 0.721064814453125
1 0.9171810703125 0.689814814453125 0.9166666669921875 0.6782407412109375 0.914094650390625 0.6751543212890625 0.9053497939453125 0.67322530859375 0.894032921875 0.6751543212890625 0.8894032919921875 0.6855709873046875 0.886831275390625 0.7006172841796875 0.886831275390625 0.7206790126953125 0.8899176953125 0.7226080244140625 0.9125514404296875 0.7226080244140625 0.9171810703125 0.689814814453125
1 0.9475308642578125 0.7214506171875 0.94907407421875 0.7168209873046875 0.945987654296875 0.7052469140625 0.9465020576171875 0.6948302470703125 0.950102880859375 0.682098765625 0.9475308642578125 0.6770833330078125 0.939814814453125 0.672839505859375 0.932098765625 0.67322530859375 0.9274691357421875 0.6751543212890625 0.9264403291015625 0.6778549384765625 0.9212962958984375 0.6809413583984375 0.9176954736328125 0.692515431640625 0.916152263671875 0.7168209873046875 0.9197530859375 0.7233796298828125 0.9367283955078125 0.724151234375 0.9475308642578125 0.7214506171875
1 0.9578189296875 0.7226080244140625 0.96810699609375 0.7226080244140625 0.9753086416015625 0.7206790126953125 0.977880658203125 0.716435185546875 0.9727366259765625 0.710262345703125 0.9742798349609375 0.6917438271484375 0.9773662548828125 0.6828703701171875 0.97479423828125 0.6770833330078125 0.970164609375 0.6739969140625 0.9583333330078125 0.6739969140625 0.9495884775390625 0.682098765625 0.9465020576171875 0.6917438271484375 0.94495884765625 0.7106481484375 0.9465020576171875 0.7202932099609375 0.9485596708984375 0.721836419921875 0.9578189296875 0.7226080244140625
1 0.9994855966796875 0.7206790126953125 0.9994855966796875 0.6743827158203125 0.984053498046875 0.6751543212890625 0.9794238681640625 0.6782407412109375 0.9732510283203125 0.698688271484375 0.9732510283203125 0.7206790126953125 0.9773662548828125 0.7229938271484375 0.9912551435546875 0.7229938271484375 0.9994855966796875 0.7206790126953125
1 0.5915637861328125 0.787037037109375 0.59310699609375 0.747685185546875 0.58487654296875 0.7418981484375 0.5745884775390625 0.7434413583984375 0.5704732509765625 0.7472993828125 0.568930041015625 0.787037037109375 0.570987654296875 0.7885802470703125 0.5895061728515625 0.7885802470703125 0.5915637861328125 0.787037037109375
1 0.6126543212890625 0.7881944443359375 0.6147119345703125 0.786265431640625 0.6147119345703125 0.75 0.6095679013671875 0.7457561728515625 0.5982510283203125 0.7461419755859375 0.595164609375 0.744212962890625 0.5915637861328125 0.7457561728515625 0.59310699609375 0.761188271484375 0.592078189453125 0.786265431640625 0.595164609375 0.7885802470703125 0.6126543212890625 0.7881944443359375
1 0.6363168720703125 0.786265431640625 0.6373456787109375 0.7507716044921875 0.6296296298828125 0.7472993828125 0.6208847734375 0.746913580078125 0.6162551435546875 0.7507716044921875 0.615226337890625 0.786265431640625 0.6193415634765626 0.7881944443359375 0.6337448564453125 0.7893518515625 0.6363168720703125 0.786265431640625
1 0.6574074072265625 0.786651234375 0.657921810546875 0.7484567900390625 0.654835390625 0.746913580078125 0.6466049384765625 0.746913580078125 0.6383744853515625 0.7488425927734375 0.6373456787109375 0.7507716044921875 0.6363168720703125 0.786651234375 0.6394032919921875 0.7881944443359375 0.654835390625 0.7885802470703125 0.6574074072265625 0.786651234375
1 0.68004115234375 0.786265431640625 0.68004115234375 0.7484567900390625 0.67181069921875 0.744598765625 0.6589506171875 0.7480709873046875 0.6574074072265625 0.786651234375 0.6604938271484375 0.7885802470703125 0.67592592578125 0.7893518515625 0.68004115234375 0.786265431640625
1 0.7011316875 0.786651234375 0.7006172841796875 0.7480709873046875 0.695987654296875 0.7461419755859375 0.685185185546875 0.746913580078125 0.6815843623046876 0.7484567900390625 0.6805555556640625 0.752314814453125 0.6784979423828125 0.787037037109375 0.6805555556640625 0.7885802470703125 0.6995884775390625 0.7885802470703125 0.7011316875 0.786651234375
1 0.72222222265625 0.786265431640625 0.7232510283203125 0.750385802734375 0.7206790126953125 0.7484567900390625 0.7093621396484375 0.7472993828125 0.7062757197265624 0.7453703701171875 0.702160494140625 0.7488425927734375 0.700102880859375 0.786265431640625 0.7026748974609375 0.7881944443359375 0.720164609375 0.7881944443359375 0.72222222265625 0.786265431640625
1 0.7443415634765626 0.78472222265625 0.7453703701171875 0.75347222265625 0.74794238671875 0.747685185546875 0.7407407412109375 0.7430555556640625 0.7335390947265625 0.7434413583984375 0.7253086416015625 0.7484567900390625 0.7217078193359375 0.786265431640625 0.7242798349609375 0.7881944443359375 0.7412551435546875 0.7893518515625 0.7443415634765626 0.78472222265625
1 0.7649176953125 0.786265431640625 0.7664609052734375 0.7507716044921875 0.7623456787109375 0.746913580078125 0.7546296298828125 0.7480709873046875 0.74794238671875 0.74652777734375 0.7463991767578125 0.7484567900390625 0.74382716015625 0.786651234375 0.7474279833984375 0.7885802470703125 0.7623456787109375 0.7881944443359375 0.7649176953125 0.786265431640625
1 0.7865226337890625 0.7827932099609375 0.7875514404296875 0.7519290126953125 0.7824074072265625 0.746913580078125 0.7705761318359375 0.7461419755859375 0.76697530859375 0.7480709873046875 0.768004115234375 0.756790123046875 0.7654320986328125 0.786265431640625 0.7834362138671875 0.7878086416015625 0.7865226337890625 0.7827932099609375
1 0.8086419755859375 0.753086419921875 0.8076131689453125 0.7480709873046875 0.8034979423828125 0.7461419755859375 0.793209876953125 0.744984568359375 0.7885802470703125 0.7484567900390625 0.7854938271484375 0.7793209873046875 0.78600823046875 0.787037037109375 0.7988683125 0.7881944443359375 0.8076131689453125 0.786265431640625 0.8086419755859375 0.753086419921875
1 0.8297325107421875 0.786651234375 0.831790123046875 0.7538580244140625 0.8297325107421875 0.747685185546875 0.8204732509765625 0.74652777734375 0.812242798828125 0.749614197265625 0.80915637890625 0.77044753125 0.80915637890625 0.7858796298828125 0.8194444443359375 0.7881944443359375 0.82818930078125 0.7878086416015625 0.8297325107421875 0.786651234375
1 0.833847736328125 0.7885802470703125 0.8482510283203125 0.78742283984375 0.8503086416015625 0.7858796298828125 0.8523662548828125 0.77237654296875 0.8518518515625 0.749614197265625 0.8446502060546875 0.7430555556640625 0.8384773662109375 0.7430555556640625 0.8353909462890625 0.7457561728515625 0.8312757197265624 0.744598765625 0.829218107421875 0.7480709873046875 0.8323045263671875 0.75347222265625 0.8297325107421875 0.786651234375 0.833847736328125 0.7885802470703125
1 0.8708847734375 0.78472222265625 0.8734567900390625 0.7511574072265625 0.8708847734375 0.7484567900390625 0.863168724609375 0.7461419755859375 0.855967078125 0.7461419755859375 0.8523662548828125 0.75 0.8503086416015625 0.7851080244140625 0.85390946484375 0.78742283984375 0.867798353515625 0.7878086416015625 0.8708847734375 0.78472222265625
1 0.8924897119140625 0.7854938271484375 0.8935185185546874 0.76697530859375 0.8935185185546874 0.7507716044921875 0.89197530859375 0.7480709873046875 0.88580246875 0.7453703701171875 0.876028806640625 0.746913580078125 0.87294238671875 0.750385802734375 0.8724279833984375 0.75617283984375 0.8703703701171875 0.786265431640625 0.8765432099609375 0.7881944443359375 0.8904320986328125 0.78742283984375 0.8924897119140625 0.7854938271484375
1 0.9135802470703125 0.7519290126953125 0.9063786005859376 0.744984568359375 0.903806583984375 0.744598765625 0.8955761318359375 0.7488425927734375 0.893004115234375 0.77044753125 0.893004115234375 0.786265431640625 0.909979423828125 0.786265431640625 0.912037037109375 0.7839506171875 0.9135802470703125 0.7519290126953125
1 0.9346707822265625 0.7831790126953125 0.9362139921875 0.747685185546875 0.932098765625 0.744598765625 0.924897119140625 0.74382716015625 0.9135802470703125 0.74382716015625 0.9115226337890625 0.7461419755859375 0.912037037109375 0.786265431640625 0.9171810703125 0.78742283984375 0.9315843623046876 0.786651234375 0.9346707822265625 0.7831790126953125
1 0.95318930078125 0.749614197265625 0.9495884775390625 0.7453703701171875 0.9413580244140625 0.744598765625 0.9362139921875 0.7484567900390625 0.9336419755859375 0.77044753125 0.9336419755859375 0.7858796298828125 0.9516460908203125 0.7851080244140625 0.9537037041015625 0.7827932099609375 0.95318930078125 0.749614197265625
1 0.969135802734375 0.7854938271484375 0.97222222265625 0.7831790126953125 0.97222222265625 0.7637924384765625 0.97479423828125 0.7480709873046875 0.9665637861328125 0.7457561728515625 0.9593621396484375 0.74652777734375 0.9547325107421875 0.75 0.95318930078125 0.7538580244140625 0.950102880859375 0.7831790126953125 0.9526748974609375 0.7854938271484375 0.9583333330078125 0.786265431640625 0.969135802734375 0.7854938271484375
1 0.971193416015625 0.7839506171875 0.973765431640625 0.786265431640625 0.9897119345703125 0.7851080244140625 0.992798353515625 0.7831790126953125 0.9933127568359374 0.746913580078125 0.988168724609375 0.7430555556640625 0.970164609375 0.7453703701171875 0.967078189453125 0.7480709873046875 0.9696502060546875 0.7484567900390625 0.9727366259765625 0.7542438271484375 0.971193416015625 0.7839506171875
1 0.611111111328125 0.85532407421875 0.613168724609375 0.8649691357421875 0.6162551435546875 0.8680555556640625 0.654835390625 0.866512345703125 0.6671810703125 0.8618827158203125 0.6784979423828125 0.86072530859375 0.681069958984375 0.8587962958984375 0.6846707822265625 0.82677469140625 0.682098765625 0.820987654296875 0.6712962958984375 0.8086419755859375 0.61419753125 0.8086419755859375 0.6105967080078125 0.8105709873046875 0.6085390947265625 0.814814814453125 0.61419753125 0.8306327158203125 0.61419753125 0.8456790126953125 0.611111111328125 0.85532407421875
1 0.6646090537109375 0.9047067900390625 0.6795267490234375 0.901234568359375 0.682098765625 0.8676697529296875 0.6784979423828125 0.86342592578125 0.6712962958984375 0.8618827158203125 0.6687242802734376 0.8645833330078125 0.6553497939453125 0.8672839501953125 0.617798353515625 0.866512345703125 0.6147119345703125 0.869212962890625 0.6136831279296875 0.8993055556640625 0.6157407412109375 0.9043209873046875 0.626028806640625 0.9054783955078125 0.6646090537109375 0.9047067900390625
1 0.68415637890625 0.861111111328125 0.6856995888671875 0.8622685185546874 0.7294238681640625 0.86419753125 0.7443415634765626 0.8622685185546874 0.7484567900390625 0.8371913583984375 0.74794238671875 0.820987654296875 0.7412551435546875 0.8136574072265625 0.736111111328125 0.8105709873046875 0.7006172841796875 0.80632716015625 0.6815843623046876 0.80902777734375 0.6784979423828125 0.8113425927734375 0.6779835390625 0.8140432099609375 0.6862139921875 0.825810185546875 0.683127572265625 0.8541666669921875 0.68415637890625 0.861111111328125
1 0.7458847734375 0.8738425927734375 0.7443415634765626 0.8622685185546874 0.685185185546875 0.8622685185546874 0.6836419755859375 0.8684413583984375 0.6826131689453125 0.9016203701171875 0.72890946484375 0.9023919755859375 0.7422839501953125 0.900462962890625 0.7458847734375 0.8738425927734375
1 0.7556584365234374 0.89737654296875 0.758230453125 0.89544753125 0.7664609052734375 0.8981481484375 0.7854938271484375 0.8989197529296875 0.8034979423828125 0.8985339501953125 0.806069958984375 0.8969907412109375 0.807098765625 0.86342592578125 0.778806583984375 0.860339505859375 0.7649176953125 0.8626543212890625 0.7541152265625 0.8614969140625 0.7494855966796875 0.8645833330078125 0.7505144033203125 0.882484568359375 0.748971193359375 0.89467592578125 0.751028806640625 0.89737654296875 0.7556584365234374 0.89737654296875
1 0.859053498046875 0.8985339501953125 0.86882716015625 0.8958333330078125 0.871913580078125 0.8626543212890625 0.8693415634765626 0.8595679013671875 0.8137860078125 0.8599537041015625 0.8096707822265625 0.8622685185546874 0.80915637890625 0.8653549384765625 0.8076131689453125 0.8885030859375 0.8086419755859375 0.894290123046875 0.8132716044921875 0.8989197529296875 0.859053498046875 0.8985339501953125
1 0.9284979423828125 0.895061728515625 0.931069958984375 0.8939043212890625 0.9356995888671875 0.8591820986328125 0.9326131689453125 0.85802469140625 0.884773662109375 0.8572530859375 0.8744855966796875 0.8587962958984375 0.8713991767578125 0.8761574072265625 0.8708847734375 0.894290123046875 0.87294238671875 0.8958333330078125 0.91923868359375 0.8962191357421875 0.9284979423828125 0.895061728515625
1 0.996913580078125 0.8904320986328125 0.9974279833984375 0.8761574072265625 0.9994855966796875 0.874614197265625 0.9994855966796875 0.8568672841796875 0.9912551435546875 0.85532407421875 0.962962962890625 0.857638888671875 0.9511316875 0.85532407421875 0.9423868310546875 0.8560956787109375 0.937242798828125 0.860339505859375 0.9346707822265625 0.874614197265625 0.9336419755859375 0.8904320986328125 0.9356995888671875 0.8935185185546874 0.9876543212890625 0.89467592578125 0.996913580078125 0.8904320986328125
1 0.941872427734375 0.8225308642578125 0.937757201171875 0.855709876953125 0.9485596708984375 0.8599537041015625 0.9781378603515625 0.8568672841796875 0.994855966796875 0.85802469140625 0.9994855966796875 0.8564814814453126 0.9994855966796875 0.8028549384765625 0.93004115234375 0.80362654296875 0.9274691357421875 0.80632716015625 0.9279835390625 0.80902777734375 0.9393004111328125 0.817515431640625 0.941872427734375 0.8225308642578125
1 0.87294238671875 0.8533950615234375 0.879055041015625 0.858783564453125 0.8882489716796875 0.8591666669921875 0.9388163583984375 0.858783564453125 0.94495884765625 0.824459876953125 0.943930041015625 0.8206018515625 0.9362139921875 0.812885802734375 0.9223251025390625 0.8043981484375 0.8724279833984375 0.80362654296875 0.86882716015625 0.8055555556640625 0.86882716015625 0.8109567900390625 0.8759907412109375 0.822007330078125 0.87294238671875 0.8456790126953125 0.87294238671875 0.8533950615234375
1 0.8137860078125 0.8591820986328125 0.8492798349609375 0.8595679013671875 0.8554526748046875 0.8614969140625 0.869855966796875 0.8599537041015625 0.87294238671875 0.8518518515625 0.873971193359375 0.817901234375 0.859053498046875 0.806712962890625 0.8523662548828125 0.8055555556640625 0.8173868310546875 0.8055555556640625 0.80915637890625 0.806712962890625 0.8065843623046876 0.8086419755859375 0.8055555556640625 0.8105709873046875 0.8132716044921875 0.8206018515625 0.812242798828125 0.855709876953125 0.8137860078125 0.8591820986328125
1 0.807098765625 0.860339505859375 0.810185185546875 0.855709876953125 0.812242798828125 0.8395061728515625 0.812757201171875 0.820987654296875 0.8112139921875 0.817515431640625 0.8014403291015625 0.8113425927734375 0.79681069921875 0.80632716015625 0.75205761328125 0.806712962890625 0.742798353515625 0.8082561728515625 0.742798353515625 0.8136574072265625 0.74794238671875 0.82407407421875 0.74794238671875 0.8599537041015625 0.807098765625 0.860339505859375
0 0.0537109375 0.55078125 0.080078125 0.5517578125 0.0830078125 0.5576171875 0.080078125 0.576171875 0.0771484375 0.578125 0.044921875 0.578125 0.0390625 0.580078125 0.025390625 0.578125 0.0263671875 0.5615234375 0.033203125 0.5517578125 0.052734375 0.5517578125
0 0.943359375 0.3740234375 0.9736328125 0.3798828125 0.9814453125 0.392578125 0.9814453125 0.3974609375 0.9755859375 0.400390625 0.958984375 0.400390625 0.947265625 0.3974609375 0.93359375 0.3798828125 0.935546875 0.3740234375 0.9423828125 0.3740234375
0 0.9482421875 0.5546875 0.94921875 0.5732421875 0.953125 0.580078125 0.955078125 0.591796875 0.9541015625 0.5947265625 0.94921875 0.595703125 0.91796875 0.5947265625 0.9130859375 0.5927734375 0.9072265625 0.5693359375 0.908203125 0.5556640625 0.91015625 0.5537109375 0.947265625 0.5546875
0 0.400390625 0.736328125 0.3994140625 0.7265625 0.4013671875 0.7236328125 0.4267578125 0.724609375 0.4267578125 0.7333984375 0.4248046875 0.7353515625 0.4013671875 0.736328125
0 0.046875 0.7255859375 0.048828125 0.7275390625 0.048828125 0.73828125 0.04296875 0.7412109375 0.017578125 0.740234375 0.017578125 0.7275390625 0.021484375 0.7255859375 0.0458984375 0.7255859375
0 0.412109375 0.7939453125 0.4140625 0.7958984375 0.4140625 0.8046875 0.40625 0.8076171875 0.3876953125 0.806640625 0.3857421875 0.8046875 0.38671875 0.794921875 0.4111328125 0.7939453125
0 0.5390625 0.361328125 0.5693359375 0.3623046875 0.57421875 0.365234375 0.5751953125 0.3798828125 0.5634765625 0.3857421875 0.5380859375 0.3857421875 0.5302734375 0.3837890625 0.5263671875 0.3759765625 0.52734375 0.3662109375 0.5302734375 0.3623046875 0.5380859375 0.361328125
0 0.2236328125 0.552734375 0.2255859375 0.5537109375 0.224609375 0.5654296875 0.2197265625 0.568359375 0.1953125 0.5673828125 0.193359375 0.556640625 0.1953125 0.552734375 0.19921875 0.5517578125 0.22265625 0.552734375
0 0.3115234375 0.5537109375 0.3388671875 0.5546875 0.3408203125 0.556640625 0.3388671875 0.5693359375 0.3154296875 0.5693359375 0.310546875 0.5673828125 0.3115234375 0.5546875
0 0.962890625 0.79345703125 0.02490234375 0.0146484375
0 0.86328125 0.3828125 0.8681640625 0.390625 0.8681640625 0.3955078125 0.86328125 0.3984375 0.849609375 0.400390625 0.8271484375 0.3984375 0.818359375 0.38671875 0.818359375 0.37890625 0.82421875 0.3759765625 0.857421875 0.376953125 0.8623046875 0.3828125
0 0.58203125 0.796875 0.02880859375 0.015625
0 0.966796875 0.7255859375 0.9853515625 0.724609375 0.9892578125 0.7265625 0.9892578125 0.7353515625 0.98046875 0.7373046875 0.966796875 0.7373046875 0.966796875 0.7265625
0 0.306640625 0.794921875 0.3115234375 0.796875 0.3115234375 0.806640625 0.30859375 0.8095703125 0.2998046875 0.810546875 0.283203125 0.810546875 0.283203125 0.796875 0.3056640625 0.7958984375
0 0.5126953125 0.9091796875 0.537109375 0.908203125 0.5400390625 0.9130859375 0.5400390625 0.9189453125 0.537109375 0.9228515625 0.5126953125 0.9228515625 0.5126953125 0.91015625
0 0.4248046875 0.556640625 0.42578125 0.568359375 0.423828125 0.5703125 0.3974609375 0.5693359375 0.3984375 0.5576171875 0.423828125 0.556640625
0 0.5009765625 0.5576171875 0.5078125 0.560546875 0.5068359375 0.5712890625 0.48046875 0.5712890625 0.48046875 0.55859375 0.5 0.5576171875
0 0.0224609375 0.7998046875 0.0244140625 0.802734375 0.0244140625 0.8134765625 0.0205078125 0.8154296875 0 0.8154296875 0 0.80078125 0.021484375 0.7998046875
0 0.828125 0.900390625 0.830078125 0.90234375 0.830078125 0.912109375 0.8193359375 0.9150390625 0.806640625 0.9140625 0.8046875 0.9111328125 0.8056640625 0.90234375 0.8271484375 0.900390625
0 0.7021484375 0.564453125 0.705078125 0.578125 0.703125 0.58984375 0.6640625 0.5888671875 0.66015625 0.587890625 0.658203125 0.5830078125 0.6591796875 0.5625 0.697265625 0.5625 0.701171875 0.564453125
0 0.4091796875 0.9130859375 0.41015625 0.92578125 0.392578125 0.927734375 0.3828125 0.927734375 0.3828125 0.9140625 0.408203125 0.9130859375
0 0.2265625 0.7255859375 0.2275390625 0.7373046875 0.224609375 0.7392578125 0.1982421875 0.73828125 0.197265625 0.728515625 0.19921875 0.7255859375 0.2255859375 0.7255859375
0 0.126953125 0.798828125 0.150390625 0.7998046875 0.150390625 0.8115234375 0.1474609375 0.8134765625 0.123046875 0.8134765625 0.1201171875 0.8037109375 0.1220703125 0.7998046875 0.1259765625 0.7998046875
0 0.0341796875 0.927734375 0.03515625 0.935546875 0.033203125 0.94140625 0.0078125 0.9443359375 0.0029296875 0.943359375 0.00390625 0.9287109375 0.033203125 0.927734375
0 0.9990234375 0.892578125 0.9990234375 0.908203125 0.9892578125 0.9072265625 0.990234375 0.89453125 0.998046875 0.892578125
0 0.833984375 0.736328125 0.8330078125 0.7294921875 0.8349609375 0.724609375 0.857421875 0.724609375 0.8583984375 0.7265625 0.857421875 0.736328125 0.8349609375 0.736328125
0 0.5048828125 0.35546875 0.5107421875 0.3603515625 0.5146484375 0.373046875 0.513671875 0.37890625 0.5068359375 0.3818359375 0.470703125 0.3818359375 0.4658203125 0.376953125 0.46484375 0.359375 0.48046875 0.3564453125 0.50390625 0.3564453125
0 0.818359375 0.80078125 0.818359375 0.791015625 0.8212890625 0.7890625 0.841796875 0.7890625 0.8427734375 0.80078125 0.8193359375 0.80078125
0 0.69921875 0.7900390625 0.69921875 0.802734375 0.6904296875 0.8037109375 0.67578125 0.802734375 0.6748046875 0.79296875 0.6767578125 0.791015625 0.6982421875 0.7900390625
0 0.6318359375 0.91357421875 0.0283203125 0.01513671875
0 0.5302734375 0.7216796875 0.5341796875 0.7236328125 0.5341796875 0.732421875 0.5302734375 0.7353515625 0.5078125 0.7353515625 0.5078125 0.72265625 0.529296875 0.72265625
0 0.474609375 0.7919921875 0.4755859375 0.8037109375 0.4736328125 0.8056640625 0.44921875 0.8046875 0.4501953125 0.79296875 0.4736328125 0.7919921875
0 0.5400390625 0.7919921875 0.5400390625 0.802734375 0.5380859375 0.8046875 0.513671875 0.8046875 0.5126953125 0.794921875 0.517578125 0.791015625 0.5390625 0.7919921875
0 0.615234375 0.72265625 0.6171875 0.724609375 0.6162109375 0.736328125 0.5908203125 0.7353515625 0.5908203125 0.724609375 0.5927734375 0.72265625 0.6142578125 0.72265625
0 0.587890625 0.3642578125 0.6279296875 0.365234375 0.6328125 0.3681640625 0.63671875 0.3798828125 0.634765625 0.3857421875 0.6279296875 0.3876953125 0.59375 0.3876953125 0.5859375 0.376953125 0.5859375 0.3681640625 0.587890625 0.365234375
0 0.716796875 0.724609375 0.7412109375 0.724609375 0.7412109375 0.7353515625 0.7392578125 0.736328125 0.716796875 0.736328125 0.716796875 0.7255859375
0 0.1259765625 0.9228515625 0.15625 0.9228515625 0.1552734375 0.935546875 0.1416015625 0.9375 0.1259765625 0.9375 0.1240234375 0.9296875 0.1259765625 0.923828125
0 0.73828125 0.3720703125 0.7451171875 0.3779296875 0.748046875 0.3876953125 0.748046875 0.3935546875 0.74609375 0.39453125 0.7138671875 0.3935546875 0.7060546875 0.3916015625 0.701171875 0.3876953125 0.69921875 0.37109375 0.703125 0.3681640625 0.7373046875 0.3720703125
0 0.2568359375 0.91796875 0.2587890625 0.919921875 0.2587890625 0.931640625 0.24609375 0.93359375 0.23046875 0.93359375 0.23046875 0.9189453125 0.255859375 0.91796875