1 0.0262106708984375 0.2728514892578125 0.030613724609375 0.269449640625 0.0309115771484375 0.2663348564453125 0.026165935546875 0.23534039453125 0.0167946708984375 0.2340619736328125 0.0096105673828125 0.2345643359375 0.0056130146484375 0.236390849609375 0.007631431640625 0.26525555078125 0.0102222763671875 0.2728092734375 0.0118962880859375 0.2746259365234375 0.0169201416015625 0.27272765625 0.0262106708984375 0.2728514892578125
1 0.027138412109375 0.2344989033203125 0.0264619697265625 0.2395738837890625 0.031640025390625 0.269377875 0.0369330009765625 0.271328220703125 0.05238133203125 0.2710214580078125 0.0538418642578125 0.262410947265625 0.0482313955078125 0.233797427734375 0.0357812294921875 0.2327343046875 0.027138412109375 0.2344989033203125
1 0.0570535087890625 0.271468236328125 0.0739605546875 0.269899236328125 0.0783636083984375 0.266497388671875 0.0697837060546875 0.2322903427734375 0.0547408759765625 0.2310217734375 0.0492038720703125 0.2329559365234375 0.0548394345703125 0.2693025927734375 0.0570535087890625 0.271468236328125
1 0.07097693359375 0.212482931640625 0.0690319814453125 0.2141659150390625 0.0704332353515625 0.2268305 0.076128076171875 0.2419020595703125 0.10013848828125 0.2386761103515625 0.1020834404296875 0.2369931279296875 0.101572107421875 0.229680736328125 0.0965537080078125 0.2095341962890625 0.07097693359375 0.212482931640625
1 0.10259658984375 0.236957244140625 0.1094290166015625 0.2387999423828125 0.131359916015625 0.235332662109375 0.127369634765625 0.2077660810546875 0.0990925478515625 0.20896991796875 0.10259658984375 0.236957244140625
1 0.132332392578125 0.2344911708984375 0.137598455078125 0.236056654296875 0.1569905146484375 0.233153650390625 0.1586663447265625 0.2276220419921875 0.1576185859375 0.2052641240234375 0.129368412109375 0.20685282421875 0.12888035546875 0.21462184375 0.132332392578125 0.2344911708984375
1 0.1864895595703125 0.2051789912109375 0.1847617236328125 0.2025926015625 0.167260791015625 0.203042896484375 0.159158037109375 0.205156474609375 0.15856233203125 0.21138604296875 0.158287755859375 0.22958223828125 0.160555654296875 0.2325176083984375 0.173438234375 0.2323902587890625 0.1851868662109375 0.2307952255859375 0.1881581181640625 0.2290404775390625 0.1864895595703125 0.2051789912109375
1 0.193424181640625 0.2306059609375 0.218541630859375 0.228462833984375 0.2207880703125 0.2089685185546875 0.2187372890625 0.2017637763671875 0.2124449248046875 0.2002700595703125 0.187840625 0.2023773037109375 0.18972448046875 0.2293176904296875 0.193424181640625 0.2306059609375
1 0.108910412109375 0.260880646484375 0.101406998046875 0.2420681083984375 0.0935482724609375 0.2402971767578125 0.0761011640625 0.241517197265625 0.0742907734375 0.2451244931640625 0.077014361328125 0.2619508017578125 0.0742584072265625 0.2667844521484375 0.084790533203125 0.269915419921875 0.1012113408203125 0.2687671650390625 0.1062082822265625 0.266484021484375 0.108910412109375 0.260880646484375
1 0.1344046328125 0.2641255966796875 0.1388615107421875 0.2614934736328125 0.1430205380859375 0.2619761357421875 0.1372413232421875 0.2604465341796875 0.1354865751953125 0.2574752822265625 0.1310620634765625 0.2384474462890625 0.106403939453125 0.2397849658203125 0.1033788623046875 0.2407699892578125 0.1020277978515625 0.2435716767578125 0.107100021484375 0.2644879423828125 0.10928718359375 0.2662687236328125 0.123736126953125 0.26641858984375 0.1344046328125 0.2641255966796875
1 0.1316290380859375 0.2391812880859375 0.1348101337890625 0.2625502626953125 0.1468817119140625 0.2655735810546875 0.16114226953125 0.2630294072265625 0.1626009833984375 0.2617671708984375 0.1592315009765625 0.2357041572265625 0.15607186328125 0.2347648671875 0.1345733779296875 0.237041677734375 0.1316290380859375 0.2391812880859375
1 0.18005536328125 0.2311540556640625 0.1646877685546875 0.23261540625 0.1597177392578125 0.2352834130859375 0.1631410458984375 0.2621161513671875 0.1786162890625 0.26219425 0.1923906083984375 0.260070822265625 0.194335560546875 0.25838783984375 0.193770404296875 0.25030572265625 0.1888865654296875 0.2320834951171875 0.18005536328125 0.2311540556640625
1 0.1909929912109375 0.232709689453125 0.1962805126953125 0.256704857421875 0.20932456640625 0.2588866845703125 0.223179623046875 0.2579178447265625 0.224720890625 0.250461921875 0.22072879296875 0.2302436142578125 0.21856854296875 0.2288476953125 0.19339726953125 0.2302210986328125 0.1909929912109375 0.232709689453125
1 0.2418559609375 0.20053390625 0.2588437431640625 0.2001194931640625 0.2628682080078125 0.198677841796875 0.264246185546875 0.196261017578125 0.2613611240234375 0.1771255322265625 0.235190462890625 0.1789555634765625 0.2371030478515625 0.1989325390625 0.2418559609375 0.20053390625
1 0.26589328515625 0.1976928193359375 0.2756700517578125 0.19739590625 0.28976913671875 0.1925425556640625 0.2900975361328125 0.1751160869140625 0.26290057421875 0.1770178828125 0.26589328515625 0.1976928193359375
1 0.25546153515625 0.2254943974609375 0.2593783505859375 0.222513294921875 0.25454651953125 0.21240906640625 0.2574119404296875 0.20176659375 0.2377507587890625 0.2008209697265625 0.2264883662109375 0.2019952578125 0.2235709375 0.2045197314453125 0.2237036806640625 0.2137923193359375 0.2397997236328125 0.215373986328125 0.247143482421875 0.22452907421875 0.250330033203125 0.2258532275390625 0.25546153515625 0.2254943974609375
1 0.284440158203125 0.2269487158203125 0.2770945810546875 0.2251419013671875 0.252544107421875 0.22801887109375 0.2517331044921875 0.2311695380859375 0.2565380244140625 0.240888904296875 0.2576701552734375 0.24970486328125 0.2610450908203125 0.2537230546875 0.2872426650390625 0.2522778857421875 0.2883784326171875 0.246397296875 0.284440158203125 0.2269487158203125
1 0.25805965234375 0.2036550244140625 0.25943217578125 0.2232830205078125 0.2641850888671875 0.2248843876953125 0.2838193583984375 0.2254451474609375 0.284551443359375 0.213791619140625 0.279909814453125 0.1990331552734375 0.268566685546875 0.19905285546875 0.2599776923828125 0.2015871787109375 0.25805965234375 0.2036550244140625
1 0.31053735546875 0.194571001953125 0.2918755615234375 0.19316875 0.2813416162109375 0.1973860556640625 0.2837673525390625 0.2173271484375 0.2875728837890625 0.2275031435546875 0.2947838994140625 0.2273856455078125 0.300618755859375 0.222336697265625 0.31193497265625 0.221932134765625 0.313826099609375 0.2194794267578125 0.31053735546875 0.194571001953125
1 0.311158154296875 0.1960745693359375 0.3142316015625 0.2179040927734375 0.318146599609375 0.2222712646484375 0.3216310029296875 0.2204806328125 0.341563125 0.217926609375 0.3419435322265625 0.208618138671875 0.3387337060546875 0.192212576171875 0.3216651875 0.191472400390625 0.311158154296875 0.1960745693359375
1 0.30636378515625 0.2528745302734375 0.319544216796875 0.2496323974609375 0.3165515068359375 0.2289574609375 0.311961884765625 0.2223169970703125 0.2976205908203125 0.2237065830078125 0.287086646484375 0.2279238896484375 0.289268353515625 0.2517494921875 0.30636378515625 0.2528745302734375
1 0.31709338671875 0.2219581669921875 0.32102984375 0.2487550224609375 0.3303741962890625 0.249648580078125 0.347794392578125 0.2480436962890625 0.350144845703125 0.244785380859375 0.3463698623046875 0.220297701171875 0.342616337890625 0.21823970703125 0.318038951171875 0.2207318134765625 0.31709338671875 0.2219581669921875
1 0.348801052734375 0.21819397265625 0.3764035166015625 0.2147168427734375 0.373060947265625 0.189038693359375 0.368794271484375 0.187016580078125 0.3472419619140625 0.1885236640625 0.341812607421875 0.1919972783203125 0.3455875908203125 0.2164849580078125 0.348801052734375 0.21819397265625
1 0.3893130087890625 0.214974357421875 0.4082188310546875 0.2124920986328125 0.4053086748046875 0.1856234775390625 0.4026352744140625 0.1842634423828125 0.380083576171875 0.1862271552734375 0.375707435546875 0.1900138662109375 0.38050871875 0.2144297783203125 0.3893130087890625 0.214974357421875
1 0.3647552626953125 0.247244421875 0.3810953330078125 0.2449415791015625 0.378185177734375 0.2180729580078125 0.3739454140625 0.2164357080078125 0.3667343984375 0.2165532080078125 0.348854876953125 0.21896369921875 0.351224970703125 0.24548333984375 0.3647552626953125 0.247244421875
1 0.3821558173828125 0.2158615810546875 0.3806971044921875 0.217123818359375 0.382527134765625 0.2432944794921875 0.3852274462890625 0.24503937890625 0.4113442841796875 0.2424396220703125 0.413775474609375 0.24033589453125 0.4099197548828125 0.214693626953125 0.40519375390625 0.213477123046875 0.3821558173828125 0.2158615810546875
1 0.4147624951171875 0.1807082119140625 0.4409869814453125 0.1796479072265625 0.4396144580078125 0.1600199111328125 0.415010158203125 0.1621271552734375 0.4136860068359375 0.165313705078125 0.4147624951171875 0.1807082119140625
1 0.441532498046875 0.1579520654296875 0.4415557734375 0.173033474609375 0.444632857421875 0.180166451171875 0.468724005859375 0.17809508984375 0.472208408203125 0.176304458984375 0.4709704462890625 0.158600775390625 0.468621810546875 0.1545108173828125 0.4536866298828125 0.1547816982421875 0.441532498046875 0.1579520654296875
1 0.416382681640625 0.18175515234375 0.409333140625 0.184181826171875 0.4084952255859375 0.186947630859375 0.411837794921875 0.21262578125 0.4145111953125 0.2139858173828125 0.4395479072265625 0.2106881015625 0.4407644111328125 0.2059621005859375 0.43809646484375 0.1825572431640625 0.4286982880859375 0.1808939609375 0.416382681640625 0.18175515234375
1 0.4528701728515625 0.1799771865234375 0.444740505859375 0.18170590234375 0.44133683984375 0.18465112109375 0.4425748017578125 0.2023548046875 0.4451925595703125 0.210293388671875 0.470769333984375 0.2073446533203125 0.47293140234375 0.2013922978515625 0.468912390625 0.18078912890625 0.465725841796875 0.1794649755859375 0.4528701728515625 0.1799771865234375
1 0.4272323017578125 0.2115492919921875 0.4155105830078125 0.2135291884765625 0.4120800048828125 0.2160895458984375 0.416448875 0.2416959306640625 0.4242537763671875 0.2426971357421875 0.4441858994140625 0.2401431123046875 0.445563876953125 0.2377262880859375 0.4442971845703125 0.226986015625 0.4401417939453125 0.211806806640625 0.4272323017578125 0.2115492919921875
1 0.453429875 0.2101041240234375 0.4468396591796875 0.2117251904296875 0.44440846875 0.2138289189453125 0.4460501142578125 0.2373055419921875 0.4477510390625 0.2395070693359375 0.45963423046875 0.239836349609375 0.4728146630859375 0.2365942158203125 0.4740849912109375 0.2326379404296875 0.4709038955078125 0.209268966796875 0.453429875 0.2101041240234375
1 0.4719643798828125 0.1801889677734375 0.4748207119140625 0.2062878642578125 0.4774672001953125 0.207263037109375 0.5010182861328125 0.2048426953125 0.5029094140625 0.20238998828125 0.500026169921875 0.1759062294921875 0.4963264697265625 0.1746179599609375 0.474854896484375 0.1772796318359375 0.4719643798828125 0.1801889677734375
1 0.52986234765625 0.2043727001953125 0.5328336005859375 0.2026179521484375 0.530761359375 0.1729835263671875 0.5029705107421875 0.1737666181640625 0.49762007421875 0.18574309375 0.4972953095703125 0.188473015625 0.5006164208984375 0.1917214814453125 0.50231552734375 0.201271283203125 0.5051773125 0.205325357421875 0.51846539453125 0.2036226748046875 0.52986234765625 0.2043727001953125
1 0.4730910576171875 0.211049748046875 0.47543423828125 0.23718452734375 0.4827259912109375 0.2382216162109375 0.50265811328125 0.2356675927734375 0.5040899150390625 0.2340204931640625 0.50072043359375 0.2079574794921875 0.4959675205078125 0.20635611328125 0.4759277490234375 0.2073706865234375 0.4730910576171875 0.211049748046875
1 0.5013143203125 0.2090761845703125 0.503063615234375 0.2340922587890625 0.5067633154296876 0.235380529296875 0.5319345888671875 0.2340071259765625 0.534123568359375 0.2284396337890625 0.530996296875 0.2058403857421875 0.5159265546875 0.2041869521484375 0.5051773125 0.205325357421875 0.5013143203125 0.2090761845703125
1 0.5621369873046875 0.2013423486328125 0.535912501953125 0.202402654296875 0.529403021484375 0.2051783095703125 0.5274849814453125 0.207246154296875 0.530235482421875 0.2244573251953125 0.532989619140625 0.22697194921875 0.531746203125 0.231313087890625 0.535499728515625 0.233371083984375 0.5632367529296874 0.231818265625 0.56923308203125 0.229078494140625 0.5912716298828125 0.2271506640625 0.5901107685546875 0.2252981162109375 0.576255712890625 0.2262669560546875 0.5737706982421875 0.2276009599609375 0.5661829111328125 0.222330380859375 0.565106421875 0.2069358740234375 0.5679969384765625 0.2040265380859375 0.564377974609375 0.20389285546875 0.5621369873046875 0.2013423486328125
1 0.58977363671875 0.1688569853515625 0.562036611328125 0.170409802734375 0.5606855458984376 0.1732114912109375 0.5636226142578125 0.200464974609375 0.591845876953125 0.1984914111328125 0.5932238544921875 0.1960745869140625 0.58977363671875 0.1688569853515625
1 0.5688006689453124 0.23026896484375 0.5939719423828125 0.2288955634765625 0.597754197265625 0.2239901474609375 0.5924397646484375 0.1996101162109375 0.5703204794921874 0.2003833583984375 0.5643241494140625 0.2031231298828125 0.5661541806640625 0.2292937919921875 0.5688006689453124 0.23026896484375
1 0.5241169599609375 0.2844438359375 0.5278148427734375 0.2930803798828125 0.550528013671875 0.29342584375 0.5750246640625 0.2897791484375 0.584828341796875 0.2898670966796875 0.58979837109375 0.287199091796875 0.5910417880859375 0.282857953125 0.58894081640625 0.2601869384765625 0.587322447265625 0.2517917255859375 0.585162197265625 0.250395806640625 0.5583976494140624 0.2511071328125 0.5327939619140625 0.253671005859375 0.5226655185546875 0.256312978515625 0.525360376953125 0.2801026982421875 0.5241169599609375 0.2844438359375
1 0.5020049482421876 0.2558239833984375 0.48877069140625 0.258296390625 0.4753211357421875 0.257689896484375 0.461060578125 0.2602340703125 0.4581700615234375 0.2631434072265625 0.4621047001953125 0.2972885361328125 0.5201983251953125 0.294773212890625 0.5251414423828125 0.2917203447265625 0.5234136064453125 0.2891339541015625 0.5195058798828125 0.2553736884765625 0.5020049482421876 0.2558239833984375
1 0.4544165380859375 0.261085412109375 0.43740184375 0.2611149619140625 0.4338905283203125 0.26252073046875 0.43706798828125 0.300586251953125 0.456594609375 0.2996075625 0.4587854072265625 0.286691796875 0.4544165380859375 0.261085412109375
1 0.4333773779296875 0.26255661328125 0.4240061123046875 0.261278193359375 0.4127706318359375 0.26283734375 0.41131191796875 0.2640995810546875 0.4155156787109375 0.3020933359375 0.4360416875 0.300658017578125 0.4333773779296875 0.26255661328125
1 0.3961236181640625 0.30499633984375 0.4145162900390625 0.30254996484375 0.410798767578125 0.2641354638671875 0.408638517578125 0.262739544921875 0.3953235244140625 0.2640573642578125 0.387355330078125 0.268095255859375 0.392937068359375 0.3036721865234375 0.3961236181640625 0.30499633984375
1 0.3655608115234375 0.266138576171875 0.370331544921875 0.304866173828125 0.375597609375 0.306431658203125 0.390938291015625 0.3045854443359375 0.3921278837890625 0.299474580078125 0.386707619140625 0.2662068251953125 0.38452045703125 0.2644260439453125 0.366506375 0.26491222265625 0.3655608115234375 0.266138576171875
1 0.3668471435546875 0.3066568056640625 0.3696838349609375 0.302977744140625 0.3641020966796875 0.2674008125 0.3568103447265625 0.2663637236328125 0.348140615234375 0.2677434599609375 0.34462930078125 0.269149228515625 0.3428727333984375 0.27352625 0.343032388671875 0.28318369921875 0.3457308828125 0.29227687109375 0.3452140966796875 0.3070093017578125 0.3484006474609375 0.308333455078125 0.3668471435546875 0.3066568056640625
1 0.342549787109375 0.2689078974609375 0.3265883056640625 0.2692505439453125 0.3181069609375 0.273324318359375 0.3171344853515625 0.2741658095703125 0.3210584453125 0.2786611396484375 0.3257143876953125 0.3083728544921875 0.3304942138671875 0.310359083984375 0.343296056640625 0.3090771474609375 0.3472666982421875 0.30686576953125 0.342549787109375 0.2689078974609375
1 0.316459861328125 0.271892515625 0.3010653544921875 0.2729690048828125 0.29912040234375 0.2746519873046875 0.30421590234375 0.3106496640625 0.307429365234375 0.3123586796875 0.324309498046875 0.31040481640625 0.3256067392578125 0.3068334033203125 0.3199424462890625 0.277450158203125 0.3212127744140625 0.2734938828125 0.316459861328125 0.271892515625
1 0.27702803125 0.275810091796875 0.2831767431640625 0.3121208662109375 0.2864171171875 0.314214744140625 0.3017847119140625 0.3127533916015625 0.304135166015625 0.3094950751953125 0.29804027734375 0.2739540283203125 0.2953399658203125 0.2722091298828125 0.2819442353515625 0.272372361328125 0.27702803125 0.275810091796875
1 0.2755693173828125 0.2770723291015625 0.2733552421875 0.2749066845703125 0.265091013671875 0.2747110869140625 0.2595001865234375 0.2758755244140625 0.2556371943359375 0.2796263525390625 0.2569289814453125 0.2980997607421875 0.2606250458984375 0.314084578125 0.263325357421875 0.3158294765625 0.2807724658203125 0.3146094560546875 0.28252903125 0.310232435546875 0.2755693173828125 0.2770723291015625
1 0.2488011318359375 0.2924802021484375 0.2364317021484375 0.2925716689453125 0.234567486328125 0.2954092392578125 0.238154083984375 0.31720287890625 0.25868009375 0.315767560546875 0.2600849833984375 0.3137355986328125 0.257928369140625 0.2976431318359375 0.25309835546875 0.2801906298828125 0.2512054091796875 0.2899916123046875 0.2488011318359375 0.2924802021484375
1 0.236724099609375 0.311501705078125 0.231384572265625 0.2793885380859375 0.22865734765625 0.27725877734375 0.215774767578125 0.277386125 0.2117503017578125 0.27882777734375 0.2078334853515625 0.2818088798828125 0.21082983203125 0.287787267578125 0.214360787109375 0.31615945703125 0.219707587890625 0.3188795283203125 0.2351290068359375 0.31818790234375 0.236724099609375 0.311501705078125
1 0.15027810546875 0.29202145703125 0.1515429794921875 0.310110001953125 0.1542971171875 0.312624626953125 0.1530806123046875 0.317350626953125 0.15588857421875 0.3206349765625 0.170391341796875 0.3215545673828125 0.186731412109375 0.319251724609375 0.2001540546875 0.3194733564453125 0.2139014619140625 0.3169650654296875 0.21037232421875 0.2812446025390625 0.205025525390625 0.2785245302734375 0.1926830068359375 0.2790008583984375 0.17950257421875 0.2822429921875 0.16610684375 0.2824062236328125 0.157598587890625 0.286095134765625 0.15241326171875 0.2856842392578125 0.15027810546875 0.29202145703125
1 0.0826248291015625 0.290564322265625 0.0841857373046875 0.312886357421875 0.08863898046875 0.32495078125 0.0924732421875 0.328163365234375 0.1171044541015625 0.3264409833984375 0.1241270830078125 0.3236294453125 0.13490323828125 0.3228759033203125 0.1463540166015625 0.324395654296875 0.1502977451171875 0.3217994140625 0.1475490625 0.2972399697265625 0.144149033203125 0.2854886416015625 0.140476244140625 0.284585234375 0.13078021484375 0.2860367353515625 0.1283221123046875 0.2877556005859375 0.11179365625 0.287364404296875 0.0866492939453125 0.289122669921875 0.0826248291015625 0.290564322265625
1 0.0310566884765625 0.33477849609375 0.0569851396484375 0.3294847021484375 0.074593720703125 0.3305738564453125 0.0842628388671875 0.3287374931640625 0.0860732294921875 0.3251301962890625 0.07927498828125 0.2942792666015625 0.07646702734375 0.29099491796875 0.06150493359375 0.2908809345703125 0.0159960361328125 0.2963836953125 0.01526576953125 0.3006889501953125 0.019959404296875 0.323565412109375 0.0248181484375 0.33405450390625 0.0310566884765625 0.33477849609375
1 0.0333747744140625 0.353180138671875 0.0338861064453125 0.360492529296875 0.0375821708984375 0.3764773466796875 0.041468439453125 0.3878079296875 0.0452757890625 0.390635650390625 0.056105767578125 0.390651833984375 0.070258677734375 0.386568208984375 0.0965908125 0.3870473544921875 0.10266787890625 0.3854621708984375 0.102266013671875 0.37234095703125 0.094385828125 0.348140341796875 0.0741576708984375 0.3464608759765625 0.065947267578125 0.3470350029296875 0.0529013955078125 0.35220144921875 0.03483348828125 0.35191790234375 0.0333747744140625 0.353180138671875
1 0.14197423828125 0.3428789130859375 0.1045950078125 0.34665295703125 0.101623755859375 0.348407705078125 0.1068287216796875 0.37859655859375 0.110851369140625 0.3845031806640625 0.149364548828125 0.3821968212890625 0.169323583984375 0.38002766015625 0.1712685361328125 0.3783446787109375 0.164228083984375 0.344029984375 0.14197423828125 0.3428789130859375
1 0.180072826171875 0.378889255859375 0.1913083076171875 0.3773301044921875 0.196791486328125 0.374626216796875 0.228579888671875 0.3720166103515625 0.2268036826171875 0.346615673828125 0.2247528994140625 0.339410931640625 0.2219718505859375 0.3365114453125 0.177273955078125 0.3388635380859375 0.16973817578125 0.3417109580078125 0.1678201357421875 0.3437788037109375 0.1683314677734375 0.3510911943359375 0.1743474375 0.378129380859375 0.180072826171875 0.378889255859375
1 0.24676453515625 0.3370982392578125 0.2399590205078125 0.335640404296875 0.2272379140625 0.3380769287109375 0.231280201171875 0.3737615087890625 0.2411915283203125 0.375388908203125 0.2524539208984375 0.37421462109375 0.24676453515625 0.3370982392578125
1 0.2472776845703125 0.3370623564453125 0.2513199716796875 0.3727469365234375 0.2550734970703125 0.374804931640625 0.2709273291015625 0.372922833984375 0.27389858203125 0.3711680869140625 0.26939696875 0.3362891142578125 0.266129681640625 0.333810373046875 0.2507351748046875 0.3348868623046875 0.2472776845703125 0.3370623564453125
1 0.276571982421875 0.37252812109375 0.2940729150390625 0.3720778271484375 0.2964771923828125 0.369589236328125 0.2919217548828125 0.3339405390625 0.2881682294921875 0.33188254296875 0.2703694453125 0.335447623046875 0.274411732421875 0.371132203125 0.276571982421875 0.37252812109375
1 0.31560740234375 0.3334445107421875 0.3092612138671875 0.3311810673828125 0.2924079931640625 0.33351979296875 0.2964771923828125 0.369589236328125 0.2996637431640625 0.370913388671875 0.32059525390625 0.3679027373046875 0.31560740234375 0.3334445107421875
1 0.3858460693359375 0.364500189453125 0.402213052734375 0.362582208984375 0.403321908203125 0.3563167578125 0.3995756552734375 0.3248656669921875 0.3846404736328125 0.325136546875 0.3796704443359375 0.327804552734375 0.382686431640625 0.3635608994140625 0.3858460693359375 0.364500189453125
1 0.4185622138671875 0.3235379970703125 0.4047071572265625 0.3245068369140625 0.402222142578125 0.32584083984375 0.4052650419921875 0.361982048828125 0.42579105078125 0.36054673046875 0.422828888671875 0.325560109375 0.4185622138671875 0.3235379970703125
1 0.4284375380859375 0.3615219033203125 0.4463439716796875 0.3594962744140625 0.4433818095703125 0.324509654296875 0.4359285849609375 0.321163388671875 0.425179341796875 0.32230179296875 0.42328821484375 0.324754501953125 0.42579105078125 0.36054673046875 0.4284375380859375 0.3615219033203125
1 0.4472448017578125 0.320758826171875 0.44286866015625 0.324545537109375 0.4474815576171875 0.346267412109375 0.4473433603515625 0.359039646484375 0.4673831318359375 0.358025072265625 0.4691666103515625 0.3540329140625 0.4657720341796875 0.3202367646484375 0.462585484375 0.3189126123046875 0.4472448017578125 0.320758826171875
1 0.5027904970703125 0.3555491484375 0.514458392578125 0.35279952734375 0.5299067236328125 0.352492763671875 0.5328779765625 0.350738015625 0.5312094189453125 0.326876529296875 0.5283225390625 0.315089318359375 0.510929255859375 0.317079064453125 0.4954001875 0.3162312392578125 0.4842185302734375 0.318560115234375 0.4707689755859375 0.3179536220703125 0.4677977236328125 0.3197083701171875 0.4702467353515625 0.354730873046875 0.4730008720703125 0.357245498046875 0.5027904970703125 0.3555491484375
1 0.5972663623046875 0.3086981142578125 0.5436444638671875 0.31297485546875 0.533542931640625 0.3160016904296875 0.5320842177734375 0.317263927734375 0.534210283203125 0.347668078125 0.537072068359375 0.3517221533203125 0.5622971669921875 0.3511184755859375 0.5985424482421875 0.3458767470703125 0.598423103515625 0.32524028125 0.5972663623046875 0.3086981142578125
1 0.0601927890625 0.4638475078125 0.077072921875 0.46189364453125 0.0810704755859375 0.4600671298828125 0.076217185546875 0.4275332177734375 0.07287098046875 0.416551615234375 0.0622042919921875 0.411496333984375 0.0565058154296875 0.4111213212890625 0.0529945009765625 0.4125270888671875 0.046214080078125 0.418802390625 0.0456722001953125 0.4258016845703125 0.0505003955078125 0.4506024619140625 0.0574637470703125 0.46906601953125 0.0601927890625 0.4638475078125
1 0.0899413173828125 0.4099435166015625 0.0837835146484375 0.410374111328125 0.0749235810546875 0.4164080830078125 0.0742471396484375 0.4214830634765625 0.0816643623046875 0.4611858349609375 0.1078619365234375 0.4597406669921875 0.1092399140625 0.457323841796875 0.1083248984375 0.4442385107421875 0.1010942431640625 0.414578052734375 0.0899413173828125 0.4099435166015625
1 0.1026336943359375 0.4144704033203125 0.1108601015625 0.4583707802734375 0.11866500390625 0.4593719873046875 0.1365714375 0.4573463583984375 0.1370882236328125 0.442613927734375 0.13042454296875 0.4136873115234375 0.115571916015625 0.407764505859375 0.1079823125 0.409842201171875 0.1026336943359375 0.4144704033203125
1 0.1318294326171875 0.4116553486328125 0.1390295400390625 0.4556274931640625 0.142189177734375 0.456566783203125 0.165740263671875 0.4541464423828125 0.1676313916015625 0.4516937333984375 0.1596202822265625 0.4108722568359375 0.14684716796875 0.405190783203125 0.1401762158203125 0.40565726171875 0.1318294326171875 0.4116553486328125
1 0.19466869921875 0.4401344873046875 0.1893560830078125 0.40840618359375 0.17504351953125 0.402832357421875 0.1699658408203125 0.4039609130859375 0.161052083984375 0.4092251572265625 0.1676313916015625 0.4516937333984375 0.170331703125 0.4534386328125 0.1780827822265625 0.45367011328125 0.1923971640625 0.4518956650390625 0.194774529296875 0.4490222119140625 0.19466869921875 0.4401344873046875
1 0.198097458984375 0.444922404296875 0.19847423046875 0.4503104814453125 0.219567212890625 0.4496090048828125 0.226130517578125 0.447603076171875 0.2259188564453125 0.4298276279296875 0.2195512099609375 0.4051345 0.213205021484375 0.402871056640625 0.199215404296875 0.401915583984375 0.190274734375 0.406794966796875 0.1888429326171875 0.40844206640625 0.1946705166015625 0.432786212890625 0.1946417861328125 0.4397496240234375 0.198097458984375 0.444922404296875
1 0.2815507431640625 0.443727716796875 0.2748637861328125 0.399719689453125 0.2631977099609375 0.395121037109375 0.2575799697265625 0.3959006123046875 0.2492062744140625 0.4015138369140625 0.2473151474609375 0.4039665458984375 0.2482570751953125 0.4174367392578125 0.253840630859375 0.445665396484375 0.260132994140625 0.4471591142578125 0.27860640234375 0.445867328125 0.2815507431640625 0.443727716796875
1 0.308537861328125 0.416702197265625 0.3047341484375 0.3991779287109375 0.291934123046875 0.393111591796875 0.2863163828125 0.3938911669921875 0.276943298828125 0.3999610205078125 0.278342734375 0.4199738798828125 0.28360334375 0.4435841845703125 0.29140824609375 0.444585390625 0.308801529296875 0.4425956455078125 0.3102871552734375 0.4417182705078125 0.308537861328125 0.416702197265625
1 0.3063005107421875 0.399455142578125 0.3123397568359375 0.4415747392578125 0.323223560546875 0.4423606474609375 0.3385373310546875 0.4401295703125 0.3373011875 0.4150776142578125 0.33328217578125 0.3944744443359375 0.3232093740234375 0.390537869140625 0.316025271484375 0.39104023046875 0.3063005107421875 0.399455142578125
1 0.3626393876953125 0.39396856640625 0.35456536328125 0.3891187333984375 0.347273611328125 0.3880816435546875 0.3432491455078125 0.3895232958984375 0.334983099609375 0.3966759716796875 0.3400498701171875 0.43963705859375 0.34993428515625 0.4408795966796875 0.365274966796875 0.4390333818359375 0.3682193076171875 0.436893771484375 0.366577662109375 0.4134171474609375 0.3626393876953125 0.39396856640625
1 0.37447057421875 0.3861798466796875 0.37060758203125 0.38993067578125 0.364071189453125 0.392321466796875 0.3692994326171875 0.43759173046875 0.3719728330078125 0.4389517666015625 0.393525142578125 0.437444681640625 0.396901896484375 0.434114599609375 0.3919427763671875 0.392692962890625 0.3790889248046875 0.385856900390625 0.37447057421875 0.3861798466796875
1 0.393347666015625 0.3906610009765625 0.3980089326171875 0.4351974228515625 0.4063538984375 0.4365476083984375 0.4252597197265625 0.4340653505859375 0.4222168212890625 0.397924142578125 0.4195452392578125 0.3892158330078125 0.4130644892578125 0.385028076171875 0.4062589755859375 0.383570240234375 0.393347666015625 0.3906610009765625
1 0.422651052734375 0.3893853974609375 0.4237508173828125 0.419861314453125 0.4267453466796875 0.4331879765625 0.443786953125 0.4335432890625 0.454995521484375 0.4315992763671875 0.4503880771484375 0.387832580078125 0.4402076279296875 0.3823565537109375 0.434455326171875 0.38121181640625 0.422651052734375 0.3893853974609375
1 0.478530603515625 0.3847044296875 0.4682963291015625 0.378458677734375 0.4641373037109375 0.377976015625 0.4537379189453125 0.3841176357421875 0.4509281396484375 0.388181560546875 0.45259487890625 0.4193913193359375 0.4560218212890625 0.431527509765625 0.479140494140625 0.4302976396484375 0.4815716845703125 0.4281939111328125 0.4822750390625 0.4235037939453125 0.478530603515625 0.3847044296875
1 0.5017729296875 0.4294885146484375 0.5149802744140625 0.4266312451171875 0.51608912890625 0.42036579296875 0.513098236328125 0.392342583984375 0.5077532548828125 0.38227423828125 0.500947740234375 0.3808164033203125 0.4932504873046875 0.3813546474609375 0.486281681640625 0.38493591015625 0.48263398828125 0.3917656396484375 0.4815251328125 0.398031091796875 0.485217560546875 0.4287124560546875 0.4899435615234375 0.4299289609375 0.5017729296875 0.4294885146484375
1 0.5492536904296875 0.4226876357421875 0.5466413876953125 0.3927042294921875 0.5390823310546875 0.380470240234375 0.53486948046875 0.379217853515625 0.5245795634765625 0.3795506494140625 0.517530021484375 0.38197732421875 0.5137190361328124 0.3938461513671875 0.513851779296875 0.40311873828125 0.5184108525390625 0.4240708876953125 0.5242708017578125 0.426755076171875 0.54784880078125 0.4247195986328125 0.5492536904296875 0.4226876357421875
1 0.5514408525390625 0.42446841796875 0.57817848828125 0.423372228515625 0.5810151806640625 0.419693166015625 0.5754334423828125 0.384116236328125 0.5709783828125 0.3794000849609375 0.56244503125 0.375355859375 0.5457532841796875 0.38000376171875 0.5485881572265625 0.3836729736328125 0.5457245537109375 0.3869671728515625 0.5473716533203125 0.388398974609375 0.5503069033203125 0.423000732421875 0.5514408525390625 0.42446841796875
1 0.581528330078125 0.419657283203125 0.585254943359375 0.421330416015625 0.5934922587890625 0.42114115234375 0.6072665791015625 0.419017724609375 0.610264744140625 0.417647837890625 0.6081099482421874 0.39420709765625 0.6047906552734374 0.3836103583984375 0.598634669921875 0.3766926796875 0.5938279326171875 0.374321587890625 0.5855906171875 0.3745108525390625 0.57962119921875 0.377635486328125 0.578053017578125 0.3847065458984375 0.579969240234375 0.389986974609375 0.581528330078125 0.419657283203125
1 0.0914785908203125 0.527793111328125 0.0909421650390625 0.5127475830078125 0.083386744140625 0.4858170458984375 0.074340244140625 0.481808705078125 0.0686148544921875 0.481048828125 0.0640503271484375 0.4821415009765625 0.0583500322265625 0.48911476171875 0.0582136533203125 0.49453872265625 0.0683868310546875 0.5294078447265625 0.0716541171875 0.5318865849609375 0.0895605517578125 0.5298609560546875 0.0914785908203125 0.527793111328125
1 0.1143641435546875 0.486358107421875 0.1036167197265625 0.48014823828125 0.09894454296875 0.4797014599609375 0.0928674775390625 0.481286642578125 0.0869787958984375 0.485565865234375 0.086490740234375 0.493334884765625 0.0919666474609375 0.5200240908203125 0.09215321484375 0.5300664033203125 0.1172975751953125 0.528308138671875 0.1211605673828125 0.524557310546875 0.1143641435546875 0.486358107421875
1 0.142399021484375 0.4816905048828125 0.1333256083984375 0.4772973017578125 0.125601443359375 0.4774506826171875 0.1172008349609375 0.4826790458984375 0.1153366201171875 0.4855166162109375 0.1185715400390625 0.5096553154296874 0.1232939052734375 0.5255683671875 0.1331783212890625 0.526810904296875 0.148438267578125 0.5238101025390625 0.147255947265625 0.49952787109375 0.142399021484375 0.4816905048828125
1 0.171108521484375 0.479296197265625 0.168894447265625 0.477130552734375 0.1594424462890625 0.474697544921875 0.1523121669921875 0.4759696318359375 0.1444247099609375 0.481162111328125 0.14649876953125 0.503448263671875 0.1509771064453125 0.5232458251953125 0.1598621328125 0.524944990234375 0.17614837890625 0.5218724228515625 0.1748045859375 0.4952810146484375 0.171108521484375 0.479296197265625
1 0.2057765322265625 0.5178668974609375 0.2043770966796875 0.4978540380859375 0.2003580859375 0.477250869140625 0.193904248046875 0.473447974609375 0.185073044921875 0.4725185341796875 0.181048580078125 0.4739601865234375 0.172782533203125 0.481112861328125 0.173668818359375 0.501161603515625 0.17814715625 0.5209591650390625 0.189084783203125 0.522514798828125 0.20391231640625 0.5207044677734375 0.2057765322265625 0.5178668974609375
1 0.2215874482421875 0.4711254326171875 0.2132693955078125 0.4701601083984375 0.2024375986328125 0.47749219921875 0.20691048046875 0.51933458203125 0.210610181640625 0.5206228525390625 0.2315955166015625 0.5183819248046875 0.234053619140625 0.5166630595703126 0.2323581494140625 0.4924167109375 0.22858134765625 0.4752773056640625 0.2215874482421875 0.4711254326171875
1 0.2466779853515625 0.46859744140625 0.241006419921875 0.4686072919921875 0.23020153515625 0.4763242451171875 0.232004654296875 0.5021100439453124 0.23510683203125 0.51697615625 0.23780714453125 0.5187210556640625 0.2613582294921875 0.516300712890625 0.263303181640625 0.51461773046875 0.2583440615234375 0.4731960947265625 0.2466779853515625 0.46859744140625
1 0.28985243359375 0.51082750390625 0.2855122939453125 0.478257708984375 0.28656732421875 0.47122253125 0.2727409990234375 0.4652279609375 0.259262712890625 0.4715848779296875 0.2578309111328125 0.4732319775390625 0.2584498916015625 0.482083818359375 0.263843244140625 0.5149667109375 0.2716481474609375 0.5159679169921875 0.2870157412109375 0.5145065654296875 0.28985243359375 0.51082750390625
1 0.317108673828125 0.487650611328125 0.3127648974609375 0.4697773623046875 0.30731044921875 0.4655178408203125 0.297885359375 0.4634696953125 0.28602726171875 0.4708735517578125 0.291013294921875 0.51268005078125 0.293713607421875 0.5144249501953125 0.315752154296875 0.5124971201171875 0.3182102568359375 0.51077825390625 0.3180506015625 0.5011208046875 0.317108673828125 0.487650611328125
1 0.3148713232421875 0.470403556640625 0.31974970703125 0.51067060546875 0.3398702158203125 0.5108106201171875 0.3470004951171875 0.5095385341796875 0.3442267177734375 0.477245953125 0.3409074248046875 0.4666492119140625 0.3317263623046875 0.4607165576171875 0.32451534765625 0.4608340556640625 0.3148713232421875 0.470403556640625
1 0.3599227138671875 0.4583581318359375 0.3522523720703125 0.4592812392578125 0.34455330078125 0.4671677568359375 0.3461142099609375 0.4894897919921875 0.350538720703125 0.5085176279296875 0.37365739453125 0.5072877568359375 0.37546778515625 0.5036804619140625 0.373557017578125 0.4763552119140625 0.3708585234375 0.4672620390625 0.3599227138671875 0.4583581318359375
1 0.372155763671875 0.463690626953125 0.3767093837890625 0.5066875966796875 0.3834610732421875 0.50737570703125 0.4008543564453125 0.5053859599609375 0.3994047333984375 0.469906828125 0.3966524140625 0.4600439306640625 0.385093986328125 0.4569847294921875 0.3799624853515625 0.45734355859375 0.372155763671875 0.463690626953125
1 0.412237125 0.45431320703125 0.4076456845703125 0.4550210166015625 0.3993258134765625 0.461403966796875 0.4008849052734375 0.491074275390625 0.4043118466796875 0.5032104658203125 0.409064759765625 0.5048118330078125 0.429563857421875 0.5029916513671875 0.4282218828125 0.469051970703125 0.4254964755859375 0.459573935546875 0.412237125 0.45431320703125
1 0.428817587890625 0.46282240234375 0.4300537314453125 0.487874359375 0.434695359375 0.502632822265625 0.4593265703125 0.5009104404296875 0.4603834189453125 0.4865269892578125 0.4541252392578125 0.4560250390625 0.4425668125 0.452965837890625 0.4315466298828125 0.4576038896484375 0.428817587890625 0.46282240234375
1 0.504916205078125 0.4965622685546875 0.5023039013671875 0.46657886328125 0.4947179326171875 0.45396001171875 0.488425568359375 0.45246629296875 0.4797558388671875 0.4538460283203125 0.4740286318359375 0.4604344267578125 0.472135685546875 0.470235408203125 0.47453269140625 0.4971399130859375 0.476773677734375 0.499690419921875 0.48768439453125 0.50086119140625 0.5035113154296875 0.4985942314453125 0.504916205078125 0.4965622685546875
1 0.5081834921875 0.499041009765625 0.5126941943359375 0.4971786123046875 0.5337602666015625 0.4960922734375 0.535922333984375 0.4901399189453125 0.534845845703125 0.474745412109375 0.532310642578125 0.4606131416015625 0.5270733095703125 0.4520842470703125 0.5191069345703125 0.448773865234375 0.511382767578125 0.44892724609375 0.506925888671875 0.451559369140625 0.5023326318359375 0.4596154521484375 0.50133142578125 0.4674203544921875 0.5054831796875 0.497296111328125 0.5081834921875 0.499041009765625
1 0.5633418662109375 0.4619239287109375 0.555242748046875 0.449340958984375 0.5499497724609375 0.4473906123046875 0.536202365234375 0.44989890234375 0.5369846376953125 0.4537116474609375 0.53398647265625 0.455081533203125 0.5331485576171875 0.457847337890625 0.5361107197265625 0.49283395703125 0.542943146484375 0.4946766552734375 0.5645223681640625 0.49355443359375 0.5663327587890625 0.4899471376953125 0.5633418662109375 0.4619239287109375
1 0.584438486328125 0.446525904296875 0.5766335849609375 0.4455246982421875 0.5705565185546875 0.4471098828125 0.5669626484375 0.4547093369140625 0.5638837470703125 0.454924634765625 0.5669266455078125 0.4910658427734375 0.5752985234375 0.4928008916015625 0.5947444072265625 0.4906676142578125 0.593050755859375 0.4590729912109375 0.588812810546875 0.45008746875 0.584438486328125 0.446525904296875
1 0.6231669638671875 0.447298447265625 0.6161192392578125 0.4423768486328125 0.607828099609375 0.4417963876953125 0.5987797802734375 0.4451363193359375 0.594699673828125 0.45315651953125 0.5982826337890625 0.48964670703125 0.6270459599609375 0.4880221240234375 0.628964 0.4859542802734375 0.6283181064453125 0.4767175751953125 0.6264055205078125 0.4567405986328125 0.6231669638671875 0.447298447265625
1 0.0861350693359375 0.6209854599609375 0.09294058203125 0.622443294921875 0.1225149111328125 0.617668044921875 0.1253516015625 0.613988982421875 0.121221306640625 0.60654291015625 0.1149667626953125 0.5613444130859375 0.1075942734375 0.5591527353515625 0.10538019921875 0.5569870908203125 0.1028951845703125 0.5583210947265626 0.0981691845703125 0.55710458984375 0.0854211650390625 0.559156251953125 0.0779392099609375 0.5627733984375 0.076074994140625 0.56561096875 0.079686685546875 0.5951377451171875 0.0861350693359375 0.6209854599609375
1 0.1544506005859375 0.5655448359375 0.1512658681640625 0.5568724091796875 0.1296328212890625 0.5572249052734375 0.118558814453125 0.561093232421875 0.116154537109375 0.563581822265625 0.122247607421875 0.60647114453125 0.1218941123046875 0.6161644775390624 0.1277002373046875 0.6180789404296875 0.1579761015625 0.615961845703125 0.1610568203125 0.608398275390625 0.1544506005859375 0.5655448359375
1 0.1779889599609375 0.61456241015625 0.1989473828125 0.61193662109375 0.2003791845703125 0.610289521484375 0.19575195703125 0.5809884560546875 0.195638998046875 0.5572502392578125 0.1917778232421875 0.5536527919921875 0.183999833984375 0.5530364482421875 0.1568566953125 0.5557079716796876 0.154911744140625 0.5573909541015625 0.157497134765625 0.5869894970703124 0.1623791552734375 0.612559998046875 0.1645663173828125 0.614340779296875 0.1779889599609375 0.61456241015625
1 0.236545546875 0.5965449306640624 0.230857978515625 0.5520802763671875 0.223485490234375 0.5498885986328125 0.202392505859375 0.55059007421875 0.1950181982421875 0.5557466708984375 0.196469640625 0.583877529296875 0.2019724599609375 0.6109515986328125 0.235921111328125 0.6097379111328125 0.2409449658203125 0.607839630859375 0.241890529296875 0.6066132763671875 0.236545546875 0.5965449306640624
1 0.2692365966796875 0.547849603515625 0.257785818359375 0.5463298515625 0.240419447265625 0.5487044609375 0.2333968173828125 0.551515998046875 0.2329913154296875 0.55309133203125 0.2383792138671875 0.608019044921875 0.2410257021484375 0.60899421875 0.2774055439453125 0.6056768037109375 0.2806477373046875 0.6004224072265625 0.276652001953125 0.5949006474609375 0.2692365966796875 0.547849603515625
1 0.3157841630859375 0.601446130859375 0.31357554296875 0.5772356650390625 0.3076421279296875 0.54400379296875 0.3060219404296875 0.542956853515625 0.2854959306640625 0.544392171875 0.274314275390625 0.5467210478515625 0.2713699345703125 0.5488606591796875 0.2785682236328125 0.6001810771484375 0.2824563095703125 0.6041633857421875 0.28612909765625 0.60506679296875 0.3143254482421875 0.6027083671875 0.3157841630859375 0.601446130859375
1 0.3157179697265625 0.5415053525390625 0.3122066552734375 0.54291112109375 0.3094237880859375 0.547359908203125 0.3173774375 0.6021082060546875 0.338011095703125 0.6022123388671875 0.3542973427734375 0.599139771484375 0.34704341015625 0.5543979013671875 0.347587109375 0.540050333984375 0.3336244033203125 0.53947972265625 0.3157179697265625 0.5415053525390625
1 0.3824544130859375 0.5372254306640625 0.3542311494140625 0.5391989931640625 0.3489632685546875 0.544981783203125 0.34855594921875 0.553905390625 0.3553505546875 0.5994528671875 0.3861933935546875 0.5980696162109375 0.393296759765625 0.5964126669921875 0.3850972646484375 0.552897150390625 0.385667875 0.5389344453125 0.3824544130859375 0.5372254306640625
1 0.388395099609375 0.54106420703125 0.3937829970703125 0.5959919208984376 0.3969695478515625 0.5973160732421875 0.4282447998046875 0.5947423505859375 0.4322692646484375 0.5933006982421875 0.42447890625 0.5335133017578125 0.3960672587890625 0.532792826171875 0.38915227734375 0.537143814453125 0.388395099609375 0.54106420703125
1 0.4582660849609375 0.5299904384765625 0.430475236328125 0.5307735302734375 0.427638544921875 0.534452591796875 0.4292514599609375 0.564892626953125 0.4343218662109375 0.5931571669921875 0.466110267578125 0.590547560546875 0.4690546083984375 0.58840794921875 0.4703249365234375 0.584451673828125 0.4619657861328125 0.531278708984375 0.4582660849609375 0.5299904384765625
1 0.503975736328125 0.5863527705078125 0.508324966796875 0.582181197265625 0.5038557197265625 0.525642267578125 0.4994813955078125 0.522080705078125 0.475903396484375 0.5241161826171875 0.4683676171875 0.526963603515625 0.46455844921875 0.5314841572265625 0.471539623046875 0.5870739462890625 0.473213634765625 0.588890611328125 0.48242342578125 0.5878598544921875 0.4897151787109375 0.5888969443359375 0.503975736328125 0.5863527705078125
1 0.5281207099609375 0.585051134765625 0.534899310546875 0.5861241064453125 0.5465941181640624 0.58375934765625 0.548512158203125 0.581691501953125 0.543556673828125 0.525573318359375 0.5418826611328125 0.5237566533203125 0.5346716455078125 0.5238741533203125 0.5277046591796875 0.5201071416015625 0.5211951787109375 0.5228827958984374 0.51336336328125 0.5214967265625 0.505151142578125 0.5294191279296875 0.508486439453125 0.584490373046875 0.5205311044921875 0.587128830078125 0.5281207099609375 0.585051134765625
1 0.5885917001953125 0.579662357421875 0.5898889404296875 0.5760909443359375 0.584581779296875 0.522317818359375 0.5725371142578125 0.51967936328125 0.5679725859375 0.5207720341796875 0.5590875595703125 0.519072869140625 0.5509309794921875 0.5204167216796876 0.54674322265625 0.5268974716796875 0.546253349609375 0.542014763671875 0.5490791328125 0.5824253447265625 0.563095662109375 0.5837656806640625 0.5790033193359375 0.5826533095703125 0.5885917001953125 0.579662357421875
1 0.58964673046875 0.5726271806640625 0.58745775 0.5781946728515625 0.5828932236328125 0.57928734375 0.604660830078125 0.5808591611328126 0.6173819375 0.57842263671875 0.6251330146484375 0.5786541181640625 0.62742964453125 0.574626076171875 0.6273507255859375 0.5661232138671874 0.623635021484375 0.520360439453125 0.620394646484375 0.518266560546875 0.6121035068359375 0.517686099609375 0.610321845703125 0.5143299853515625 0.60030105078125 0.518511408203125 0.5900111337890624 0.5188442041015625 0.586201966796875 0.5233647578125 0.58964673046875 0.5726271806640625
1 0.133726755859375 0.711636453125 0.1372111591796875 0.7098458212890625 0.1395077880859375 0.7058177802734374 0.1360900107421875 0.6864383837890625 0.133714388671875 0.652465400390625 0.1248024501953125 0.6503813720703125 0.120264833984375 0.6518589072265625 0.106869103515625 0.652022138671875 0.096821396484375 0.6558186982421875 0.0964140771484375 0.664742306640625 0.105532224609375 0.7066466044921875 0.109960373046875 0.7109778935546875 0.133726755859375 0.711636453125
1 0.1795622373046875 0.696055498046875 0.1714452958984375 0.646346296875 0.1556452880859375 0.6489981201171875 0.142628146484375 0.6472011552734375 0.1338489501953125 0.65438971484375 0.136541990234375 0.6855277080078125 0.1422081005859375 0.7075626787109375 0.154118205078125 0.708276822265625 0.17818244140625 0.7058205966796876 0.17999283203125 0.7022133017578125 0.1795622373046875 0.696055498046875
1 0.2125365947265625 0.703031576171875 0.2175335361328125 0.70074843359375 0.2181023291015625 0.694134001953125 0.20957988671875 0.646000134765625 0.1848410263671875 0.64618306640625 0.176684447265625 0.64752691796875 0.173253869140625 0.650087275390625 0.172738900390625 0.657471431640625 0.182179994140625 0.70399408203125 0.1853934560546875 0.7057030986328126 0.1961965244140625 0.7053344189453125 0.2125365947265625 0.703031576171875
1 0.2258785 0.702098619140625 0.2412730068359375 0.701022130859375 0.256019802734375 0.6980572109375 0.2579378427734375 0.6959893662109375 0.2543512451171875 0.6741957255859375 0.2530074521484375 0.6476043173828125 0.250228220703125 0.6373565576171875 0.242206203125 0.6406247236328125 0.2314569609375 0.64176312890625 0.2256777470703125 0.64023352734375 0.2137389130859375 0.6464827958984375 0.2139774873046875 0.664643107421875 0.2210986748046875 0.7001123896484375 0.2258785 0.702098619140625
1 0.294834470703125 0.67793951953125 0.289658234375 0.6407872548828125 0.2674043896484375 0.63963618359375 0.256708970703125 0.641544314453125 0.252845978515625 0.6452951416015625 0.2548913076171875 0.674544705078125 0.260530505859375 0.6961948134765625 0.2715488720703125 0.6989050361328125 0.29245346875 0.695509521484375 0.2946962734375 0.69071175390625 0.294834470703125 0.67793951953125
1 0.2925989384765625 0.65334419140625 0.29167846875 0.662303681640625 0.2954283583984375 0.679058224609375 0.2953708974609375 0.6929850478515625 0.2991513349609375 0.6954279052734375 0.3130871279296875 0.6956136533203126 0.3299403486328125 0.693274927734375 0.33188530078125 0.6915919453125 0.3324289990234375 0.6772443779296875 0.3281946904296875 0.653562306640625 0.3276313515625 0.638131916015625 0.3239047392578125 0.6364587841796875 0.30278484375 0.6367753974609375 0.294628263671875 0.63811925 0.290738359375 0.64148521484375 0.2925989384765625 0.65334419140625
1 0.3647109111328125 0.6448209306640625 0.3657946728515625 0.6308223427734375 0.3610148466796875 0.6288361123046875 0.341730435546875 0.63327856640625 0.3350056591796875 0.6329753203125 0.3300356298828125 0.6356433251953125 0.3284136240234375 0.64194466015625 0.333532400390625 0.6930237470703124 0.3464688046875 0.6936661240234375 0.3689666787109375 0.6909326845703125 0.3708578056640625 0.6884799775390625 0.3647109111328125 0.6448209306640625
1 0.4118829130859375 0.6852244775390625 0.4092364248046875 0.6842493046875 0.40672631640625 0.677850171875 0.402470548828125 0.631738416015625 0.371546974609375 0.6319670810546875 0.365631380859375 0.635861439453125 0.3647665537109375 0.6382423828125 0.369291443359375 0.688202763671875 0.3735581181640625 0.6902248759765625 0.3813091962890625 0.690456357421875 0.40180829296875 0.68863617578125 0.4118829130859375 0.6852244775390625
1 0.4117628955078125 0.624513974609375 0.406225892578125 0.6264481376953125 0.402416724609375 0.63096869140625 0.407912271484375 0.68743585546875 0.40955937109375 0.6888676572265625 0.4413477734375 0.68625805078125 0.443725138671875 0.68338459765625 0.44432084375 0.6771550283203125 0.43701490625 0.62429516015625 0.4117628955078125 0.624513974609375
1 0.4466963916015625 0.6816298486328125 0.451097626953125 0.6855762744140625 0.479293978515625 0.6832178486328125 0.484723333984375 0.6797442353515625 0.4803772548828125 0.627732044921875 0.44134337109375 0.629383703125 0.4406033212890625 0.6387405263671875 0.4466963916015625 0.6816298486328125
1 0.5249374365234375 0.6796394033203125 0.5268554765625 0.6775715576171875 0.5268572939453126 0.6702232841796875 0.520306716796875 0.620791296875 0.5062632744140625 0.61906609765625 0.49613483203125 0.6217080712890625 0.492273658203125 0.6181106240234375 0.48916784375 0.6179410595703125 0.48506082421875 0.6255763974609375 0.48737345703125 0.6660228603515626 0.49128663671875 0.677738306640625 0.4967410859375 0.681997828125 0.5249374365234375 0.6796394033203125
1 0.555093283203125 0.6168118046875 0.538997240234375 0.6152301376953125 0.5267085478515625 0.61647619140625 0.523791119140625 0.6190006650390625 0.522574615234375 0.623726666015625 0.5263154140625 0.677222578125 0.5290157265625 0.6789674765625 0.534714203125 0.6793424892578125 0.564855505859375 0.67530108203125 0.5591428427734375 0.6231032900390625 0.555093283203125 0.6168118046875
1 0.599949015625 0.6314654365234375 0.59681992578125 0.6162144619140625 0.5928780146484375 0.6114624267578125 0.5874217490234375 0.614551177734375 0.5652755517578125 0.6149395576171875 0.56227738671875 0.616309443359375 0.560061494140625 0.6214920732421875 0.564801681640625 0.67453135546875 0.5711209580078125 0.6764099365234375 0.6003166962890625 0.6735948828125 0.6026940615234375 0.6707214287109375 0.599949015625 0.6314654365234375
1 0.635953904296875 0.6154116689453125 0.63095878125 0.6103465390625 0.62542177734375 0.6122807021484376 0.6032486689453125 0.61228421875 0.5999257392578125 0.616384025390625 0.6038010986328125 0.6718042509765625 0.617304478515625 0.673180470703125 0.6383167255859375 0.67132440625 0.641774216796875 0.669148912109375 0.64148 0.6575671484375 0.635953904296875 0.6154116689453125
1 0.136215048828125 0.8062148720703125 0.156552671875 0.802085515625 0.156744693359375 0.790083005859375 0.1516742880859375 0.7618184658203125 0.153755619140625 0.7547115234375 0.1502192109375 0.7483841552734375 0.1507610908203125 0.741384861328125 0.1490601669921875 0.739183333984375 0.137690125 0.7388181708984375 0.1301005205078125 0.7408958662109375 0.1222956181640625 0.73989466015625 0.116380025390625 0.7437890205078125 0.11175985546875 0.7514602392578125 0.1206052431640625 0.8042124599609375 0.136215048828125 0.8062148720703125
1 0.15054033984375 0.76035078125 0.1579844736328125 0.800438416015625 0.1601447236328125 0.8018343349609375 0.1746205791015625 0.8023690625 0.1884487236328125 0.801015359375 0.192338626953125 0.79764939453125 0.193015068359375 0.7925744140625 0.1880003056640625 0.7577313251953125 0.18889386328125 0.74838697265625 0.1859513408203125 0.7431783095703125 0.1861953681640625 0.7392937998046875 0.170099326171875 0.7377121328125 0.166614923828125 0.739502763671875 0.15281369140625 0.741241330078125 0.150543974609375 0.745654234375 0.15054033984375 0.76035078125
1 0.193526400390625 0.7998868037109375 0.195686650390625 0.80128272265625 0.2029245791015625 0.801550087890625 0.2213710751953125 0.7998734375 0.22739431640625 0.7975185283203124 0.2283955224609375 0.789713626953125 0.221762390625 0.746475326171875 0.2262210869140625 0.7364949287109375 0.22595196484375 0.7326463017578125 0.218416185546875 0.73549372265625 0.208018619140625 0.734287068359375 0.2005097509765625 0.7375193515625 0.191273046875 0.7381652451171875 0.187383142578125 0.7415312099609375 0.1842216875 0.747940193359375 0.193526400390625 0.7998868037109375
1 0.26128746875 0.758639802734375 0.2615458984375 0.7402126904296875 0.2641672919921875 0.7334547275390625 0.2603868544921875 0.7310118701171875 0.2420767373046875 0.7272645576171874 0.232596005859375 0.7317949609375 0.223113455078125 0.7436736376953125 0.2299062431640625 0.796569388671875 0.2459484609375 0.7973813310546874 0.264908107421875 0.795668798828125 0.265963138671875 0.7886336220703125 0.26128746875 0.758639802734375
1 0.3003154736328125 0.7931928740234375 0.302773576171875 0.7914740087890625 0.297278029296875 0.7350068447265625 0.29120278125 0.72924375390625 0.281856609375 0.735698470703125 0.2674884033203125 0.736703193359375 0.262599111328125 0.740525787109375 0.2607618076171875 0.743748220703125 0.26234962890625 0.766455119140625 0.2679331845703125 0.794683775390625 0.273199248046875 0.7962492587890625 0.3003154736328125 0.7931928740234375
1 0.3043399384765625 0.79175122265625 0.3065001884765625 0.7931471416015625 0.33061825 0.791460642578125 0.34077360546875 0.7892035322265625 0.3405888564453125 0.7718129462890625 0.3360316005859375 0.7435125234375 0.33654838671875 0.728780091796875 0.3339018994140625 0.7278049189453125 0.326258470703125 0.7291128896484375 0.322881716796875 0.732442970703125 0.31923583984375 0.7319244267578126 0.3025171806640625 0.7361874658203125 0.298573451171875 0.738783705078125 0.2994866494140625 0.759217310546875 0.3043399384765625 0.79175122265625
1 0.3773581953125 0.7224456923828125 0.3710658310546875 0.7209519736328125 0.3490811083984375 0.723649529296875 0.3430578671875 0.7260044384765625 0.33705971875 0.7360924833984375 0.3427185576171875 0.7875205498046876 0.3459320205078125 0.7892295654296875 0.354736310546875 0.7897741435546874 0.37928678515625 0.7868971728515625 0.3744927734375 0.7330881640625 0.3773581953125 0.7224456923828125
1 0.41901646875 0.7798648125 0.418478224609375 0.7721675595703125 0.41076678515625 0.7208830244140625 0.4018817578125 0.719183859375 0.390133126953125 0.720778892578125 0.3780597314453125 0.72510384765625 0.3762493408203125 0.728711142578125 0.375813291015625 0.7445981611328125 0.3806916748046875 0.7848652109375 0.3828788369140625 0.7866459921875 0.417179166015625 0.78308724609375 0.41901646875 0.7798648125
1 0.450927064453125 0.7200084677734375 0.4440408134765625 0.7173960439453125 0.426053642578125 0.7182670849609375 0.4189233642578125 0.719539171875 0.4147356083984375 0.7260199208984375 0.41537968359375 0.7426048994140625 0.42101524609375 0.7789515556640625 0.4237962939453125 0.7818510419921875 0.4556116083984375 0.779626298828125 0.4566397265625 0.7722062587890625 0.450927064453125 0.7200084677734375
1 0.49656325 0.7458231162109376 0.4930053828125 0.717066064453125 0.48498518359375 0.71298595703125 0.4712427353515625 0.7143336669921875 0.4642707880859375 0.711727236328125 0.4543576416015625 0.717448111328125 0.45154786328125 0.72151203515625 0.4586366845703125 0.778641275390625 0.468655662109375 0.7818081259765625 0.492099099609375 0.777848333984375 0.4959351787109375 0.7737126435546875 0.49656325 0.7458231162109376
1 0.50649421875 0.7772284736328126 0.51116639453125 0.777675251953125 0.534636744140625 0.7741003232421875 0.53901288671875 0.7703136123046875 0.5350280595703125 0.7207022099609375 0.5322757412109375 0.7108393125 0.5264427021484375 0.708539986328125 0.5157203720703125 0.71006325390625 0.5016769306640625 0.7083380556640625 0.4987056787109375 0.7100928037109375 0.4959766357421875 0.71531131640625 0.498935162109375 0.764994484375 0.50103976953125 0.772968951171875 0.50649421875 0.7772284736328126
1 0.5762019130859375 0.7711938037109375 0.573026271484375 0.7257800078125 0.5681424326171876 0.7075577802734375 0.5541797275390625 0.7069871689453125 0.5368133564453125 0.70936177734375 0.5345167275390625 0.7133898193359375 0.5340017587890625 0.7207739755859375 0.5383131689453124 0.7603071826171875 0.53696028515625 0.7704571435546875 0.541307697265625 0.7736338447265625 0.54751932421875 0.7739729736328125 0.5762019130859375 0.7711938037109375
1 0.613588416015625 0.7380266640625 0.6108935576171876 0.7142369443359375 0.6072494990234375 0.7063701259765625 0.6023082001953125 0.702074720703125 0.58791308203125 0.702694580078125 0.5747057373046875 0.7055518505859375 0.571761396484375 0.7076914619140625 0.57763371484375 0.7695467041015625 0.5824135400390625 0.7715329326171875 0.61055606640625 0.7684047822265625 0.614013556640625 0.7662292880859375 0.613588416015625 0.7380266640625
1 0.6393732158203125 0.767549923828125 0.6525805615234375 0.764692654296875 0.6544716875 0.7622399462890626 0.65256273828125 0.7275664228515625 0.651080748046875 0.7137472490234374 0.6472752177734376 0.7035712548828125 0.6444941689453125 0.7006717685546875 0.637769390625 0.700368521484375 0.629950123046875 0.7028490205078125 0.6163247294921875 0.7034150556640625 0.612381001953125 0.7060112958984375 0.61603924609375 0.7657008935546875 0.624464947265625 0.76820566796875 0.6393732158203125 0.767549923828125
1 0.5948978662109375 0.197891251953125 0.6205553779296875 0.196097103515625 0.6227174453125 0.1901447490234375 0.619536349609375 0.1667757744140625 0.596877001953125 0.1672000361328125 0.591366912109375 0.1695190625 0.5931431181640625 0.1949199990234375 0.5948978662109375 0.197891251953125
1 0.600075919921875 0.2276952421875 0.6241132451171875 0.2248541552734375 0.623415345703125 0.207499451171875 0.6201229638671875 0.19728757421875 0.599056892578125 0.1983739130859375 0.5940868642578125 0.20104191796875 0.5964031328125 0.2267918349609375 0.600075919921875 0.2276952421875
1 0.65215539453125 0.190793458984375 0.64924523828125 0.163924837890625 0.6210219755859375 0.165898400390625 0.6234728056640625 0.1935726298828125 0.6261462060546875 0.1949326650390625 0.6507774169921875 0.193210283203125 0.65215539453125 0.190793458984375
1 0.67943309375 0.19004625 0.681270396484375 0.18682381640625 0.679736400390625 0.16488664453125 0.6780085634765625 0.16230025390625 0.667124759765625 0.161514345703125 0.6517571650390624 0.162975697265625 0.6543156435546875 0.1921893779296875 0.67943309375 0.19004625
1 0.7097951474609375 0.167038921875 0.706231826171875 0.16032669140625 0.7020189755859375 0.1590743046875 0.6830593291015625 0.1607868359375 0.680222638671875 0.1644658984375 0.681243484375 0.186438953125 0.6829982333984375 0.1894102060546875 0.685158482421875 0.190806125 0.709249630859375 0.1887347626953125 0.7110600224609375 0.1851274677734375 0.7097951474609375 0.167038921875
1 0.62293092578125 0.200571923828125 0.623357884765625 0.2214262744140625 0.626165845703125 0.224710623046875 0.6523365068359375 0.222880591796875 0.65420072265625 0.220043021484375 0.6519382783203125 0.1950628310546875 0.6503180908203126 0.194015892578125 0.6262000302734375 0.1957023916015625 0.62293092578125 0.200571923828125
1 0.6559285595703125 0.2226294111328125 0.682558546875 0.2199937724609375 0.68067469140625 0.1930533857421875 0.6590685576171875 0.193790744140625 0.6540985283203125 0.19645875 0.6559285595703125 0.2226294111328125
1 0.6851315703125 0.19042126171875 0.68272729296875 0.192909853515625 0.6825909140625 0.1983338134765625 0.6838557880859375 0.216422359375 0.6861236865234375 0.219357728515625 0.69800687890625 0.2196870087890625 0.7141854755859375 0.215074990234375 0.709088158203125 0.1864255869140625 0.703631890625 0.1895143388671875 0.6851315703125 0.19042126171875
1 0.6133225458984375 0.2843938876953125 0.6136203984375 0.2812791025390625 0.6103334716796875 0.249022404296875 0.6066068583984375 0.247349271484375 0.591779326171875 0.249159603515625 0.5888349853515625 0.2512992138671875 0.5886447822265625 0.25595344921875 0.590826490234375 0.2797790517578125 0.589744546875 0.2864293662109375 0.5965769736328125 0.2882720634765625 0.609838142578125 0.2861845185546875 0.6133225458984375 0.2843938876953125
1 0.611332859375 0.248565775390625 0.6128363076171875 0.2848146328125 0.6283384638671875 0.2852775947265625 0.635928068359375 0.283199900390625 0.633660169921875 0.2802645302734375 0.630778744140625 0.246432498046875 0.62967170703125 0.2453496748046875 0.621461302734375 0.245923802734375 0.611332859375 0.248565775390625
1 0.648118203125 0.2436730263671875 0.6358295087890625 0.244919080078125 0.63193960546875 0.248285044921875 0.6337158125 0.2736859814453125 0.6323360166015625 0.2834510810546875 0.6463525458984375 0.2847914169921875 0.6539959755859375 0.2834834462890625 0.6569672275390624 0.28172869921875 0.655463779296875 0.2454798408203125 0.648118203125 0.2436730263671875
1 0.66015377734375 0.2830528505859375 0.6775201484375 0.2806782421875 0.6764760263671875 0.2436237763671875 0.6748289267578125 0.242191974609375 0.6625133212890625 0.243053166015625 0.65495062890625 0.2455157236328125 0.6569672275390624 0.28172869921875 0.66015377734375 0.2830528505859375
1 0.695220375 0.23883234375 0.689089484375 0.2396478017578125 0.684876634765625 0.2383954150390625 0.67839406640625 0.241555931640625 0.6771775625 0.2462819326171875 0.6794920126953125 0.279380123046875 0.6842180146484375 0.280596626953125 0.6965336201171874 0.279735435546875 0.70036969921875 0.2755997451171875 0.699460138671875 0.2404695927734375 0.695220375 0.23883234375
1 0.72265045703125 0.2771356796875 0.7210124482421875 0.2389625087890625 0.713693783203125 0.237540556640625 0.702404478515625 0.238329982421875 0.69894698828125 0.2405054755859375 0.6981898095703125 0.244425869140625 0.7010981474609375 0.2786427646484375 0.72265045703125 0.2771356796875
1 0.735506125 0.2766234677734375 0.746768517578125 0.2754491806640625 0.7441580322265625 0.2381175009765625 0.7404045078125 0.236059505859375 0.7259824765625 0.2362945029296875 0.7227133720703125 0.2411640361328125 0.72459541015625 0.275452697265625 0.735506125 0.2766234677734375
1 0.7713459052734375 0.2729570732421875 0.7737232705078125 0.270083619140625 0.7701672216796875 0.233978294921875 0.751073013671875 0.233766513671875 0.74766934765625 0.236711732421875 0.74704673046875 0.2425564384765625 0.7497397705078125 0.2736944326171875 0.7713459052734375 0.2729570732421875
1 0.775596576171875 0.2305046806640625 0.77327303515625 0.2341478583984375 0.7723794775390626 0.2434922119140625 0.7748033955078125 0.270781578125 0.7769636455078125 0.2721774970703125 0.7954101416015625 0.2705008486328125 0.7973281806640625 0.2684330029296875 0.7942314580078125 0.2315220693359375 0.7925843583984375 0.230090267578125 0.775596576171875 0.2305046806640625
1 0.7966070048828126 0.2359968896484375 0.7979220673828125 0.2695517080078125 0.803674369140625 0.2706964462890625 0.8174756005859375 0.2689578818359375 0.819933703125 0.267239015625 0.8173770419921875 0.2306770625 0.813623517578125 0.22861906640625 0.799255310546875 0.2296237890625 0.7966070048828126 0.2359968896484375
1 0.8232657236328125 0.2263978388671875 0.819808232421875 0.228573333984375 0.81910487890625 0.2332634521484375 0.819393640625 0.2668900361328125 0.8257129169921875 0.2687686162109375 0.840081123046875 0.2677638935546875 0.8429985517578125 0.265239419921875 0.8423868427734374 0.2269944833984375 0.838687142578125 0.225706212890625 0.8232657236328125 0.2263978388671875
1 0.8446547421875 0.229929853515625 0.8428425322265625 0.2408854228515625 0.842785072265625 0.254812244140625 0.845052970703125 0.2577476142578125 0.843782642578125 0.2617038896484375 0.845618126953125 0.2658297294921875 0.849830978515625 0.2670821171875 0.8970407998046875 0.263780884765625 0.9030083984375 0.2680045244140625 0.9060676591796875 0.23801126953125 0.905719619140625 0.22565978125 0.9035055439453125 0.2234941357421875 0.8843306005859375 0.2221277666015625 0.879037625 0.2201774208984375 0.87134037109375 0.2207156650390625 0.86383150390625 0.2239479482421875 0.847518345703125 0.2266356533203125 0.8446547421875 0.229929853515625
1 0.7585891533203125 0.201141134765625 0.75622633203125 0.1452283984375 0.7506373232421875 0.1390445625 0.7403204931640625 0.13899249609375 0.73245994921875 0.144569837890625 0.7303786181640625 0.15167678125 0.7297792763671875 0.1726028974609375 0.732172646484375 0.21420394921875 0.7353861083984375 0.21591296484375 0.756317619140625 0.2129023125 0.7578032451171876 0.2120249384765625 0.7585891533203125 0.201141134765625
1 0.7173720263671876 0.216399142578125 0.7297145439453125 0.215922814453125 0.7314711103515625 0.21154579296875 0.728858806640625 0.1815623876953125 0.7295156083984375 0.14670944921875 0.7240880712890625 0.1428347900390625 0.7133119169921875 0.14358833203125 0.7093681884765625 0.1461845712890625 0.7070984716796875 0.1505974755859375 0.7070428291015625 0.1571760244140625 0.7108483603515625 0.1673520185546875 0.7141854755859375 0.215074990234375 0.7173720263671876 0.216399142578125
1 0.7773836904296875 0.211815974609375 0.78038185546875 0.2104460888671875 0.7817060087890625 0.2072595380859375 0.780396400390625 0.1516598984375 0.7781034072265625 0.1409913916015625 0.7727296943359375 0.1378864580078125 0.7619535400390625 0.13864 0.75763122265625 0.143196435546875 0.7574624765625 0.17028035546875 0.75962891015625 0.2012617998046875 0.7583163955078125 0.2119890556640625 0.763555546875 0.21316967578125 0.7773836904296875 0.211815974609375
1 0.8050938037109375 0.2098782939453125 0.807578818359375 0.2085442919921875 0.8083898212890624 0.2053936240234375 0.807322421875 0.153257748046875 0.8065688798828125 0.14248159375 0.8025462333984374 0.136574970703125 0.7978202314453126 0.135358466796875 0.789096677734375 0.1359684775390625 0.7846667119140625 0.1389854638671875 0.7815052548828125 0.1453944462890625 0.7812863212890625 0.1570120927734375 0.7833261962890625 0.2083064775390625 0.7871335458984375 0.2111341982421875 0.8050938037109375 0.2098782939453125
1 0.820291193359375 0.1322401669921875 0.8132416513671875 0.1346668408203125 0.808594568359375 0.1419531982421875 0.8094699462890625 0.2060915830078125 0.8148167451171875 0.2088116552734375 0.8327231787109375 0.2067860263671875 0.834754322265625 0.184212810546875 0.833010482421875 0.1371519150390625 0.8275291201171875 0.1325075302734375 0.820291193359375 0.1322401669921875
1 0.84946001953125 0.1290402490234375 0.84033096484375 0.13122559375 0.8350630830078125 0.1370083828125 0.8345335703125 0.20317873046875 0.836774556640625 0.2057292373046875 0.8608926181640625 0.20404273828125 0.8627568330078125 0.20120516796875 0.85993650390625 0.138749765625 0.8563462705078125 0.1316526728515625 0.84946001953125 0.1290402490234375
1 0.9085348525390625 0.19955103515625 0.90727725 0.1520693935546875 0.9060662001953125 0.13475057421875 0.9043921884765626 0.1329339091796875 0.8858918681640625 0.1338408330078125 0.872793990234375 0.1308892802734375 0.86787778515625 0.13432701171875 0.862717552734375 0.141649251953125 0.8628430234375 0.1803149345703125 0.8637293095703125 0.2003636767578125 0.866564181640625 0.204032888671875 0.8964076328125 0.2031062646484375 0.9085348525390625 0.19955103515625
1 0.900078244140625 0.3219669140625 0.9066684609375 0.32034584765625 0.907809681640625 0.2924204384765625 0.90678519921875 0.2851439306640625 0.9045711259765625 0.2829782861328125 0.88698945703125 0.2822739931640625 0.8541209287109375 0.2841856396484375 0.8460450869140625 0.2866840810546875 0.8421282705078125 0.28966518359375 0.8413118134765625 0.314860671875 0.8424977685546875 0.32444635546875 0.8441179560546875 0.325493294921875 0.900078244140625 0.3219669140625
1 0.817981478515625 0.29831509375 0.8194329208984374 0.326445951171875 0.8374739150390625 0.3263446357421875 0.8402836943359375 0.3222807109375 0.8411019697265625 0.28973694921875 0.83632214453125 0.2877507197265625 0.8209276376953125 0.288827208984375 0.818496447265625 0.2909309365234375 0.817981478515625 0.29831509375
1 0.8137166220703125 0.28894470703125 0.7998615654296874 0.289913546875 0.795917837890625 0.292509787109375 0.79882617578125 0.326726681640625 0.8061448388671875 0.3281486337890625 0.809116091796875 0.3263938857421875 0.8199998955078125 0.3271797939453125 0.8157117626953125 0.3027279970703125 0.817470146484375 0.2910027021484375 0.8137166220703125 0.28894470703125
1 0.773041375 0.297203421875 0.7747888505859375 0.3295677685546875 0.795666537109375 0.3257873916015625 0.797369279296875 0.32064064453125 0.7944842177734375 0.30150516015625 0.795917837890625 0.292509787109375 0.7870597216796875 0.291195484375 0.775311091796875 0.292790517578125 0.773041375 0.297203421875
1 0.748569818359375 0.3085832529296875 0.7507515263671874 0.33240885546875 0.76160841796875 0.33280990234375 0.771250623046875 0.33058867578125 0.7735203408203125 0.326175771484375 0.7718266884765626 0.2945811484375 0.7691532880859375 0.2932211123046875 0.7507337041015625 0.2952826240234375 0.748569818359375 0.3085832529296875
1 0.72701569140625 0.317438611328125 0.7287937158203125 0.3354912734375 0.748833486328125 0.334476701171875 0.7507246142578125 0.332023994140625 0.7476942265625 0.31081025 0.74822177734375 0.2962317646484375 0.7337997470703125 0.29646676171875 0.729262130859375 0.297944296875 0.72701569140625 0.317438611328125
1 0.723996068359375 0.2963788134765625 0.70660278515625 0.29836855859375 0.704819306640625 0.3023607177734375 0.706270748046875 0.330491576171875 0.7088077685546875 0.337275572265625 0.712480556640625 0.3381789794921875 0.725768638671875 0.3364762978515625 0.7276059423828125 0.3332538642578125 0.72612940625 0.297389869140625 0.723996068359375 0.2963788134765625
1 0.7035777080078125 0.29935358203125 0.6856712744140625 0.3013792109375 0.6822406953125 0.303939568359375 0.6846897080078125 0.3389620712890625 0.687849345703125 0.339901361328125 0.7027037900390625 0.338475892578125 0.7047025673828125 0.3375626357421875 0.705784509765625 0.330912322265625 0.703087833984375 0.314470875 0.7035777080078125 0.29935358203125
1 0.671303068359375 0.30238393359375 0.6651721767578125 0.303199392578125 0.6613091845703125 0.306950220703125 0.6636774599609375 0.3408181357421875 0.681718455078125 0.3407168193359375 0.6841496455078125 0.3386130908203125 0.6847184384765626 0.33199866015625 0.683293908203125 0.3042526640625 0.6790272333984375 0.302230552734375 0.671303068359375 0.30238393359375
1 0.6612193583984375 0.3425370009765625 0.6636505478515625 0.3404332724609375 0.660876771484375 0.30814069140625 0.6585819599609375 0.304820458984375 0.6487513701171875 0.304347646484375 0.6406486142578125 0.306461224609375 0.63970305078125 0.3076875791015625 0.641944037109375 0.3102380859375 0.63937646875 0.3177657744140625 0.641019931640625 0.3338941240234375 0.63953248828125 0.342119771484375 0.6443123125 0.3441060009765625 0.6612193583984375 0.3425370009765625
1 0.6196632802734375 0.3087021513671875 0.6225716181640625 0.342919046875 0.6278645927734375 0.3448693935546875 0.6395863125 0.34288949609375 0.64164073046875 0.33539769140625 0.6399703544921875 0.3188844794921875 0.6437544287109375 0.3066307900390625 0.6297648115234376 0.30567531640625 0.6196632802734375 0.3087021513671875
1 0.6209734326171875 0.3348124814453125 0.6201764306640625 0.3086662685546875 0.6170167919921875 0.307726978515625 0.5996504208984375 0.3101015869140625 0.5978131181640625 0.3133240205078125 0.60064071875 0.3463863271484375 0.60226090625 0.3474332666015625 0.620194251953125 0.3457925 0.6257312548828124 0.3438583369140625 0.6267037314453126 0.343016845703125 0.6209734326171875 0.3348124814453125
1 0.6324487607421875 0.3735546787109375 0.625562509765625 0.370942255859375 0.613354552734375 0.3733428974609375 0.6105985986328125 0.3781765478515625 0.6096243037109375 0.3863663125 0.6117772822265625 0.4171553271484375 0.614450681640625 0.4185153623046875 0.62938586328125 0.4182444814453125 0.6415938203125 0.41584383984375 0.6393870185546875 0.3842851005859375 0.6324487607421875 0.3735546787109375
1 0.6563246123046875 0.368404416015625 0.6466285810546875 0.3698559169921875 0.6391466259765625 0.3734730634765625 0.642053146484375 0.415038232421875 0.6488586591796875 0.41649606640625 0.6693846689453125 0.415060748046875 0.672355921875 0.4133059990234375 0.669393759765625 0.3783193798828125 0.6632646865234375 0.371786564453125 0.6563246123046875 0.368404416015625
1 0.702502677734375 0.3872197705078125 0.6989142626953125 0.372774404296875 0.6865466513671875 0.365517595703125 0.68038884765625 0.36594819140625 0.6688555146484375 0.370622126953125 0.672094072265625 0.3800642783203125 0.6733553095703125 0.4128493720703125 0.6765687724609375 0.41455838671875 0.7012268955078125 0.4132208671875 0.7034697001953125 0.4084231005859375 0.702502677734375 0.3872197705078125
1 0.73574433984375 0.4053927490234375 0.733320421875 0.3781033818359375 0.7251674794921875 0.3647506875 0.720387654296875 0.3627644580078125 0.7116371884765625 0.36298960546875 0.7035075205078125 0.3647183203125 0.7006977412109375 0.3687822451171875 0.7036580859375 0.411117138671875 0.7068446357421875 0.4124412919921875 0.7212128427734374 0.4114365693359375 0.7344201875 0.4085792998046875 0.73574433984375 0.4053927490234375
1 0.769154748046875 0.3964818076171875 0.7665442626953125 0.35915012890625 0.762871474609375 0.3582467216796875 0.73718705078125 0.3596560068359375 0.7312176337890625 0.362780640625 0.7369052021484375 0.407245296875 0.738525388671875 0.4082922353515625 0.7544868701171875 0.4079495888671875 0.7698275537109375 0.406103375 0.7711247939453125 0.4025319619140625 0.769154748046875 0.3964818076171875
1 0.801465390625 0.3570949501953125 0.7700824892578125 0.35812922265625 0.767785861328125 0.3621572646484375 0.7708269423828125 0.40564674609375 0.80099515625 0.401990201171875 0.8027804541015625 0.3906497685546875 0.801465390625 0.3570949501953125
1 0.8021076484375 0.3810282021484375 0.80299393359375 0.4010769443359375 0.8046679453125 0.4028936083984375 0.83602393359375 0.4014744736328125 0.8379150615234375 0.3990217646484375 0.8357118955078126 0.352766478515625 0.804436642578125 0.3553402021484375 0.8022207509765625 0.3605228310546875 0.8021076484375 0.3810282021484375
1 0.8737566591796875 0.388007095703125 0.872733994140625 0.3733823154296875 0.87440982421875 0.367850705078125 0.8714134775390625 0.3618723173828125 0.8706330234375 0.3507112998046875 0.8398170966796875 0.3524794150390625 0.83703059375 0.37162475 0.839481423828125 0.399298978515625 0.8426679736328125 0.4006231318359375 0.85290406640625 0.399520609375 0.86967655078125 0.396027296875 0.8737566591796875 0.388007095703125
1 0.902545078125 0.394115650390625 0.903928509765625 0.36965400390625 0.9018275380859375 0.3469829892578125 0.8777902138671875 0.349824076171875 0.873900310546875 0.353190041015625 0.876329681640625 0.3584345869140625 0.873731564453125 0.3802739599609375 0.8737835712890625 0.388391958984375 0.8791303701171875 0.39111203125 0.881965244140625 0.3947812421875 0.8980074619140626 0.3955931845703125 0.902545078125 0.394115650390625
1 0.6599163046875 0.4787622041015625 0.6577884208984375 0.455706326171875 0.65473825 0.448958212890625 0.646962078125 0.440993595703125 0.6371045751953125 0.4401359208984375 0.630001208984375 0.4417928701171875 0.6268666650390625 0.448586716796875 0.62945023828125 0.4855335341796875 0.6316104873046875 0.486929453125 0.6577811494140625 0.485099421875 0.6597261015625 0.483416439453125 0.6599163046875 0.4787622041015625
1 0.681477705078125 0.4405137509765625 0.6777241796875 0.4384557548828125 0.670540076171875 0.4389581162109375 0.66702876171875 0.4403638857421875 0.6588434521484375 0.4486711494140625 0.6607524013671875 0.483344673828125 0.67371571875 0.484371912109375 0.691595240234375 0.4819614208984375 0.6900630615234375 0.452675974609375 0.68760677734375 0.44704656640625 0.681477705078125 0.4405137509765625
1 0.7045316455078126 0.4826037978515625 0.7218980166015625 0.480229189453125 0.7233567294921875 0.4789669521484375 0.7230643310546875 0.4600369150390625 0.7223107890625 0.4492607607421875 0.71928753125 0.442897509765625 0.7126991328125 0.437170302734375 0.7053266435546875 0.4349786259765625 0.697602478515625 0.4351320068359375 0.691686884765625 0.4390263662109375 0.6907933271484376 0.4483707197265625 0.6925677158203125 0.4811199296875 0.6952680283203125 0.482864828125 0.7045316455078126 0.4826037978515625
1 0.7633933564453125 0.4320784384765625 0.7612600185546875 0.4310673828125 0.7325505185546874 0.4334616904296875 0.7270942509765626 0.43655044140625 0.7260392197265625 0.4435856201171875 0.7259512109375 0.471824126953125 0.7314863974609375 0.4772382373046875 0.73626622265625 0.4792244658203125 0.765002634765625 0.4772150205078125 0.76657081640625 0.4701439609375 0.7633933564453125 0.4320784384765625
1 0.7998968505859375 0.4747749794921875 0.801841802734375 0.47309199609375 0.8019781826171875 0.4676680361328125 0.7992600478515625 0.42879690625 0.796613560546875 0.427821732421875 0.7818398525390625 0.4304017890625 0.7674178212890626 0.430636787109375 0.7650673681640625 0.4338951025390625 0.7644698447265625 0.4474729453125 0.76594819921875 0.4759886669921875 0.7696478994140625 0.4772769365234375 0.783935369140625 0.4751176259765625 0.7998968505859375 0.4747749794921875
1 0.8341273515625 0.4259720029296875 0.802258212890625 0.4274270205078125 0.79998849609375 0.4318399248046875 0.802868103515625 0.47302023046875 0.8306051279296875 0.4714674140625 0.83487362109375 0.466141251953125 0.8341273515625 0.4259720029296875
1 0.8450020654296875 0.4634992802734375 0.8468375498046875 0.4676251201171875 0.854427154296875 0.4655474248046875 0.8572889404296875 0.4696015 0.86501310546875 0.4694481181640625 0.8679323515625 0.4595753701171875 0.8679952666015625 0.4236037275390625 0.8653218662109375 0.42224369140625 0.8571114638671875 0.422817818359375 0.8377463154296875 0.42610568359375 0.8359897490234375 0.430482705078125 0.8348252509765625 0.443326705078125 0.8366840126953125 0.4625339560546875 0.8450020654296875 0.4634992802734375
1 0.9008368818359375 0.4213072177734375 0.889332279296875 0.4190177412109375 0.86994021875 0.4219207451171875 0.867562853515625 0.4247941982421875 0.867397744140625 0.4371815693359375 0.8696045458984375 0.46874030859375 0.900447384765625 0.4673570556640625 0.9037434013671874 0.4628723857421875 0.905880375 0.4491868955078125 0.9039677890625 0.4292099189453125 0.9008368818359375 0.4213072177734375
1 0.6773161435546875 0.6685973017578125 0.6812867841796875 0.666385923828125 0.674899498046875 0.61191483984375 0.6615324970703125 0.6051146591796875 0.657021794921875 0.606977056640625 0.64821750390625 0.6064324794921875 0.6448138369140625 0.60937769921875 0.6412217861328126 0.6096288798828124 0.638006505859375 0.6152681376953125 0.6417240283203125 0.653682638671875 0.63920846484375 0.669328326171875 0.6455008291015625 0.670822044921875 0.6773161435546875 0.6685973017578125
1 0.7134934140625 0.610763068359375 0.710766189453125 0.608633306640625 0.7019618984375 0.608088728515625 0.6799502626953124 0.610401421875 0.6764927734375 0.6125769150390625 0.679747333984375 0.6664935732421875 0.68396018359375 0.6677459599609376 0.7147222861328125 0.665208119140625 0.716694150390625 0.66391 0.7165344951171875 0.6542525498046875 0.7134934140625 0.610763068359375
1 0.7211924853515626 0.6028765498046875 0.7157631298828125 0.6063501640625 0.7139796513671876 0.610342322265625 0.716694150390625 0.66391 0.7286849912109375 0.66577873046875 0.754261765625 0.662829994140625 0.757233017578125 0.66107524609375 0.7513588818359375 0.6065682783203125 0.748091595703125 0.604089537109375 0.7211924853515626 0.6028765498046875
1 0.793937625 0.6550279091796875 0.7944544111328125 0.640295478515625 0.790817625 0.603035564453125 0.78644330078125 0.599474001953125 0.7819864228515625 0.6021061240234376 0.759380900390625 0.6033001123046875 0.7518451201171875 0.6061475322265625 0.75452961328125 0.644537583984375 0.7531278154296875 0.6613623095703125 0.761499693359375 0.6630973583984375 0.791235494140625 0.6606312841796875 0.793937625 0.6550279091796875
1 0.8011540947265625 0.6328655888671875 0.807494828125 0.657173853515625 0.81176150390625 0.6591959658203125 0.818405544921875 0.6583446240234375 0.8226183955078125 0.65959701171875 0.836258154296875 0.6555492705078125 0.8394465224609375 0.6495251494140625 0.837585943359375 0.6376661728515625 0.8371644384765625 0.5947670009765625 0.8291191435546875 0.5829537568359375 0.8258787685546874 0.5808598779296875 0.8129423642578125 0.580217501953125 0.8030292177734375 0.5859383759765625 0.80084023828125 0.5915058681640625 0.7998103017578125 0.606274181640625 0.8011540947265625 0.6328655888671875
1 0.8732318828125 0.6533505595703125 0.8723510517578125 0.6112569970703124 0.8674959443359375 0.5860713583984375 0.8598005078125 0.5792613291015625 0.8473234296875 0.5778133427734375 0.84178642578125 0.5797475068359375 0.8373277294921875 0.58972790234375 0.8378837958984375 0.634551388671875 0.8418220703125 0.6539999697265625 0.8461425693359375 0.6567918076171875 0.870260630859375 0.65510530859375 0.8732318828125 0.6533505595703125
1 0.873664296875 0.6521600888671875 0.876364609375 0.6539049873046875 0.8918129404296875 0.653598224609375 0.8957010263671875 0.657580533203125 0.8951071396484375 0.656461828125 0.89953710546875 0.6534448427734375 0.9015646123046875 0.645568173828125 0.9014104111328125 0.61386590234375 0.89798710546875 0.5870331640625 0.893289833984375 0.5788532490234375 0.884783396484375 0.57519388671875 0.8724677900390625 0.576055078125 0.868873921875 0.583654533203125 0.87202810546875 0.60663864453125 0.873664296875 0.6521600888671875
1 0.6926331904296875 0.7622786455078125 0.6942551962890625 0.7559773115234375 0.6928019365234375 0.7351947265625 0.6904587548828125 0.7090599482421875 0.68743549609375 0.702696697265625 0.678902146484375 0.69865247265625 0.66107644921875 0.701832689453125 0.654540056640625 0.7042234814453125 0.6524587255859375 0.7113304248046874 0.6544986005859375 0.76262480859375 0.6588460126953125 0.765801509765625 0.681964685546875 0.764571638671875 0.6926331904296875 0.7622786455078125
1 0.73349682421875 0.756713970703125 0.73174934765625 0.724349623046875 0.72810892578125 0.7017862568359375 0.724301576171875 0.6989585361328124 0.711365171875 0.6983161591796875 0.6960244892578125 0.7001623740234375 0.6910544599609375 0.70283037890625 0.6962521552734375 0.762412328125 0.70097815625 0.76362883203125 0.720531689453125 0.7630350048828125 0.73017389453125 0.7608137783203125 0.73349682421875 0.756713970703125
1 0.769930490234375 0.7541662802734375 0.77061238671875 0.727046478515625 0.7678367919921875 0.7021021708984375 0.762328517578125 0.6970729228515625 0.752605576171875 0.6981395615234375 0.7452599990234375 0.6963327470703125 0.7422887470703124 0.6980874951171875 0.733565193359375 0.698697505859375 0.73070158984375 0.701991705078125 0.735737810546875 0.7592644765625 0.7399506611328125 0.7605168642578125 0.76814701171875 0.758158439453125 0.769930490234375 0.7541662802734375
1 0.777437541015625 0.7582822705078125 0.8081458173828125 0.754974705078125 0.8089371806640625 0.722046080078125 0.8069707705078125 0.70129937890625 0.804514486328125 0.695669970703125 0.8022465869140625 0.6927346015625 0.796953611328125 0.69078425390625 0.7734294375 0.693589458984375 0.7674869326171875 0.697098955078125 0.7703738125 0.7088861669921875 0.770956791015625 0.754094513671875 0.772684626953125 0.756680904296875 0.777437541015625 0.7582822705078125
1 0.816950107421875 0.755519283203125 0.83644981640625 0.75415573046875 0.8393134208984375 0.75086153125 0.8392686865234374 0.7133504375 0.8307964326171875 0.6806828427734375 0.8211829580078125 0.6759406591796875 0.8124324912109375 0.676165806640625 0.807516287109375 0.679603537109375 0.806324876953125 0.6920626748046875 0.8085909580078126 0.702346318359375 0.810603919921875 0.75325583984375 0.8117647822265625 0.7551083876953125 0.816950107421875 0.755519283203125
1 0.869923138671875 0.709273146484375 0.8681720263671875 0.691605345703125 0.8565095869140625 0.672310146484375 0.851756673828125 0.6707087802734375 0.8364429033203125 0.6729398564453125 0.83282212109375 0.6801544482421875 0.839485802734375 0.709081064453125 0.8403666337890625 0.7511746279296875 0.8436608330078125 0.754038232421875 0.869237607421875 0.75108949609375 0.869923138671875 0.709273146484375
1 0.8696271044921875 0.7050396572265625 0.8712363837890625 0.75017623828125 0.8739097841796875 0.7515362744140625 0.894948943359375 0.7500650732421875 0.900082263671875 0.7423579697265625 0.9002779208984375 0.7156589140625 0.898528626953125 0.69064283984375 0.8933738486328126 0.6759202587890625 0.8856784130859375 0.6691102294921875 0.877954248046875 0.6692636123046874 0.864178109375 0.6787353134765625 0.862340806640625 0.68195774609375 0.8677934375 0.69356554296875 0.8696271044921875 0.7050396572265625
1 0.6631475888671875 0.517597451171875 0.6587732646484376 0.5140358876953125 0.6525347265625 0.5133118955078125 0.6280111630859375 0.516573728515625 0.6245805849609375 0.5191340849609375 0.62802353125 0.57574478125 0.63234403125 0.5785366181640625 0.6635654580078125 0.575193169921875 0.6674284501953125 0.5714423427734375 0.6680510673828125 0.56559763671875 0.6631475888671875 0.517597451171875
1 0.673627708984375 0.512610419921875 0.6690900947265624 0.5140879541015625 0.6652271025390625 0.51783878125 0.6691024619140625 0.5732590068359374 0.673828462890625 0.5744755107421875 0.6902761826171875 0.573712119140625 0.7116939306640625 0.570280720703125 0.705118259765625 0.51311559765625 0.70033843359375 0.5111293681640625 0.673627708984375 0.512610419921875
1 0.7323006767578125 0.569999990234375 0.74812759765625 0.56773303125 0.749424837890625 0.5641616181640625 0.7457916884765625 0.5122051572265625 0.7425244013671874 0.509726416015625 0.7357727119140625 0.509038306640625 0.715219791015625 0.51008876171875 0.708224072265625 0.513285162109375 0.707493806640625 0.51759041796875 0.7112920654296875 0.5571595068359375 0.7116131943359375 0.5691261337890625 0.7101544814453125 0.5703883701171875 0.7323006767578125 0.569999990234375
1 0.7882340517578125 0.566088748046875 0.7905324990234375 0.5547124326171875 0.785682845703125 0.5074819736328126 0.7793366572265625 0.5052185302734375 0.7551378603515625 0.5057504404296875 0.750114005859375 0.507648720703125 0.7473042265625 0.511712646484375 0.749424837890625 0.5641616181640625 0.7485330986328125 0.566157697265625 0.742996095703125 0.5680918603515624 0.762603453125 0.5682677587890625 0.7882340517578125 0.566088748046875
0 0.224609375 0.802734375 0.2236328125 0.8115234375 0.2099609375 0.8125 0.197265625 0.8115234375 0.1962890625 0.8046875 0.1982421875 0.802734375 0.2236328125 0.802734375
0 0.5234375 0.681640625 0.52734375 0.6826171875 0.529296875 0.6904296875 0.5263671875 0.6943359375 0.513671875 0.6953125 0.501953125 0.6943359375 0.4990234375 0.6865234375 0.5009765625 0.6826171875 0.5126953125 0.68359375 0.5224609375 0.681640625
0 0.2314453125 0.51953125 0.2353515625 0.5205078125 0.236328125 0.53125 0.2138671875 0.5341796875 0.2080078125 0.533203125 0.20703125 0.5224609375 0.23046875 0.51953125
0 0.1357421875 0.712890625 0.1376953125 0.7216796875 0.1337890625 0.724609375 0.123046875 0.7255859375 0.109375 0.724609375 0.107421875 0.7158203125 0.1103515625 0.712890625 0.134765625 0.712890625
0 0.779296875 0.212890625 0.78125 0.2177734375 0.7802734375 0.224609375 0.77734375 0.2265625 0.763671875 0.2275390625 0.75 0.2275390625 0.7490234375 0.216796875 0.751953125 0.21484375 0.7783203125 0.212890625
0 0.6162109375 0.35400390625 0.03125 0.0166015625
0 0.08984375 0.330078125 0.0947265625 0.33203125 0.095703125 0.3408203125 0.09375 0.3427734375 0.07421875 0.3447265625 0.0654296875 0.34375 0.064453125 0.333984375 0.068359375 0.3310546875 0.080078125 0.33203125 0.0888671875 0.330078125
0 0.509765625 0.3564453125 0.5107421875 0.3681640625 0.5 0.37109375 0.48046875 0.37109375 0.4775390625 0.3603515625 0.5087890625 0.3564453125
0 0.501953125 0.296875 0.505859375 0.3017578125 0.505859375 0.30859375 0.50390625 0.310546875 0.486328125 0.3134765625 0.474609375 0.3125 0.4736328125 0.30078125 0.4794921875 0.2978515625 0.5009765625 0.296875
0 0.853515625 0.2060546875 0.8564453125 0.216796875 0.8515625 0.220703125 0.826171875 0.22265625 0.8232421875 0.220703125 0.8232421875 0.2109375 0.8251953125 0.208984375 0.8525390625 0.20703125
0 0.796875 0.271484375 0.7998046875 0.275390625 0.798828125 0.283203125 0.779296875 0.287109375 0.771484375 0.287109375 0.7685546875 0.2841796875 0.7705078125 0.2744140625 0.7958984375 0.271484375
0 0.3818359375 0.7900390625 0.3837890625 0.7919921875 0.3828125 0.798828125 0.36328125 0.8017578125 0.3564453125 0.7998046875 0.3564453125 0.7919921875 0.380859375 0.7900390625
0 0.2890625 0.4462890625 0.291015625 0.4521484375 0.2900390625 0.45703125 0.267578125 0.4599609375 0.26171875 0.4580078125 0.26171875 0.4482421875 0.2880859375 0.4462890625
0 0.1796875 0.6162109375 0.181640625 0.6171875 0.181640625 0.625 0.1796875 0.626953125 0.1611328125 0.62890625 0.1533203125 0.6279296875 0.1513671875 0.6201171875 0.1533203125 0.6181640625 0.1787109375 0.6162109375
0 0.1796875 0.2744140625 0.1787109375 0.2626953125 0.205078125 0.2607421875 0.208984375 0.2626953125 0.208984375 0.2724609375 0.1923828125 0.2734375 0.1904296875 0.275390625 0.1806640625 0.2744140625
0 0.892578125 0.2041015625 0.89453125 0.2060546875 0.89453125 0.2158203125 0.875 0.21875 0.8642578125 0.2177734375 0.86328125 0.2080078125 0.865234375 0.2060546875 0.8916015625 0.2041015625
0 0.1455078125 0.2666015625 0.1484375 0.27734375 0.1279296875 0.2802734375 0.1171875 0.279296875 0.1162109375 0.267578125 0.14453125 0.2666015625
0 0.83984375 0.7568359375 0.841796875 0.76171875 0.8408203125 0.7666015625 0.837890625 0.7685546875 0.82421875 0.76953125 0.814453125 0.7685546875 0.8134765625 0.7587890625 0.8388671875 0.7568359375
0 0.2392578125 0.376953125 0.2705078125 0.3759765625 0.2705078125 0.384765625 0.2685546875 0.38671875 0.2509765625 0.388671875 0.2412109375 0.388671875 0.2392578125 0.38671875 0.2392578125 0.3779296875
0 0.4697265625 0.591796875 0.474609375 0.5947265625 0.474609375 0.6015625 0.46875 0.60546875 0.447265625 0.6064453125 0.4453125 0.6044921875 0.4453125 0.595703125 0.455078125 0.5927734375 0.46875 0.5927734375
0 0.279296875 0.6083984375 0.2822265625 0.61328125 0.2802734375 0.619140625 0.2587890625 0.6220703125 0.2529296875 0.6201171875 0.251953125 0.611328125 0.2783203125 0.6083984375
0 0.7958984375 0.6611328125 0.8212890625 0.66015625 0.8232421875 0.6640625 0.8232421875 0.669921875 0.8203125 0.671875 0.796875 0.6728515625 0.794921875 0.6689453125 0.7958984375 0.662109375
0 0.142578125 0.8076171875 0.14453125 0.8154296875 0.1259765625 0.818359375 0.1162109375 0.8173828125 0.115234375 0.810546875 0.1171875 0.80859375 0.1416015625 0.8076171875
0 0.35595703125 0.31591796875 0.0322265625 0.0166015625
0 0.267578125 0.7109375 0.2685546875 0.701171875 0.2900390625 0.69921875 0.294921875 0.69921875 0.2958984375 0.701171875 0.294921875 0.7099609375 0.2763671875 0.712890625 0.2685546875 0.7109375
0 0.5361328125 0.24609375 0.5361328125 0.234375 0.5537109375 0.232421875 0.564453125 0.232421875 0.5654296875 0.244140625 0.537109375 0.24609375
0 0.3291015625 0.6142578125 0.328125 0.60546875 0.330078125 0.603515625 0.35546875 0.6025390625 0.3583984375 0.6103515625 0.35546875 0.6142578125 0.3291015625 0.615234375
0 0.1787109375 0.455078125 0.2080078125 0.453125 0.2099609375 0.4609375 0.20703125 0.46484375 0.1826171875 0.466796875 0.1796875 0.46484375 0.1787109375 0.4560546875
0 0.3564453125 0.3681640625 0.3623046875 0.3681640625 0.3642578125 0.37890625 0.3623046875 0.380859375 0.3486328125 0.3818359375 0.333984375 0.380859375 0.3330078125 0.37109375 0.3369140625 0.369140625 0.3466796875 0.3701171875 0.3486328125 0.3681640625 0.35546875 0.3681640625
0 0.8837890625 0.470703125 0.884765625 0.4794921875 0.8828125 0.4814453125 0.8564453125 0.484375 0.853515625 0.48046875 0.8564453125 0.4716796875 0.8828125 0.470703125
0 0.712890625 0.21875 0.71484375 0.220703125 0.7138671875 0.2314453125 0.70703125 0.2333984375 0.6943359375 0.232421875 0.6923828125 0.234375 0.6845703125 0.232421875 0.685546875 0.2216796875 0.7119140625 0.21875
0 0.0859375 0.3896484375 0.0888671875 0.3955078125 0.0869140625 0.4013671875 0.0693359375 0.404296875 0.0576171875 0.4033203125 0.0576171875 0.3916015625 0.072265625 0.388671875 0.0849609375 0.3896484375
0 0.86376953125 0.33203125 0.033203125 0.015625
0 0.712890625 0.33984375 0.7138671875 0.349609375 0.7109375 0.3525390625 0.697265625 0.353515625 0.68359375 0.353515625 0.68359375 0.341796875 0.7119140625 0.33984375
0 0.6533203125 0.2236328125 0.6552734375 0.224609375 0.65625 0.2353515625 0.6494140625 0.23828125 0.6376953125 0.2392578125 0.6279296875 0.23828125 0.625 0.234375 0.625 0.2275390625 0.6279296875 0.2255859375 0.65234375 0.2236328125
0 0.34765625 0.6953125 0.373046875 0.693359375 0.375 0.6962890625 0.3740234375 0.7041015625 0.3603515625 0.70703125 0.3486328125 0.7060546875 0.34765625 0.6962890625
0 0.10546875 0.62744140625 0.0302734375 0.0146484375
0 0.4765625 0.78125 0.4892578125 0.78125 0.4921875 0.7880859375 0.486328125 0.7919921875 0.474609375 0.79296875 0.4658203125 0.79296875 0.462890625 0.7841796875 0.4755859375 0.78125
0 0.3076171875 0.25390625 0.3349609375 0.25 0.337890625 0.25390625 0.3388671875 0.2607421875 0.3369140625 0.263671875 0.3115234375 0.265625 0.3076171875 0.26171875 0.3076171875 0.2548828125
0 0.5400390625 0.5869140625 0.54296875 0.5908203125 0.5419921875 0.59765625 0.5244140625 0.6005859375 0.5146484375 0.599609375 0.5146484375 0.5888671875 0.5390625 0.5869140625
0 0.5087890625 0.4296875 0.51171875 0.4365234375 0.5087890625 0.44140625 0.4931640625 0.4423828125 0.4912109375 0.4443359375 0.4814453125 0.443359375 0.4794921875 0.4365234375 0.4814453125 0.431640625 0.5078125 0.4296875
0 0.5048828125 0.5 0.5078125 0.5068359375 0.5068359375 0.51171875 0.4931640625 0.513671875 0.4794921875 0.513671875 0.4775390625 0.5078125 0.4794921875 0.5009765625 0.50390625 0.5
0 0.3515625 0.259765625 0.3525390625 0.2490234375 0.37109375 0.248046875 0.375 0.24609375 0.3818359375 0.2490234375 0.380859375 0.2607421875 0.3544921875 0.26171875 0.3525390625 0.259765625
0 0.4755859375 0.685546875 0.478515625 0.6904296875 0.4775390625 0.6962890625 0.4580078125 0.6982421875 0.451171875 0.697265625 0.451171875 0.6875 0.474609375 0.685546875
0 0.0439453125 0.2734375 0.0478515625 0.28515625 0.0458984375 0.287109375 0.0234375 0.2890625 0.015625 0.2861328125 0.0146484375 0.27734375 0.0166015625 0.275390625 0.0234375 0.2734375 0.04296875 0.2734375
0 0.62890625 0.287109375 0.6298828125 0.296875 0.6279296875 0.298828125 0.611328125 0.3017578125 0.6015625 0.3017578125 0.5986328125 0.2998046875 0.59765625 0.291015625 0.599609375 0.2890625 0.6279296875 0.287109375
0 0.533203125 0.77734375 0.5361328125 0.779296875 0.53515625 0.7880859375 0.5166015625 0.7900390625 0.5107421875 0.7900390625 0.5087890625 0.7880859375 0.5078125 0.783203125 0.509765625 0.779296875 0.5322265625 0.77734375
0 0.83984375 0.564453125 0.841796875 0.56640625 0.8408203125 0.5751953125 0.8271484375 0.578125 0.8134765625 0.578125 0.8115234375 0.56640625 0.8310546875 0.5634765625 0.8388671875 0.564453125
0 0.595703125 0.228515625 0.6220703125 0.2275390625 0.625 0.2373046875 0.62109375 0.240234375 0.595703125 0.2412109375 0.59375 0.2373046875 0.595703125 0.2294921875
0 0.2080078125 0.7060546875 0.212890625 0.70703125 0.2138671875 0.716796875 0.1923828125 0.7197265625 0.1865234375 0.7177734375 0.185546875 0.708984375 0.20703125 0.7060546875
0 0.8671875 0.265625 0.869140625 0.2666015625 0.8701171875 0.2763671875 0.85546875 0.2802734375 0.8408203125 0.2802734375 0.83984375 0.2685546875 0.8662109375 0.265625
0 0.798828125 0.33203125 0.798828125 0.3427734375 0.7734375 0.3466796875 0.7685546875 0.34375 0.76953125 0.333984375 0.7978515625 0.33203125
0 0.4384765625 0.2421875 0.453125 0.2421875 0.455078125 0.244140625 0.455078125 0.25390625 0.453125 0.255859375 0.4423828125 0.2568359375 0.4267578125 0.2568359375 0.423828125 0.25390625 0.4248046875 0.244140625 0.4375 0.2421875
0 0.294921875 0.796875 0.296875 0.7998046875 0.2958984375 0.8046875 0.29296875 0.806640625 0.279296875 0.8076171875 0.2685546875 0.806640625 0.2685546875 0.7978515625 0.2939453125 0.796875
0 0.86962890625 0.40576171875 0.0322265625 0.015625
0 0.501953125 0.2373046875 0.5048828125 0.2412109375 0.50390625 0.2490234375 0.484375 0.2509765625 0.4765625 0.2509765625 0.474609375 0.2490234375 0.4755859375 0.2392578125 0.5009765625 0.2373046875