1 0 0.40711551171875 0.018573125 0.4067910712890625 0.0241203994140625 0.4035090556640625 0.019276927734375 0.3237684033203125 0.008739306640625 0.316801669921875 0.001041421875 0.3174565244140625 0 0.318204587890625 0 0.40711551171875
1 0.054979259765625 0.4028174775390625 0.055902171875 0.3850275185546875 0.05099994921875 0.333083626953125 0.0469166044921875 0.319328865234375 0.0416545263671875 0.316038283203125 0.032914998046875 0.316343474609375 0.0285844033203125 0.3249875302734375 0.0225230380859375 0.3282874990234375 0.021303912109375 0.3375949736328125 0.024647953125 0.403876669921875 0.025729990234375 0.40538303515625 0.050947326171875 0.405274501953125 0.054979259765625 0.4028174775390625
1 0.078235697265625 0.31707706640625 0.0684006669921875 0.31549032421875 0.0529082021484375 0.3287705751953125 0.056521529296875 0.4027636201171875 0.0735942119140625 0.40525573046875 0.0884624267578125 0.403578408203125 0.090817447265625 0.39731956640625 0.090090375 0.3764989248046875 0.0852016171875 0.3249406005859375 0.078235697265625 0.31707706640625
1 0.10006983203125 0.3232632783203125 0.0889079619140625 0.3278994736328125 0.0886472470703125 0.3499127236328125 0.0929570390625 0.384891646484375 0.091439251953125 0.400386154296875 0.0946045771484375 0.40259184375 0.1018422294921875 0.403497212890625 0.12289298828125 0.4019900283203125 0.1243679365234375 0.4000083349609375 0.1242761318359375 0.3826398466796875 0.121373966796875 0.3437513916015625 0.1187092666015625 0.341142181640625 0.121172001953125 0.3379678798828125 0.1203213046875 0.3283466455078125 0.110758005859375 0.31980173828125 0.1046562490234375 0.3219450048828125 0.103033193359375 0.31968545703125 0.10006983203125 0.3232632783203125
1 0.15737740625 0.4019439189453125 0.1593664443359375 0.3999442724609375 0.1551043837890625 0.3221135048828125 0.1470968193359375 0.3139003076171875 0.1398322392578125 0.3122238037109375 0.13375741015625 0.315138205078125 0.1314293173828125 0.3221681806640625 0.1268294375 0.323100888671875 0.122851361328125 0.327100181640625 0.124908955078125 0.4007615166015625 0.12650508203125 0.4022499296875 0.13992527734375 0.4033254365234375 0.15737740625 0.4019439189453125
1 0.1682136875 0.40272362109375 0.189792 0.4015840517578125 0.19229512890625 0.3995664521484375 0.192677021484375 0.3810233095703125 0.189561873046875 0.321296259765625 0.1878984248046875 0.3178800107421875 0.1815947021484375 0.314239765625 0.175845462890625 0.31173826953125 0.170691099609375 0.3115322265625 0.1666591650390625 0.31398925 0.15832356640625 0.32586146484375 0.157521833984375 0.3471215322265625 0.161449732421875 0.40064359765625 0.1682136875 0.40272362109375
1 0.1964482412109375 0.40057953515625 0.2072710576171875 0.400973669921875 0.229323068359375 0.3986594462890625 0.2312043916015625 0.3935752587890625 0.226331544921875 0.32773298828125 0.2212604130859375 0.315170833984375 0.213861189453125 0.30963865625 0.2046075703125 0.3099617998046875 0.1987212421875 0.31827414453125 0.191631697265625 0.3216100185546875 0.1896965166015625 0.325151935546875 0.193314736328125 0.36980594921875 0.1932963798828125 0.3987594130859375 0.1964482412109375 0.40057953515625
1 0.262589572265625 0.31951815234375 0.25932999609375 0.3146134892578125 0.24883276953125 0.308803458984375 0.240607330078125 0.3090906982421875 0.2367773603515625 0.3173312333984375 0.2297147451171875 0.3214382412109375 0.228293654296875 0.3249622060546875 0.2334357880859375 0.3985158271484375 0.23812991796875 0.4002820927734375 0.2648760595703125 0.3997341337890625 0.2668920263671875 0.3985056220703125 0.262589572265625 0.31951815234375
1 0.299033654296875 0.33137077734375 0.29174214453125 0.3289231376953125 0.273194513671875 0.32841272265625 0.266565203125 0.3301883740234375 0.2636691630859375 0.3356940322265625 0.26842083203125 0.398066197265625 0.2756584833984375 0.39897156640625 0.3002405498046875 0.395410876953125 0.3032443037109375 0.3929897587890625 0.3044499658203125 0.38329671484375 0.299033654296875 0.33137077734375
1 0.34246324609375 0.3958666171875 0.3400298857421875 0.3851425380859375 0.3373590595703125 0.3381392138671875 0.3351007353515625 0.33242751171875 0.331881552734375 0.328679552734375 0.3251714541015625 0.328141798828125 0.3010765498046875 0.3309133994140625 0.3063423076171875 0.393267611328125 0.31982982421875 0.396270955078125 0.3240502587890625 0.3992118759765625 0.3323026259765625 0.3996957724609375 0.34246324609375 0.3958666171875
1 0.371006244140625 0.3288574384765625 0.3667992744140625 0.3263020849609375 0.35908792578125 0.32657137109375 0.3431915302734375 0.328284599609375 0.338685900390625 0.33191627734375 0.3420617626953125 0.369630078125 0.34143506640625 0.395902521484375 0.344059373046875 0.397355029296875 0.375365001953125 0.394717662109375 0.3772597900390625 0.39001904296875 0.371006244140625 0.3288574384765625
1 0.3740369267578125 0.3272074541015625 0.3794642568359375 0.3941884755859375 0.3857006572265625 0.3959008837890625 0.411351296875 0.3934609931640625 0.41382749609375 0.3906722587890625 0.409441810546875 0.324040900390625 0.403232337890625 0.323099626953125 0.37602596484375 0.325207806640625 0.3740369267578125 0.3272074541015625
1 0.4212524140625 0.3232424267578125 0.4156108896484375 0.323825470703125 0.413161619140625 0.3273853408203125 0.415437087890625 0.3925462392578125 0.4201446826171875 0.394698072265625 0.4417903173828125 0.39548633984375 0.4520047939453125 0.3931994541015625 0.4500953076171875 0.323779361328125 0.4433448173828125 0.32208490625 0.4212524140625 0.3232424267578125
1 0.47837025390625 0.322791978515625 0.4536939375 0.3236536943359375 0.451758755859375 0.327195611328125 0.4540611533203125 0.39312764453125 0.4582411943359375 0.39491186328125 0.4849604072265625 0.39359276953125 0.487490462890625 0.3923463056640625 0.489371787109375 0.387262119140625 0.486676478515625 0.3248181455078125 0.47837025390625 0.322791978515625
1 0.4909679140625 0.38875053125 0.4941601689453125 0.3917273564453125 0.515291712890625 0.3925335771484375 0.5228684189453126 0.3884086162109375 0.5242491162109375 0.3837279501953125 0.5236909541015625 0.3235255712890625 0.5200115390625 0.3213378330078125 0.51174570703125 0.320468369140625 0.4922910751953125 0.3234639658203125 0.4897610185546875 0.3247104306640625 0.488840552734375 0.3278308740234375 0.4894305361328125 0.359465357421875 0.4917561826171875 0.3671048974609375 0.4909679140625 0.38875053125
1 0.560732357421875 0.3230041318359375 0.555483744140625 0.3200991162109375 0.5297927119140625 0.3213823046875 0.5262614033203125 0.32343580859375 0.52554290234375 0.3323397646484375 0.5249651708984375 0.3894935087890625 0.5322566806640625 0.3919411474609375 0.553361296875 0.3919762333984375 0.5584483388671875 0.390254439453125 0.561885396484375 0.385501962890625 0.560732357421875 0.3230041318359375
1 0.6009586767578124 0.3694680634765625 0.6007750693359375 0.3347310888671875 0.5981128154296875 0.31745236328125 0.58880533984375 0.3162332373046875 0.5677545810546875 0.317740421875 0.5637091826171875 0.319811876953125 0.562328484375 0.3244925439453125 0.5641167919921874 0.39044253125 0.567809671875 0.3930158359375 0.597599958984375 0.3912034599609375 0.5995889970703125 0.389203814453125 0.6009586767578124 0.3694680634765625
1 0.60686704296875 0.391265884765625 0.636657330078125 0.3894535087890625 0.638309759765625 0.3778146767578125 0.6349963271484375 0.371367744140625 0.6394481005859375 0.3661937958984375 0.64058644140625 0.3545729150390625 0.639603546875 0.3264264912109375 0.636750345703125 0.3184193369140625 0.623763455078125 0.31501247265625 0.603294107421875 0.318429541015625 0.6012169453125 0.3621243310546875 0.6034483408203125 0.3670648974609375 0.60168575 0.39028870703125 0.60686704296875 0.391265884765625
1 0.671087890625 0.387865130859375 0.6754723427734375 0.3807633447265625 0.6741075546875 0.3711600625 0.678682953125 0.3547867060546875 0.6791346142578125 0.3235018857421875 0.677349986328125 0.316615529296875 0.672087908203125 0.3133249453125 0.6664194541015624 0.3131368544921875 0.6464776611328125 0.3169215380859375 0.64145794140625 0.320571169921875 0.640779833984375 0.330631828125 0.6402718701171874 0.37504389453125 0.6422988544921875 0.3888704658203125 0.671087890625 0.387865130859375
1 0.714297140625 0.3133951171875 0.6823697060546875 0.3129658974609375 0.6794063466796875 0.31654371875 0.678285150390625 0.387613796875 0.713297123046875 0.3879353017578125 0.715299625 0.38632122265625 0.7159508046875 0.3754894287109375 0.714152712890625 0.36821750390625 0.7169165546875 0.3441866552734375 0.714297140625 0.3133951171875
1 0.7173559853515625 0.3862494130859375 0.7200206845703125 0.388858623046875 0.75186733203125 0.3869744375 0.7543839248046875 0.38534240625 0.7551024248046875 0.3764384501953125 0.7556238525390625 0.332411951171875 0.7534891533203125 0.3155008408203125 0.74722582421875 0.313017296875 0.7358754521484375 0.3122555478515625 0.722021953125 0.3135113984375 0.7164746787109375 0.3167934150390625 0.7183241806640625 0.3402771240234375 0.71615521484375 0.36660342578125 0.7173559853515625 0.3862494130859375
1 0.7585370361328125 0.3863554892578125 0.77601609375 0.385745107421875 0.779060240234375 0.384480689453125 0.78088770703125 0.377854234375 0.7838779970703125 0.3750475478515625 0.7921303642578125 0.375531443359375 0.793118150390625 0.3743388359375 0.79530302734375 0.333728587890625 0.7941022578125 0.3140826005859375 0.7904093779296875 0.3115092939453125 0.773390552734375 0.310559455078125 0.7610793232421875 0.311761447265625 0.7550718154296875 0.3166036865234375 0.7553313173828125 0.3829930966796875 0.7585370361328125 0.3863554892578125
1 0.795255296875 0.376580431640625 0.799435337890625 0.3783646494140625 0.816981716796875 0.3796821044921875 0.8308352158203125 0.37842625390625 0.832797326171875 0.37565547265625 0.83518416796875 0.3408287353515625 0.8340507197265625 0.3231105849609375 0.8295609990234375 0.3124583154296875 0.8258411904296875 0.309113875 0.8129485498046874 0.3084059833984375 0.800150158203125 0.3103970634765625 0.796118224609375 0.312854087890625 0.795184294921875 0.31558896484375 0.7967914404296875 0.3321324609375 0.795255296875 0.376580431640625
1 0.836083830078125 0.38133126953125 0.8376799580078125 0.3828196826171875 0.8443900546875 0.3833574365234375 0.8695669970703125 0.3820922001953125 0.873071376953125 0.3792675615234375 0.8739942880859375 0.3614776005859375 0.8721606962890625 0.323709943359375 0.868631833984375 0.3110939326171875 0.8659671337890625 0.30848472265625 0.8458906982421875 0.3084137314453125 0.8331730927734375 0.312718216796875 0.835615025390625 0.3531668935546875 0.8338389697265625 0.376005134765625 0.836083830078125 0.38133126953125
1 0.8782661337890625 0.380630306640625 0.8880742353515625 0.3814459130859375 0.910667263671875 0.37988487109375 0.912115283203125 0.3771320419921875 0.910369814453125 0.2976692431640625 0.899899515625 0.2926303466796875 0.884963978515625 0.2923798330078125 0.8758180751953125 0.2957875146484375 0.8713528369140625 0.300575896484375 0.8709868544921875 0.3048350908203125 0.87375926953125 0.3105288408203125 0.87560143359375 0.3780210966796875 0.8782661337890625 0.380630306640625
1 0.928160998046875 0.291257396484375 0.915944017578125 0.2951583623046875 0.9119659423828125 0.2991576552734375 0.91321078515625 0.379023974609375 0.9271450703125 0.380081529296875 0.94718111328125 0.3789958173828125 0.9499963662109375 0.3711767548828125 0.9499547392578125 0.2962869072265625 0.9457343056640625 0.293345986328125 0.928160998046875 0.291257396484375
1 0.9889313232421875 0.29222355078125 0.9666908134765625 0.2891398310546875 0.9534725830078125 0.2938478359375 0.9515239375 0.2970041845703125 0.950722205078125 0.318264251953125 0.9507662783203125 0.3784845830078125 0.9533771201171874 0.3795515244140625 0.9872666630859375 0.3772099609375 0.990439326171875 0.33540710546875 0.9908775224609375 0.3037367177734375 0.9889313232421875 0.29222355078125
1 0.996798140625 0.414322765625 0.991562990234375 0.4118033173828125 0.9555632314453125 0.4126744189453125 0.95360112109375 0.415445201171875 0.9533269443359375 0.4370728828125 0.9539279453125 0.48376244921875 0.9560516259765625 0.4856184765625 0.9771562421875 0.4856535625 0.995582693359375 0.48269387109375 0.999114001953125 0.4806403662109375 0.996798140625 0.414322765625
1 0.9431993779296876 0.486067287109375 0.949328064453125 0.48469515625 0.951817728515625 0.48229198828125 0.95260355078125 0.4753158701171875 0.9511873515625 0.449500802734375 0.95308703125 0.4154631533203125 0.9462961484375 0.41261199609375 0.908226564453125 0.4131693388671875 0.9047760419921875 0.417536248046875 0.902779666015625 0.46354444140625 0.90403429296875 0.48473269921875 0.9071996181640625 0.486938388671875 0.9431993779296876 0.486067287109375
1 0.902824951171875 0.43536211328125 0.90228637890625 0.4199394140625 0.900054982421875 0.41499884765625 0.8563169462890625 0.4153681005859375 0.853429478515625 0.450598357421875 0.8546951240234375 0.4868416982421875 0.8681153193359376 0.487917205078125 0.90096321875 0.4852259814453125 0.9024650947265624 0.4840154208984375 0.9008175576171875 0.4663152236328125 0.902824951171875 0.43536211328125
1 0.83154296875 0.44970703125 0.048828125 0.078125
1 0.78564453125 0.45263671875 0.0498046875 0.076171875
1 0.7373046875 0.453125 0.04296875 0.078125
1 0.69091796875 0.4560546875 0.05078125 0.07421875
1 0.64208984375 0.45458984375 0.044921875 0.076171875
1 0.59814453125 0.4580078125 0.048828125 0.078125
1 0.55517578125 0.4560546875 0.044921875 0.0751953125
1 0.5107421875 0.45849609375 0.0439453125 0.080078125
1 0.46435546875 0.4580078125 0.048828125 0.0859375
1 0.42041015625 0.458984375 0.037109375 0.07421875
1 0.375 0.46240234375 0.046875 0.07421875
1 0.328125 0.46142578125 0.046875 0.0751953125
1 0.28369140625 0.462890625 0.0478515625 0.076171875
1 0.240234375 0.4658203125 0.048828125 0.078125
1 0.1962890625 0.466796875 0.04296875 0.078125
1 0.15478515625 0.466796875 0.0478515625 0.0771484375
1 0.11669921875 0.46240234375 0.0341796875 0.087890625
1 0.0922740390625 0.4242913359375 0.0681118125 0.4251350986328125 0.0647151474609375 0.4310442783203125 0.0676932060546875 0.5015851689453125 0.06931626171875 0.5038447158203125 0.073469375 0.504857798828125 0.0986732451171875 0.5043636982421875 0.100662283203125 0.50236405078125 0.0959938466796875 0.4276357763671875 0.0922740390625 0.4242913359375
1 0.0402701708984375 0.423791125 0.0295954599609375 0.427638232421875 0.0266051708984375 0.430444919921875 0.0301915703125 0.503666830078125 0.035927345703125 0.5057827578125 0.0646894521484375 0.5040062880859375 0.067219509765625 0.50275982421875 0.061076125 0.4300132421875 0.0573563173828125 0.4266688017578125 0.0402701708984375 0.423791125
1 0 0.50665133203125 0.0256320830078125 0.5057562392578125 0.0286627646484375 0.5041062548828125 0.029206228515625 0.4901899208984375 0.0240212578125 0.4301491142578125 0.022939220703125 0.4286427490234375 0.0013205146484375 0.428625615234375 0 0.4293017880859375 0 0.50665133203125
1 0.0079339375 0.603269716796875 0.0264546396484375 0.603008998046875 0.03270450390625 0.605106974609375 0.0392530302734375 0.60101791796875 0.0342455400390625 0.5313199716796875 0.031446197265625 0.5248550869140625 0.02727962109375 0.5234564365234375 0.0159292490234375 0.5226946875 0.0041590380859375 0.52464986328125 0.000654658203125 0.527474501953125 0.003239806640625 0.6015034521484375 0.0079339375 0.603269716796875
1 0.0402028701171875 0.5839990927734375 0.047655951171875 0.591073541015625 0.0410266396484375 0.5928491923828125 0.0411747470703125 0.59709043359375 0.0427843388671875 0.5989644140625 0.04789830859375 0.5980137548828125 0.056732087890625 0.60040753515625 0.070666373046875 0.60146508984375 0.07137385546875 0.5775060517578126 0.0655377041015625 0.528297037109375 0.06187175390625 0.5264948671875 0.0371954365234375 0.5273565830078125 0.035760880859375 0.5304949794921875 0.03771565234375 0.571732744140625 0.0402028701171875 0.5839990927734375
1 0.1014836064453125 0.525883666015625 0.096221529296875 0.5225930830078125 0.082814796875 0.5219031435546875 0.071518283203125 0.5226836640625 0.0675267421875 0.526297390625 0.0721547861328125 0.599868962890625 0.0743053955078125 0.602496125 0.0784450439453125 0.6031236416015625 0.1020797158203125 0.6019122626953125 0.1040552900390625 0.599527048828125 0.1014836064453125 0.525883666015625
1 0.103920646484375 0.5956713740234375 0.1014579111328125 0.59884567578125 0.1082487958984375 0.601696833984375 0.1324244873046875 0.6012386376953125 0.1343865966796875 0.5984678564453125 0.134631400390625 0.5907385546875 0.1323290029296875 0.524806521484375 0.130178392578125 0.522179357421875 0.1239689208984375 0.5212380849609375 0.106002701171875 0.5226375546875 0.0994272470703125 0.5259554755859375 0.1024554833984375 0.538975005859375 0.1045852900390625 0.5852251484375 0.103920646484375 0.5956713740234375
1 0.1372654912109375 0.533513 0.1342213447265625 0.53477741796875 0.13331434375 0.5382834287109375 0.1364564208984375 0.59878161328125 0.1473734873046875 0.6018747197265625 0.177664400390625 0.5996588251953126 0.1766056123046875 0.5398599658203125 0.17430689453125 0.5329915615234375 0.162402041015625 0.5310910615234375 0.1372654912109375 0.533513
1 0.18196438671875 0.5311800048828125 0.1789606328125 0.5336011240234375 0.1770499345703125 0.55258369140625 0.178692580078125 0.5996229208984375 0.184915517578125 0.60094976171875 0.2198332392578125 0.598572294921875 0.219288541015625 0.5387554833984375 0.2170032880859375 0.5322726455078125 0.2061266142578125 0.5303362421875 0.18196438671875 0.5311800048828125
1 0.2265837294921875 0.60026675 0.264612919921875 0.598552703125 0.2627438271484375 0.5302893134765625 0.224660779296875 0.5304610888671875 0.2221441875 0.53209312109375 0.2208173466796875 0.5383160576171875 0.2228908505859375 0.5976934453125 0.2265837294921875 0.60026675
1 0.3095394755859375 0.5290412109375 0.305860060546875 0.52685347265625 0.2724711435546875 0.5287915146484375 0.2663289921875 0.5297780791015625 0.26438034765625 0.5329344287109375 0.264144115234375 0.5703883271484375 0.2672372275390625 0.6000052109375 0.282700318359375 0.600623341796875 0.30682215234375 0.598622875 0.309785513671875 0.5950450546875 0.3095394755859375 0.5290412109375
1 0.3532101904296875 0.52674412109375 0.3495442392578125 0.5249419501953125 0.3423335166015625 0.5248077158203125 0.31210992578125 0.5289514482421875 0.3093999404296875 0.5545245673828125 0.3113547119140625 0.59576233203125 0.3145065732421875 0.597582455078125 0.3227589404296875 0.5980663505859375 0.35256269140625 0.5966395439453125 0.35498748046875 0.5776390234375 0.3532101904296875 0.52674412109375
1 0.3983032314453125 0.5946562109375 0.3997781796875 0.592674515625 0.39913678515625 0.544828248046875 0.3986789990234375 0.5317189541015624 0.395906583984375 0.526025205078125 0.3634515966796875 0.5252283701171875 0.357837 0.526582548828125 0.3544403359375 0.5324917275390625 0.354464818359375 0.5479323779296875 0.3555664453125 0.594218423828125 0.358204216796875 0.5960564990234375 0.368553337890625 0.5976252880859375 0.3983032314453125 0.5946562109375
1 0.44210858984375 0.596214794921875 0.4446117177734375 0.5941971953125 0.4430412861328125 0.5197467734375 0.4327729521484375 0.520491388671875 0.4246552265625 0.5238631669921875 0.4045922548828125 0.524177744140625 0.39957253515625 0.527827375 0.39901316015625 0.55602765625 0.4013069853515625 0.592235091796875 0.4039851494140625 0.595229869140625 0.4097074599609375 0.5969602294921875 0.44210858984375 0.596214794921875
1 0.5359679384765625 0.527696794921875 0.5299898056640625 0.51864065234375 0.5227656181640625 0.5181208515625 0.5167581103515625 0.5229630888671875 0.495666958984375 0.5233135712890625 0.490620310546875 0.5261920673828125 0.4910621865234375 0.5535853095703125 0.4918945283203125 0.592160005859375 0.4997270556640625 0.5953608271484375 0.5351992607421875 0.5941221103515625 0.537217673828125 0.57822408203125 0.5359679384765625 0.527696794921875
1 0.4466950068359375 0.594896521484375 0.4488052236328125 0.59636698046875 0.463226669921875 0.5966354482421875 0.48787605859375 0.5950025966796875 0.489797775390625 0.59107511328125 0.4895603095703125 0.5547958681640625 0.4876030927734375 0.528227619140625 0.485344767578125 0.52251591796875 0.4823140849609375 0.5241659013671875 0.478634669921875 0.5219781630859375 0.4689477470703125 0.5246326640625 0.45038665234375 0.523736681640625 0.447342505859375 0.5250010986328125 0.44490669921875 0.52894653515625 0.4448907890625 0.543230482421875 0.4466950068359375 0.594896521484375
1 0.577936046875 0.5945598974609375 0.5809532646484376 0.5925243447265625 0.5812923193359375 0.587494015625 0.58012581640625 0.5246106171875 0.5783815810546875 0.518880962890625 0.5746348447265625 0.5147653876953125 0.5679516748046874 0.5149987685546875 0.5645146171875 0.5197512451171875 0.5438971630859375 0.518927072265625 0.536374314453125 0.524594302734375 0.535440384765625 0.5273291796875 0.53722869140625 0.5932791650390625 0.539352373046875 0.595135193359375 0.577936046875 0.5945598974609375
1 0.624878568359375 0.5238198916015625 0.5826693359375 0.5237497197265625 0.581380443359375 0.5457988740234375 0.5816044443359375 0.5816925517578125 0.5835102509765625 0.592049015625 0.588190916015625 0.5934297138671875 0.6082673525390625 0.593500705078125 0.623122103515625 0.591437814453125 0.6265053037109375 0.585143068359375 0.624878568359375 0.5238198916015625
1 0.66654678125 0.523136880859375 0.6475254541015625 0.5238011201171875 0.6397602470703125 0.52252813671875 0.62947844921875 0.522887185546875 0.6264612314453125 0.524922736328125 0.6272348232421875 0.5912941953125 0.637083318359375 0.59326650390625 0.6689165009765625 0.590996751953125 0.6713927001953125 0.588208017578125 0.669712107421875 0.5253425712890625 0.66654678125 0.523136880859375
1 0.7179692392578125 0.5217272060546875 0.714844306640625 0.52067821875 0.678844546875 0.5215493203125 0.6727158603515625 0.5229214521484375 0.6721564853515625 0.5511217333984375 0.6730292197265625 0.5908531328125 0.677736814453125 0.59300496484375 0.7055111357421875 0.5924211025390625 0.7156717548828125 0.5885919462890625 0.718554330078125 0.582700720703125 0.7179692392578125 0.5217272060546875
1 0.7659044609375 0.5825913681640625 0.7632360810546875 0.520918529296875 0.7560253583984375 0.520784294921875 0.7448096298828125 0.523878220703125 0.7349476708984375 0.52152034375 0.721567869140625 0.5216015390625 0.71868284765625 0.54216228125 0.719892189453125 0.5915328671875 0.7461915615234375 0.59293069921875 0.7626155107421875 0.5915850859375 0.765132103515625 0.5899530546875 0.7659044609375 0.5825913681640625
1 0.7671480703125 0.58872454296875 0.772870380859375 0.5904549033203125 0.775373509765625 0.5884373037109375 0.775672169921875 0.582250271484375 0.778581673828125 0.5771301806640625 0.788295525390625 0.5752468154296875 0.8068162265625 0.574986095703125 0.8103206064453125 0.57216145703125 0.8116009287109375 0.5203877041015625 0.8048504375 0.518693248046875 0.7889675068359375 0.52079204296875 0.7770761171875 0.519277111328125 0.7683500517578125 0.519967869140625 0.765440548828125 0.5250879609375 0.7654246376953125 0.5393719091796875 0.7671480703125 0.58872454296875
1 0.828042021484375 0.5784912890625 0.8315708837890625 0.5911072998046875 0.8561798779296875 0.5883177470703125 0.85907591796875 0.582812087890625 0.8589241298828125 0.5195072158203125 0.8552581787109375 0.517705046875 0.846004560546875 0.5180281904296875 0.8322318466796875 0.5215974453125 0.828565896484375 0.5197952744140625 0.81464507421875 0.519123287109375 0.812206822265625 0.5377382392578125 0.81118721484375 0.5674987421875 0.8129583779296875 0.57399953125 0.828042021484375 0.5784912890625
1 0.859556953125 0.53762888671875 0.859832365234375 0.589734349609375 0.8660553017578125 0.5910611904296875 0.907128638671875 0.5880827275390625 0.90780306640625 0.518958439453125 0.9057063134765625 0.517873546875 0.86299645703125 0.51820689453125 0.8600196318359375 0.5213991494140625 0.859556953125 0.53762888671875
1 0.9581838798828125 0.517199103515625 0.94270732421875 0.5161954052734375 0.91907265234375 0.517406783203125 0.9124298759765626 0.5187968681640625 0.91048123046875 0.521953216796875 0.9088214619140625 0.5776005966796876 0.910740732421875 0.5883426279296875 0.9205892275390625 0.5903149365234375 0.9586184189453125 0.5886008896484375 0.95970779296875 0.546098708984375 0.9581838798828125 0.517199103515625
1 1 0.5153492705078125 0.9648401201171874 0.5161945859375 0.96129534765625 0.5178625234375 0.9600040078125 0.5545811923828124 0.961716421875 0.5888787431640625 0.9761647978515625 0.589918345703125 1 0.5877064375 1 0.5153492705078125
1 1 0.6165399052734375 0.9709651484375 0.6178946298828125 0.9654044091796875 0.620791080078125 0.96376055078125 0.66215451171875 0.9635940869140625 0.686866732421875 0.9662722509765626 0.689861509765625 1 0.689008302734375 1 0.6165399052734375
1 0.92714755859375 0.6896836240234375 0.9600493154296875 0.6885346689453125 0.962538978515625 0.6861315029296875 0.9633921220703126 0.681083220703125 0.964403158203125 0.621598119140625 0.9612243681640625 0.619006861328125 0.953973251953125 0.61771592578125 0.9307718837890625 0.6165959462890624 0.9225599091796876 0.6172687529296875 0.918501046875 0.618954642578125 0.9175671171875 0.62168951953125 0.9198291220703125 0.6864648505859375 0.921438712890625 0.6883388310546875 0.92714755859375 0.6896836240234375
1 0.9165524013671875 0.6221109921875 0.9154703642578125 0.620604626953125 0.89276962109375 0.61908112890625 0.8742623837890625 0.619727416015625 0.87181311328125 0.6232872841796875 0.872072615234375 0.6896766943359375 0.886547919921875 0.6914874326171875 0.91478247265625 0.68934334765625 0.917732369140625 0.6853799580078125 0.9185451201171875 0.679174974609375 0.9165524013671875 0.6221109921875
1 0.8639536572265625 0.619315328125 0.8356787099609375 0.6203027119140625 0.8260860380859375 0.6256561845703125 0.8273198623046875 0.6904674208984375 0.8309858134765625 0.6922695908203125 0.8674458056640625 0.6898382666015626 0.8694752373046875 0.688995322265625 0.87038223828125 0.685489310546875 0.8706906826171875 0.620624216796875 0.8639536572265625 0.619315328125
1 0.7802916416015625 0.62609724609375 0.7809709833984375 0.6897697333984375 0.78619266796875 0.6919036142578125 0.8242622509765625 0.69134626953125 0.8257237353515625 0.6889790078125 0.825071322265625 0.62607765625 0.8224200869140625 0.623854013671875 0.7837825556640625 0.622887041015625 0.7802916416015625 0.62609724609375
1 0.7786685859375 0.62383769921875 0.7765314404296875 0.6215961044921875 0.759499150390625 0.620260697265625 0.734809369140625 0.620736845703125 0.733835046875 0.62231501953125 0.73466249609375 0.690228748046875 0.736772712890625 0.6916992080078125 0.750179443359375 0.6923891474609375 0.7784274619140625 0.6906306298828125 0.7799428037109375 0.689805638671875 0.7786685859375 0.62383769921875
1 0.6875534892578125 0.623545169921875 0.6883270810546875 0.68991662890625 0.6925475146484374 0.692857548828125 0.7305901689453125 0.6915290703125 0.733488654296875 0.671353896484375 0.7328068671875 0.6223509248046875 0.7183315634765625 0.6205401884765624 0.6900566171875 0.6215275712890626 0.6875534892578125 0.623545169921875
1 0.6694391630859375 0.6207033974609375 0.6432205751953125 0.621618970703125 0.6423784501953125 0.6417223359375 0.6430737021484375 0.6911108740234375 0.651366462890625 0.69275147265625 0.6852963984375 0.69156661328125 0.6872854365234375 0.6895669658203125 0.6865118447265625 0.6231955078125 0.6833599833984375 0.621375384765625 0.6694391630859375 0.6207033974609375
1 0.6401495 0.6221122529296875 0.633926564453125 0.620785412109375 0.5979671982421875 0.6228132158203125 0.5959781591796875 0.62481286328125 0.5958679990234375 0.6363978388671875 0.5978068603515625 0.6919195517578125 0.621522318359375 0.6930215771484375 0.6399891630859375 0.691218587890625 0.6419378076171876 0.68806223828125 0.64225237890625 0.667591259765625 0.6401495 0.6221122529296875
1 0.5669614638671875 0.6929966962890625 0.59420823046875 0.69204521875 0.5956697138671875 0.6896779560546875 0.595757837890625 0.6479828154296875 0.5938140849609375 0.6218001328125 0.585413609375 0.6170749951171876 0.5792610556640625 0.619606072265625 0.5608180791015625 0.620250115234375 0.5582880224609374 0.621496580078125 0.5541079814453125 0.619712361328125 0.550143369140625 0.62409722265625 0.5524861591796875 0.691185958984375 0.554596376953125 0.6926564189453125 0.5669614638671875 0.6929966962890625
1 0.550641548828125 0.63836321875 0.545516560546875 0.624258794921875 0.5439338974609375 0.62315594921875 0.5285919853515625 0.626007927734375 0.505958564453125 0.626412265625 0.5082609619140624 0.692344298828125 0.5468850283203125 0.6929257060546875 0.5499291748046875 0.6916612890625 0.5508227119140625 0.6877697099609374 0.5510050849609375 0.6487735400390625 0.550641548828125 0.63836321875
1 0.49352615625 0.62414415234375 0.491916564453125 0.622270171875 0.47853676171875 0.6223513671875 0.4641422431640625 0.6228540341796875 0.461205810546875 0.6272029912109375 0.4634274228515625 0.69082162109375 0.4666196767578125 0.6937984453125 0.5051898857421875 0.6928375810546875 0.5063710654296875 0.6677038876953125 0.5044162939453125 0.626466123046875 0.49352615625 0.62414415234375
1 0.418174044921875 0.692015865234375 0.42389635546875 0.6937462265625 0.440387626953125 0.694328451171875 0.459909580078125 0.69326069140625 0.461871689453125 0.69048991015625 0.4607186494140625 0.6279920791015625 0.457432146484375 0.62231628125 0.4465554716796875 0.6203798779296875 0.43267504296875 0.6208645927734375 0.429536646484375 0.619430037109375 0.42236631640625 0.620452505859375 0.4184420966796875 0.6259940693359375 0.4170724169921875 0.6457298193359375 0.41916427734375 0.6761537431640625 0.418174044921875 0.692015865234375
1 0.4165375244140625 0.6893707509765625 0.4173527216796875 0.6684962509765625 0.4158581826171875 0.6256982646484375 0.4075519580078125 0.62367209765625 0.3906004541015625 0.624650095703125 0.380873138671875 0.6261478935546875 0.376327115234375 0.6286228701171875 0.3739047734375 0.632953875 0.37303571875 0.652286103515625 0.372826416015625 0.690511138671875 0.3816736591796875 0.6932904873046875 0.41458887890625 0.6925271005859375 0.4165375244140625 0.6893707509765625
1 0.3726746279296875 0.627206267578125 0.3700099296875 0.6245970576171875 0.3344973310546875 0.6246790712890625 0.33095255859375 0.6263470078125 0.32908469921875 0.63181676171875 0.3306710419921875 0.691983236328125 0.3405195361328125 0.693955544921875 0.368794482421875 0.692968162109375 0.371297611328125 0.6909505634765625 0.3727076826171875 0.672371515625 0.3726746279296875 0.627206267578125
1 0.3296293974609375 0.6916335732421875 0.330619630859375 0.675771451171875 0.32846289453125 0.62875017578125 0.3216316181640625 0.624742314453125 0.3016090390625 0.62621359375 0.28923048828125 0.6254877490234375 0.2842646240234375 0.6306796494140625 0.2869599326171875 0.6931236240234375 0.2895977041015625 0.69496169921875 0.299405806640625 0.6957773056640625 0.32609808984375 0.693687078125 0.3296293974609375 0.6916335732421875
1 0.240012498046875 0.63106685546875 0.2422206455078125 0.69429991796875 0.244357791015625 0.6965415126953125 0.28241391015625 0.6955986015625 0.285390734375 0.6924063466796875 0.28362935546875 0.62722749609375 0.2486039189453125 0.6265204228515625 0.241974607421875 0.6282960732421875 0.240012498046875 0.63106685546875
1 0.24062941015625 0.6634724736328125 0.2383894423828125 0.62880730859375 0.2151476806640625 0.626530626953125 0.1997653759765625 0.62822590234375 0.1963956396484375 0.6349062158203125 0.197281837890625 0.6750231826171875 0.200078734375 0.69615758203125 0.2027030419921875 0.69761008984375 0.2386893369140625 0.6963534208984375 0.2407053037109375 0.6951249091796875 0.24062941015625 0.6634724736328125
1 0.1862252353515625 0.6974134326171875 0.1953980673828125 0.694776884765625 0.1968191591796875 0.6912529208984375 0.19539194140625 0.650382771484375 0.1906194716796875 0.6316335849609375 0.1863990380859375 0.6286926650390625 0.179648546875 0.6269982099609375 0.1513736005859375 0.6279855927734375 0.1484775615234375 0.6334912509765624 0.1506453154296875 0.6955676103515624 0.1532830869140625 0.697405685546875 0.164646921875 0.698553001953125 0.1862252353515625 0.6974134326171875
1 0.1471140078125 0.6976211142578125 0.1490761171875 0.6948503330078125 0.1476537919921875 0.62464115234375 0.140755193359375 0.6187054541015625 0.116092341796875 0.6199527373046875 0.112587962890625 0.6227773759765625 0.1139747861328125 0.6624908232421876 0.1163946826171875 0.6728293349609376 0.115660271484375 0.696017240234375 0.1193396875 0.6982049775390625 0.1471140078125 0.6976211142578125
1 0.1006427158203125 0.61972017578125 0.0847059267578125 0.6202767001953124 0.07503246875 0.6233167685546875 0.0806886923828125 0.6968524365234375 0.0838270888671875 0.6982869921875 0.1126295888671875 0.6976672236328125 0.1156468076171875 0.695631671875 0.1110860859375 0.623987935546875 0.1063246328125 0.6202938330078125 0.1006427158203125 0.61972017578125
1 0.081003263671875 0.6763814560546875 0.07523443359375 0.6291002802734375 0.0776298466796875 0.623998140625 0.0723677685546875 0.62070755859375 0.0641154013671875 0.6202236611328125 0.0518041708984375 0.6214256552734375 0.045242181640625 0.625129142578125 0.049275349609375 0.696405263671875 0.0529412998046875 0.6982074345703125 0.077644544921875 0.698116853515625 0.0801746025390625 0.696870388671875 0.081003263671875 0.6763814560546875
1 0.0221093681640625 0.699670146484375 0.046258130859375 0.69844081640625 0.0481529189453125 0.6937421962890625 0.0480072578125 0.674831439453125 0.0431858212890625 0.6252009521484375 0.039980103515625 0.621838560546875 0.0301585380859375 0.62063738671875 0.0168056630859375 0.6214897158203125 0.0118128720703125 0.625910482421875 0.012023408203125 0.6614185927734375 0.01583257421875 0.69680103515625 0.0174556298828125 0.699060583984375 0.0221093681640625 0.699670146484375
1 0.0232293525390625 0.7170027294921875 0.0154910751953125 0.716500880859375 0.0109315869140625 0.7185902890625 0.007386814453125 0.7202582265625 0.0090563896484375 0.76806858984375 0.0317167392578125 0.76843538671875 0.0336519208984375 0.7648934697265625 0.0315894345703125 0.7205711650390625 0.0232293525390625 0.7170027294921875
1 0.0640578857421875 0.721753568359375 0.05671251953125 0.71776366015625 0.0448076650390625 0.71586316015625 0.03666301171875 0.7184638037109375 0.033726580078125 0.7228127607421875 0.0346801005859375 0.764857564453125 0.037872353515625 0.7678343896484375 0.0564469130859375 0.7691159404296875 0.0620345810546875 0.7669906259765625 0.0633748857421875 0.7611532568359375 0.0640578857421875 0.721753568359375
1 0.0787914580078125 0.7162205703125 0.0670212470703125 0.71817574609375 0.0635168671875 0.721000384765625 0.065565888671875 0.7649371220703125 0.0729112548828125 0.768927029296875 0.092920369140625 0.76707018359375 0.09442224609375 0.7658596240234375 0.094817603515625 0.747702048828125 0.092846921875 0.720748232421875 0.0787914580078125 0.7162205703125
1 0.1216494228515625 0.7201284638671875 0.11588671875 0.71724140234375 0.107607421875 0.71598637109375 0.10247998828125 0.7165514619140625 0.09336101171875 0.7207302802734376 0.0954663369140625 0.751539771484375 0.09442224609375 0.7658596240234375 0.1001984150390625 0.76913225390625 0.1217901923828125 0.768378251953125 0.1256091416015625 0.745082634765625 0.1216494228515625 0.7201284638671875
1 0.154177857421875 0.76724725 0.1562905205078125 0.7540481953125 0.1529954443359375 0.7186477998046875 0.14468921875 0.7166216337890625 0.129780611328125 0.7171422529296875 0.1252076591796875 0.7188460947265625 0.123272478515625 0.72238801171875 0.1251782841796875 0.7327444755859375 0.1253753564453125 0.7678670185546875 0.1352373154296875 0.77022489453125 0.1501593876953125 0.7700898427734375 0.154177857421875 0.76724725
1 0.165212423828125 0.7147468349609375 0.1591375947265625 0.7176612353515625 0.1556736083984375 0.721642578125 0.1557470556640625 0.7679645283203125 0.181545802734375 0.7697658798828125 0.1860245048828125 0.76536306640625 0.1876903994140625 0.75410980078125 0.1859914501953125 0.7201978173828125 0.1718955927734375 0.714513453125 0.165212423828125 0.7147468349609375
1 0.216322755859375 0.719138625 0.211060677734375 0.7158480419921875 0.2027813818359375 0.7145930107421875 0.1895092939453125 0.7177587451171875 0.1880612744140625 0.7205115751953125 0.19016415234375 0.7659905810546875 0.20523433203125 0.7700967705078124 0.216530845703125 0.76931625 0.2199948330078125 0.765334908203125 0.2207267978515625 0.75681651953125 0.216322755859375 0.719138625
1 0.238781140625 0.7137219091796875 0.2295275224609375 0.714045052734375 0.219407294921875 0.71903091015625 0.2215774951171875 0.76643775390625 0.223173623046875 0.767926166015625 0.2324810986328125 0.76914529296875 0.2468756171875 0.768642625 0.2507055849609375 0.76040208984375 0.2487238857421875 0.7183931904296875 0.238781140625 0.7137219091796875
1 0.2722777724609375 0.71486840625 0.258370416015625 0.7145819873046875 0.25137512109375 0.7206168330078125 0.2529235166015625 0.76495708984375 0.263854048828125 0.7684357626953126 0.2772069228515625 0.7675834326171875 0.28219971484375 0.763162666015625 0.2829316796875 0.75464427734375 0.280624390625 0.718051275390625 0.2722777724609375 0.71486840625
1 0.3121650380859375 0.76636266796875 0.316129650390625 0.761977806640625 0.311442857421875 0.71620299609375 0.29384262109375 0.7133432705078125 0.28269421484375 0.718365033203125 0.2845816640625 0.7576749599609375 0.2866514873046875 0.7579887177734375 0.2868130595703125 0.76261552734375 0.29107388671875 0.7667131494140625 0.2947129091796875 0.767744185546875 0.3121650380859375 0.76636266796875
1 0.344512310546875 0.7640749638671875 0.3458391513671875 0.75785202734375 0.3458868828125 0.71500018359375 0.3411658232421875 0.7124627822265625 0.324146998046875 0.711512943359375 0.31448700390625 0.714938578125 0.3125652880859375 0.7188660625 0.3161835078125 0.7635200771484375 0.3177930986328125 0.765394056640625 0.327154431640625 0.768155453125 0.34052076953125 0.7676886904296875 0.344512310546875 0.7640749638671875
1 0.351988640625 0.7128569169921875 0.3489579580078125 0.7145069013671875 0.3475368671875 0.718030865234375 0.3501672998046875 0.7638774873046875 0.3579594345703125 0.76592160546875 0.3820947333984375 0.76430670703125 0.385004236328125 0.759186615234375 0.38236033984375 0.7129544267578125 0.3802635869140625 0.7118695341796875 0.351988640625 0.7128569169921875
1 0.4142743076171875 0.7129980791015625 0.4085250693359375 0.710496583984375 0.392087654296875 0.71145662890625 0.38595896875 0.712828759765625 0.3845244140625 0.7159671572265625 0.3843714140625 0.7410649453125 0.387181775390625 0.7625849130859375 0.391415673828125 0.7659114013671875 0.413494611328125 0.7643683125 0.416918205078125 0.7592302685546874 0.4142743076171875 0.7129980791015625
1 0.4173857763671875 0.7136615 0.4176367060546875 0.7503263125 0.42017778125 0.7641349306640625 0.4449483486328125 0.7659721865234375 0.44930587109375 0.7580992666015625 0.4472029921875 0.712620259765625 0.4430094873046875 0.7104504736328126 0.418860724609375 0.7116798056640625 0.4173857763671875 0.7136615
1 0.4798195517578125 0.718043904296875 0.478048388671875 0.711543115234375 0.4712978974609375 0.7098486591796875 0.452316962890625 0.7116696005859375 0.44946131640625 0.7183319619140625 0.45052255078125 0.7634613056640625 0.457827525390625 0.76629451171875 0.476294369140625 0.764491521484375 0.4792711953125 0.7612992685546875 0.4801806416015625 0.743123740234375 0.4798195517578125 0.718043904296875
1 0.5052816904296875 0.7102060693359376 0.5001138623046875 0.709614458984375 0.4836764482421875 0.7105745029296875 0.4812002490234375 0.7133632373046875 0.4803715888671875 0.733852169921875 0.481895501953125 0.7627517763671875 0.4989681845703125 0.765243884765625 0.5107249306640625 0.762903142578125 0.5122157890625 0.7466375 0.5105303046875 0.7131110849609374 0.5052816904296875 0.7102060693359376
1 0.5268734677734375 0.7094520673828125 0.5156173466796875 0.711389291015625 0.512409181640625 0.7226964140625 0.5142966318359375 0.7620063408203125 0.52727005859375 0.7650276376953125 0.5421652021484376 0.7641214501953125 0.5445067587890625 0.7574770419921875 0.5429179697265625 0.7119800830078125 0.5397661083984375 0.7101599599609375 0.5268734677734375 0.7094520673828125
1 0.576582298828125 0.76214750390625 0.5769213525390625 0.757117173828125 0.57484540234375 0.712409302734375 0.5706518974609375 0.7102395166015625 0.5541606259765625 0.7096572919921875 0.547544779296875 0.7118185107421875 0.5450955087890625 0.7153783798828125 0.54566958203125 0.761296810546875 0.54833428125 0.7639060205078125 0.55195983984375 0.7645514892578125 0.5735650810546875 0.7641830546875 0.576582298828125 0.76214750390625
1 0.60987083984375 0.713116375 0.5999550234375 0.7092162294921875 0.590701404296875 0.7095393720703125 0.5783901748046875 0.7107413662109375 0.577496638671875 0.7146329453125 0.5786655869140624 0.762846828125 0.5802751787109375 0.76472080859375 0.5880269208984376 0.765608224609375 0.6080898916015625 0.7652936484375 0.610038537109375 0.762137298828125 0.60987083984375 0.713116375
1 0.637564375 0.7102191083984375 0.62772934375 0.7086323662109375 0.6093298212890625 0.712363193359375 0.611594271484375 0.7624690087890625 0.614786525390625 0.765445833984375 0.6389891455078125 0.7657587734375 0.642019828125 0.7641087890625 0.6431177744140625 0.7513312060546875 0.6407297001953125 0.7124247978515625 0.637564375 0.7102191083984375
1 0.6530140009765625 0.710451669921875 0.6448424189453125 0.7122811787109375 0.64340786328125 0.7154195751953125 0.6450639736328125 0.7628443720703125 0.650826677734375 0.7657314345703125 0.674488279296875 0.7652911904296875 0.676991408203125 0.7632735908203125 0.67681024609375 0.7138671005859375 0.6730904375 0.7105226611328125 0.6530140009765625 0.710451669921875
1 0.6823305908203126 0.7098139501953125 0.6777307099609375 0.71074665625 0.67629615625 0.713885052734375 0.6774651044921876 0.7620989365234375 0.6811714482421874 0.7650578095703126 0.707430427734375 0.7652989384765625 0.709406001953125 0.762913724609375 0.707114623046875 0.7120367734375 0.6997961845703125 0.708818 0.6823305908203126 0.7098139501953125
1 0.7398315576171876 0.76455350390625 0.741780203125 0.761397154296875 0.7419466669921875 0.73668493359375 0.7413138447265625 0.7185632626953125 0.738974734375 0.71053815625 0.7260551640625 0.70905912890625 0.7127157548828125 0.71029702734375 0.7097254658203125 0.7131037138671875 0.709155072265625 0.726248912109375 0.709583484375 0.7532565859375 0.71203030859375 0.764366232421875 0.7187673349609375 0.76567512109375 0.7398315576171876 0.76455350390625
1 0.7719303466796875 0.7109314716796875 0.7682643955078124 0.70912930078125 0.7595114033203125 0.7090489248046875 0.7441560263671875 0.711515333984375 0.7426786318359375 0.728166544921875 0.741874453125 0.764096126953125 0.7465685849609375 0.765862392578125 0.7748166015625 0.7641038740234375 0.7767652470703125 0.760947525390625 0.7758925126953125 0.7212161259765625 0.7719303466796875 0.7109314716796875
1 0.8116829697265625 0.75857005859375 0.8121884873046875 0.7288275078125 0.810080716796875 0.7126875322265624 0.800692455078125 0.7091550009765625 0.785783845703125 0.70967562109375 0.7781802119140625 0.713029447265625 0.7768802998046875 0.720023517578125 0.7776587841796875 0.7570559453125 0.779930572265625 0.7631532158203125 0.7872086171875 0.7652152861328125 0.8098555029296876 0.7651965146484375 0.8116829697265625 0.75857005859375
1 0.8155104921875 0.7649990380859375 0.8299857958984375 0.766809775390625 0.8438392958984375 0.76555392578125 0.8463558876953124 0.7639218935546875 0.846560298828125 0.7550358896484375 0.8451306357421875 0.728835255859375 0.8468099951171875 0.7179675576171874 0.8445920634765625 0.7134125576171875 0.83616466015625 0.7079162841796875 0.827425130859375 0.7082214755859375 0.8182792275390625 0.711629158203125 0.8138139892578125 0.7164175400390626 0.8131762744140625 0.727634900390625 0.8137527939453125 0.75888381640625 0.8155104921875 0.7649990380859375
1 0.8820104677734375 0.7236870068359375 0.879577107421875 0.7129629287109375 0.870649078125 0.70787017578125 0.8629242646484375 0.7077538935546875 0.8472298349609375 0.7152506328125 0.8462261376953125 0.7307271875 0.848412248046875 0.763850083984375 0.85105001953125 0.765688158203125 0.8752526396484375 0.76600109765625 0.8807999130859375 0.76271908203125 0.8820104677734375 0.7236870068359375
1 0.916225599609375 0.715929548828125 0.90824496484375 0.7084874853515625 0.897435611328125 0.708478919921875 0.883716755859375 0.713590443359375 0.8819541640625 0.7368142529296875 0.8823152548828125 0.7618940888671875 0.883938310546875 0.76415363671875 0.8917304453125 0.7661977548828125 0.9122401845703125 0.763937388671875 0.9142292236328124 0.7619377421875 0.916225599609375 0.715929548828125
1 0.9183823359375 0.7629508251953125 0.920492552734375 0.76442128515625 0.9344133740234375 0.7650932724609375 0.948266873046875 0.763837421875 0.951135984375 0.75756062890625 0.9513428408203125 0.7340051083984375 0.9506965537109375 0.71549787109375 0.94850555078125 0.7117140068359376 0.9427293837890625 0.7084413759765625 0.9365199111328125 0.7075001025390625 0.9293361162109375 0.70813700390625 0.9186883349609375 0.7127552470703125 0.915695599609375 0.73023144921875 0.916691958984375 0.7587634404296875 0.9183823359375 0.7629508251953125
1 0.9848149892578125 0.71971095703125 0.9830168974609375 0.7124390322265625 0.9720325087890626 0.707418087890625 0.96326605078125 0.70695214453125 0.9535656650390625 0.709221078125 0.9510625361328126 0.7112386767578125 0.95068308984375 0.7151123046875 0.9523795927734375 0.763693802734375 0.9796532880859375 0.7635134599609374 0.98313073828125 0.759917685546875 0.9838492392578125 0.7510137294921875 0.9848149892578125 0.71971095703125
1 1 0.7079711396484375 0.9880904755859375 0.7103316708984375 0.986155294921875 0.713873587890625 0.984664435546875 0.7301392294921875 0.985240955078125 0.7613881455078125 0.9981605263671876 0.7628671728515625 1 0.7627370791015625 1 0.7079711396484375
1 0.0218498876953125 0.795416541015625 0.0100392841796875 0.796215013671875 0.0115607509765625 0.8397841357421875 0.0325845810546875 0.83750581640625 0.0317657041015625 0.7993166865234375 0.02850612890625 0.7944120244140624 0.023946640625 0.79650143359375 0.0218498876953125 0.795416541015625
1 0.052162837890625 0.8233108125 0.0556402880859375 0.8197150380859375 0.053871572265625 0.7985447333984375 0.049624208984375 0.794832677734375 0.039288552734375 0.7936494560546875 0.0331329384765625 0.7942504521484375 0.0311708291015625 0.7970212353515626 0.0314217587890625 0.833686046875 0.026415501953125 0.8377212451171875 0.033139064453125 0.83864456640625 0.0510918193359375 0.836859529296875 0.052162837890625 0.8233108125
1 0.0545068408203125 0.80199688671875 0.0552180029296875 0.8371014775390625 0.0599390615234375 0.8396388779296875 0.0717496669921875 0.8388404052734375 0.0788661396484375 0.8362756669921875 0.0754633486328125 0.7977907314453125 0.0707422890625 0.7952533310546875 0.0599598642578125 0.7960158994140625 0.0545068408203125 0.80199688671875
1 0.0975692158203125 0.79701877734375 0.0862053798828125 0.7958714609375 0.07599090234375 0.7981583466796875 0.0774071015625 0.8239734130859375 0.0741989365234375 0.8352805361328125 0.0721695068359375 0.83612348046875 0.0815443037109375 0.8392704443359374 0.09803557421875 0.8398526689453125 0.10052523828125 0.837449501953125 0.0975692158203125 0.79701877734375
1 0.1201194052734375 0.8089705498046875 0.12124428125 0.7969641005859375 0.117064240234375 0.7951798837890625 0.101628078125 0.795332888671875 0.0991114853515625 0.796964919921875 0.1004175234375 0.834364962890625 0.1036501708984375 0.838498490234375 0.1180446884765625 0.8379958232421875 0.1197644404296875 0.828284826171875 0.1172502939453125 0.81524734375 0.1201194052734375 0.8089705498046875
1 0.1258306982421875 0.7956458271484375 0.1208109775390625 0.799295458984375 0.119524529296875 0.80667509765625 0.118359259765625 0.8175248427734375 0.122157408203125 0.8378522041015625 0.124267625 0.8393226630859375 0.1437761142578125 0.8378693369140625 0.1452914560546875 0.8370443447265625 0.1424027548828125 0.79854145703125 0.1258306982421875 0.7956458271484375
1 0.1571632548828125 0.7937795947265625 0.152590302734375 0.7954834365234374 0.149992923828125 0.7948020634765625 0.1449462744140625 0.7976805595703125 0.1436328994140625 0.804289064453125 0.142206916015625 0.8371520595703125 0.1520688740234375 0.839509935546875 0.165935837890625 0.83863965234375 0.1679248759765625 0.836640005859375 0.1665380517578125 0.79692655859375 0.1571632548828125 0.7937795947265625
1 0.18017578125 0.81640625 0.025390625 0.0498046875
1 0.20458984375 0.81884765625 0.0205078125 0.0478515625
1 0.22705078125 0.81591796875 0.0224609375 0.0517578125
1 0.24951171875 0.81494140625 0.021484375 0.0498046875
1 0.27294921875 0.814453125 0.0244140625 0.048828125
1 0.2978515625 0.81103515625 0.0224609375 0.044921875
1 0.3306943125 0.795826546875 0.328043076171875 0.7936029052734375 0.3135677724609375 0.7917921669921875 0.30950891015625 0.793478056640625 0.3066397998046875 0.7997548505859375 0.302602974609375 0.8315509052734374 0.310002197265625 0.837083083984375 0.32700755859375 0.8376473564453125 0.3299843837890625 0.8344551015625 0.32859511328125 0.8094111708984375 0.3306943125 0.795826546875
1 0.3342390849609375 0.7941586103515625 0.3306943125 0.795826546875 0.3295155791015625 0.8062907255859375 0.32999784765625 0.834840669921875 0.3316343681640625 0.8374857841796876 0.3537671640625 0.83748496484375 0.355161326171875 0.833189865234375 0.3543289853515625 0.79461516796875 0.3408818603515625 0.7927685263671875 0.3342390849609375 0.7941586103515625
1 0.378545068359375 0.7953136748046875 0.3763944580078125 0.7926865126953125 0.3624871015625 0.7924000927734375 0.3564392021484375 0.79608562890625 0.3549079501953125 0.8111945693359375 0.3557965947265625 0.8366420205078124 0.36613225 0.8378252421875 0.377428765625 0.8370447216796875 0.379404337890625 0.8346595078125 0.3796087490234375 0.82577350390625 0.378545068359375 0.7953136748046875
1 0.3949616806640625 0.837976609375 0.4021185458984375 0.8365685732421875 0.4040806552734375 0.8337977919921875 0.4021528125 0.7933311611328125 0.3830776279296875 0.792453130859375 0.37962710546875 0.7968200400390625 0.3810139296875 0.8365334873046875 0.3949616806640625 0.837976609375
1 0.4253137880859375 0.7932944375 0.4107711630859375 0.7895558623046876 0.4027746171875 0.7963977490234375 0.4025542958984375 0.819567701171875 0.405149228515625 0.8349185888671875 0.4103843779296875 0.837438037109375 0.419177763671875 0.838675115234375 0.42377764453125 0.837742408203125 0.4267679345703125 0.8349357216796875 0.4253137880859375 0.7932944375
1 0.4457831357421875 0.7898773681640625 0.439694841796875 0.792406203125 0.4319296357421875 0.79113321875 0.4283713994140625 0.792415587890625 0.42695030859375 0.795939552734375 0.427308953125 0.8356889052734375 0.4325171728515625 0.8374372177734375 0.448981515625 0.8372483076171875 0.4519852685546875 0.8348271884765625 0.449502943359375 0.79322180859375 0.4457831357421875 0.7898773681640625
1 0.450205533203125 0.79860180078125 0.45144425 0.834074005859375 0.4541224150390625 0.837068783203125 0.4747129404296875 0.8371218212890625 0.4732049375 0.793938267578125 0.4705402373046875 0.7913290576171875 0.4639109267578125 0.793104708984375 0.45254708984375 0.791957392578125 0.450205533203125 0.79860180078125
1 0.4738940634765625 0.79893269140625 0.4754819326171875 0.8296637431640626 0.4726161875 0.8360369287109375 0.477837873046875 0.8381708095703125 0.4958444853515625 0.8379280419921875 0.4983206845703125 0.8351393076171875 0.49532426953125 0.7935518818359375 0.4777913544921875 0.792619994140625 0.4738940634765625 0.79893269140625
1 0.5127763984375 0.7921703642578125 0.5029413671875 0.7905836220703125 0.49748834375 0.7965646103515625 0.4983341494140625 0.8355248759765626 0.506139748046875 0.8379545615234375 0.5200201767578125 0.8374698466796875 0.52198228515625 0.834699064453125 0.520040978515625 0.7938468681640625 0.515834009765625 0.7912915146484375 0.5127763984375 0.7921703642578125
1 0.5400904853515625 0.7931467236328125 0.5334073173828126 0.7933801044921875 0.525615181640625 0.7913359853515625 0.5220569453125 0.79261835546875 0.5216101767578125 0.79456414453125 0.522496375 0.8346811123046874 0.5262027197265625 0.8376399853515625 0.5411247919921875 0.8375049326171875 0.543875169921875 0.8130885166015624 0.5432423466796875 0.794966845703125 0.5400904853515625 0.7931467236328125
1 0.557015060546875 0.791397591796875 0.5462461005859375 0.7925457265625 0.543796830078125 0.7961055966796875 0.5436548486328125 0.8362584677734375 0.5478483544921875 0.83842825390625 0.5658549658203125 0.8381854853515625 0.5683580947265625 0.83616788671875 0.566416787109375 0.7953156904296875 0.5637520869140625 0.7927064794921875 0.557015060546875 0.791397591796875
1 0.568486611328125 0.795629447265625 0.5699003642578125 0.836114029296875 0.5725381357421875 0.8379521044921875 0.58954349609375 0.8385163779296875 0.5925203203125 0.835324123046875 0.591512943359375 0.791737048828125 0.5738992421875 0.7884917568359375 0.5703410068359375 0.7897741259765625 0.568486611328125 0.795629447265625
1 0.6175087626953125 0.828660943359375 0.6157424921875 0.792821123046875 0.6125367734375 0.78945873046875 0.60688178515625 0.78965620703125 0.604744638671875 0.787414611328125 0.59508464453125 0.7908402470703125 0.5922020693359376 0.7967314736328125 0.593602357421875 0.83683048828125 0.59676768359375 0.8390361787109375 0.614260205078125 0.8388113642578126 0.6172370302734375 0.835619109375 0.6175087626953125 0.828660943359375
1 0.64045186328125 0.8371246552734375 0.6412560419921876 0.8011950732421875 0.6399720400390625 0.7939051962890625 0.634642640625 0.7886867763671875 0.6350355517578125 0.785198716796875 0.6293805625 0.785396193359375 0.621776927734375 0.78875001953125 0.6191795498046875 0.788068646484375 0.6169861005859375 0.798954296875 0.618292138671875 0.8363543388671875 0.62092991015625 0.8381924150390625 0.6384224326171875 0.8379676005859376 0.64045186328125 0.8371246552734375
1 0.663125677734375 0.8378770185546875 0.666115966796875 0.83507033203125 0.6663473056640625 0.8269554638671875 0.66591889453125 0.7999477900390625 0.664107337890625 0.7922902978515625 0.660847763671875 0.7873856357421875 0.6459122255859375 0.7871351201171874 0.6424078466796875 0.789959759765625 0.6415412392578125 0.7946224736328125 0.64150941796875 0.8231903701171875 0.64346908203125 0.8350891044921875 0.651802234375 0.8378864052734375 0.663125677734375 0.8378770185546875
1 0.6713645810546875 0.83797534765625 0.69042630078125 0.838467810546875 0.68989262109375 0.79370608203125 0.6746877978515625 0.78574421875 0.668045021484375 0.7871343017578125 0.666839359375 0.796827345703125 0.66667044921875 0.83620908203125 0.6713645810546875 0.83797534765625
1 0.70250251171875 0.7863170576171875 0.693464322265625 0.7928092802734376 0.691241498046875 0.8175933115234375 0.692969822265625 0.8376069140625 0.7146289208984375 0.8387807490234375 0.7165641025390626 0.8352388330078125 0.7157856181640625 0.7982064052734374 0.7129054892578125 0.7894281162109374 0.7103619677734375 0.790289013671875 0.70250251171875 0.7863170576171875
1 0.7408205791015625 0.8370940419921875 0.7412832578125 0.8208643037109375 0.7393798974609375 0.79583832421875 0.737756841796875 0.79357877734375 0.732602478515625 0.7933727333984375 0.7273000068359375 0.7889254482421875 0.7227943759765625 0.7925571279296875 0.720183533203125 0.7914901875 0.7172605654296875 0.7962247109375 0.717145513671875 0.837148716796875 0.7213255537109375 0.838932935546875 0.7393187021484375 0.8383046005859375 0.7408205791015625 0.8370940419921875
1 0.7459553525390625 0.7925204033203125 0.7419503466796875 0.7957485625 0.741151060546875 0.80233911328125 0.7408205791015625 0.8370940419921875 0.7434448857421875 0.8385465498046875 0.762993767578125 0.8382499248046875 0.7660109853515625 0.836214373046875 0.7646645546875 0.7976576279296875 0.758306974609375 0.79247511328125 0.7459553525390625 0.7925204033203125
1 0.786000509765625 0.7895778447265625 0.7756244609375 0.7872379208984375 0.7731617255859375 0.79041222265625 0.7670599677734375 0.7925554892578125 0.7653781630859375 0.818092703125 0.7660244501953125 0.8365999404296875 0.7691628466796875 0.83803449609375 0.788711728515625 0.83773787109375 0.79018667578125 0.835756177734375 0.7899088173828125 0.7983202294921875 0.786000509765625 0.7895778447265625
1 0.7909749443359375 0.81411054296875 0.791080212890625 0.83186459765625 0.793257751953125 0.8352628955078125 0.797424328125 0.8366615458984376 0.813388044921875 0.8368761552734375 0.815363619140625 0.83449094140625 0.8139902587890625 0.7951630615234375 0.7927644638671875 0.791657869140625 0.7909749443359375 0.81411054296875
1 0.8412725263671875 0.82470731640625 0.8392479873046875 0.7962112294921875 0.8344596064453125 0.7917459931640625 0.8175215673828125 0.7931095576171875 0.8160735478515625 0.79586238671875 0.8169328173828125 0.83520821875 0.8185289443359375 0.836696630859375 0.825766595703125 0.8376019990234375 0.8386188447265625 0.837153189453125 0.841095044921875 0.834364455078125 0.8412725263671875 0.82470731640625
1 0.845302013671875 0.8369198076171875 0.86435026953125 0.8370267041015625 0.866271986328125 0.8330992197265625 0.8649255546875 0.794542474609375 0.85905513671875 0.7885708720703125 0.8394793271484375 0.788096361328125 0.840567490234375 0.8339968408203124 0.845302013671875 0.8369198076171875
1 0.876561123046875 0.788731625 0.8668876650390624 0.791771693359375 0.8654396455078125 0.7945245224609375 0.8653515205078125 0.8362196630859375 0.8710603671875 0.83756445703125 0.889053515625 0.8369361220703125 0.891570107421875 0.83530408984375 0.890102498046875 0.79327723828125 0.8864096181640625 0.79070393359375 0.876561123046875 0.788731625
1 0.892097662109375 0.835671705078125 0.8952629873046875 0.837877396484375 0.915218244140625 0.834478279296875 0.914873064453125 0.7951144951171875 0.9126282041015625 0.7897883603515625 0.9105045234375 0.78793233203125 0.90429505078125 0.7869910595703125 0.8987477763671875 0.7902730751953125 0.8920915361328124 0.791277591796875 0.889588408203125 0.79329519140625 0.8893032109375 0.7998677900390625 0.889920123046875 0.832273408203125 0.887971478515625 0.8354297568359375 0.892097662109375 0.835671705078125
1 0.914329599609375 0.8090308271484375 0.915218244140625 0.834478279296875 0.93686387890625 0.8352665478515625 0.938693791015625 0.813970576171875 0.936464841796875 0.7943604931640625 0.9306886728515625 0.79108786328125 0.9172819423828125 0.7903979228515625 0.9148461357421875 0.7943433603515625 0.914329599609375 0.8090308271484375
1 0.9642391630859375 0.793776630859375 0.952592576171875 0.7845323974609375 0.948533712890625 0.786218287109375 0.9459363359375 0.7855369130859375 0.938941041015625 0.7915717587890625 0.938866380859375 0.8336524677734375 0.9404625078125 0.835140880859375 0.9508116279296875 0.836709669921875 0.962108142578125 0.8359291484375 0.9648046640625 0.809970462890625 0.9642391630859375 0.793776630859375
1 0.9619539091796875 0.7872937939453125 0.9653144677734375 0.7950902119140625 0.9646382001953125 0.8346826845703125 0.970888064453125 0.83678066015625 0.9868248515625 0.836224134765625 0.9892471943359376 0.831893130859375 0.988414853515625 0.7933184345703125 0.9805957900390625 0.7905031806640626 0.9619539091796875 0.7872937939453125
1 1 0.7857571767578125 0.9907160166015625 0.7855173232421875 0.9872520302734376 0.7894986640625 0.988854283203125 0.83538119140625 1 0.8359402294921875 1 0.7857571767578125
1 0.105483763671875 0.8762661474609375 0.1138732197265625 0.865936203125 0.113237951171875 0.8624840478515625 0.0885212421875 0.8621890615234375 0.050505515625 0.86428867578125 0.04345636328125 0.868781251953125 0.035147693359375 0.8814246005859375 0.0362786953125 0.9138122666015625 0.03999850390625 0.91715670703125 0.10370526171875 0.9137739052734375 0.1063858720703125 0.9020991669921875 0.105483763671875 0.8762661474609375
1 0.06407260546875 0.958008083984375 0.1042389423828125 0.9585356337890625 0.1087984296875 0.956446224609375 0.106030908203125 0.9214134443359375 0.10277133203125 0.9165087822265625 0.076092513671875 0.9189845771484375 0.07138491796875 0.916832744140625 0.0400658251953125 0.9190845439453125 0.0385639482421875 0.920295103515625 0.039587236328125 0.9495982294921875 0.0419802041015625 0.9591656064453125 0.0487037646484375 0.9600889267578125 0.06407260546875 0.958008083984375
1 0.10940064453125 0.914733130859375 0.119763228515625 0.916687486328125 0.15162333984375 0.915188869140625 0.1712260791015625 0.9164345146484375 0.17578556640625 0.91434510546875 0.1755615654296875 0.8784514287109375 0.182368359375 0.8670186396484375 0.181192072265625 0.8628133017578125 0.1631181396484375 0.8611282314453125 0.1431224892578125 0.8633706455078125 0.1173775986328125 0.863111564453125 0.11183032421875 0.866393580078125 0.1059709248046875 0.875477060546875 0.10775066015625 0.9117024482421875 0.10940064453125 0.914733130859375
1 0.1670252353515625 0.9582732763671875 0.1766852294921875 0.954847640625 0.1779741240234375 0.932798486328125 0.1748651015625 0.91746555078125 0.1583334375 0.915726623046875 0.11824788671875 0.9175124794921875 0.112038416015625 0.916571205078125 0.1089538759765625 0.916678919921875 0.1064776767578125 0.9194676552734375 0.1102464501953125 0.95369339453125 0.1134925615234375 0.958212490234375 0.1269127568359375 0.9592879970703125 0.1670252353515625 0.9582732763671875
1 0.177564068359375 0.876837349609375 0.17870853515625 0.9096105830078125 0.1803719833984375 0.91302683203125 0.1952940556640625 0.912891779296875 0.1999881865234375 0.914658044921875 0.234405283203125 0.91268409765625 0.242671115234375 0.9135535615234375 0.24674344140625 0.912253240234375 0.248151068359375 0.908343708984375 0.2462366904296875 0.868262646484375 0.253380091796875 0.8664690419921875 0.256790220703125 0.860945431640625 0.25056728515625 0.8596185908203124 0.197535236328125 0.85915428515625 0.186359900390625 0.863404912109375 0.1809068759765625 0.869385900390625 0.177564068359375 0.876837349609375
1 0.2060960703125 0.956908892578125 0.241568275390625 0.95567017578125 0.2471020859375 0.952002591796875 0.2469723349609375 0.9188078876953125 0.24530888671875 0.91539163671875 0.2359879462890625 0.913786943359375 0.2159115107421875 0.913715953125 0.2041682275390625 0.9164422626953125 0.1876365634765625 0.9147033359375 0.1788835712890625 0.914622958984375 0.1778957841796875 0.91581556640625 0.177271533203125 0.927418494140625 0.1803107880859375 0.9554931083984375 0.2060960703125 0.956908892578125
1 0.3187894794921875 0.956061853515625 0.318565478515625 0.92016817578125 0.3147918125 0.91528146484375 0.305578587890625 0.9167613115234375 0.293687197265625 0.9152463798828125 0.2514779658203125 0.9151762080078125 0.2495158564453125 0.917946990234375 0.2500789111328125 0.948810337890625 0.25340580859375 0.9556428369140625 0.2797590380859375 0.958582939453125 0.3172876025390625 0.9572724130859375 0.3187894794921875 0.956061853515625
1 0.2503824638671875 0.913284275390625 0.2890603876953125 0.915407951171875 0.295649306640625 0.91247559765625 0.3049702470703125 0.914080291015625 0.316159046875 0.9102152314453125 0.31751281640625 0.9047634306640625 0.3156633134765625 0.8812797197265625 0.3207931943359375 0.86604511328125 0.3191432099609375 0.8630144306640625 0.2886368681640625 0.8590612470703125 0.2732545625 0.860756521484375 0.2572773818359375 0.8601563447265625 0.2468315654296875 0.8705580986328125 0.248772873046875 0.9114102958984375 0.2503824638671875 0.913284275390625
1 0.3890227275390625 0.9184798291015625 0.3900313173828125 0.8736642431640625 0.3953227705078125 0.8630564453125 0.38594797265625 0.859909482421875 0.3657945947265625 0.86254344140625 0.32788273828125 0.862709240234375 0.3190330498046875 0.8745994072265625 0.3202986953125 0.9108427470703125 0.3225435546875 0.9161688818359375 0.33607146484375 0.920328927734375 0.3808511455078125 0.920309337890625 0.3890227275390625 0.9184798291015625
1 0.321663482421875 0.920446029296875 0.3234432177734375 0.956671416015625 0.32507973828125 0.95931653125 0.37763808984375 0.9609554921875 0.392546697265625 0.9604348720703125 0.3945492001953125 0.9588207919921875 0.3945406279296875 0.9290961943359375 0.3906323193359375 0.9203538095703125 0.321663482421875 0.920446029296875
1 0.394596931640625 0.9159689482421876 0.4014147431640625 0.9195912412109375 0.45441986328125 0.919284412109375 0.461278068359375 0.924063408203125 0.463891357421875 0.91046083203125 0.4636269638671875 0.8734104521484375 0.46843125390625 0.8635917421875 0.444648474609375 0.86056187890625 0.4158459736328125 0.861181646484375 0.413208203125 0.8593435712890625 0.3994220244140625 0.8625272587890624 0.393008142578125 0.8704719892578126 0.39068005078125 0.87750196484375 0.392419392578125 0.912570650390625 0.394596931640625 0.9159689482421876
1 0.3980805087890625 0.9567672880859375 0.3996631708984375 0.9578701328125 0.4157211376953125 0.9607837158203125 0.457456671875 0.9620285419921875 0.4630712685546875 0.96067436328125 0.46391583984375 0.925901482421875 0.46071012109375 0.9225390908203125 0.4245622548828125 0.9191689501953125 0.415863119140625 0.9206308427734375 0.3998859375 0.920030666015625 0.39535337890625 0.9228912099609375 0.396702255859375 0.946778439453125 0.3988663310546875 0.9497911689453125 0.3980805087890625 0.9567672880859375
1 0.465616001953125 0.8714108056640625 0.4637750712890625 0.8776516943359375 0.4653124482421875 0.9069368681640625 0.466068896484375 0.9138591298828125 0.469355400390625 0.919534927734375 0.507966001953125 0.9197307646484375 0.518613783203125 0.9151125224609375 0.537121021484375 0.9144662353515625 0.53630214453125 0.87627710546875 0.528200330078125 0.8653649365234375 0.51058662890625 0.8621196435546875 0.506500837890625 0.8630343974609375 0.50437715625 0.86117837109375 0.49511007421875 0.8611159462890625 0.486790384765625 0.858704212890625 0.4785514814453125 0.8586058837890626 0.465616001953125 0.8714108056640625
1 0.5407306689453125 0.92939565234375 0.5372960576171875 0.91947861328125 0.525512380859375 0.921048220703125 0.467393291015625 0.922305708984375 0.4664728251953125 0.9254261533203125 0.46645446875 0.9543796162109375 0.4697275087890625 0.959669845703125 0.477032482421875 0.9625030517578125 0.52388198828125 0.9627972197265625 0.5391835068359375 0.9587885400390626 0.5407306689453125 0.92939565234375
1 0.54125454296875 0.8706996376953124 0.54159972265625 0.910063421875 0.545454173828125 0.9172635361328125 0.5887858359375 0.919996775390625 0.60832125390625 0.919314583984375 0.6118660263671875 0.917646646484375 0.613359330078125 0.8867114892578125 0.6114559697265625 0.8616855107421875 0.6005658310546875 0.8593635390625 0.6006196884765626 0.86090580859375 0.5827746484375 0.8657753857421875 0.56893461328125 0.867416802734375 0.564660322265625 0.8629336123046875 0.5583969921875 0.8604500693359375 0.5461530849609375 0.8635798994140625 0.5421480791015625 0.86680805859375 0.54125454296875 0.8706996376953124
1 0.6138477265625 0.959655546875 0.612988455078125 0.92030971484375 0.5480919453125 0.9191016123046875 0.544006154296875 0.9200163662109375 0.543085689453125 0.923136810546875 0.5436601708984375 0.9395878173828125 0.540997509765625 0.9517765166015625 0.5459474619140625 0.9608685634765625 0.5928373603515625 0.9623194326171876 0.6113311337890625 0.9612875791015625 0.6138477265625 0.959655546875
1 0.6148636533203125 0.8708314140625 0.6158710302734375 0.9144184892578126 0.6174671572265625 0.915906900390625 0.6268015625 0.917897162109375 0.6561046884765624 0.916873875 0.678291341796875 0.9184153251953125 0.6854212783203125 0.916236154296875 0.6871324580078125 0.8768005595703126 0.6851189375 0.863359556640625 0.6813991298828125 0.8600151162109375 0.65312418359375 0.8610024990234375 0.651703091796875 0.8645264638671875 0.6378899853515625 0.866939015625 0.6351310361328125 0.861630833984375 0.6242947548828125 0.8608511318359375 0.6156898681640625 0.8650119970703125 0.6148636533203125 0.8708314140625
1 0.7297235830078125 0.8583275888671875 0.7030178349609375 0.86003225 0.701435171875 0.8589294052734375 0.6911937666015625 0.8604451552734375 0.68821694140625 0.86363741015625 0.69065233984375 0.8891593974609375 0.6884947998046875 0.9010733564453125 0.688979515625 0.9149537841796875 0.6932807353515625 0.9202081103515625 0.7215287529296875 0.918449591796875 0.7313907119140625 0.9208074677734375 0.7447974423828125 0.9214974072265625 0.7591650322265625 0.92022360546875 0.7616008388671875 0.9162781689453126 0.7619313203125 0.8815232412109375 0.7599043359375 0.867696669921875 0.75503516796875 0.8609180283203125 0.7493936435546875 0.861501072265625 0.746755873046875 0.8596629970703125 0.7378878212890625 0.85997267578125 0.7297235830078125 0.8583275888671875
1 0.7718654931640625 0.856469923828125 0.7641810732421875 0.8575103447265625 0.7616779443359375 0.8595279443359375 0.7629411435546875 0.9104407998046875 0.7672962216796875 0.91723739453125 0.7730319970703124 0.919353322265625 0.7894424814453125 0.917622142578125 0.8327606787109375 0.919969814453125 0.834843966796875 0.9206691396484376 0.8360067900390625 0.9244889091796875 0.8368868623046875 0.9202117626953125 0.8404047060546875 0.91777269140625 0.8418123330078126 0.9138631591796875 0.843698548828125 0.8794399423828125 0.8430094228515626 0.874445517578125 0.8347595009765625 0.85929210546875 0.8253981669921875 0.8565307099609375 0.7842844375 0.858352470703125 0.7718654931640625 0.856469923828125
1 0.845321603515625 0.8816994892578125 0.8475664638671875 0.8870256240234375 0.845197978515625 0.8928988974609375 0.8501075390625 0.9008342421875 0.8473326787109375 0.9098100078125 0.8491307705078125 0.9170819326171875 0.87331992578125 0.9170093037109375 0.8805979716796875 0.919071375 0.9175989814453125 0.9173932333984375 0.9201290380859375 0.91614676953125 0.92232737890625 0.8759220869140625 0.91068079296875 0.8666778544921875 0.903443140625 0.865772486328125 0.868584171875 0.8727803525390625 0.85479309765625 0.8728759091796875 0.84766316015625 0.8750550810546875 0.845321603515625 0.8816994892578125
1 0.9425384580078126 0.8798487529296874 0.9388725068359375 0.87804658203125 0.92802276171875 0.8768813125 0.92553309765625 0.87928448046875 0.9266555283203125 0.8819475478515625 0.9236627919921875 0.89942375 0.9258109560546876 0.9167204267578125 0.9401785458984375 0.915446625 0.95365259765625 0.9180644013671875 0.9815211689453125 0.9201795107421875 0.9948471142578125 0.918556044921875 0.994881380859375 0.8753186337890625 0.989944892578125 0.866612154296875 0.9867526376953125 0.8636353291015625 0.9800156123046875 0.8623264404296875 0.97905475390625 0.8642901826171875 0.9812053642578125 0.866917345703125 0.977700984375 0.869741984375 0.977795234375 0.8724409560546875 0.97376330078125 0.8748979814453125 0.949060056640625 0.8749885615234375 0.9425384580078126 0.8798487529296874
1 0.6850014384765625 0.9189530791015625 0.6571463330078126 0.917223537109375 0.6201049287109375 0.9177449755859375 0.6166005498046875 0.920569615234375 0.615787798828125 0.926774599609375 0.6174463544921875 0.9595298798828125 0.6442732822265625 0.961295326171875 0.6849133154296875 0.9606482197265624 0.6868619599609375 0.9574918720703125 0.687093298828125 0.949377001953125 0.6850014384765625 0.9189530791015625
1 0.6931412001953124 0.945691466796875 0.693084896484375 0.9588187119140625 0.695763060546875 0.9618134892578125 0.7040423564453125 0.9630685205078126 0.7276635654296875 0.9614715751953125 0.7472797685546875 0.963102787109375 0.7620941259765625 0.9598831953125 0.762330357421875 0.922429294921875 0.759138103515625 0.919452470703125 0.693253806640625 0.919436974609375 0.690777607421875 0.922225708984375 0.6918571982421875 0.93840158984375 0.6904765 0.9430822568359375 0.6931412001953124 0.945691466796875
1 0.835872146484375 0.9206332353515625 0.8115752763671875 0.91762132421875 0.7729646748046874 0.9174254853515625 0.76580780859375 0.918833521484375 0.7643867177734375 0.9223574853515625 0.7650440224609375 0.955919806640625 0.7677760439453125 0.960456853515625 0.8347289140625 0.961593146484375 0.8392908486328124 0.94483422265625 0.838671490234375 0.927098119140625 0.835872146484375 0.9206332353515625
1 0.8461539453125 0.9202741865234375 0.84881619921875 0.937552912109375 0.84713683984375 0.9484206103515626 0.8492874501953125 0.9510477724609375 0.846364482421875 0.955782296875 0.852234900390625 0.9617538984375 0.8902175048828125 0.9608135546875 0.900166443359375 0.963554431640625 0.9129917626953125 0.9623344873046875 0.921109486328125 0.9589627080078125 0.922570970703125 0.9565954462890625 0.9218328798828125 0.9207197216796875 0.9191816435546875 0.918496078125 0.894451470703125 0.9178155244140624 0.8656893623046875 0.9195919951171875 0.8517685419921875 0.9189200078125 0.8461539453125 0.9202741865234375
1 0.9810401337890625 0.9653627119140625 0.9943930078125 0.9645103818359375 0.9979377802734375 0.9628424443359375 0.9987554228515625 0.9272984296875 0.998066296875 0.922304005859375 0.9953881328125 0.919309228515625 0.9768808955078125 0.9199555146484375 0.9691022255859375 0.9182969638671875 0.9309787841796875 0.9173120380859375 0.9258648134765625 0.918262697265625 0.9238892392578125 0.920647912109375 0.9232649892578125 0.9322508388671875 0.9273054951171875 0.9595184140625 0.9810401337890625 0.9653627119140625
1 0.0449986328125 0.86872739453125 0.045892169921875 0.864835814453125 0.0149525244140625 0.8632139873046875 0.01238207421875 0.8633037490234375 0.0142940068359375 0.918054328125 0.0333422626953125 0.91816122265625 0.0352639794921875 0.9142337392578125 0.03456628125 0.8795147158203125 0.0449986328125 0.86872739453125
1 0.0169317783203125 0.91989240234375 0.014361328125 0.9199821640625 0.0157750810546875 0.9604667470703125 0.0373533935546875 0.959327177734375 0.0387610205078125 0.955417646484375 0.036615302734375 0.9234514521484375 0.0333961201171875 0.9197034921875 0.0169317783203125 0.91989240234375
0 0.693359375 0.3896484375 0.6962890625 0.3916015625 0.6962890625 0.4091796875 0.6845703125 0.416015625 0.6669921875 0.4169921875 0.65625 0.4169921875 0.6484375 0.4140625 0.646484375 0.408203125 0.646484375 0.392578125 0.6923828125 0.3896484375
0 0.396484375 0.8408203125 0.3984375 0.8525390625 0.39453125 0.85546875 0.37109375 0.8544921875 0.3701171875 0.841796875 0.3955078125 0.8408203125
0 0.93359375 0.3828125 0.93359375 0.3974609375 0.90625 0.3994140625 0.90234375 0.3974609375 0.904296875 0.3837890625 0.9326171875 0.3828125
0 0.9228515625 0.962890625 0.94140625 0.96484375 0.9443359375 0.96875 0.943359375 0.98046875 0.9287109375 0.9814453125 0.9140625 0.98046875 0.912109375 0.966796875 0.9150390625 0.9638671875 0.921875 0.962890625
0 0.140625 0.85546875 0.140625 0.84375 0.142578125 0.841796875 0.1552734375 0.8408203125 0.16796875 0.8427734375 0.16796875 0.85546875 0.1416015625 0.85546875
0 0.318359375 0.3955078125 0.3203125 0.41015625 0.3173828125 0.419921875 0.2939453125 0.4248046875 0.2734375 0.423828125 0.271484375 0.416015625 0.2744140625 0.4013671875 0.2783203125 0.3984375 0.3173828125 0.3955078125
0 0.25927734375 0.77685546875 0.029296875 0.015625
0 0.51904296875 0.611328125 0.0517578125 0.0322265625
0 0.4423828125 0.396484375 0.4453125 0.3994140625 0.4453125 0.4033203125 0.4404296875 0.416015625 0.4296875 0.419921875 0.4150390625 0.4208984375 0.3955078125 0.419921875 0.3935546875 0.4111328125 0.3994140625 0.3974609375 0.44140625 0.3974609375
0 0.2548828125 0.6025390625 0.2568359375 0.60546875 0.2568359375 0.615234375 0.2509765625 0.6162109375 0.2294921875 0.6162109375 0.2275390625 0.6044921875 0.2294921875 0.6025390625 0.25390625 0.6025390625
0 0.037109375 0.60546875 0.0615234375 0.60546875 0.064453125 0.6083984375 0.0634765625 0.6181640625 0.0390625 0.6201171875 0.03515625 0.6171875 0.037109375 0.6064453125
0 0.900390625 0.767578125 0.9033203125 0.76953125 0.904296875 0.7802734375 0.8974609375 0.783203125 0.8759765625 0.7822265625 0.873046875 0.7724609375 0.8759765625 0.7685546875 0.8994140625 0.767578125
0 0.474609375 0.9658203125 0.5009765625 0.96484375 0.50390625 0.966796875 0.5048828125 0.9765625 0.5029296875 0.978515625 0.4765625 0.9794921875 0.474609375 0.9765625 0.474609375 0.966796875
0 0.3818359375 0.76953125 0.3828125 0.78125 0.365234375 0.783203125 0.35546875 0.7802734375 0.3544921875 0.7724609375 0.3564453125 0.7705078125 0.365234375 0.7685546875 0.380859375 0.76953125
0 0.953125 0.3828125 0.9736328125 0.3828125 0.9775390625 0.380859375 0.9833984375 0.3837890625 0.9833984375 0.3955078125 0.974609375 0.3974609375 0.953125 0.396484375 0.953125 0.3837890625
0 0.14453125 0.6044921875 0.171875 0.6044921875 0.171875 0.615234375 0.169921875 0.6171875 0.1513671875 0.619140625 0.14453125 0.6181640625 0.14453125 0.60546875
0 0.2548828125 0.83984375 0.267578125 0.841796875 0.267578125 0.853515625 0.2548828125 0.85546875 0.2412109375 0.8544921875 0.2412109375 0.8408203125 0.25390625 0.8408203125
0 0.6865234375 0.978515625 0.6845703125 0.97265625 0.6865234375 0.9638671875 0.7109375 0.9638671875 0.7138671875 0.96484375 0.7158203125 0.97265625 0.71484375 0.978515625 0.6875 0.978515625
0 0.3115234375 0.6015625 0.333984375 0.599609375 0.3408203125 0.6015625 0.33984375 0.61328125 0.3349609375 0.6142578125 0.3115234375 0.61328125 0.3115234375 0.6025390625
0 0.8095703125 0.5771484375 0.8271484375 0.578125 0.8291015625 0.580078125 0.8291015625 0.6025390625 0.8330078125 0.6123046875 0.83203125 0.623046875 0.7890625 0.6240234375 0.7822265625 0.62109375 0.7783203125 0.5986328125 0.779296875 0.5791015625 0.80859375 0.578125
0 0.0126953125 0.85546875 0.0126953125 0.841796875 0.01953125 0.841796875 0.021484375 0.845703125 0.021484375 0.853515625 0.013671875 0.85546875
0 0.328125 0.8408203125 0.330078125 0.841796875 0.3310546875 0.8486328125 0.330078125 0.853515625 0.3271484375 0.8544921875 0.3046875 0.8544921875 0.302734375 0.8515625 0.3037109375 0.841796875 0.3271484375 0.8408203125
0 0.73828125 0.767578125 0.7421875 0.7685546875 0.7431640625 0.7822265625 0.7294921875 0.783203125 0.7158203125 0.783203125 0.7138671875 0.76953125 0.7373046875 0.767578125
0 0.388671875 0.962890625 0.388671875 0.9765625 0.369140625 0.9775390625 0.3642578125 0.9775390625 0.361328125 0.974609375 0.3623046875 0.9638671875 0.3876953125 0.962890625
0 0.8935546875 0.83984375 0.8955078125 0.8505859375 0.892578125 0.8544921875 0.8681640625 0.8544921875 0.8662109375 0.8525390625 0.8671875 0.8408203125 0.892578125 0.83984375
0 0.0654296875 0.771484375 0.0810546875 0.7724609375 0.0830078125 0.7744140625 0.08203125 0.78515625 0.0576171875 0.78515625 0.0556640625 0.7744140625 0.0576171875 0.771484375 0.064453125 0.771484375
0 0.1025390625 0.9619140625 0.1123046875 0.9638671875 0.11328125 0.9736328125 0.111328125 0.9775390625 0.0888671875 0.978515625 0.0849609375 0.9755859375 0.0849609375 0.96484375 0.0869140625 0.962890625 0.1015625 0.9619140625
0 0.7939453125 0.3779296875 0.80078125 0.3798828125 0.830078125 0.3798828125 0.833984375 0.3828125 0.833984375 0.400390625 0.83203125 0.4033203125 0.806640625 0.4072265625 0.7939453125 0.4052734375 0.78515625 0.3984375 0.7822265625 0.390625 0.7822265625 0.380859375 0.7861328125 0.3779296875 0.79296875 0.3779296875
0 0.6005859375 0.767578125 0.607421875 0.76953125 0.607421875 0.7822265625 0.5888671875 0.783203125 0.5810546875 0.7822265625 0.5791015625 0.7763671875 0.580078125 0.76953125 0.599609375 0.767578125
0 0.3349609375 0.421875 0.3349609375 0.41015625 0.337890625 0.404296875 0.3427734375 0.3994140625 0.3583984375 0.3984375 0.3828125 0.3984375 0.384765625 0.400390625 0.384765625 0.4072265625 0.3818359375 0.412109375 0.3681640625 0.421875 0.3359375 0.421875
0 0.5693359375 0.8408203125 0.5693359375 0.853515625 0.5625 0.85546875 0.5439453125 0.8544921875 0.541015625 0.8515625 0.541015625 0.84375 0.5439453125 0.83984375 0.568359375 0.8408203125
0 0.4521484375 0.8388671875 0.455078125 0.8408203125 0.4560546875 0.8515625 0.4501953125 0.85546875 0.4287109375 0.8544921875 0.42578125 0.8525390625 0.42578125 0.8408203125 0.451171875 0.8388671875
0 0.46875 0.76953125 0.4716796875 0.7734375 0.4697265625 0.7822265625 0.44921875 0.7841796875 0.4423828125 0.78125 0.4423828125 0.771484375 0.44921875 0.76953125 0.4677734375 0.76953125
0 0.5263671875 0.3916015625 0.5478515625 0.39453125 0.5615234375 0.3935546875 0.564453125 0.3994140625 0.5634765625 0.4150390625 0.5546875 0.4189453125 0.515625 0.41796875 0.5126953125 0.4150390625 0.515625 0.3974609375 0.5185546875 0.3935546875 0.525390625 0.392578125
0 0.7060546875 0.8408203125 0.7314453125 0.8408203125 0.734375 0.8427734375 0.7333984375 0.853515625 0.708984375 0.8544921875 0.705078125 0.8525390625 0.7060546875 0.841796875
0 0.2490234375 0.9619140625 0.2568359375 0.9619140625 0.259765625 0.96484375 0.259765625 0.974609375 0.2568359375 0.9765625 0.2314453125 0.9755859375 0.2314453125 0.962890625 0.248046875 0.9619140625