1 0.037109375 0.2412109375 0.07421875 0.0517578125
1 0.1240234375 0.236328125 0.0908203125 0.0498046875
1 0.0458984375 0.29345703125 0.0869140625 0.05029296875
1 0.12841796875 0.287109375 0.0869140625 0.0498046875
1 0.046875 0.3427734375 0.09375 0.048828125
1 0.13427734375 0.3388671875 0.08935546875 0.0498046875
1 0.13916015625 0.39111328125 0.0947265625 0.05029296875
1 0.0546875 0.39453125 0.0986328125 0.05078125
1 0.20361328125 0.19482421875 0.087890625 0.05322265625
1 0.20751953125 0.24169921875 0.09228515625 0.05224609375
1 0.28759765625 0.23828125 0.08203125 0.05224609375
1 0.37255859375 0.23828125 0.08642578125 0.052734375
1 0.4541015625 0.23486328125 0.0810546875 0.05322265625
1 0.53515625 0.2880859375 0.08544921875 0.0439453125
1 0.54736328125 0.333984375 0.09033203125 0.04833984375
1 0.54296875 0.38037109375 0.08349609375 0.04443359375
1 0.46435546875 0.38232421875 0.08349609375 0.046875
1 0.3828125 0.3837890625 0.07958984375 0.0458984375
1 0.302734375 0.38525390625 0.08642578125 0.044921875
1 0.21826171875 0.38818359375 0.08544921875 0.046875
1 0.216796875 0.3388671875 0.08349609375 0.046875
1 0.21484375 0.29150390625 0.08251953125 0.046875
1 0.2939453125 0.2900390625 0.080078125 0.044921875
1 0.375 0.28857421875 0.0849609375 0.048828125
1 0.4599609375 0.28857421875 0.08251953125 0.05029296875
1 0.29736328125 0.3369140625 0.08251953125 0.0458984375
1 0.38134765625 0.3349609375 0.08251953125 0.0537109375
1 0.462890625 0.33642578125 0.080078125 0.05029296875
1 0.6224279833984375 0.2091049384765625 0.626028806640625 0.213734568359375 0.636831275390625 0.213348765625 0.6404320986328125 0.2148919755859375 0.6836419755859375 0.213734568359375 0.6887860078125 0.2121913583984375 0.7026748974609375 0.2118055556640625 0.7083333330078125 0.20987654296875 0.71193415625 0.1921296298828125 0.71193415625 0.168209876953125 0.70987654296875 0.1658950615234375 0.6893004111328125 0.1658950615234375 0.6733539091796875 0.1635802470703125 0.640946501953125 0.1635802470703125 0.63580246875 0.1658950615234375 0.6296296298828125 0.1716820986328125 0.6296296298828125 0.1751543212890625 0.62294238671875 0.18132716015625 0.62294238671875 0.2010030859375 0.6208847734375 0.2037037041015625 0.626028806640625 0.2056327158203125 0.6224279833984375 0.2091049384765625
1 0.7490234375 0.1875 0.07861328125 0.048828125
1 0.8271484375 0.18798828125 0.07666015625 0.0498046875
1 0.90087890625 0.18408203125 0.07177734375 0.05224609375
1 0.9677734375 0.18212890625 0.064453125 0.0458984375
1 0.67041015625 0.23876953125 0.08251953125 0.0458984375
1 0.74853515625 0.23388671875 0.078125 0.04736328125
1 0.8251953125 0.23388671875 0.0732421875 0.05517578125
1 0.900390625 0.232421875 0.07421875 0.04638671875
1 0.96923828125 0.2294921875 0.0615234375 0.04736328125
1 0.67041015625 0.283203125 0.078125 0.048828125
1 0.74951171875 0.28173828125 0.07666015625 0.056640625
1 0.82470703125 0.28125 0.0771484375 0.0517578125
1 0.89990234375 0.2802734375 0.0703125 0.05029296875
1 0.966796875 0.2783203125 0.06640625 0.04931640625
1 0.6748046875 0.328125 0.07861328125 0.04638671875
1 0.75 0.328125 0.06884765625 0.048828125
1 0.82763671875 0.3271484375 0.06982421875 0.04931640625
1 0.90185546875 0.32666015625 0.06982421875 0.04052734375
1 0.96728515625 0.32373046875 0.0615234375 0.04638671875
1 0.67529296875 0.376953125 0.07861328125 0.04833984375
1 0.74951171875 0.375 0.0771484375 0.044921875
1 0.82568359375 0.37158203125 0.07275390625 0.0439453125
1 0.89794921875 0.37060546875 0.07421875 0.044921875
1 0.96875 0.37060546875 0.0625 0.046875
1 0.9994855966796875 0.454861111328125 0.969135802734375 0.4564043212890625 0.9665637861328125 0.4594907412109375 0.9655349794921875 0.4702932099609375 0.96399176953125 0.5297067900390625 0.967078189453125 0.531635802734375 0.9994855966796875 0.5331790126953125 0.9994855966796875 0.454861111328125
1 0.9603909462890625 0.4764660498046875 0.9593621396484375 0.463348765625 0.9562757197265624 0.45987654296875 0.932098765625 0.4618055556640625 0.9284979423828125 0.4641203701171875 0.924897119140625 0.462962962890625 0.9187242802734376 0.46527777734375 0.916152263671875 0.473765431640625 0.9146090537109375 0.5320216044921875 0.918209876953125 0.5331790126953125 0.9393004111328125 0.5327932099609375 0.956790123046875 0.5304783955078125 0.9603909462890625 0.4764660498046875
1 0.9146090537109375 0.480709876953125 0.9146090537109375 0.46527777734375 0.91306584375 0.462962962890625 0.8976337451171875 0.4614197529296875 0.895061728515625 0.462962962890625 0.8904320986328125 0.4618055556640625 0.8765432099609375 0.46257716015625 0.8713991767578125 0.4934413583984375 0.8708847734375 0.5327932099609375 0.876028806640625 0.53472222265625 0.91100823046875 0.5327932099609375 0.9146090537109375 0.480709876953125
1 0.5823045263671875 0.536651234375 0.5833333330078125 0.5293209873046875 0.5874485595703125 0.522762345703125 0.5884773662109375 0.494212962890625 0.5864197529296875 0.4780092587890625 0.5797325107421875 0.4699074072265625 0.5673868310546875 0.4706790126953125 0.5632716044921875 0.4695216044921875 0.5596707822265625 0.4714506171875 0.560185185546875 0.536651234375 0.5637860078125 0.5385802470703125 0.579218107421875 0.5385802470703125 0.5823045263671875 0.536651234375
1 0.5586419755859375 0.539737654296875 0.5612139921875 0.536265431640625 0.5612139921875 0.5293209873046875 0.5586419755859375 0.51967592578125 0.557098765625 0.47492283984375 0.554012345703125 0.4726080244140625 0.53600823046875 0.4706790126953125 0.5185185185546874 0.4726080244140625 0.5154320986328125 0.474537037109375 0.5154320986328125 0.505787037109375 0.5185185185546874 0.539737654296875 0.5216049384765625 0.5412808642578125 0.5586419755859375 0.539737654296875
1 0.5092592587890625 0.539737654296875 0.508230453125 0.49112654296875 0.5056584365234374 0.473765431640625 0.4660493828125 0.47492283984375 0.4624485595703125 0.477237654296875 0.4655349794921875 0.54282407421875 0.477880658203125 0.5439814814453126 0.505144033203125 0.542438271484375 0.5092592587890625 0.539737654296875
1 0.46399176953125 0.5435956787109375 0.4624485595703125 0.494212962890625 0.45987654296875 0.4768518515625 0.450102880859375 0.4753086416015625 0.4315843623046875 0.4756944443359375 0.418209876953125 0.4768518515625 0.4176954736328125 0.4787808642578125 0.420781892578125 0.5447530859375 0.422839505859375 0.545910494140625 0.4387860078125 0.545910494140625 0.46399176953125 0.5435956787109375
1 0.2705761318359375 0.5065586416015625 0.2685185185546875 0.508487654296875 0.2726337451171875 0.5501543212890625 0.27777777734375 0.5528549384765625 0.2926954736328125 0.5532407412109375 0.3220164609375 0.5501543212890625 0.32407407421875 0.545910494140625 0.3194444443359375 0.48842592578125 0.3163580244140625 0.4822530859375 0.310185185546875 0.4810956787109375 0.2772633740234375 0.48302469140625 0.2654320986328125 0.4876543212890625 0.2649176953125 0.491512345703125 0.2716049384765625 0.4953703701171875 0.272119341796875 0.497685185546875 0.2705761318359375 0.5065586416015625
1 0.2695473251953125 0.5559413583984375 0.268004115234375 0.531635802734375 0.2654320986328125 0.525848765625 0.26080246875 0.4872685185546875 0.255144033203125 0.4845679013671875 0.220164609375 0.486111111328125 0.215020576171875 0.491512345703125 0.2145061728515625 0.50617283984375 0.2232510283203125 0.560185185546875 0.2674897119140625 0.559413580078125 0.2695473251953125 0.5559413583984375
1 0.2073045263671875 0.562114197265625 0.2186213994140625 0.5605709873046875 0.221193416015625 0.5555555556640625 0.2134773662109375 0.5027006171875 0.2078189296875 0.4872685185546875 0.1862139921875 0.4872685185546875 0.1733539091796875 0.485339505859375 0.168209876953125 0.4872685185546875 0.1666666669921875 0.4907407412109375 0.1676954736328125 0.5243055556640625 0.172839505859375 0.560185185546875 0.1846707822265625 0.562114197265625 0.2073045263671875 0.562114197265625
1 0.1712962958984375 0.5613425927734375 0.170781892578125 0.5497685185546874 0.16306584375 0.48919753125 0.157921810546875 0.4868827158203125 0.136831275390625 0.4872685185546875 0.12294238671875 0.485339505859375 0.1172839501953125 0.4926697529296875 0.1213991767578125 0.545910494140625 0.125 0.5640432099609375 0.1697530859375 0.5632716044921875 0.1712962958984375 0.5613425927734375
1 0.1213991767578125 0.5597993828125 0.1116255146484375 0.4918981484375 0.109053498046875 0.4907407412109375 0.0915637861328125 0.4907407412109375 0.0725308642578125 0.4922839501953125 0.0637860078125 0.49112654296875 0.062757201171875 0.4922839501953125 0.07407407421875 0.5640432099609375 0.094135802734375 0.565586419921875 0.117798353515625 0.5640432099609375 0.1213991767578125 0.5597993828125
1 0.070987654296875 0.565586419921875 0.073045267578125 0.5640432099609375 0.0720164609375 0.55092592578125 0.0606995888671875 0.491512345703125 0.0504115224609375 0.4907407412109375 0.0185185185546875 0.494212962890625 0.0174897119140625 0.49652777734375 0.018004115234375 0.5162037041015625 0.0267489716796875 0.564814814453125 0.0293209873046875 0.5667438271484375 0.070987654296875 0.565586419921875
0 0.85546875 0.4091796875 0.876953125 0.41015625 0.8779296875 0.421875 0.8701171875 0.423828125 0.830078125 0.423828125 0.828125 0.421875 0.828125 0.4140625 0.8310546875 0.41015625 0.8544921875 0.4091796875
0 0.7294921875 0.5712890625 0.728515625 0.5615234375 0.73046875 0.5595703125 0.7587890625 0.5576171875 0.775390625 0.5576171875 0.77734375 0.5595703125 0.77734375 0.5673828125 0.7744140625 0.5712890625 0.7421875 0.5732421875 0.73046875 0.5712890625
0 0.3935546875 0.576171875 0.396484375 0.578125 0.396484375 0.5888671875 0.376953125 0.5927734375 0.3486328125 0.5927734375 0.345703125 0.587890625 0.345703125 0.58203125 0.3544921875 0.5791015625 0.392578125 0.576171875
0 0.0712890625 0.4345703125 0.12109375 0.43359375 0.125 0.4365234375 0.125 0.4462890625 0.1220703125 0.4482421875 0.07421875 0.44921875 0.0712890625 0.447265625 0.0712890625 0.435546875
0 0.470703125 0.4375 0.4697265625 0.4248046875 0.4833984375 0.4228515625 0.51953125 0.4228515625 0.5205078125 0.4345703125 0.5107421875 0.4375 0.4716796875 0.4375
0 0.3115234375 0.4287109375 0.3125 0.4423828125 0.2939453125 0.4443359375 0.2646484375 0.4443359375 0.26171875 0.4423828125 0.2607421875 0.4326171875 0.2626953125 0.4296875 0.310546875 0.4287109375