1 0 0.1739969140625 0.0257201650390625 0.1739969140625 0.0272633740234375 0.1712962958984375 0.0174897119140625 0.0922839501953125 0.019032921875 0.0814043212890625 0.009773662109375 0.0717592587890625 0.0015432099609375 0.068287037109375 0 0.068287037109375 0 0.1739969140625
1 0.0303497939453125 0.173611111328125 0.0396090537109375 0.1743827158203125 0.064814814453125 0.17322530859375 0.0663580244140625 0.167438271484375 0.0596707822265625 0.1168981484375 0.0612139921875 0.105709876953125 0.05915637890625 0.102237654296875 0.05915637890625 0.0949074072265625 0.0637860078125 0.0918209873046875 0.07407407421875 0.0918209873046875 0.056069958984375 0.0748456787109375 0.049897119140625 0.070987654296875 0.0426954736328125 0.0690586416015625 0.032921810546875 0.06867283984375 0.029835390625 0.0698302470703125 0.0267489716796875 0.0760030859375 0.0205761318359375 0.079861111328125 0.018004115234375 0.08487654296875 0.018004115234375 0.09375 0.0272633740234375 0.1716820986328125 0.0303497939453125 0.173611111328125
1 0.1157407412109375 0.173611111328125 0.1172839501953125 0.1716820986328125 0.1162551435546875 0.1608796298828125 0.106995884765625 0.0952932099609375 0.1054526748046875 0.09375 0.087962962890625 0.0922067900390625 0.0632716044921875 0.094135802734375 0.05915637890625 0.096836419921875 0.062242798828125 0.133487654296875 0.068930041015625 0.172839505859375 0.0915637861328125 0.1751543212890625 0.1157407412109375 0.173611111328125
1 0.164094650390625 0.1743827158203125 0.1656378603515625 0.1662808642578125 0.1574074072265625 0.0945216044921875 0.1507201650390625 0.0922067900390625 0.1126543212890625 0.093364197265625 0.1095679013671875 0.0949074072265625 0.11419753125 0.1431327158203125 0.119855966796875 0.1716820986328125 0.1291152265625 0.1751543212890625 0.164094650390625 0.1743827158203125
1 0.1995884775390625 0.1751543212890625 0.2124485595703125 0.1739969140625 0.2145061728515625 0.1720679013671875 0.2145061728515625 0.1643518515625 0.2062757197265625 0.09375 0.185185185546875 0.0925925927734375 0.1615226337890625 0.0929783955078125 0.159979423828125 0.094135802734375 0.166152263671875 0.1716820986328125 0.1702674892578125 0.1739969140625 0.1882716044921875 0.173611111328125 0.1995884775390625 0.1751543212890625
1 0.263888888671875 0.1716820986328125 0.2633744853515625 0.1608796298828125 0.2556584365234375 0.0918209873046875 0.2124485595703125 0.0918209873046875 0.2093621396484375 0.093364197265625 0.2155349794921875 0.1720679013671875 0.2227366259765625 0.1739969140625 0.2613168720703125 0.1743827158203125 0.263888888671875 0.1716820986328125
1 0.310185185546875 0.1400462958984375 0.306069958984375 0.0949074072265625 0.3034979423828125 0.0918209873046875 0.26080246875 0.0918209873046875 0.258230453125 0.0929783955078125 0.2644032919921875 0.1724537041015625 0.2674897119140625 0.1743827158203125 0.3106995888671875 0.175540123046875 0.310185185546875 0.1400462958984375
1 0.3585390947265625 0.1716820986328125 0.3595679013671875 0.150848765625 0.3575102880859375 0.09375 0.352880658203125 0.0910493828125 0.320987654296875 0.090663580078125 0.3096707822265625 0.0918209873046875 0.30915637890625 0.0929783955078125 0.3137860078125 0.173611111328125 0.317901234375 0.1747685185546875 0.355967078125 0.173611111328125 0.3585390947265625 0.1716820986328125
1 0.3796296298828125 0.175540123046875 0.38580246875 0.173611111328125 0.4053497939453125 0.17322530859375 0.407921810546875 0.1716820986328125 0.4089506171875 0.1516203701171875 0.407921810546875 0.1041666669921875 0.405864197265625 0.094135802734375 0.4032921806640625 0.0918209873046875 0.3852880654296875 0.093364197265625 0.3626543212890625 0.0929783955078125 0.3600823046875 0.09722222265625 0.3600823046875 0.1716820986328125 0.36213991796875 0.173611111328125 0.3734567900390625 0.173611111328125 0.3796296298828125 0.175540123046875
1 0.4578189296875 0.1481481484375 0.4547325107421875 0.0956790126953125 0.4506172841796875 0.0918209873046875 0.4094650205078125 0.0929783955078125 0.409979423828125 0.1720679013671875 0.4166666669921875 0.1743827158203125 0.4562757197265625 0.1743827158203125 0.4578189296875 0.1481481484375
1 0.4768518515625 0.176311728515625 0.48713991796875 0.1739969140625 0.5041152265625 0.1739969140625 0.5066872431640626 0.1658950615234375 0.50617283984375 0.09375 0.501028806640625 0.091435185546875 0.45987654296875 0.0922067900390625 0.458847736328125 0.0952932099609375 0.458847736328125 0.1716820986328125 0.45987654296875 0.17322530859375 0.470164609375 0.17322530859375 0.4768518515625 0.176311728515625
1 0.556069958984375 0.170910494140625 0.5545267490234375 0.09722222265625 0.54681069921875 0.091435185546875 0.5123456787109375 0.091435185546875 0.508230453125 0.09375 0.5077160498046875 0.1716820986328125 0.5144032919921875 0.1739969140625 0.5534979423828125 0.1743827158203125 0.556069958984375 0.170910494140625
1 0.5956790126953125 0.1747685185546875 0.6023662548828125 0.173611111328125 0.6044238681640625 0.1716820986328125 0.6044238681640625 0.11612654296875 0.6018518515625 0.0952932099609375 0.5956790126953125 0.0922067900390625 0.5812757197265624 0.0925925927734375 0.56995884765625 0.087962962890625 0.5637860078125 0.088348765625 0.5576131689453125 0.0979938271484375 0.557098765625 0.1114969140625 0.5565843623046876 0.1720679013671875 0.5632716044921875 0.1743827158203125 0.5797325107421875 0.173611111328125 0.5956790126953125 0.1747685185546875
1 0.6486625517578125 0.1747685185546875 0.6522633740234375 0.1720679013671875 0.651234568359375 0.1544922841796875 0.6532921806640625 0.1203703701171875 0.651234568359375 0.0952932099609375 0.6486625517578125 0.0929783955078125 0.6234567900390625 0.0929783955078125 0.6126543212890625 0.0895061728515625 0.6075102880859375 0.0918209873046875 0.6044238681640625 0.096836419921875 0.60390946484375 0.1716820986328125 0.605967078125 0.1739969140625 0.61213991796875 0.1747685185546875 0.6486625517578125 0.1747685185546875
1 0.704218107421875 0.1716820986328125 0.70576131640625 0.094135802734375 0.6965020576171875 0.090663580078125 0.66100823046875 0.0925925927734375 0.6584362138671875 0.0952932099609375 0.6574074072265625 0.104938271484375 0.654835390625 0.1716820986328125 0.6594650205078125 0.173611111328125 0.700102880859375 0.1743827158203125 0.704218107421875 0.1716820986328125
1 0.748971193359375 0.1716820986328125 0.74794238671875 0.1589506171875 0.7546296298828125 0.1072530859375 0.7541152265625 0.0952932099609375 0.741769546875 0.0929783955078125 0.70987654296875 0.0929783955078125 0.7073045263671875 0.0964506171875 0.7062757197265624 0.1114969140625 0.7047325107421875 0.1716820986328125 0.7093621396484375 0.1743827158203125 0.746913580078125 0.1739969140625 0.748971193359375 0.1716820986328125
1 0.79423868359375 0.168209876953125 0.7983539091796875 0.1466049384765625 0.8014403291015625 0.102237654296875 0.8014403291015625 0.098765431640625 0.7983539091796875 0.0952932099609375 0.79012345703125 0.09375 0.758230453125 0.094135802734375 0.7566872431640626 0.0952932099609375 0.75205761328125 0.14197530859375 0.7515432099609375 0.17322530859375 0.7556584365234374 0.1747685185546875 0.7896090537109375 0.1747685185546875 0.79423868359375 0.168209876953125
1 0.8415637861328125 0.1747685185546875 0.8436213994140624 0.1720679013671875 0.848765431640625 0.0979938271484375 0.8410493828125 0.0964506171875 0.8065843623046876 0.0952932099609375 0.8034979423828125 0.098765431640625 0.8014403291015625 0.11882716015625 0.7973251025390625 0.1712962958984375 0.8034979423828125 0.1739969140625 0.8245884775390625 0.175540123046875 0.8415637861328125 0.1747685185546875
1 0 0.2908950615234375 0.0046296298828125 0.2939814814453125 0.03600823046875 0.2939814814453125 0.03806584375 0.2889660498046875 0.029835390625 0.2260802470703125 0.0303497939453125 0.2029320986328125 0.0257201650390625 0.1971450615234375 0.0185185185546875 0.1956018515625 0.0087448564453125 0.195987654296875 0.00205761328125 0.199459876953125 0 0.201388888671875 0 0.2908950615234375
1 0.045781892578125 0.295138888671875 0.0720164609375 0.295138888671875 0.075102880859375 0.293209876953125 0.0756172841796875 0.287037037109375 0.0673868310546875 0.2202932099609375 0.0694444443359375 0.21257716015625 0.07407407421875 0.20987654296875 0.0606995888671875 0.1971450615234375 0.0421810703125 0.1956018515625 0.0365226337890625 0.199459876953125 0.028806583984375 0.2106481484375 0.0293209873046875 0.22762345703125 0.03600823046875 0.2627314814453125 0.039094650390625 0.293209876953125 0.045781892578125 0.295138888671875
1 0.1234567900390625 0.293209876953125 0.1157407412109375 0.219135802734375 0.1105967080078125 0.2172067900390625 0.0694444443359375 0.219135802734375 0.07407407421875 0.2743055556640625 0.0776748974609375 0.2935956787109375 0.1183127568359375 0.2943672841796875 0.1234567900390625 0.293209876953125
1 0.1712962958984375 0.2939814814453125 0.1723251025390625 0.2893518515625 0.1671810703125 0.2399691357421875 0.1625514404296875 0.21875 0.159979423828125 0.2172067900390625 0.1342592587890625 0.216435185546875 0.1193415634765625 0.2172067900390625 0.117798353515625 0.218364197265625 0.1244855966796875 0.292438271484375 0.132201646484375 0.29282407421875 0.147119341796875 0.2966820986328125 0.1712962958984375 0.2939814814453125
1 0.220164609375 0.2935956787109375 0.2165637861328125 0.2472993828125 0.21193415625 0.21875 0.206790123046875 0.216435185546875 0.1697530859375 0.2168209873046875 0.166152263671875 0.21875 0.1702674892578125 0.2735339501953125 0.174897119140625 0.29282407421875 0.1954732509765625 0.2947530859375 0.220164609375 0.2935956787109375
1 0.2695473251953125 0.28742283984375 0.261831275390625 0.218364197265625 0.24794238671875 0.2168209873046875 0.22890946484375 0.218364197265625 0.2165637861328125 0.2175925927734375 0.2155349794921875 0.2256944443359375 0.2232510283203125 0.295138888671875 0.2685185185546875 0.2947530859375 0.2695473251953125 0.28742283984375
1 0.3106995888671875 0.29552469140625 0.3153292177734375 0.2935956787109375 0.316872427734375 0.2908950615234375 0.3117283955078125 0.2206790126953125 0.304012345703125 0.2172067900390625 0.2649176953125 0.218364197265625 0.2674897119140625 0.2654320986328125 0.2716049384765625 0.2939814814453125 0.2793209873046875 0.29552469140625 0.3106995888671875 0.29552469140625
1 0.33487654296875 0.2962962958984375 0.3626543212890625 0.295138888671875 0.365226337890625 0.2935956787109375 0.3626543212890625 0.22222222265625 0.359053498046875 0.218364197265625 0.316872427734375 0.218364197265625 0.314814814453125 0.2199074072265625 0.314814814453125 0.2283950615234375 0.3204732509765625 0.293209876953125 0.33487654296875 0.2962962958984375
1 0.4115226337890625 0.295138888671875 0.4146090537109375 0.2939814814453125 0.4115226337890625 0.2202932099609375 0.407921810546875 0.2175925927734375 0.3755144033203125 0.2175925927734375 0.3647119345703125 0.2195216044921875 0.3657407412109375 0.289737654296875 0.3693415634765625 0.29282407421875 0.386831275390625 0.2966820986328125 0.4115226337890625 0.295138888671875
1 0.4284979423828125 0.295138888671875 0.4346707822265625 0.2966820986328125 0.4593621396484375 0.29552469140625 0.4624485595703125 0.2935956787109375 0.45987654296875 0.22222222265625 0.45576131640625 0.218364197265625 0.4176954736328125 0.218364197265625 0.4146090537109375 0.2202932099609375 0.414094650390625 0.2662037041015625 0.416152263671875 0.293209876953125 0.418209876953125 0.29552469140625 0.4284979423828125 0.295138888671875
1 0.5056584365234374 0.29552469140625 0.5092592587890625 0.289737654296875 0.508230453125 0.2206790126953125 0.505144033203125 0.2179783955078125 0.477880658203125 0.2175925927734375 0.465020576171875 0.218364197265625 0.46193415625 0.2202932099609375 0.4624485595703125 0.2908950615234375 0.4696502060546875 0.2966820986328125 0.48302469140625 0.295138888671875 0.5056584365234374 0.29552469140625
1 0.5504115224609375 0.2962962958984375 0.55504115234375 0.293209876953125 0.55504115234375 0.2214506171875 0.5504115224609375 0.2179783955078125 0.5113168720703125 0.21875 0.5092592587890625 0.2202932099609375 0.5102880654296875 0.29282407421875 0.5149176953125 0.295910494140625 0.5504115224609375 0.2962962958984375
1 0.6054526748046875 0.289737654296875 0.605967078125 0.2199074072265625 0.5956790126953125 0.212962962890625 0.5853909462890625 0.215663580078125 0.5673868310546875 0.2160493828125 0.558127572265625 0.2199074072265625 0.557098765625 0.2287808642578125 0.557098765625 0.2935956787109375 0.5596707822265625 0.295138888671875 0.6023662548828125 0.2947530859375 0.6054526748046875 0.289737654296875
1 0.6507201650390625 0.2939814814453125 0.65277777734375 0.2908950615234375 0.6522633740234375 0.278163580078125 0.6543209873046875 0.2689043212890625 0.653806583984375 0.2199074072265625 0.6522633740234375 0.2175925927734375 0.632201646484375 0.2179783955078125 0.6162551435546875 0.2148919755859375 0.6126543212890625 0.215663580078125 0.60802469140625 0.2226080244140625 0.606995884765625 0.246913580078125 0.6064814814453126 0.275848765625 0.6085390947265625 0.29282407421875 0.6126543212890625 0.2943672841796875 0.6507201650390625 0.2939814814453125
1 0.7016460908203125 0.255015431640625 0.7006172841796875 0.218364197265625 0.691872427734375 0.2168209873046875 0.6584362138671875 0.21875 0.6563786005859376 0.2214506171875 0.6543209873046875 0.2426697529296875 0.653806583984375 0.293209876953125 0.6815843623046876 0.295138888671875 0.6995884775390625 0.293209876953125 0.7016460908203125 0.255015431640625
1 0.7037037041015625 0.29282407421875 0.7062757197265624 0.2939814814453125 0.7155349794921875 0.2916666669921875 0.729938271484375 0.293209876953125 0.7407407412109375 0.29205246875 0.742798353515625 0.2885802470703125 0.7474279833984375 0.221064814453125 0.741769546875 0.21875 0.723765431640625 0.21875 0.720164609375 0.2206790126953125 0.712962962890625 0.2206790126953125 0.70987654296875 0.219135802734375 0.7052469140625 0.2214506171875 0.70318930078125 0.227237654296875 0.7052469140625 0.2287808642578125 0.7052469140625 0.23572530859375 0.7011316875 0.269290123046875 0.7037037041015625 0.29282407421875
1 0.7757201650390625 0.2943672841796875 0.789094650390625 0.2912808642578125 0.793209876953125 0.2372685185546875 0.793209876953125 0.2202932099609375 0.791152263671875 0.21875 0.7813786005859376 0.2168209873046875 0.7674897119140625 0.21875 0.753086419921875 0.218364197265625 0.7494855966796875 0.2199074072265625 0.7443415634765626 0.275462962890625 0.7443415634765626 0.2905092587890625 0.74794238671875 0.2947530859375 0.7577160498046875 0.2935956787109375 0.7757201650390625 0.2943672841796875
1 0.797839505859375 0.29012345703125 0.799897119140625 0.2916666669921875 0.8024691357421875 0.29012345703125 0.807098765625 0.2912808642578125 0.8117283955078125 0.2889660498046875 0.8194444443359375 0.2912808642578125 0.8287037041015625 0.2916666669921875 0.8343621396484375 0.29012345703125 0.840020576171875 0.2407407412109375 0.8395061728515625 0.2202932099609375 0.8312757197265624 0.2172067900390625 0.807098765625 0.2168209873046875 0.7973251025390625 0.221064814453125 0.7952674892578125 0.2233796298828125 0.793209876953125 0.2457561728515625 0.793209876953125 0.2689043212890625 0.7906378603515625 0.2851080244140625 0.7926954736328125 0.29205246875 0.797839505859375 0.29012345703125
1 0.87705761328125 0.2260802470703125 0.875 0.2199074072265625 0.86213991796875 0.215663580078125 0.8518518515625 0.216435185546875 0.844135802734375 0.2206790126953125 0.8410493828125 0.2372685185546875 0.8405349794921875 0.258487654296875 0.837962962890625 0.2677469140625 0.837962962890625 0.293209876953125 0.86213991796875 0.2943672841796875 0.8693415634765626 0.293209876953125 0.87705761328125 0.2260802470703125
1 0 0.408564814453125 0.0154320986328125 0.408564814453125 0.02109053515625 0.4077932099609375 0.0216049384765625 0.400848765625 0.0154320986328125 0.3653549384765625 0.01286008203125 0.3190586416015625 0.0102880654296875 0.315586419921875 0.003086419921875 0.3132716044921875 0 0.3132716044921875 0 0.408564814453125
1 0.0586419755859375 0.4077932099609375 0.0606995888671875 0.4043209873046875 0.04681069921875 0.317515431640625 0.043209876953125 0.3136574072265625 0.0257201650390625 0.3132716044921875 0.0226337451171875 0.314814814453125 0.013888888671875 0.327160494140625 0.013888888671875 0.3506944443359375 0.02109053515625 0.4054783955078125 0.02777777734375 0.4081790126953125 0.0586419755859375 0.4077932099609375
1 0.0946502060546875 0.4077932099609375 0.09310699609375 0.3711419755859375 0.0895061728515625 0.349537037109375 0.0905349794921875 0.3310185185546875 0.0874485595703125 0.324459876953125 0.08693415625 0.317515431640625 0.0812757197265625 0.312885802734375 0.0637860078125 0.3117283955078125 0.056069958984375 0.315586419921875 0.051954732421875 0.3252314814453125 0.0514403291015625 0.335262345703125 0.0596707822265625 0.4035493828125 0.0653292177734375 0.4077932099609375 0.0946502060546875 0.4077932099609375
1 0.1435185185546875 0.400848765625 0.1352880654296875 0.3360339501953125 0.130144033203125 0.3344907412109375 0.1044238681640625 0.335262345703125 0.0915637861328125 0.3341049384765625 0.0895061728515625 0.335262345703125 0.0977366259765625 0.4077932099609375 0.125 0.4089506171875 0.14197530859375 0.4077932099609375 0.1435185185546875 0.400848765625
1 0.1893004111328125 0.4081790126953125 0.191872427734375 0.4035493828125 0.183127572265625 0.337962962890625 0.179012345703125 0.3356481484375 0.17181069921875 0.33487654296875 0.1615226337890625 0.3368055556640625 0.1445473251953125 0.335262345703125 0.1394032919921875 0.3364197529296875 0.1435185185546875 0.39737654296875 0.147119341796875 0.405864197265625 0.1635802470703125 0.4089506171875 0.1893004111328125 0.4081790126953125
1 0.238168724609375 0.403163580078125 0.230967078125 0.3364197529296875 0.227880658203125 0.3344907412109375 0.2242798349609375 0.3344907412109375 0.210905349609375 0.3360339501953125 0.1882716044921875 0.3356481484375 0.185185185546875 0.3371913583984375 0.193930041015625 0.4050925927734375 0.1995884775390625 0.4077932099609375 0.2366255146484375 0.4077932099609375 0.238168724609375 0.403163580078125
1 0.28600823046875 0.4043209873046875 0.279835390625 0.34027777734375 0.27777777734375 0.335262345703125 0.2376543212890625 0.3344907412109375 0.2335390947265625 0.3371913583984375 0.2376543212890625 0.3939043212890625 0.2407407412109375 0.4077932099609375 0.282921810546875 0.4077932099609375 0.28600823046875 0.4043209873046875
1 0.329218107421875 0.40277777734375 0.329218107421875 0.391589505859375 0.32407407421875 0.34027777734375 0.3225308642578125 0.338348765625 0.297839505859375 0.33487654296875 0.2834362138671875 0.33487654296875 0.280864197265625 0.3371913583984375 0.28600823046875 0.405864197265625 0.2921810703125 0.4077932099609375 0.3266460908203125 0.4077932099609375 0.329218107421875 0.40277777734375
1 0.348765431640625 0.4089506171875 0.3693415634765625 0.4074074072265625 0.3734567900390625 0.4043209873046875 0.371913580078125 0.3356481484375 0.3693415634765625 0.3333333330078125 0.36213991796875 0.332561728515625 0.331790123046875 0.3344907412109375 0.3276748974609375 0.3368055556640625 0.331790123046875 0.4035493828125 0.33487654296875 0.4074074072265625 0.33693415625 0.406635802734375 0.348765431640625 0.4089506171875
1 0.3904320986328125 0.4077932099609375 0.418209876953125 0.4070216044921875 0.4202674892578125 0.4047067900390625 0.418209876953125 0.3356481484375 0.4135802470703125 0.3314043212890625 0.40689300390625 0.3310185185546875 0.4032921806640625 0.33294753125 0.39609053515625 0.3337191357421875 0.376028806640625 0.3341049384765625 0.373971193359375 0.33757716015625 0.375 0.4047067900390625 0.3765432099609375 0.40625 0.38580246875 0.40625 0.3904320986328125 0.4077932099609375
1 0.467078189453125 0.4043209873046875 0.4655349794921875 0.337962962890625 0.4573045263671875 0.3314043212890625 0.452160494140625 0.3314043212890625 0.4454732509765625 0.3341049384765625 0.4243827158203125 0.3337191357421875 0.420781892578125 0.33487654296875 0.4212962958984375 0.4047067900390625 0.424897119140625 0.4077932099609375 0.462962962890625 0.4070216044921875 0.467078189453125 0.4043209873046875
1 0.5113168720703125 0.4054783955078125 0.5102880654296875 0.335262345703125 0.501028806640625 0.332561728515625 0.4727366259765625 0.3341049384765625 0.467078189453125 0.3368055556640625 0.4665637861328125 0.3738425927734375 0.4706790126953125 0.4043209873046875 0.473765431640625 0.40625 0.5113168720703125 0.4054783955078125
1 0.5576131689453125 0.3510802470703125 0.5555555556640625 0.33487654296875 0.5504115224609375 0.3310185185546875 0.5421810703125 0.3314043212890625 0.5365226337890625 0.3341049384765625 0.519032921875 0.3333333330078125 0.5133744853515625 0.33487654296875 0.5123456787109375 0.3410493828125 0.51286008203125 0.4047067900390625 0.5154320986328125 0.406635802734375 0.5565843623046876 0.4050925927734375 0.5576131689453125 0.3510802470703125
1 0.602880658203125 0.4016203701171875 0.604938271484375 0.335262345703125 0.594135802734375 0.32947530859375 0.5805555556640625 0.3333333330078125 0.5617283955078125 0.3341049384765625 0.5586419755859375 0.3368055556640625 0.557098765625 0.4043209873046875 0.562242798828125 0.406635802734375 0.5992798349609375 0.4050925927734375 0.602880658203125 0.4016203701171875
1 0.6291152265625 0.405864197265625 0.6445473251953125 0.4047067900390625 0.6476337451171875 0.400848765625 0.6481481484375 0.394290123046875 0.6481481484375 0.33487654296875 0.6383744853515625 0.3302469140625 0.623971193359375 0.3337191357421875 0.605967078125 0.33487654296875 0.60390946484375 0.3564814814453125 0.60390946484375 0.403935185546875 0.6054526748046875 0.4050925927734375 0.6157407412109375 0.4043209873046875 0.6291152265625 0.405864197265625
1 0.691872427734375 0.4035493828125 0.693930041015625 0.400848765625 0.6970164609375 0.3356481484375 0.6923868310546875 0.3344907412109375 0.6543209873046875 0.3341049384765625 0.6507201650390625 0.35532407421875 0.6507201650390625 0.4023919755859375 0.654835390625 0.4043209873046875 0.6671810703125 0.405864197265625 0.691872427734375 0.4035493828125
1 0.7376543212890625 0.401234568359375 0.7397119345703125 0.3935185185546875 0.7422839501953125 0.33487654296875 0.73713991796875 0.33294753125 0.7026748974609375 0.3341049384765625 0.6985596708984375 0.33487654296875 0.6975308642578125 0.338348765625 0.695987654296875 0.401234568359375 0.7062757197265624 0.4047067900390625 0.7345679013671875 0.403163580078125 0.7376543212890625 0.401234568359375
1 0.77109053515625 0.4043209873046875 0.780864197265625 0.4023919755859375 0.782921810546875 0.400462962890625 0.78600823046875 0.386959876953125 0.7896090537109375 0.3344907412109375 0.784979423828125 0.332561728515625 0.7463991767578125 0.3333333330078125 0.7443415634765626 0.3344907412109375 0.7433127568359374 0.3518518515625 0.7412551435546875 0.4020061728515625 0.74382716015625 0.4035493828125 0.753086419921875 0.4043209873046875 0.77109053515625 0.4043209873046875
1 0.8276748974609375 0.4035493828125 0.8302469140625 0.400848765625 0.8328189296875 0.3846450615234375 0.8364197529296875 0.3344907412109375 0.831790123046875 0.331790123046875 0.8163580244140625 0.332561728515625 0.7952674892578125 0.3306327158203125 0.7916666669921875 0.3314043212890625 0.79012345703125 0.3337191357421875 0.789094650390625 0.3410493828125 0.789094650390625 0.36072530859375 0.7844650205078125 0.401234568359375 0.7885802470703125 0.4043209873046875 0.8276748974609375 0.4035493828125
1 0.8703703701171875 0.394290123046875 0.8734567900390625 0.3711419755859375 0.8755144033203125 0.33757716015625 0.8693415634765626 0.3310185185546875 0.859053498046875 0.3287037041015625 0.83899176953125 0.3314043212890625 0.8353909462890625 0.36072530859375 0.83076131640625 0.4043209873046875 0.8626543212890625 0.405864197265625 0.8662551435546875 0.403163580078125 0.8703703701171875 0.394290123046875
1 0.9007201650390625 0.363040123046875 0.9017489716796875 0.3464506171875 0.8945473251953125 0.33487654296875 0.8904320986328125 0.3344907412109375 0.880144033203125 0.3364197529296875 0.8755144033203125 0.3452932099609375 0.87294238671875 0.389660494140625 0.883230453125 0.3912037041015625 0.89609053515625 0.3796296298828125 0.9007201650390625 0.363040123046875
1 0 0.5127314814453126 0.0231481484375 0.513888888671875 0.0339506171875 0.51157407421875 0.02520576171875 0.431712962890625 0.020061728515625 0.4251543212890625 0.00617283984375 0.4239969140625 0 0.4239969140625 0 0.5127314814453126
1 0.06995884765625 0.5127314814453126 0.0720164609375 0.5081018515625 0.0637860078125 0.45447530859375 0.062242798828125 0.429012345703125 0.054012345703125 0.4247685185546875 0.0375514404296875 0.423611111328125 0.0313786005859375 0.42669753125 0.026234568359375 0.4359567900390625 0.02777777734375 0.4672067900390625 0.0354938271484375 0.511959876953125 0.057098765625 0.5135030859375 0.06995884765625 0.5127314814453126
1 0 0.6126543212890625 0.013888888671875 0.6126543212890625 0.01697530859375 0.60802469140625 0.011831275390625 0.5702160498046875 0.0046296298828125 0.543209876953125 0.0015432099609375 0.5412808642578125 0 0.5412808642578125 0 0.6126543212890625
1 0.032921810546875 0.613040123046875 0.05092592578125 0.6118827158203125 0.0529835390625 0.6099537041015625 0.0529835390625 0.6041666669921875 0.043209876953125 0.5320216044921875 0.032921810546875 0.5293209873046875 0.0174897119140625 0.5293209873046875 0.011831275390625 0.5327932099609375 0.0041152265625 0.543209876953125 0.0025720166015625 0.5470679013671875 0.01286008203125 0.5756172841796875 0.0174897119140625 0.6118827158203125 0.032921810546875 0.613040123046875
1 0.057098765625 0.610339505859375 0.0812757197265625 0.611111111328125 0.08487654296875 0.608410494140625 0.083847736328125 0.587962962890625 0.077160494140625 0.5447530859375 0.077160494140625 0.5389660498046875 0.0802469140625 0.53125 0.073045267578125 0.5285493828125 0.05504115234375 0.5285493828125 0.051954732421875 0.5293209873046875 0.0447530859375 0.536265431640625 0.047839505859375 0.5698302470703125 0.054012345703125 0.5925925927734375 0.0534979423828125 0.6060956787109375 0.057098765625 0.610339505859375
1 0.090020576171875 0.611111111328125 0.1162551435546875 0.6099537041015625 0.116769546875 0.5922067900390625 0.111111111328125 0.5559413583984375 0.111111111328125 0.5510543984375 0.1162551435546875 0.543209876953125 0.1172839501953125 0.5381944443359375 0.1162551435546875 0.5293209873046875 0.087962962890625 0.528163580078125 0.083847736328125 0.5300925927734375 0.0766460908203125 0.539737654296875 0.0761316875 0.545138888671875 0.0833333330078125 0.57947530859375 0.085905349609375 0.6091820986328125 0.090020576171875 0.611111111328125
1 0.1075102880859375 0.508487654296875 0.1044238681640625 0.4780092587890625 0.0982510283203125 0.44907407421875 0.09979423828125 0.442515431640625 0.09722222265625 0.437885802734375 0.0925925927734375 0.434413580078125 0.0802469140625 0.435185185546875 0.070987654296875 0.4336419755859375 0.0643004111328125 0.4413580244140625 0.0725308642578125 0.5100308642578125 0.077160494140625 0.5123456787109375 0.1054526748046875 0.5123456787109375 0.1075102880859375 0.508487654296875
1 0.13580246875 0.5127314814453126 0.1435185185546875 0.5150462958984375 0.1522633740234375 0.5131172841796875 0.1532921806640625 0.5073302470703125 0.144032921875 0.4456018515625 0.1404320986328125 0.4440586416015625 0.136831275390625 0.4448302470703125 0.1265432099609375 0.440586419921875 0.1224279833984375 0.442515431640625 0.119855966796875 0.4413580244140625 0.1085390947265625 0.442515431640625 0.1003086416015625 0.4467592587890625 0.098765431640625 0.4498456787109375 0.109053498046875 0.51080246875 0.1126543212890625 0.5127314814453126 0.13580246875 0.5127314814453126
1 0.189814814453125 0.44637345703125 0.1856995888671875 0.4444444443359375 0.1764403291015625 0.4456018515625 0.1476337451171875 0.4448302470703125 0.1455761318359375 0.445987654296875 0.153806583984375 0.511959876953125 0.1589506171875 0.5135030859375 0.19495884765625 0.511959876953125 0.189814814453125 0.44637345703125
1 0.22222222265625 0.5123456787109375 0.2397119345703125 0.51157407421875 0.2386831279296875 0.4729938271484375 0.2355967080078125 0.4440586416015625 0.2206790126953125 0.44097222265625 0.20987654296875 0.440586419921875 0.2078189296875 0.442515431640625 0.195987654296875 0.443287037109375 0.1923868310546875 0.4452160498046875 0.198045267578125 0.511959876953125 0.20987654296875 0.511959876953125 0.2145061728515625 0.5104166669921875 0.22222222265625 0.5123456787109375
1 0.2546296298828125 0.5100308642578125 0.2674897119140625 0.511959876953125 0.2824074072265625 0.51157407421875 0.2844650205078125 0.497685185546875 0.2793209873046875 0.44637345703125 0.2716049384765625 0.44367283984375 0.2654320986328125 0.442901234375 0.2613168720703125 0.4440586416015625 0.2592592587890625 0.442515431640625 0.251028806640625 0.4421296298828125 0.2376543212890625 0.4440586416015625 0.240226337890625 0.4984567900390625 0.242798353515625 0.5104166669921875 0.24382716015625 0.511959876953125 0.2546296298828125 0.5100308642578125
1 0.3245884775390625 0.5123456787109375 0.3276748974609375 0.508487654296875 0.325102880859375 0.45987654296875 0.32407407421875 0.45177469140625 0.3194444443359375 0.4471450615234375 0.3194444443359375 0.4448302470703125 0.3235596708984375 0.442515431640625 0.307098765625 0.4421296298828125 0.3034979423828125 0.443287037109375 0.299897119140625 0.4417438271484375 0.28600823046875 0.443287037109375 0.28189300390625 0.4456018515625 0.28600823046875 0.5096450615234375 0.312757201171875 0.511959876953125 0.320987654296875 0.5104166669921875 0.3245884775390625 0.5123456787109375
1 0.3492798349609375 0.51080246875 0.3523662548828125 0.511959876953125 0.366769546875 0.5100308642578125 0.3708847734375 0.505787037109375 0.3693415634765625 0.4448302470703125 0.3657407412109375 0.4417438271484375 0.342078189453125 0.440586419921875 0.331790123046875 0.4413580244140625 0.327160494140625 0.44367283984375 0.3261316875 0.4560185185546875 0.3297325107421875 0.5065586416015625 0.33487654296875 0.511188271484375 0.3492798349609375 0.51080246875
1 0.4125514404296875 0.50887345703125 0.414094650390625 0.4475308642578125 0.4125514404296875 0.442901234375 0.41100823046875 0.4417438271484375 0.376028806640625 0.442515431640625 0.3724279833984375 0.4456018515625 0.3708847734375 0.4525462958984375 0.369855966796875 0.4706790126953125 0.376028806640625 0.508487654296875 0.394032921875 0.5104166669921875 0.4125514404296875 0.50887345703125
1 0.5406378603515625 0.508487654296875 0.5447530859375 0.505401234375 0.545781892578125 0.445987654296875 0.5396090537109375 0.4413580244140625 0.5056584365234374 0.4421296298828125 0.5025720166015625 0.4452160498046875 0.5015432099609375 0.5065586416015625 0.5046296298828125 0.508487654296875 0.52109053515625 0.5073302470703125 0.5406378603515625 0.508487654296875
1 0.4794238681640625 0.508487654296875 0.4984567900390625 0.5092592587890625 0.501028806640625 0.50617283984375 0.501028806640625 0.44367283984375 0.4974279833984375 0.4421296298828125 0.4706790126953125 0.4413580244140625 0.462962962890625 0.4421296298828125 0.458847736328125 0.4448302470703125 0.458847736328125 0.508487654296875 0.46399176953125 0.5100308642578125 0.473765431640625 0.5100308642578125 0.4794238681640625 0.508487654296875
1 0.4562757197265625 0.51080246875 0.4583333330078125 0.508487654296875 0.4583333330078125 0.4444444443359375 0.4573045263671875 0.443287037109375 0.4274691357421875 0.44367283984375 0.418209876953125 0.442515431640625 0.4146090537109375 0.445987654296875 0.41306584375 0.4876543212890625 0.41512345703125 0.50887345703125 0.4176954736328125 0.51080246875 0.4562757197265625 0.51080246875
1 0.5812757197265624 0.508487654296875 0.58899176953125 0.5069444443359375 0.5910493828125 0.505015431640625 0.5910493828125 0.442515431640625 0.58487654296875 0.439814814453125 0.5823045263671875 0.4355709873046875 0.5787037041015625 0.434413580078125 0.5745884775390625 0.435185185546875 0.573045267578125 0.4386574072265625 0.5684156376953124 0.4402006171875 0.549897119140625 0.4402006171875 0.547839505859375 0.4421296298828125 0.54681069921875 0.46527777734375 0.5462962958984375 0.502314814453125 0.5483539091796875 0.5069444443359375 0.5504115224609375 0.5081018515625 0.5812757197265624 0.508487654296875
1 0.632201646484375 0.505015431640625 0.6337448564453125 0.4984567900390625 0.6342592587890625 0.4417438271484375 0.625 0.43402777734375 0.61882716015625 0.4332561728515625 0.61419753125 0.437114197265625 0.6003086416015625 0.4386574072265625 0.5915637861328125 0.442515431640625 0.5910493828125 0.505015431640625 0.5977366259765625 0.5073302470703125 0.630144033203125 0.5065586416015625 0.632201646484375 0.505015431640625
1 0.6676954736328125 0.5073302470703125 0.6779835390625 0.505015431640625 0.68004115234375 0.4440586416015625 0.6774691357421875 0.4394290126953125 0.66923868359375 0.4336419755859375 0.6646090537109375 0.4336419755859375 0.659979423828125 0.437114197265625 0.636831275390625 0.4390432099609375 0.6352880654296875 0.45717592578125 0.6342592587890625 0.5019290126953125 0.63580246875 0.505015431640625 0.643004115234375 0.5073302470703125 0.6676954736328125 0.5073302470703125
1 0.7196502060546875 0.5065586416015625 0.7253086416015625 0.505015431640625 0.7314814814453126 0.442901234375 0.72890946484375 0.4402006171875 0.720164609375 0.4386574072265625 0.6995884775390625 0.4386574072265625 0.6913580244140625 0.4390432099609375 0.6867283955078125 0.4421296298828125 0.6867283955078125 0.4498456787109375 0.6805555556640625 0.4660493828125 0.6784979423828125 0.49382716015625 0.6779835390625 0.5015432099609375 0.681069958984375 0.505401234375 0.6923868310546875 0.5073302470703125 0.7196502060546875 0.5065586416015625
1 0.7726337451171875 0.4984567900390625 0.7736625517578125 0.4417438271484375 0.7649176953125 0.4394290126953125 0.7505144033203125 0.4386574072265625 0.73713991796875 0.4386574072265625 0.7335390947265625 0.440586419921875 0.7294238681640625 0.48032407421875 0.7294238681640625 0.505015431640625 0.758230453125 0.50617283984375 0.769032921875 0.5046296298828125 0.7726337451171875 0.4984567900390625
1 0.7782921806640625 0.505401234375 0.807098765625 0.503086419921875 0.814814814453125 0.497685185546875 0.8184156376953124 0.46257716015625 0.8184156376953124 0.4390432099609375 0.801954732421875 0.4386574072265625 0.7947530859375 0.440586419921875 0.779835390625 0.439814814453125 0.7772633740234375 0.442901234375 0.776234568359375 0.4525462958984375 0.776234568359375 0.4706790126953125 0.772119341796875 0.5027006171875 0.7736625517578125 0.5046296298828125 0.7782921806640625 0.505401234375
1 0.1635802470703125 0.6095679013671875 0.1635802470703125 0.6060956787109375 0.16100823046875 0.6006944443359375 0.1553497939453125 0.547839505859375 0.151234568359375 0.54552469140625 0.13580246875 0.5447530859375 0.1296296298828125 0.54282407421875 0.119855966796875 0.5447530859375 0.11213991796875 0.54822530859375 0.11882716015625 0.6099537041015625 0.121913580078125 0.6114969140625 0.16100823046875 0.611111111328125 0.1635802470703125 0.6095679013671875
1 0.20318930078125 0.61072530859375 0.2047325107421875 0.6095679013671875 0.2047325107421875 0.6003086416015625 0.19907407421875 0.548611111328125 0.1934156376953125 0.5462962958984375 0.176954732421875 0.54552469140625 0.168209876953125 0.54552469140625 0.16512345703125 0.547839505859375 0.1574074072265625 0.548611111328125 0.1574074072265625 0.5640432099609375 0.1625514404296875 0.6091820986328125 0.1671810703125 0.6114969140625 0.20318930078125 0.61072530859375
1 0.2484567900390625 0.6091820986328125 0.2484567900390625 0.6033950615234375 0.2422839501953125 0.5462962958984375 0.2268518515625 0.5443672841796875 0.20987654296875 0.54552469140625 0.202160494140625 0.54822530859375 0.20576131640625 0.6091820986328125 0.208847736328125 0.61072530859375 0.246913580078125 0.6099537041015625 0.2484567900390625 0.6091820986328125
1 0.287037037109375 0.54552469140625 0.2844650205078125 0.5443672841796875 0.251028806640625 0.545138888671875 0.244855966796875 0.54822530859375 0.246913580078125 0.5895061728515625 0.25 0.6091820986328125 0.291152263671875 0.6095679013671875 0.287037037109375 0.54552469140625
1 0.3343621396484375 0.6060956787109375 0.33487654296875 0.6006944443359375 0.33076131640625 0.543209876953125 0.3276748974609375 0.54205246875 0.289094650390625 0.545910494140625 0.2926954736328125 0.6087962958984375 0.2993827158203125 0.6099537041015625 0.3312757197265625 0.6091820986328125 0.3343621396484375 0.6060956787109375
1 0.3734567900390625 0.6072530859375 0.3755144033203125 0.605709876953125 0.3755144033203125 0.5667438271484375 0.37294238671875 0.54012345703125 0.3683127568359375 0.5381944443359375 0.352880658203125 0.5416666669921875 0.3410493828125 0.5416666669921875 0.3343621396484375 0.543209876953125 0.331790123046875 0.5462962958984375 0.3353909462890625 0.6060956787109375 0.337962962890625 0.607638888671875 0.35390946484375 0.6095679013671875 0.3734567900390625 0.6072530859375
1 0.41923868359375 0.60262345703125 0.41923868359375 0.57947530859375 0.4171810703125 0.5470679013671875 0.4146090537109375 0.53742283984375 0.4063786005859375 0.536265431640625 0.40020576171875 0.539737654296875 0.3765432099609375 0.5412808642578125 0.375 0.54282407421875 0.3765432099609375 0.605709876953125 0.3883744853515625 0.607638888671875 0.4156378603515625 0.6064814814453126 0.41923868359375 0.60262345703125
1 0.45987654296875 0.6064814814453126 0.4614197529296875 0.605709876953125 0.462962962890625 0.5667438271484375 0.46193415625 0.54282407421875 0.45987654296875 0.5405092587890625 0.4362139921875 0.5378086416015625 0.4238683125 0.5389660498046875 0.41923868359375 0.5408950615234375 0.4212962958984375 0.6041666669921875 0.4238683125 0.6060956787109375 0.4346707822265625 0.6072530859375 0.45987654296875 0.6064814814453126
1 0.50617283984375 0.602237654296875 0.5046296298828125 0.59722222265625 0.5056584365234374 0.556712962890625 0.5041152265625 0.54282407421875 0.4994855966796875 0.5389660498046875 0.4825102880859375 0.5393518515625 0.467078189453125 0.5378086416015625 0.462962962890625 0.543209876953125 0.462962962890625 0.6037808642578125 0.4727366259765625 0.6060956787109375 0.501028806640625 0.60532407421875 0.50617283984375 0.602237654296875
1 0.551954732421875 0.6018518515625 0.549897119140625 0.588606095703125 0.5504115224609375 0.54282407421875 0.5488683125 0.5405092587890625 0.5396090537109375 0.536265431640625 0.5272633740234375 0.54012345703125 0.5087448564453125 0.54012345703125 0.507201646484375 0.54205246875 0.5077160498046875 0.6033950615234375 0.5133744853515625 0.60532407421875 0.5504115224609375 0.6033950615234375 0.551954732421875 0.6018518515625
1 0.595164609375 0.602237654296875 0.5925925927734375 0.596064814453125 0.592078189453125 0.539737654296875 0.5853909462890625 0.537037037109375 0.568930041015625 0.5385802470703125 0.557098765625 0.537037037109375 0.55092592578125 0.54012345703125 0.549897119140625 0.588348765625 0.5514403291015625 0.6018518515625 0.5565843623046876 0.6037808642578125 0.595164609375 0.602237654296875
1 0.630144033203125 0.60455246875 0.6342592587890625 0.6018518515625 0.6352880654296875 0.5956790126953125 0.63580246875 0.539737654296875 0.6265432099609375 0.5324074072265625 0.6193415634765626 0.5327932099609375 0.6183127568359374 0.5351080244140625 0.61213991796875 0.536651234375 0.6085390947265625 0.5358796298828125 0.5946502060546875 0.5378086416015625 0.5925925927734375 0.5393518515625 0.59310699609375 0.602237654296875 0.5982510283203125 0.6041666669921875 0.630144033203125 0.60455246875
1 0.674897119140625 0.6014660498046875 0.6774691357421875 0.596836419921875 0.6795267490234375 0.539737654296875 0.6764403291015625 0.536265431640625 0.66512345703125 0.534336419921875 0.6424897119140625 0.5351080244140625 0.638888888671875 0.536265431640625 0.6363168720703125 0.5393518515625 0.63580246875 0.6014660498046875 0.6394032919921875 0.6033950615234375 0.6594650205078125 0.6033950615234375 0.674897119140625 0.6014660498046875
1 0.695987654296875 0.60262345703125 0.7206790126953125 0.6003086416015625 0.72479423828125 0.5964506171875 0.7294238681640625 0.54282407421875 0.7350823046875 0.539737654296875 0.723765431640625 0.536265431640625 0.6893004111328125 0.5354938271484375 0.6836419755859375 0.54012345703125 0.6815843623046876 0.5462962958984375 0.6815843623046876 0.5752314814453126 0.6784979423828125 0.591435185546875 0.6815843623046876 0.598765431640625 0.695987654296875 0.60262345703125
1 0.7515432099609375 0.59992283984375 0.758230453125 0.598765431640625 0.761831275390625 0.5964506171875 0.7654320986328125 0.596836419921875 0.7685185185546874 0.585262345703125 0.7705761318359375 0.539737654296875 0.7654320986328125 0.537037037109375 0.734053498046875 0.536651234375 0.730967078125 0.539737654296875 0.729938271484375 0.545910494140625 0.7273662548828125 0.596064814453125 0.729938271484375 0.5979938271484375 0.73713991796875 0.599151234375 0.7515432099609375 0.59992283984375
1 0.8112139921875 0.599151234375 0.8143004111328125 0.539737654296875 0.810185185546875 0.536651234375 0.804012345703125 0.5358796298828125 0.7896090537109375 0.5385802470703125 0.7782921806640625 0.5378086416015625 0.772119341796875 0.5393518515625 0.77109053515625 0.545138888671875 0.7695473251953125 0.588734568359375 0.7654320986328125 0.598765431640625 0.807098765625 0.6018518515625 0.8112139921875 0.599151234375
1 0 0.692901234375 0.0066872431640625 0.6971450615234375 0.0293209873046875 0.6971450615234375 0.0324074072265625 0.695987654296875 0.0303497939453125 0.6751543212890625 0.02520576171875 0.64737654296875 0.02109053515625 0.636959876953125 0.0216049384765625 0.630015431640625 0.0025720166015625 0.628086419921875 0 0.628086419921875 0 0.692901234375
1 0.060185185546875 0.6975308642578125 0.06584362109375 0.6940586416015625 0.0663580244140625 0.6875 0.0612139921875 0.662037037109375 0.060185185546875 0.639660494140625 0.058127572265625 0.6323302470703125 0.0534979423828125 0.62847222265625 0.0257201650390625 0.630787037109375 0.0257201650390625 0.64197530859375 0.0334362138671875 0.695987654296875 0.03600823046875 0.6975308642578125 0.060185185546875 0.6975308642578125
1 0.0725308642578125 0.6967592587890625 0.08899176953125 0.6971450615234375 0.094135802734375 0.695987654296875 0.0982510283203125 0.692515431640625 0.098765431640625 0.68132716015625 0.0925925927734375 0.6288580244140625 0.0884773662109375 0.6277006171875 0.0617283955078125 0.6288580244140625 0.060185185546875 0.630015431640625 0.0612139921875 0.6493055556640625 0.0684156376953125 0.6948302470703125 0.0725308642578125 0.6967592587890625
1 0.104938271484375 0.69637345703125 0.1296296298828125 0.69637345703125 0.1306584365234375 0.684413580078125 0.125 0.647762345703125 0.1265432099609375 0.630015431640625 0.121913580078125 0.627314814453125 0.0956790126953125 0.627314814453125 0.0915637861328125 0.630401234375 0.0982510283203125 0.6751543212890625 0.0982510283203125 0.6940586416015625 0.104938271484375 0.69637345703125
1 0.1486625517578125 0.6967592587890625 0.1543209873046875 0.69830246875 0.17181069921875 0.6971450615234375 0.1743827158203125 0.690586419921875 0.1676954736328125 0.6385030859375 0.164094650390625 0.63580246875 0.14609053515625 0.6315586416015625 0.1404320986328125 0.6315586416015625 0.13786008203125 0.6342592587890625 0.130144033203125 0.6346450615234375 0.1275720166015625 0.636959876953125 0.1265432099609375 0.647762345703125 0.133230453125 0.69637345703125 0.1363168720703125 0.6975308642578125 0.1486625517578125 0.6967592587890625
1 0.1954732509765625 0.6971450615234375 0.2134773662109375 0.695987654296875 0.2155349794921875 0.692901234375 0.215020576171875 0.681712962890625 0.212962962890625 0.6577932099609375 0.20987654296875 0.6458333330078125 0.202160494140625 0.636959876953125 0.1995884775390625 0.636188271484375 0.1712962958984375 0.636188271484375 0.17592592578125 0.6948302470703125 0.1784979423828125 0.69637345703125 0.18415637890625 0.6956018515625 0.1954732509765625 0.6971450615234375
1 0.2577160498046875 0.6894290126953125 0.2546296298828125 0.6315586416015625 0.251028806640625 0.628086419921875 0.2422839501953125 0.628086419921875 0.22890946484375 0.63117283984375 0.223765431640625 0.630401234375 0.2165637861328125 0.6323302470703125 0.212962962890625 0.6350308642578125 0.2165637861328125 0.693287037109375 0.2263374482421875 0.695987654296875 0.2556584365234375 0.6948302470703125 0.2577160498046875 0.6894290126953125
1 0.2937242802734375 0.6952160498046875 0.2993827158203125 0.6940586416015625 0.30092592578125 0.6894290126953125 0.29681069921875 0.6323302470703125 0.2865226337890625 0.6296296298828125 0.2654320986328125 0.630787037109375 0.258230453125 0.6319444443359375 0.2556584365234375 0.6350308642578125 0.2566872431640625 0.6724537041015625 0.2592592587890625 0.692515431640625 0.2649176953125 0.6952160498046875 0.2937242802734375 0.6952160498046875
1 0.33899176953125 0.6265432099609375 0.3245884775390625 0.630401234375 0.3143004111328125 0.6288580244140625 0.307098765625 0.630015431640625 0.2988683125 0.6342592587890625 0.301954732421875 0.692515431640625 0.3132716044921875 0.6952160498046875 0.3415637861328125 0.692901234375 0.33899176953125 0.6265432099609375
1 0.369855966796875 0.69367283984375 0.3816872431640625 0.69097222265625 0.3842592587890625 0.6855709873046875 0.382201646484375 0.6319444443359375 0.37294238671875 0.6265432099609375 0.359053498046875 0.625385802734375 0.3477366259765625 0.6261574072265625 0.342078189453125 0.6292438271484375 0.3405349794921875 0.6319444443359375 0.342078189453125 0.6793981484375 0.3446502060546875 0.690586419921875 0.3523662548828125 0.69367283984375 0.369855966796875 0.69367283984375
1 0.3976337451171875 0.69097222265625 0.4243827158203125 0.6894290126953125 0.42592592578125 0.685185185546875 0.4238683125 0.630015431640625 0.41512345703125 0.625385802734375 0.4084362138671875 0.625 0.3904320986328125 0.628086419921875 0.3842592587890625 0.6323302470703125 0.384773662109375 0.6716820986328125 0.3863168720703125 0.685185185546875 0.388888888671875 0.6890432099609375 0.3976337451171875 0.69097222265625
1 0.467078189453125 0.6859567900390625 0.4655349794921875 0.628086419921875 0.462962962890625 0.625385802734375 0.458847736328125 0.6261574072265625 0.4562757197265625 0.625 0.4547325107421875 0.6269290126953125 0.4516460908203125 0.6269290126953125 0.4465020576171875 0.6242283955078125 0.4315843623046875 0.6242283955078125 0.42592592578125 0.628086419921875 0.4274691357421875 0.687885802734375 0.431069958984375 0.6902006171875 0.46399176953125 0.6894290126953125 0.467078189453125 0.6859567900390625
1 0.505144033203125 0.6890432099609375 0.5102880654296875 0.6859567900390625 0.508230453125 0.675668595703125 0.5077160498046875 0.62847222265625 0.505144033203125 0.625 0.4984567900390625 0.622685185546875 0.473765431640625 0.6230709873046875 0.4696502060546875 0.625 0.4665637861328125 0.6296296298828125 0.467078189453125 0.6859567900390625 0.4732510283203125 0.689814814453125 0.505144033203125 0.6890432099609375
1 0.5488683125 0.6855709873046875 0.5493827158203125 0.67862654296875 0.547839505859375 0.628086419921875 0.543209876953125 0.622685185546875 0.54012345703125 0.6238425927734375 0.529835390625 0.6222993828125 0.5149176953125 0.622685185546875 0.5092592587890625 0.6265432099609375 0.508230453125 0.6859567900390625 0.5149176953125 0.6894290126953125 0.54681069921875 0.687885802734375 0.5488683125 0.6855709873046875
1 0.587962962890625 0.687885802734375 0.5905349794921875 0.6801697529296875 0.5910493828125 0.6655092587890625 0.590020576171875 0.6261574072265625 0.5823045263671875 0.62152777734375 0.5735596708984375 0.622685185546875 0.5586419755859375 0.6211419755859375 0.5534979423828125 0.621913580078125 0.5514403291015625 0.6238425927734375 0.549897119140625 0.6296296298828125 0.549897119140625 0.6855709873046875 0.5565843623046876 0.687885802734375 0.587962962890625 0.687885802734375
1 0.67592592578125 0.6855709873046875 0.676954732421875 0.6809413583984375 0.6784979423828125 0.6265432099609375 0.6712962958984375 0.61882716015625 0.66512345703125 0.6176697529296875 0.6507201650390625 0.61882716015625 0.6342592587890625 0.6230709873046875 0.6327160498046875 0.6855709873046875 0.6383744853515625 0.6867283955078125 0.6738683125 0.6863425927734375 0.67592592578125 0.6855709873046875
1 0.7114197529296875 0.6867283955078125 0.719135802734375 0.6855709873046875 0.7232510283203125 0.682098765625 0.723765431640625 0.636959876953125 0.7263374482421875 0.6261574072265625 0.72222222265625 0.622685185546875 0.69907407421875 0.619598765625 0.687242798828125 0.619598765625 0.6815843623046876 0.6230709873046875 0.681069958984375 0.682098765625 0.6826131689453125 0.684413580078125 0.687757201171875 0.6859567900390625 0.7114197529296875 0.6867283955078125
1 0.765946501953125 0.659336419921875 0.7664609052734375 0.6242283955078125 0.761831275390625 0.6211419755859375 0.7433127568359374 0.6242283955078125 0.7345679013671875 0.622685185546875 0.730967078125 0.6234567900390625 0.7273662548828125 0.6265432099609375 0.7253086416015625 0.64197530859375 0.7253086416015625 0.682098765625 0.73302469140625 0.6847993828125 0.761831275390625 0.6836419755859375 0.765946501953125 0.659336419921875
1 0.83487654296875 0.6967592587890625 0.8384773662109375 0.69097222265625 0.837962962890625 0.6774691357421875 0.8436213994140624 0.66512345703125 0.845164609375 0.6412037041015625 0.845164609375 0.6327160498046875 0.8425925927734375 0.6265432099609375 0.8384773662109375 0.622685185546875 0.8323045263671875 0.6207561728515625 0.8173868310546875 0.619598765625 0.8112139921875 0.622685185546875 0.80915637890625 0.6257716044921875 0.807098765625 0.65007716015625 0.8065843623046876 0.67669753125 0.8112139921875 0.692515431640625 0.816872427734375 0.69637345703125 0.83487654296875 0.6967592587890625
1 0.793209876953125 0.6863425927734375 0.7973251025390625 0.6855709873046875 0.8045267490234375 0.682484568359375 0.8076131689453125 0.64544753125 0.8065843623046876 0.6230709873046875 0.8034979423828125 0.619598765625 0.7962962958984375 0.6211419755859375 0.789094650390625 0.619598765625 0.7726337451171875 0.6211419755859375 0.768004115234375 0.6261574072265625 0.7649176953125 0.6828703701171875 0.7793209873046875 0.6855709873046875 0.78189300390625 0.684413580078125 0.793209876953125 0.6863425927734375
1 0.32407407421875 0.8001543212890625 0.3266460908203125 0.7970679013671875 0.3287037041015625 0.7839506171875 0.3256172841796875 0.74054783984375 0.3261316875 0.71257716015625 0.3245884775390625 0.70794753125 0.317901234375 0.704089505859375 0.3112139921875 0.7033179013671875 0.2654320986328125 0.7060185185546874 0.26080246875 0.710262345703125 0.2541152265625 0.7322530859375 0.2541152265625 0.7472993828125 0.2602880654296875 0.7997685185546874 0.2746913583984375 0.801311728515625 0.32407407421875 0.8001543212890625
1 0.2026748974609375 0.80362654296875 0.2397119345703125 0.8028549384765625 0.2556584365234375 0.80092592578125 0.257201646484375 0.7997685185546874 0.2577160498046875 0.7854938271484375 0.25205761328125 0.736111111328125 0.2566872431640625 0.7199074072265625 0.2566872431640625 0.7094907412109375 0.2515432099609375 0.7060185185546874 0.19907407421875 0.7083333330078125 0.1944444443359375 0.712962962890625 0.18415637890625 0.7322530859375 0.1815843623046875 0.7430555556640625 0.1903292177734375 0.8001543212890625 0.1954732509765625 0.8028549384765625 0.2026748974609375 0.80362654296875
1 0.1193415634765625 0.8001543212890625 0.1255144033203125 0.80362654296875 0.1764403291015625 0.8032407412109375 0.1856995888671875 0.800540123046875 0.1856995888671875 0.79205246875 0.1815843623046875 0.7858796298828125 0.181069958984375 0.7800925927734375 0.1826131689453125 0.7677469140625 0.1805555556640625 0.7399691357421875 0.1913580244140625 0.71527777734375 0.189814814453125 0.710262345703125 0.1826131689453125 0.7064043212890625 0.159979423828125 0.70794753125 0.1543209873046875 0.710262345703125 0.1373456787109375 0.7083333330078125 0.130144033203125 0.70987654296875 0.125 0.7195216044921875 0.116769546875 0.727237654296875 0.1136831279296875 0.7337962958984375 0.1116255146484375 0.74112654296875 0.11213991796875 0.755015431640625 0.11882716015625 0.787037037109375 0.1193415634765625 0.8001543212890625
1 0.07818930078125 0.8051697529296875 0.1100823046875 0.80362654296875 0.1147119345703125 0.801311728515625 0.1147119345703125 0.7854938271484375 0.1100823046875 0.75887345703125 0.1095679013671875 0.7407407412109375 0.1172839501953125 0.721836419921875 0.12294238671875 0.7172067900390625 0.121913580078125 0.7114197529296875 0.1162551435546875 0.7087191357421875 0.098765431640625 0.70717592578125 0.0606995888671875 0.7094907412109375 0.0416666669921875 0.7376543212890625 0.0473251025390625 0.7947530859375 0.049897119140625 0.8020833330078125 0.05504115234375 0.8043981484375 0.07818930078125 0.8051697529296875
1 0 0.8032407412109375 0.0437242802734375 0.804012345703125 0.0493827158203125 0.800540123046875 0.049897119140625 0.7827932099609375 0.045781892578125 0.776234568359375 0.0416666669921875 0.744212962890625 0.04423868359375 0.733410494140625 0.05504115234375 0.719135802734375 0.05504115234375 0.713348765625 0.043209876953125 0.7083333330078125 0.028806583984375 0.706790123046875 0 0.7083333330078125 0 0.8032407412109375
1 0.367798353515625 0.781635802734375 0.3703703701171875 0.77507716015625 0.366769546875 0.7168209873046875 0.361111111328125 0.71527777734375 0.33076131640625 0.716435185546875 0.3276748974609375 0.719135802734375 0.3261316875 0.7260802470703125 0.3312757197265625 0.7820216044921875 0.3492798349609375 0.7831790126953125 0.3544238681640625 0.781635802734375 0.367798353515625 0.781635802734375
1 0.39609053515625 0.78125 0.4043209873046875 0.7824074072265625 0.4089506171875 0.7793209873046875 0.4104938271484375 0.775848765625 0.4084362138671875 0.71527777734375 0.4017489716796875 0.712962962890625 0.3744855966796875 0.7141203701171875 0.3708847734375 0.71527777734375 0.3683127568359375 0.718364197265625 0.3693415634765625 0.76080246875 0.3724279833984375 0.7793209873046875 0.3765432099609375 0.7827932099609375 0.39609053515625 0.78125
1 0.4516460908203125 0.7766203701171875 0.452160494140625 0.770061728515625 0.4506172841796875 0.713348765625 0.4475308642578125 0.70987654296875 0.44084362109375 0.7087191357421875 0.431069958984375 0.71257716015625 0.4176954736328125 0.71257716015625 0.409979423828125 0.7160493828125 0.41100823046875 0.776234568359375 0.4171810703125 0.7797067900390625 0.4485596708984375 0.7793209873046875 0.4516460908203125 0.7766203701171875
1 0.4897119345703125 0.710262345703125 0.4845679013671875 0.70717592578125 0.4773662548828125 0.70717592578125 0.469135802734375 0.710262345703125 0.46193415625 0.7094907412109375 0.4526748974609375 0.7118055556640625 0.4511316875 0.7148919755859375 0.4511316875 0.7785493828125 0.4876543212890625 0.778935185546875 0.4912551435546875 0.7631172841796875 0.4897119345703125 0.710262345703125
1 0.526234568359375 0.77777777734375 0.529835390625 0.775848765625 0.5313786005859376 0.7631172841796875 0.5313786005859376 0.70987654296875 0.5231481484375 0.70717592578125 0.5123456787109375 0.7087191357421875 0.49794238671875 0.7083333330078125 0.492798353515625 0.710262345703125 0.4907407412109375 0.712962962890625 0.491769546875 0.7585841044921875 0.490226337890625 0.7766203701171875 0.494855966796875 0.7797067900390625 0.526234568359375 0.77777777734375
1 0.567901234375 0.7773919755859375 0.56995884765625 0.7746913583984375 0.5704732509765625 0.7650462958984375 0.56995884765625 0.715663580078125 0.567901234375 0.7087191357421875 0.560185185546875 0.7056327158203125 0.532921810546875 0.70987654296875 0.53189300390625 0.73032407421875 0.532921810546875 0.761188271484375 0.5313786005859376 0.776234568359375 0.5339506171875 0.778163580078125 0.567901234375 0.7773919755859375
1 0.6100823046875 0.772762345703125 0.6116255146484375 0.7260802470703125 0.609053498046875 0.710262345703125 0.6054526748046875 0.7064043212890625 0.598765431640625 0.704861111328125 0.5895061728515625 0.706790123046875 0.5776748974609375 0.7052469140625 0.570987654296875 0.70794753125 0.5704732509765625 0.7739197529296875 0.5766460908203125 0.7770061728515625 0.60802469140625 0.77507716015625 0.6100823046875 0.772762345703125
1 0.647119341796875 0.7743055556640625 0.649176955078125 0.772762345703125 0.651234568359375 0.7318672841796875 0.651234568359375 0.7148919755859375 0.649176955078125 0.7094907412109375 0.6414609052734375 0.7033179013671875 0.6275720166015625 0.7064043212890625 0.6126543212890625 0.707561728515625 0.6105967080078125 0.7094907412109375 0.6100823046875 0.77237654296875 0.6126543212890625 0.7746913583984375 0.6183127568359374 0.77507716015625 0.647119341796875 0.7743055556640625
1 0.6893004111328125 0.76967592578125 0.6923868310546875 0.7168209873046875 0.6903292177734375 0.710262345703125 0.6867283955078125 0.706790123046875 0.6779835390625 0.7033179013671875 0.6697530859375 0.706790123046875 0.6543209873046875 0.70717592578125 0.651234568359375 0.7121913583984375 0.6496913583984375 0.7716049384765625 0.6543209873046875 0.7739197529296875 0.6867283955078125 0.7731481484375 0.6893004111328125 0.76967592578125
1 0.7314814814453126 0.7689043212890625 0.729938271484375 0.7596450615234375 0.730967078125 0.7349537041015625 0.734053498046875 0.7202932099609375 0.734053498046875 0.7168209873046875 0.7294238681640625 0.7083333330078125 0.7253086416015625 0.7056327158203125 0.7114197529296875 0.707561728515625 0.7011316875 0.7064043212890625 0.6944444443359375 0.707561728515625 0.6923868310546875 0.70987654296875 0.6903292177734375 0.770061728515625 0.69495884765625 0.772762345703125 0.727880658203125 0.772762345703125 0.7314814814453126 0.7689043212890625
1 0.630144033203125 0.6863425927734375 0.6316872431640626 0.68402777734375 0.632201646484375 0.6658950615234375 0.63117283984375 0.624614197265625 0.6213991767578125 0.61882716015625 0.598765431640625 0.6211419755859375 0.594135802734375 0.622685185546875 0.5910493828125 0.6261574072265625 0.5905349794921875 0.6828703701171875 0.5936213994140624 0.6859567900390625 0.5977366259765625 0.687114197265625 0.630144033203125 0.6863425927734375
1 0.76697530859375 0.7719907412109375 0.7695473251953125 0.7685185185546874 0.7726337451171875 0.741512345703125 0.7726337451171875 0.713348765625 0.761831275390625 0.7025462958984375 0.7592592587890625 0.704089505859375 0.7546296298828125 0.7025462958984375 0.7494855966796875 0.706790123046875 0.7345679013671875 0.7064043212890625 0.7314814814453126 0.7094907412109375 0.7335390947265625 0.7202932099609375 0.7304526748046875 0.7712191357421875 0.7366255146484375 0.7735339501953125 0.76697530859375 0.7719907412109375
1 0.808127572265625 0.77237654296875 0.8112139921875 0.766589505859375 0.814814814453125 0.7256944443359375 0.8106995888671875 0.7106481484375 0.8034979423828125 0.70447530859375 0.79681069921875 0.7025462958984375 0.7824074072265625 0.7029320986328125 0.7716049384765625 0.7064043212890625 0.7736625517578125 0.7179783955078125 0.77109053515625 0.7708333330078125 0.772119341796875 0.77237654296875 0.808127572265625 0.77237654296875
1 0.8137860078125 0.7735339501953125 0.837962962890625 0.7731481484375 0.84310699609375 0.7689043212890625 0.8477366259765625 0.7141203701171875 0.845164609375 0.70794753125 0.8384773662109375 0.702160494140625 0.814814814453125 0.7052469140625 0.8117283955078125 0.70717592578125 0.8112139921875 0.70987654296875 0.8153292177734375 0.7168209873046875 0.812242798828125 0.7719907412109375 0.8137860078125 0.7735339501953125
1 0.866769546875 0.7716049384765625 0.8786008232421875 0.769290123046875 0.8806584365234374 0.764660494140625 0.8883744853515625 0.7029320986328125 0.8816872431640626 0.7025462958984375 0.869855966796875 0.698688271484375 0.8523662548828125 0.70177469140625 0.8446502060546875 0.707561728515625 0.8477366259765625 0.72222222265625 0.8436213994140624 0.770061728515625 0.845164609375 0.7716049384765625 0.866769546875 0.7716049384765625
1 0.9264403291015625 0.715663580078125 0.92592592578125 0.7114197529296875 0.920781892578125 0.7056327158203125 0.91512345703125 0.7029320986328125 0.899176955078125 0.70447530859375 0.893004115234375 0.7029320986328125 0.8899176953125 0.70447530859375 0.8873456787109375 0.70987654296875 0.8827160498046875 0.7422839501953125 0.8806584365234374 0.7689043212890625 0.9053497939453125 0.769290123046875 0.9171810703125 0.7677469140625 0.9264403291015625 0.715663580078125
1 0.95987654296875 0.7631172841796875 0.96399176953125 0.7457561728515625 0.96810699609375 0.7172067900390625 0.967078189453125 0.70987654296875 0.9562757197265624 0.7025462958984375 0.9413580244140625 0.70447530859375 0.935185185546875 0.7029320986328125 0.931069958984375 0.70447530859375 0.92592592578125 0.712962962890625 0.918209876953125 0.7681327158203125 0.94495884765625 0.770061728515625 0.9562757197265624 0.7689043212890625 0.95987654296875 0.7631172841796875
1 0.9660493828125 0.7689043212890625 0.9994855966796875 0.7681327158203125 0.9994855966796875 0.7010030859375 0.99382716015625 0.698688271484375 0.9794238681640625 0.69907407421875 0.9645061728515625 0.7029320986328125 0.967078189453125 0.7087191357421875 0.967078189453125 0.71862152734375 0.9603909462890625 0.7662037041015625 0.9660493828125 0.7689043212890625
1 0.8765432099609375 0.6655092587890625 0.880144033203125 0.6547067900390625 0.8863168720703125 0.6099537041015625 0.880144033203125 0.6060956787109375 0.8693415634765626 0.6072530859375 0.8657407412109375 0.60455246875 0.85987654296875 0.6068672841796875 0.848765431640625 0.6068672841796875 0.845164609375 0.6149691357421875 0.8456790126953125 0.6662808642578125 0.848765431640625 0.6693672841796875 0.87294238671875 0.6689814814453126 0.8765432099609375 0.6655092587890625
1 0.8384773662109375 0.605709876953125 0.845164609375 0.6030092587890625 0.8503086416015625 0.585262345703125 0.85390946484375 0.545138888671875 0.8492798349609375 0.5378086416015625 0.842078189453125 0.5339506171875 0.83487654296875 0.5331790126953125 0.8215020576171875 0.5354938271484375 0.8163580244140625 0.539737654296875 0.812242798828125 0.585262345703125 0.8117283955078125 0.6006944443359375 0.8137860078125 0.6037808642578125 0.8194444443359375 0.6060956787109375 0.8384773662109375 0.605709876953125
1 0.8384773662109375 0.5042438271484375 0.848765431640625 0.505015431640625 0.8518518515625 0.502314814453125 0.8544238681640625 0.4895833330078125 0.85802469140625 0.442901234375 0.8544238681640625 0.437885802734375 0.845164609375 0.4336419755859375 0.8276748974609375 0.4359567900390625 0.81995884765625 0.4390432099609375 0.8184156376953124 0.505015431640625 0.831790123046875 0.505015431640625 0.8343621396484375 0.50617283984375 0.8384773662109375 0.5042438271484375
1 0.8544238681640625 0.54282407421875 0.8554526748046875 0.562114197265625 0.8575102880859375 0.567901234375 0.8600823046875 0.570987654296875 0.8873456787109375 0.57137345703125 0.8935185185546874 0.5489969140625 0.8976337451171875 0.5162037041015625 0.9017489716796875 0.5081018515625 0.8914609052734375 0.505401234375 0.8693415634765626 0.5042438271484375 0.86213991796875 0.505015431640625 0.856995884765625 0.508487654296875 0.855967078125 0.5162037041015625 0.8513374482421875 0.5235339501953125 0.8518518515625 0.53742283984375 0.8544238681640625 0.54282407421875
1 0.9305555556640625 0.5667438271484375 0.933127572265625 0.5547839501953125 0.9393004111328125 0.505787037109375 0.9367283955078125 0.5038580244140625 0.9212962958984375 0.5011574072265625 0.9017489716796875 0.505015431640625 0.8986625517578125 0.508487654296875 0.8914609052734375 0.5671296298828125 0.89609053515625 0.5694444443359375 0.9284979423828125 0.56867283984375 0.9305555556640625 0.5667438271484375
1 0.9706790126953125 0.567901234375 0.977880658203125 0.5339506171875 0.980967078125 0.505015431640625 0.9706790126953125 0.5015432099609375 0.9434156376953124 0.5027006171875 0.9382716044921875 0.505015431640625 0.9393004111328125 0.514660494140625 0.932098765625 0.567515431640625 0.94495884765625 0.5698302470703125 0.9706790126953125 0.567901234375
1 0.9994855966796875 0.5011574072265625 0.98919753125 0.5015432099609375 0.9835390947265625 0.505015431640625 0.9753086416015625 0.5524691357421875 0.973765431640625 0.5640432099609375 0.9753086416015625 0.567901234375 0.9994855966796875 0.568287037109375 0.9994855966796875 0.5011574072265625
1 0.91923868359375 0.6662808642578125 0.9223251025390625 0.65625 0.926954732421875 0.61342592578125 0.926954732421875 0.6091820986328125 0.9197530859375 0.6014660498046875 0.9135802470703125 0.6003086416015625 0.9032921806640625 0.605709876953125 0.8935185185546874 0.605709876953125 0.888888888671875 0.607638888671875 0.8863168720703125 0.61342592578125 0.8816872431640626 0.641589505859375 0.878086419921875 0.6639660498046875 0.8806584365234374 0.6685956787109375 0.907921810546875 0.6689814814453126 0.91923868359375 0.6662808642578125
1 0.960905349609375 0.662037037109375 0.96810699609375 0.608410494140625 0.9660493828125 0.60532407421875 0.9562757197265624 0.6010802470703125 0.9279835390625 0.60262345703125 0.9212962958984375 0.664737654296875 0.93415637890625 0.6689814814453126 0.9562757197265624 0.6689814814453126 0.960905349609375 0.662037037109375
1 0.9994855966796875 0.6658950615234375 0.9994855966796875 0.6037808642578125 0.9866255146484375 0.6033950615234375 0.9804526748046875 0.6014660498046875 0.973765431640625 0.6033950615234375 0.971193416015625 0.605709876953125 0.9655349794921875 0.636188271484375 0.962962962890625 0.6666666669921875 0.965020576171875 0.66782407421875 0.9814814814453126 0.66782407421875 0.9994855966796875 0.6658950615234375
1 0.884773662109375 0.4702932099609375 0.88786008203125 0.4668209873046875 0.888888888671875 0.423611111328125 0.884773662109375 0.418209876953125 0.87705761328125 0.4143518515625 0.87294238671875 0.4143518515625 0.8575102880859375 0.4216820986328125 0.8554526748046875 0.4332561728515625 0.8585390947265625 0.4421296298828125 0.859053498046875 0.4702932099609375 0.884773662109375 0.4702932099609375
1 0.8873456787109375 0.310185185546875 0.922839505859375 0.3086419755859375 0.9387860078125 0.3109567900390625 0.94907407421875 0.307484568359375 0.9552469140625 0.272762345703125 0.9552469140625 0.2685185185546875 0.95318930078125 0.26697530859375 0.9423868310546875 0.263888888671875 0.9202674892578125 0.26697530859375 0.894032921875 0.2654320986328125 0.8806584365234374 0.2685185185546875 0.8775720166015625 0.275848765625 0.876028806640625 0.2827932099609375 0.8806584365234374 0.3047839501953125 0.882201646484375 0.307484568359375 0.8873456787109375 0.310185185546875
1 0.8837448564453125 0.24112654296875 0.886831275390625 0.24382716015625 0.9315843623046876 0.2430555556640625 0.942901234375 0.244598765625 0.9465020576171875 0.2422839501953125 0.9511316875 0.2141203701171875 0.9511316875 0.2025462958984375 0.9475308642578125 0.199459876953125 0.939814814453125 0.1979166669921875 0.924897119140625 0.199459876953125 0.8899176953125 0.199459876953125 0.8837448564453125 0.2010030859375 0.882201646484375 0.20447530859375 0.8806584365234374 0.2195216044921875 0.8837448564453125 0.229938271484375 0.882201646484375 0.2349537041015625 0.8837448564453125 0.24112654296875
1 0.890946501953125 0.1018518515625 0.8883744853515625 0.098765431640625 0.8796296298828125 0.09722222265625 0.8765432099609375 0.094135802734375 0.86419753125 0.0945216044921875 0.8513374482421875 0.098765431640625 0.8467078193359375 0.1535493828125 0.846193416015625 0.1716820986328125 0.848765431640625 0.1751543212890625 0.8837448564453125 0.175540123046875 0.890946501953125 0.1018518515625
1 0.9063786005859376 0.1743827158203125 0.909979423828125 0.16512345703125 0.912037037109375 0.130015431640625 0.890946501953125 0.12847222265625 0.8873456787109375 0.14737654296875 0.886831275390625 0.1747685185546875 0.8904320986328125 0.176311728515625 0.897119341796875 0.176311728515625 0.9063786005859376 0.1743827158203125
1 0.9336419755859375 0.1716820986328125 0.935185185546875 0.162037037109375 0.9356995888671875 0.1288580244140625 0.918209876953125 0.12847222265625 0.914094650390625 0.130015431640625 0.91100823046875 0.1547067900390625 0.91100823046875 0.172839505859375 0.9187242802734376 0.1751543212890625 0.9305555556640625 0.1751543212890625 0.9336419755859375 0.1716820986328125
1 0.96399176953125 0.133487654296875 0.9593621396484375 0.1296296298828125 0.9454732509765625 0.1288580244140625 0.94084362109375 0.130015431640625 0.9387860078125 0.1377314814453125 0.9356995888671875 0.1747685185546875 0.9562757197265624 0.17592592578125 0.9583333330078125 0.1724537041015625 0.96399176953125 0.133487654296875
1 0.9994855966796875 0.1439043212890625 0.9994855966796875 0.1091820986328125 0.9732510283203125 0.1087962958984375 0.962962962890625 0.113040123046875 0.96193415625 0.1265432099609375 0.9655349794921875 0.1319444443359375 0.9655349794921875 0.145061728515625 0.9994855966796875 0.1439043212890625
1 0.9963991767578125 0.172839505859375 0.9994855966796875 0.1685956787109375 0.9994855966796875 0.1439043212890625 0.973765431640625 0.1435185185546875 0.9665637861328125 0.145061728515625 0.962962962890625 0.150848765625 0.95987654296875 0.1751543212890625 0.9825102880859375 0.1770833330078125 0.990226337890625 0.176311728515625 0.9963991767578125 0.172839505859375
1 0.9994855966796875 0.2006172841796875 0.994855966796875 0.19907407421875 0.990226337890625 0.2002314814453125 0.9593621396484375 0.199459876953125 0.9562757197265624 0.201388888671875 0.9526748974609375 0.21257716015625 0.950102880859375 0.2318672841796875 0.9495884775390625 0.241512345703125 0.9526748974609375 0.24382716015625 0.9994855966796875 0.24382716015625 0.9994855966796875 0.2006172841796875
1 0.9994855966796875 0.309413580078125 0.9994855966796875 0.2654320986328125 0.9634773662109375 0.2662037041015625 0.958847736328125 0.2681327158203125 0.9526748974609375 0.2889660498046875 0.9516460908203125 0.3059413583984375 0.95318930078125 0.3097993828125 0.980967078125 0.3109567900390625 0.9994855966796875 0.309413580078125
1 0.899176955078125 0.3931327158203125 0.9032921806640625 0.3939043212890625 0.9238683125 0.3927469140625 0.9274691357421875 0.3877314814453125 0.933127572265625 0.3445216044921875 0.9254115224609375 0.3356481484375 0.920781892578125 0.3341049384765625 0.9063786005859376 0.34027777734375 0.9022633740234375 0.3449074072265625 0.90020576171875 0.3649691357421875 0.8955761318359375 0.380015431640625 0.8966049384765625 0.3904320986328125 0.899176955078125 0.3931327158203125
1 0.956790123046875 0.3827160498046875 0.9603909462890625 0.380015431640625 0.9655349794921875 0.352237654296875 0.96399176953125 0.3418209873046875 0.956790123046875 0.33487654296875 0.952160494140625 0.33487654296875 0.943930041015625 0.3395061728515625 0.935185185546875 0.3418209873046875 0.93004115234375 0.3711419755859375 0.9315843623046876 0.3904320986328125 0.942901234375 0.391589505859375 0.95318930078125 0.3900462958984375 0.956790123046875 0.3827160498046875
1 0.9974279833984375 0.3429783955078125 0.9850823046875 0.3344907412109375 0.97890946484375 0.335262345703125 0.9727366259765625 0.34027777734375 0.96810699609375 0.3418209873046875 0.9624485595703125 0.3734567900390625 0.962962962890625 0.39197530859375 0.973765431640625 0.394290123046875 0.991769546875 0.391589505859375 0.9974279833984375 0.3429783955078125
1 0.922839505859375 0.4216820986328125 0.9146090537109375 0.4155092587890625 0.9074074072265625 0.4155092587890625 0.8924897119140625 0.4224537041015625 0.888888888671875 0.44367283984375 0.88786008203125 0.4672067900390625 0.8894032919921875 0.4702932099609375 0.9156378603515625 0.4699074072265625 0.922839505859375 0.4216820986328125
1 0.9470164609375 0.468364197265625 0.95318930078125 0.4347993828125 0.95318930078125 0.4216820986328125 0.948045267578125 0.4189814814453125 0.94495884765625 0.4143518515625 0.9356995888671875 0.4143518515625 0.924897119140625 0.4216820986328125 0.91923868359375 0.4502314814453125 0.9187242802734376 0.46527777734375 0.9212962958984375 0.4702932099609375 0.9393004111328125 0.4702932099609375 0.9470164609375 0.468364197265625
1 0.977880658203125 0.469135802734375 0.981995884765625 0.4510030859375 0.9845679013671875 0.4216820986328125 0.9768518515625 0.4143518515625 0.967078189453125 0.4131944443359375 0.9593621396484375 0.4193672841796875 0.9552469140625 0.4243827158203125 0.952160494140625 0.437114197265625 0.94907407421875 0.4591049384765625 0.950102880859375 0.46875 0.9526748974609375 0.4702932099609375 0.977880658203125 0.469135802734375
1 0.9994855966796875 0.41512345703125 0.986111111328125 0.4216820986328125 0.9814814814453126 0.45447530859375 0.981995884765625 0.4679783955078125 0.9855967080078125 0.4699074072265625 0.9994855966796875 0.469135802734375 0.9994855966796875 0.41512345703125
0 0.9150390625 0.3115234375 0.939453125 0.3125 0.939453125 0.3251953125 0.927734375 0.3271484375 0.9072265625 0.326171875 0.9072265625 0.3134765625 0.9140625 0.3125
0 0.3623046875 0.408203125 0.3671875 0.4111328125 0.3662109375 0.421875 0.333984375 0.421875 0.33203125 0.41015625 0.3349609375 0.408203125 0.361328125 0.4091796875
0 0.5009765625 0.69140625 0.5029296875 0.693359375 0.501953125 0.703125 0.498046875 0.7041015625 0.4736328125 0.7041015625 0.470703125 0.7021484375 0.470703125 0.6953125 0.4736328125 0.69140625 0.5 0.69140625
0 0.83984375 0.7744140625 0.83984375 0.7841796875 0.8310546875 0.78515625 0.8115234375 0.7841796875 0.8115234375 0.775390625 0.8388671875 0.7744140625
0 0.849609375 0.5078125 0.8515625 0.5087890625 0.8525390625 0.515625 0.8447265625 0.51953125 0.822265625 0.51953125 0.818359375 0.515625 0.8193359375 0.5087890625 0.8486328125 0.5078125
0 0.779296875 0.294921875 0.78125 0.296875 0.78125 0.3056640625 0.779296875 0.30859375 0.7470703125 0.3076171875 0.748046875 0.296875 0.7509765625 0.294921875 0.7783203125 0.294921875
0 0.6611328125 0.4189453125 0.66015625 0.408203125 0.662109375 0.40625 0.693359375 0.4072265625 0.693359375 0.416015625 0.69140625 0.4189453125 0.662109375 0.4189453125
0 0.724609375 0.5087890625 0.7548828125 0.5078125 0.7568359375 0.509765625 0.7568359375 0.5185546875 0.7548828125 0.5205078125 0.7451171875 0.521484375 0.724609375 0.51953125 0.724609375 0.509765625
0 0.8994140625 0.1787109375 0.93359375 0.177734375 0.935546875 0.181640625 0.93359375 0.1904296875 0.9169921875 0.19140625 0.900390625 0.1904296875 0.8994140625 0.1796875
0 0.77734375 0.6044921875 0.80078125 0.6044921875 0.8017578125 0.6142578125 0.798828125 0.6162109375 0.7724609375 0.615234375 0.771484375 0.607421875 0.7763671875 0.6044921875
0 0.84375 0.7744140625 0.87109375 0.7744140625 0.8720703125 0.7763671875 0.8701171875 0.7841796875 0.845703125 0.7861328125 0.8427734375 0.783203125 0.84375 0.775390625
0 0.8603515625 0.572265625 0.890625 0.572265625 0.8916015625 0.57421875 0.8916015625 0.5810546875 0.8896484375 0.5830078125 0.876953125 0.5849609375 0.8623046875 0.583984375 0.859375 0.5810546875 0.8603515625 0.5732421875
0 0.5712890625 0.7783203125 0.5947265625 0.7783203125 0.59765625 0.7802734375 0.5966796875 0.7900390625 0.591796875 0.7919921875 0.568359375 0.791015625 0.56640625 0.7900390625 0.56640625 0.78125 0.5703125 0.779296875
0 0.759765625 0.4052734375 0.7666015625 0.40625 0.767578125 0.408203125 0.765625 0.41796875 0.7392578125 0.4189453125 0.7353515625 0.4169921875 0.736328125 0.4052734375 0.7587890625 0.4052734375
0 0.1474609375 0.515625 0.1796875 0.5166015625 0.1787109375 0.52734375 0.1474609375 0.52734375 0.1474609375 0.5166015625
0 0.765625 0.6044921875 0.7666015625 0.61328125 0.7646484375 0.6171875 0.7392578125 0.6171875 0.7353515625 0.61328125 0.7373046875 0.603515625 0.7646484375 0.6044921875
0 0.6318359375 0.509765625 0.6328125 0.517578125 0.630859375 0.521484375 0.6015625 0.521484375 0.6005859375 0.51953125 0.6025390625 0.509765625 0.630859375 0.509765625
0 0.8486328125 0.6826171875 0.84765625 0.6767578125 0.849609375 0.671875 0.87890625 0.6728515625 0.876953125 0.68359375 0.849609375 0.6826171875
0 0.810546875 0.689453125 0.83984375 0.6884765625 0.8369140625 0.6982421875 0.818359375 0.7001953125 0.8134765625 0.7001953125 0.810546875 0.697265625 0.810546875 0.6904296875
0 0.71240234375 0.412109375 0.033203125 0.01416015625
0 0.6416015625 0.2958984375 0.6455078125 0.2978515625 0.646484375 0.306640625 0.64453125 0.3095703125 0.63671875 0.310546875 0.6123046875 0.310546875 0.61328125 0.296875 0.640625 0.2958984375
0 0.333984375 0.1826171875 0.03759765625 0.01708984375
0 0.8447265625 0.60546875 0.8447265625 0.61328125 0.83984375 0.6171875 0.8173828125 0.6162109375 0.8134765625 0.61328125 0.814453125 0.6064453125 0.84375 0.60546875
0 0.65380859375 0.515625 0.03271484375 0.013671875
0 0.3232421875 0.296875 0.35546875 0.296875 0.3583984375 0.298828125 0.3583984375 0.310546875 0.3359375 0.3115234375 0.32421875 0.310546875 0.3232421875 0.2978515625
0 0.1181640625 0.1748046875 0.1279296875 0.17578125 0.1298828125 0.177734375 0.1298828125 0.1884765625 0.1220703125 0.1904296875 0.095703125 0.189453125 0.09375 0.1875 0.0927734375 0.1787109375 0.0947265625 0.17578125 0.1171875 0.1748046875
0 0.9599609375 0.669921875 0.962890625 0.6748046875 0.9619140625 0.6796875 0.95703125 0.6826171875 0.931640625 0.681640625 0.9306640625 0.673828125 0.9326171875 0.6708984375 0.958984375 0.669921875
0 0.8408203125 0.1767578125 0.8408203125 0.1884765625 0.8388671875 0.1904296875 0.8076171875 0.1904296875 0.806640625 0.1806640625 0.8095703125 0.1767578125 0.83984375 0.1767578125
0 0.7236328125 0.69921875 0.7236328125 0.689453125 0.7255859375 0.6875 0.751953125 0.6875 0.7529296875 0.6982421875 0.74609375 0.7001953125 0.724609375 0.69921875
0 0.1884765625 0.61328125 0.193359375 0.615234375 0.1943359375 0.6240234375 0.1923828125 0.6259765625 0.1826171875 0.626953125 0.162109375 0.6259765625 0.1611328125 0.615234375 0.166015625 0.61328125 0.1875 0.6142578125
0 0.435546875 0.3115234375 0.4345703125 0.298828125 0.4501953125 0.296875 0.466796875 0.296875 0.4677734375 0.3115234375 0.4365234375 0.3115234375
0 0.126953125 0.41015625 0.16015625 0.41015625 0.162109375 0.4140625 0.162109375 0.421875 0.16015625 0.4228515625 0.12890625 0.4228515625 0.126953125 0.421875 0.126953125 0.4111328125
0 0.501953125 0.5107421875 0.50390625 0.51171875 0.50390625 0.521484375 0.498046875 0.5244140625 0.47265625 0.5234375 0.470703125 0.5126953125 0.474609375 0.5107421875 0.5009765625 0.5107421875
0 0.125 0.2958984375 0.1474609375 0.296875 0.1474609375 0.310546875 0.11328125 0.310546875 0.1123046875 0.296875 0.1240234375 0.2958984375
0 0.48779296875 0.61376953125 0.03173828125 0.0146484375
0 0.8671875 0.2958984375 0.869140625 0.296875 0.869140625 0.3037109375 0.8662109375 0.30859375 0.8359375 0.3076171875 0.8359375 0.296875 0.8388671875 0.294921875 0.8662109375 0.2958984375
0 0.9677734375 0.24609375 0.96875 0.2587890625 0.966796875 0.259765625 0.935546875 0.2587890625 0.9365234375 0.24609375 0.966796875 0.24609375
0 0.333984375 0.6103515625 0.36328125 0.6103515625 0.3642578125 0.6123046875 0.36328125 0.623046875 0.341796875 0.6240234375 0.333984375 0.623046875 0.333984375 0.611328125
0 0.6279296875 0.40625 0.6298828125 0.4072265625 0.6298828125 0.41796875 0.625 0.419921875 0.6005859375 0.419921875 0.59765625 0.41796875 0.59765625 0.408203125 0.6005859375 0.40625 0.626953125 0.40625
0 0.80126953125 0.41162109375 0.033203125 0.0146484375
0 0.732421875 0.17578125 0.7431640625 0.1767578125 0.744140625 0.185546875 0.7421875 0.1904296875 0.708984375 0.189453125 0.708984375 0.1767578125 0.7314453125 0.17578125
0 0.6845703125 0.2958984375 0.693359375 0.296875 0.693359375 0.30859375 0.6904296875 0.3095703125 0.66015625 0.30859375 0.66015625 0.296875 0.68359375 0.2958984375
0 0.361328125 0.5126953125 0.36328125 0.513671875 0.36328125 0.5234375 0.3525390625 0.5263671875 0.33203125 0.525390625 0.3310546875 0.5146484375 0.3330078125 0.5126953125 0.3603515625 0.5126953125
0 0.4677734375 0.408203125 0.5009765625 0.408203125 0.5 0.419921875 0.4814453125 0.421875 0.4697265625 0.4208984375 0.4677734375 0.4189453125 0.4677734375 0.4091796875
0 0.7724609375 0.18310546875 0.037109375 0.015625
0 0.810546875 0.3017578125 0.03515625 0.0146484375
0 0.9306640625 0.7724609375 0.9453125 0.771484375 0.958984375 0.7724609375 0.9599609375 0.7744140625 0.9599609375 0.779296875 0.95703125 0.783203125 0.935546875 0.7841796875 0.9287109375 0.7822265625 0.9287109375 0.775390625 0.9306640625 0.7734375
0 0.861328125 0.40625 0.8623046875 0.4111328125 0.859375 0.4169921875 0.830078125 0.4169921875 0.8291015625 0.4072265625 0.8310546875 0.4052734375 0.8603515625 0.40625
0 0.220703125 0.69921875 0.232421875 0.697265625 0.251953125 0.6982421875 0.251953125 0.705078125 0.2412109375 0.70703125 0.22265625 0.70703125 0.220703125 0.7060546875 0.220703125 0.7001953125
0 0.8818359375 0.177734375 0.8818359375 0.189453125 0.8798828125 0.19140625 0.849609375 0.1904296875 0.8486328125 0.1787109375 0.8515625 0.1767578125 0.880859375 0.177734375
0 0.59375 0.17578125 0.5966796875 0.1787109375 0.5966796875 0.189453125 0.5947265625 0.1904296875 0.5615234375 0.189453125 0.5625 0.17578125 0.5927734375 0.17578125
0 0.9541015625 0.5703125 0.9580078125 0.5712890625 0.9580078125 0.580078125 0.95703125 0.58203125 0.9482421875 0.583984375 0.9287109375 0.5830078125 0.9267578125 0.5810546875 0.927734375 0.5732421875 0.9384765625 0.5703125 0.953125 0.5712890625
0 0.7900390625 0.7744140625 0.80078125 0.775390625 0.80078125 0.7841796875 0.7939453125 0.7861328125 0.7724609375 0.7861328125 0.7724609375 0.775390625 0.7890625 0.775390625
0 0.4443359375 0.1748046875 0.47265625 0.17578125 0.474609375 0.1884765625 0.4716796875 0.1904296875 0.439453125 0.1904296875 0.4384765625 0.177734375 0.443359375 0.1748046875
0 0.57470703125 0.6962890625 0.03125 0.01416015625
0 0.5888671875 0.60546875 0.5908203125 0.6083984375 0.58984375 0.6171875 0.58203125 0.619140625 0.5615234375 0.619140625 0.5595703125 0.6171875 0.5595703125 0.609375 0.5615234375 0.6064453125 0.587890625 0.60546875
0 0.6875 0.5087890625 0.71875 0.5087890625 0.71875 0.51953125 0.7060546875 0.521484375 0.6884765625 0.521484375 0.6865234375 0.51953125 0.6875 0.509765625
0 0.7060546875 0.294921875 0.7353515625 0.294921875 0.73828125 0.296875 0.7373046875 0.30859375 0.70703125 0.3095703125 0.705078125 0.30859375 0.7060546875 0.2958984375
0 0.716796875 0.7763671875 0.7451171875 0.77734375 0.7451171875 0.7861328125 0.7412109375 0.7880859375 0.7177734375 0.7880859375 0.7158203125 0.7861328125 0.716796875 0.77734375
0 0.380859375 0.6953125 0.380859375 0.7060546875 0.376953125 0.7080078125 0.353515625 0.7080078125 0.3505859375 0.7060546875 0.349609375 0.697265625 0.3515625 0.6953125 0.3798828125 0.6953125
0 0.6962890625 0.17578125 0.6982421875 0.1787109375 0.697265625 0.1884765625 0.6953125 0.1904296875 0.6640625 0.1904296875 0.662109375 0.1884765625 0.6630859375 0.177734375 0.6650390625 0.17578125 0.6953125 0.17578125
0 0.376953125 0.78515625 0.37890625 0.794921875 0.3681640625 0.7978515625 0.349609375 0.7978515625 0.3486328125 0.787109375 0.3759765625 0.78515625
0 0.783203125 0.51953125 0.7841796875 0.5078125 0.814453125 0.5078125 0.8154296875 0.51171875 0.814453125 0.517578125 0.8115234375 0.51953125 0.7841796875 0.51953125
0 0.7646484375 0.6875 0.79296875 0.6884765625 0.79296875 0.6962890625 0.78515625 0.69921875 0.765625 0.69921875 0.763671875 0.6962890625 0.7646484375 0.6884765625