1 0 0.0426449765625 0.021305732421875 0.1215906083984375 0.027621373046875 0.138165736328125 0.03099630859375 0.142183927734375 0.0624599462890625 0.142304244140625 0.088901548828125 0.1369745654296875 0.10742878125 0.1364525048828125 0.11758413671875 0.13419539453125 0.11666912109375 0.1211100634765625 0.1116776337890625 0.101348384765625 0.1028249736328125 0.0779892607421875 0.0966511669921875 0.0339453505859375 0.092061544921875 0.02730488671875 0 0.03374245703125 0 0.0426449765625
1 0.118208572265625 0.1210024150390625 0.121474041015625 0.1308294296875 0.1275492880859375 0.13659251953125 0.176730974609375 0.1319931669921875 0.2022270126953125 0.12788984375 0.209735880859375 0.124657560546875 0.209874078125 0.111885326171875 0.2057994248046875 0.097860705078125 0.2050746123046875 0.080121138671875 0.1931521396484375 0.020235943359375 0.097706197265625 0.026910173828125 0.118208572265625 0.1210024150390625
1 0 0.147872251953125 0.0229742900390625 0.14545209375 0.02486541796875 0.1429993857421875 0.005007119140625 0.065492123046875 0 0.0539435009765625 0 0.147872251953125
1 0.1977704921875 0.0199129970703125 0.2129242490234375 0.118633439453125 0.215434357421875 0.125032572265625 0.230801953125 0.1235712216796875 0.2559212197265625 0.1140798203125 0.266291873046875 0.114901611328125 0.2764992353515625 0.1207625 0.30817998828125 0.1166134443359375 0.307889408203125 0.0903351328125 0.3013602880859375 0.063332830078125 0.3009871533203125 0.043248205078125 0.296808486328125 0.0129875859375 0.1977704921875 0.0199129970703125
1 0.306030646484375 0.0711278828125 0.31118542578125 0.085850462890625 0.3142570546875 0.115028259765625 0.3200900927734375 0.1173275869140625 0.339616712890625 0.116348896484375 0.408622873046875 0.1076560703125 0.4118381533203125 0.1020168125 0.40200428515625 0.0056315791015625 0.3014268388671875 0.012664638671875 0.3006427490234375 0.016200169921875 0.306030646484375 0.0711278828125
1 0.483885751953125 0.0262044990234375 0.484187240234375 0.0083931669921875 0.4789768193359375 0.000249134765625 0.4091883876953125 0.0051292177734375 0.405998201171875 0.0185016123046875 0.406344423828125 0.0382013740234375 0.413971490234375 0.1030278681640625 0.4156993271484375 0.1056142578125 0.4173464267578125 0.107046060546875 0.43995194921875 0.1058520732421875 0.4537800927734375 0.1044983701171875 0.4597764228515625 0.1017585986328125 0.4737391279296875 0.1023292099609375 0.4905654365234375 0.09960562109375 0.485613587890625 0.0287908896484375 0.483885751953125 0.0262044990234375
1 0.4912338974609375 0 0.490696720703125 0.0056175126953125 0.4878331162109375 0.0089117109375 0.4885041044921875 0.025881552734375 0.49163501171875 0.03378425390625 0.4928657021484375 0.0808810322265625 0.4943746044921875 0.095085068359375 0.496777064453125 0.0999447509765625 0.4978841015625 0.101027572265625 0.504987466796875 0.099370623046875 0.5089311962890625 0.0967743837890625 0.515223560546875 0.0982681005859375 0.5706168720703125 0.0940078798828125 0.5728884072265625 0.082246701171875 0.57176173046875 0.051385921875 0.5678307275390625 0.0025442451171875 0.567022326171875 0 0.4912338974609375 0
1 0.571711037109375 0 0.57090962890625 0.002328947265625 0.5710154599609375 0.011216671875 0.5757232802734376 0.0859159130859375 0.5777202392578125 0.0923509287109375 0.6022976259765624 0.089858822265625 0.605997326171875 0.0911470927734375 0.6145324951171875 0.08784304296875 0.618259107421875 0.08951617578125 0.630574712890625 0.088654984375 0.654018150390625 0.0846951923828125 0.65677410546875 0.0798615419921875 0.6525368330078125 0 0.571711037109375 0
1 0.6563993681640625 0 0.656056564453125 0.032728880859375 0.6594205927734375 0.080836716796875 0.6622823779296875 0.084890791015625 0.6664952294921875 0.0861431767578125 0.6922065654296875 0.0851187548828125 0.7346903857421875 0.0806010185546875 0.7396873271484375 0.078317875 0.7392452685546875 0 0.6563993681640625 0
1 0.7409555078125 0 0.740371041015625 0.04384980078125 0.741686103515625 0.0774046181640625 0.74392708984375 0.079955125 0.800859853515625 0.07558725390625 0.8156335615234375 0.073007197265625 0.8387791455078125 0.0721621904296875 0.8432898486328125 0.07029979296875 0.8449925908203125 0.065153044921875 0.8452995341796875 0.025296892578125 0.8436560703125 0.0091685439453125 0.846412025390625 0.0043348935546875 0.8465524970703125 0 0.7409555078125 0
1 0.8496767119140625 0 0.8488126669921875 0.016542849609375 0.8512922275390625 0.0372536689453125 0.84869774609375 0.0443964951171875 0.8498818837890625 0.0613304521484375 0.851231130859375 0.0658770390625 0.854525330078125 0.0687406416015625 0.867974884765625 0.0693471357421875 0.9114580927734375 0.064372771484375 0.924880736328125 0.06459440234375 0.959073416015625 0.059496205078125 0.9624232568359375 0.055781259765625 0.966054947265625 0.004477025390625 0.9657418828125 0 0.8496767119140625 0
1 0.9707500419921875 0.13061418359375 0.9553017099609376 0.130920947265625 0.9482252568359375 0.132962759765625 0.946847279296875 0.135379583984375 0.933549748046875 0.2844326044921875 0.9331962529296876 0.2941259365234375 0.9390562041015625 0.2968101259765625 0.9661993408203124 0.2941386044921875 0.985862341796875 0.287735953125 0.97493598046875 0.13148170703125 0.9707500419921875 0.13061418359375
1 0.8892129794921875 0.1370892998046875 0.86552733203125 0.137585328125 0.8445958212890625 0.1405959794921875 0.8415671083984375 0.15627755078125 0.833248697265625 0.2659211962890625 0.833969873046875 0.2983573095703125 0.8358860947265625 0.3036377373046875 0.923067810546875 0.2967679091796875 0.93060358984375 0.2939204892578125 0.9331264248046875 0.2488817060546875 0.9444430009765625 0.1378681748046875 0.943066841796875 0.1329367265625 0.9317237119140624 0.1329564267578125 0.9243243115234375 0.1303798857421875 0.911197703125 0.1343917451171875 0.9064717021484375 0.133175240234375 0.9035291796875 0.1279665771484375 0.8999909521484375 0.1289874833984375 0.9022050263671875 0.1311531279296875 0.901313287109375 0.13314920703125 0.8892129794921875 0.1370892998046875
1 0.787636146484375 0.1445789873046875 0.7829370576171875 0.1437473466796875 0.748096666015625 0.14695711328125 0.741047123046875 0.1493837880859375 0.7342143388671875 0.2581500595703125 0.7362883974609375 0.2804362119140625 0.7343667216796875 0.2972006044921875 0.738900701171875 0.3104196171875 0.82562308984375 0.304355396484375 0.830593119140625 0.3016873916015625 0.831467037109375 0.262565080078125 0.837260794921875 0.2053084912109375 0.8404349775390625 0.147461591796875 0.840138943359375 0.1432281025390625 0.837384806640625 0.140713478515625 0.8134031240234375 0.136976017578125 0.8115658212890625 0.1401984501953125 0.803328505859375 0.1403877158203125 0.799601892578125 0.13871458203125 0.7977107646484375 0.1411672900390625 0.787636146484375 0.1445789873046875
1 0.656302052734375 0.1321050673828125 0.65340971875 0.142362677734375 0.6552721162109375 0.146873380859375 0.65338098828125 0.1493260888671875 0.656028935546875 0.25356195703125 0.65361738671875 0.285443642578125 0.657634578125 0.3133950859375 0.662468228515625 0.316151041015625 0.6686798564453125 0.316490171875 0.7219936552734375 0.3119886181640625 0.7282896552734375 0.2987857880859375 0.727670673828125 0.2899339462890625 0.7295348896484375 0.2870963759765625 0.7320791826171875 0.26448727734375 0.7337877373046875 0.1266867412109375 0.731114337890625 0.125326705078125 0.708103314453125 0.128096025390625 0.6740201015625 0.1273853994140625 0.6607858447265625 0.1298578076171875 0.656302052734375 0.1321050673828125
1 0.5747864482421875 0.1610098671875 0.571327140625 0.170533634765625 0.573828158203125 0.21367413671875 0.5729596953125 0.2307516279296875 0.5762626259765625 0.307482830078125 0.579203330078125 0.3200397666015625 0.5940039501953125 0.3178445732421875 0.6152314951171876 0.31906741015625 0.6506657734375 0.316976349609375 0.6525030771484375 0.313753916015625 0.6510501748046875 0.18236236328125 0.649218326171875 0.163539974609375 0.640740619140625 0.152917201171875 0.629424400390625 0.153321763671875 0.62648187890625 0.1481131015625 0.6217827900390624 0.1472814599609375 0.5981240546875 0.1481623505859375 0.5874268193359375 0.15741875390625 0.581269015625 0.157849349609375 0.5747864482421875 0.1610098671875
1 0.5046350732421875 0.3229336201171875 0.5063090849609375 0.32475028515625 0.5716406376953125 0.3225023251953125 0.5740180029296875 0.31962887109375 0.574536607421875 0.29754816796875 0.56887085546875 0.1649042265625 0.56498276953125 0.16092191796875 0.5535589033203125 0.159787029296875 0.54397233984375 0.155429708984375 0.51580290234375 0.15817299609375 0.5129662109375 0.16185205859375 0.4958689619140625 0.1680752939453125 0.4913833525390625 0.177670828125 0.50177510546875 0.311531271484375 0.5046350732421875 0.3229336201171875
1 0.4131746748046875 0.158001314453125 0.414410818359375 0.183053271484375 0.4220146083984375 0.2327983544921875 0.432955513671875 0.33026641015625 0.434089462890625 0.331734095703125 0.4582075244140625 0.330047595703125 0.4651494169921875 0.326081470703125 0.4782472958984375 0.3290330234375 0.4997457802734375 0.32675621484375 0.50160999609375 0.3239186435546875 0.4978117373046875 0.2843495546875 0.4990013291015625 0.2792386904296875 0.4872046865234375 0.1474102080078125 0.4814792978515625 0.1466503330078125 0.4209275703125 0.150884521484375 0.4148505029296875 0.152469705078125 0.4131746748046875 0.158001314453125
1 0.42739159765625 0.3318157119140625 0.430120640625 0.3265971982421875 0.425567021484375 0.283600228515625 0.4146781220703125 0.194250171875 0.411116619140625 0.18018966796875 0.4036633935546875 0.1768434033203125 0.388430359375 0.1802290673828125 0.381678669921875 0.1795409580078125 0.32577220703125 0.1838370634765625 0.321774654296875 0.185663578125 0.31945111328125 0.189306755859375 0.3218248427734375 0.2011298505859375 0.3201759248046875 0.207046322265625 0.3226554853515625 0.227757140625 0.326055515625 0.23950846875 0.334979822265625 0.3007635498046875 0.343242232421875 0.308307421875 0.3403248046875 0.3108318955078125 0.3416202265625 0.3146087568359375 0.339242861328125 0.3174822099609375 0.343073486328125 0.3353913408203125 0.361222130859375 0.3368294755859375 0.3784539404296875 0.3325305546875 0.386422134765625 0.328492662109375 0.3919573193359375 0.3339067734375 0.4028142119140625 0.334307818359375 0.42739159765625 0.3318157119140625
1 0.2293807001953125 0.1917376474609375 0.22187183203125 0.1949699306640625 0.2436390810546875 0.307150716796875 0.247851931640625 0.308403103515625 0.2502274794921875 0.3128779248046875 0.2501431064453125 0.3264198837890625 0.25408319921875 0.33852019140625 0.2532452841796875 0.34128599609375 0.2605639482421875 0.3427079482421875 0.3298930546875 0.3386334736328125 0.336996419921875 0.3369765234375 0.334951091796875 0.3077269609375 0.316183826171875 0.186828015625 0.31243030078125 0.1847700205078125 0.3051654619140625 0.18411779296875 0.292444353515625 0.186554318359375 0.2636541171875 0.1877940390625 0.2293807001953125 0.1917376474609375
1 0.1488983095703125 0.3017865546875 0.1583124912109375 0.34792434375 0.163065404296875 0.3495257099609375 0.2365804482421875 0.3463187607421875 0.2472238603515625 0.336292630859375 0.2474140634765625 0.331638396484375 0.2277783349609375 0.2278169404296875 0.220115265625 0.1993469521484375 0.2129868046875 0.193270765625 0.2016167626953125 0.1929056015625 0.1513280400390625 0.1964221318359375 0.128991640625 0.20146474609375 0.1270736005859375 0.203532591796875 0.140991212890625 0.2772010771484375 0.1488983095703125 0.3017865546875
1 0.0495071787109375 0.207796330078125 0.037353046875 0.2109666982421875 0.0473378388671875 0.24314178125 0.056671283203125 0.28812498046875 0.06711721875 0.3121461806640625 0.071163142578125 0.333134212890625 0.0772903974609375 0.347015302734375 0.0874977587890625 0.3528761923828125 0.1045931904296875 0.35400123046875 0.1533155498046875 0.350207486328125 0.15523358984375 0.3481396416015625 0.1522139677734375 0.32707984375 0.131306091796875 0.2345629365234375 0.1219690107421875 0.204276283203125 0.115109671875 0.2020487236328125 0.10789865625 0.2021662216796875 0.0879934462890625 0.2051051083984375 0.0495071787109375 0.207796330078125
1 0 0.357888947265625 0.004394333984375 0.35907409375 0.073642703125 0.3538450322265625 0.075426181640625 0.349852873046875 0.0705674375 0.3393637822265625 0.050276724609375 0.263046990234375 0.0441225576171875 0.2487810390625 0.0405359609375 0.2269873974609375 0.0343010576171875 0.211566857421875 0.02222948046875 0.2085435390625 0.00545699609375 0.212036853515625 0 0.2123271552734375 0 0.357888947265625
1 0.1183220576171875 0.535584646484375 0.118567904296875 0.52435186328125 0.112011873046875 0.496964697265625 0.10977088671875 0.4944141904296875 0.10623811328125 0.473390275390625 0.09938241015625 0.4564661669921875 0.0928281962890625 0.4217307275390625 0.088536427734375 0.411975478515625 0.077544974609375 0.409650119140625 0.06574251953125 0.410475427734375 0.06358226953125 0.4090795087890625 0.045648923828125 0.410720275390625 0.03841099609375 0.410452912109375 0.0372501337890625 0.4086003642578125 0.0325510458984375 0.40776872265625 0.023314341796875 0.4084146162109375 0.018263576171875 0.409928033203125 0.01756022265625 0.4146181513671875 0.008267875 0.4218425927734375 0.0082391455078125 0.42880600390625 0.0126923876953125 0.4408704287109375 0.0140129052734375 0.45238042578125 0.0184123232421875 0.4636751259765625 0.0223273212890625 0.468042296875 0.0231616005859375 0.4799730390625 0.0266980087890625 0.486300408203125 0.02734390234375 0.495537111328125 0.0438345390625 0.539633087890625 0.047561150390625 0.5413062197265625 0.0609568818359375 0.5411429892578125 0.0781348671875 0.5360743408203125 0.0829146923828125 0.5380605712890625 0.093663935546875 0.536922166015625 0.09992938671875 0.538031021484375 0.1183220576171875 0.535584646484375
1 0.1422826416015625 0.4062834541015625 0.14266123046875 0.4043232587890625 0.140527892578125 0.403312203125 0.1190563193359375 0.405973875 0.0952881171875 0.412663587890625 0.0933700771484375 0.41473143359375 0.0936930234375 0.4193497861328125 0.102001986328125 0.457056478515625 0.1060784580078125 0.4637328251953125 0.1124173740234375 0.49538936328125 0.1265055498046875 0.53462565625 0.1421691787109375 0.5373977939453125 0.185273798828125 0.534383625 0.200479919921875 0.53061309765625 0.20426217578125 0.525707681640625 0.198405861328125 0.5083269462890625 0.1759334404296875 0.4081845517578125 0.1710728779296875 0.405043734375 0.1614575849609375 0.4076498232421875 0.1486288291015625 0.4085468974609375 0.1422826416015625 0.4062834541015625
1 0.2459946298828125 0.392456548828125 0.227627052734375 0.4026360595703125 0.2172563984375 0.4018142685546875 0.1905456748046875 0.4032953193359375 0.180876556640625 0.40513168359375 0.17947166796875 0.4071636455078125 0.178822138671875 0.4126234892578125 0.1910173681640625 0.461660763671875 0.198515328125 0.502518123046875 0.2109043974609375 0.532204615234375 0.224327041015625 0.53242624609375 0.2827454296875 0.5271810009765625 0.288040224609375 0.5217830732421875 0.2815936591796875 0.4885870849609375 0.279325759765625 0.48565171484375 0.2811648818359375 0.4750810078125 0.2694809833984375 0.4333561240234375 0.2652754052734375 0.402710642578125 0.2624943564453125 0.3998111552734375 0.2609567236328125 0.3925705302734375 0.255204421875 0.3914257919921875 0.2459946298828125 0.392456548828125
1 0.2853169951171875 0.3943477958984375 0.268354306640625 0.4024953447265625 0.273557455078125 0.4400324716796875 0.28305419140625 0.47997657421875 0.283996119140625 0.493446767578125 0.287855474609375 0.5043924873046876 0.2907136240234375 0.523143109375 0.293008435546875 0.526463341796875 0.311508755859375 0.5255564169921875 0.328684923828125 0.5278360439453125 0.367603603515625 0.5239543515625 0.3698733203125 0.519541447265625 0.35115987890625 0.3994122265625 0.3469506640625 0.3834632919921875 0.3432509638671875 0.382175021484375 0.315942716796875 0.397233916015625 0.294795908203125 0.397165666015625 0.2853169951171875 0.3943477958984375
1 0.3789794580078125 0.3916657236328125 0.37120146875 0.3910493798828125 0.3615592626953125 0.393270607421875 0.355589845703125 0.3963952412109375 0.353239392578125 0.3996535576171875 0.36243100390625 0.4721055390625 0.373086783203125 0.5212504619140625 0.382458048828125 0.5225288828125 0.4502207919921875 0.5181771953125 0.4536244580078125 0.5152319755859375 0.4521442861328125 0.4940645283203125 0.4435141943359375 0.4443912099609375 0.4426279091796875 0.4243424677734375 0.4358296669921875 0.3934915380859375 0.43105166015625 0.38415703515625 0.426650423828125 0.380210609375 0.41284919140625 0.3819491748046875 0.399776408203125 0.3867307578125 0.397533603515625 0.391528525390625 0.3832730458984375 0.3940726982421875 0.3789794580078125 0.3916657236328125
1 0.484962982421875 0.3660776396484375 0.4506357412109375 0.3692515224609375 0.444045525390625 0.3708725888671875 0.4418565458984375 0.37644008203125 0.4457588173828125 0.4322451689453125 0.4562207568359375 0.5007408759765625 0.462647681640625 0.5041589072265625 0.460324140625 0.5078020849609375 0.4672911279296875 0.511569095703125 0.4762317978515625 0.5066897138671875 0.4740177236328125 0.5045240693359375 0.4759357626953125 0.5024562236328125 0.4864158837890625 0.4974691923828125 0.49951376171875 0.50042074609375 0.5013743408203125 0.51227972265625 0.5152293974609375 0.5113108828125 0.514318017578125 0.4835290048828125 0.51615895703125 0.4656100234375 0.5031923623046874 0.3686703623046875 0.484962982421875 0.3660776396484375
1 0.52314194921875 0.5138515390625 0.5298667255859375 0.514154787109375 0.560115677734375 0.5116528291015625 0.5838282373046875 0.5115416640625 0.5857193642578125 0.509088955078125 0.5806420458984375 0.3996085419921875 0.5766517646484375 0.3720419609375 0.56914471484375 0.3679259697265625 0.53730248828125 0.3697658515625 0.5312792470703125 0.372120759765625 0.5154254140625 0.374002857421875 0.512507986328125 0.3765273310546875 0.50964074609375 0.394518078125 0.522008 0.5123838544921875 0.52314194921875 0.5138515390625
1 0.584537404296875 0.3741977548828125 0.5809955400390625 0.389915208984375 0.583053466796875 0.404596384765625 0.5815301484375 0.4123090107421875 0.5843792080078125 0.4678010009765625 0.5865303671875 0.5059382890625 0.5894459775390625 0.5107620888671875 0.605515107421875 0.511958892578125 0.652265603515625 0.5094632685546875 0.6537243173828124 0.5082010322265625 0.653952341796875 0.459842017578125 0.650613408203125 0.4194673193359375 0.6532097080078125 0.4049762197265625 0.652456166015625 0.394200064453125 0.647410853515625 0.37366866015625 0.6418756689453124 0.36825455078125 0.636690341796875 0.367843654296875 0.6276169287109375 0.363450451171875 0.5923172119140625 0.367465826171875 0.5863208828125 0.3702055966796875 0.584537404296875 0.3741977548828125
1 0.6580829970703125 0.35667912109375 0.656138044921875 0.358362103515625 0.6564660859375 0.4515446025390625 0.6598821201171875 0.5077704365234375 0.66936103515625 0.510588306640625 0.7222155087890625 0.5068923623046875 0.7245659609375 0.5036340458984375 0.7254056943359375 0.4935199677734375 0.7233585478515625 0.4716186787109375 0.7255744404296876 0.4664360478515625 0.726604376953125 0.4516677353515625 0.7251565712890625 0.408840330078125 0.7278066953125 0.395118955078125 0.7260824951171875 0.3778360185546875 0.727735048828125 0.357222998046875 0.7247656142578125 0.35162947265625 0.694416369140625 0.35375169921875 0.6861716982421875 0.352781244140625 0.6580829970703125 0.35667912109375
1 0.7608977919921875 0.366893115234375 0.75301215234375 0.3647373212890625 0.7495008388671875 0.36614308984375 0.7447479248046875 0.36454172265625 0.73348553125 0.3657160107421875 0.728621333984375 0.377271740234375 0.725409330078125 0.4788234208984375 0.7270778876953125 0.50268490625 0.7313714755859375 0.505091880859375 0.7519243974609375 0.50404142578125 0.80874951171875 0.498134103515625 0.81207244140625 0.4940342958984375 0.811562927734375 0.479373630859375 0.8140515771484375 0.4633430810546875 0.818907044921875 0.3779197509765625 0.8179651171875 0.3644495576171875 0.80829781640625 0.3589376474609375 0.8041675205078125 0.35149157421875 0.7902586396484375 0.351690689453125 0.781181591796875 0.3619940322265625 0.7694060478515625 0.363204203125 0.7608977919921875 0.366893115234375
1 0.87487278515625 0.352348548828125 0.86080061328125 0.35758676171875 0.8531302724609375 0.358509869140625 0.8391137421875 0.357169533203125 0.8223950830078125 0.3614325712890625 0.8162998369140625 0.4365004931640625 0.816536591796875 0.462009078125 0.8138290078125 0.489657275390625 0.8179054794921875 0.4963336220703125 0.8211189423828125 0.4980426376953125 0.8591997080078125 0.49692675 0.865978310546875 0.4979997216796875 0.901737353515625 0.49317873828125 0.903655392578125 0.491110892578125 0.914760306640625 0.362321912109375 0.9133572353515625 0.3570056015625 0.9028251083984375 0.3538746337890625 0.8973724775390625 0.3422668369140625 0.88910825 0.3420712392578125 0.8828409794921875 0.348310658203125 0.8769541171875 0.3452416064453125 0.87487278515625 0.352348548828125
1 1 0.4899138955078125 0.9904105068359375 0.3527777451171875 0.981904068359375 0.3491183828125 0.9758808271484375 0.3514732919921875 0.9681028369140625 0.35085694921875 0.954463078125 0.3549046904296875 0.9507633779296875 0.353616419921875 0.9457126123046875 0.355129837890625 0.9368814091796875 0.3542003974609375 0.9216214638671875 0.35720119921875 0.9193517470703125 0.361614103515625 0.919482671875 0.37823496484375 0.9126142431640625 0.4127487724609375 0.9099335703125 0.44078183203125 0.9079777099609375 0.48655445703125 0.9089752802734375 0.4934461025390625 0.9111355302734375 0.4948420205078125 0.979140482421875 0.49395409765625 1 0.49095380078125 1 0.4899138955078125
1 0.0350658916015625 0.61334097265625 0.06008260546875 0.6908742685546875 0.068454482421875 0.6926093173828125 0.1229022314453125 0.6895754482421875 0.1310318984375 0.6878467333984375 0.132869201171875 0.6846242998046875 0.1310624462890625 0.673535048828125 0.106506876953125 0.58784787109375 0.10613010546875 0.58245979296875 0.1132083779296875 0.5730697080078125 0.102891548828125 0.5730176416015625 0.0850658515625 0.5761978583984375 0.0464719365234375 0.5773496298828125 0.0398817197265625 0.5789706962890625 0.029563072265625 0.586266904296875 0.0350658916015625 0.61334097265625
1 0.1092359189453125 0.5826293583984375 0.111554005859375 0.6010310009765625 0.135029451171875 0.68602021875 0.1387829765625 0.68807821484375 0.152259443359375 0.6890695703125 0.203735939453125 0.687790451171875 0.20476405859375 0.6803704111328125 0.1833968564453125 0.5886591123046875 0.1833448505859375 0.58054111328125 0.1855607431640625 0.575358484375 0.1943399384765625 0.5681699248046875 0.1834023115234375 0.5666142919921875 0.1568261474609375 0.57001965625 0.1413239921875 0.5695566943359375 0.1326542626953125 0.5709364296875 0.1169888154296875 0.5755125654296875 0.1092359189453125 0.5826293583984375
1 0.2673418330078125 0.5649988583984376 0.2519204140625 0.565690484375 0.2510555869140625 0.56807142578125 0.2448170478515625 0.56734743359375 0.2377405927734375 0.56938924609375 0.2295032763671875 0.5695785107421875 0.2209968388671875 0.5659191484375 0.20614239453125 0.5673446171875 0.18531671484375 0.579242994140625 0.1871754755859375 0.598450244140625 0.2077873173828125 0.686733662109375 0.21513289453125 0.6885404765625 0.2424375048828125 0.6881781298828125 0.24654270703125 0.68789106640625 0.2489738974609375 0.6857873388671875 0.2640167275390625 0.687055908203125 0.2741182578125 0.6840290732421875 0.278358021484375 0.685666322265625 0.281140888671875 0.68121753515625 0.2798472841796875 0.6700924013671875 0.27382949609375 0.65040248828125 0.270244716796875 0.62126057421875 0.2616666328125 0.579705255859375 0.2684757822265625 0.5664665439453125 0.2673418330078125 0.5649988583984376
1 0.350053943359375 0.6121990693359375 0.34217739453125 0.5733019052734375 0.341856265625 0.5613352802734375 0.3356177255859375 0.5606112880859375 0.3259755205078125 0.562832513671875 0.2961858955078125 0.56452886328125 0.2940525576171875 0.5635178076171875 0.279225025390625 0.565328138671875 0.2671498115234375 0.5770013671875 0.26636390234375 0.5878851708984375 0.2687932744140625 0.593129716796875 0.26835904296875 0.6016684609375 0.277096783203125 0.65288123046875 0.2837891943359375 0.674844435546875 0.287840572265625 0.6737876455078124 0.2900815576171875 0.6763381533203126 0.28902652734375 0.6833733310546874 0.2943195029296875 0.6853236767578125 0.2983439677734375 0.683882025390625 0.305689544921875 0.68568883984375 0.33245409375 0.684977513671875 0.358030869140625 0.68202877734375 0.360085287109375 0.6745369716796875 0.35412132421875 0.65561678515625 0.350053943359375 0.6121990693359375
1 0.344556578125 0.563080177734375 0.3452275654296875 0.5800500185546875 0.352268017578125 0.614364712890625 0.36021984765625 0.67646128515625 0.365593560546875 0.6795662197265625 0.374964826171875 0.6808446396484376 0.3810149794921875 0.67887459375 0.38833364453125 0.6802965458984375 0.4200413095703125 0.6765323515625 0.421609490234375 0.6694612919921875 0.404919919921875 0.5561519501953125 0.40062633203125 0.5537449755859375 0.394414705078125 0.553405845703125 0.3688379306640625 0.55635458203125 0.3584941884765625 0.5559176533203125 0.347312533203125 0.558246529296875 0.344556578125 0.563080177734375
1 0.4553410263671875 0.6725169765625 0.48224013671875 0.6737299638671875 0.4841043525390625 0.6708923935546875 0.4766423955078125 0.59367852734375 0.468604373046875 0.552472189453125 0.4565597080078125 0.549833732421875 0.4180465283203125 0.552140091796875 0.40837741015625 0.55397645703125 0.4069456083984375 0.555623556640625 0.4234718876953125 0.6739719951171875 0.4304119638671875 0.6773541435546875 0.44270065625 0.6761080888671875 0.4553410263671875 0.6725169765625
1 0.485157564453125 0.671205490234375 0.4925031416015625 0.6730123046875 0.5185392421875 0.6692579599609375 0.52742426953125 0.670957126953125 0.5428187763671874 0.6698806376953125 0.544277490234375 0.668618400390625 0.5412327734375 0.6398254658203125 0.54307189453125 0.6292547587890625 0.5333958623046875 0.5498752490234375 0.5306148134765625 0.546975763671875 0.5259157255859375 0.54614412109375 0.489887560546875 0.5471164775390625 0.47668021484375 0.549973748046875 0.474249025390625 0.5520774765625 0.485157564453125 0.671205490234375
1 0.5447386337890625 0.6604645185546875 0.5473294794921875 0.668018240234375 0.5484365166015625 0.6691010625 0.5825197294921876 0.6698116884765625 0.605071427734375 0.6678479755859374 0.607260408203125 0.6622804833984375 0.6063239345703125 0.62676546875 0.6012393427734375 0.5466781494140625 0.5964864296875 0.545076783203125 0.589842388671875 0.545928123046875 0.5845763251953126 0.544362640625 0.5716668330078125 0.5441051259765625 0.5414717060546875 0.54737680859375 0.538041126953125 0.5499371650390625 0.5379836669921875 0.5638639873046875 0.5447386337890625 0.6604645185546875
1 0.6057769580078125 0.5452006142578125 0.603291943359375 0.5465346171875 0.603209388671875 0.5527283037109375 0.60950139453125 0.664830990234375 0.6106353427734375 0.6662986748046875 0.614146658203125 0.66489290625 0.61844024609375 0.6672998818359375 0.6688366171875 0.6653228017578126 0.6721344521484375 0.6534898583984375 0.669473779296875 0.6006919052734375 0.67026332421875 0.5751115546875 0.6676779326171876 0.54551301171875 0.6638705830078125 0.542685291015625 0.6571727177734376 0.54276690625 0.6471806533203125 0.5399849189453125 0.633298685546875 0.540568896484375 0.626141494140625 0.5414561201171875 0.6191996015625 0.5454222451171875 0.6057769580078125 0.5452006142578125
1 0.734844611328125 0.6579998623046875 0.7366371806640625 0.617266333984375 0.7343605498046875 0.5404633642578125 0.7321195634765625 0.537912857421875 0.72218132421875 0.5359005947265625 0.7022761142578124 0.5388394814453125 0.67999535546875 0.537303546875 0.671433275390625 0.540222732421875 0.669515236328125 0.542290578125 0.673914294921875 0.6641942470703125 0.680800546875 0.666806669921875 0.7321963056640625 0.6643729619140625 0.734844611328125 0.6579998623046875
1 0.7425887763671875 0.5770154677734375 0.7398597333984375 0.58223398046875 0.7374518193359375 0.599419119140625 0.739037822265625 0.6294742900390625 0.7374947353515625 0.6442784873046875 0.740839123046875 0.66260836328125 0.7497510625 0.6646923916015625 0.8016061484375 0.661453076171875 0.804469751953125 0.658158876953125 0.8055516953125 0.6515085625 0.8105380859375 0.5827060927734375 0.808281095703125 0.5356810810546875 0.804959984375 0.5324326142578125 0.7966419326171875 0.531467291015625 0.74594770703125 0.536559154296875 0.7384064736328125 0.561451396484375 0.7388908935546875 0.568378923828125 0.7416719423828125 0.5712784111328125 0.7425887763671875 0.5770154677734375
1 0.810527177734375 0.6267957353515625 0.8067951103515625 0.6471674248046875 0.808007978515625 0.657137970703125 0.81176150390625 0.6591959658203125 0.822185982421875 0.660787482421875 0.8410648916015625 0.6579203623046875 0.8673970263671875 0.6583995078125 0.8724208798828125 0.6565012275390625 0.880066486328125 0.5372360146484375 0.878015703125 0.5300312724609375 0.8517104794921875 0.529936990234375 0.847172865234375 0.531414525390625 0.8382609248046875 0.5293304970703125 0.817248677734375 0.5311865615234375 0.8113061728515625 0.534696056640625 0.8118065966796875 0.5860980908203125 0.8082360029296874 0.608778955078125 0.810527177734375 0.6267957353515625
1 0.9315178876953125 0.5282237578125 0.8930047080078125 0.5305301171875 0.8874946162109375 0.5328491435546875 0.8836854501953125 0.5373696962890625 0.8807374736328125 0.55420585546875 0.8768079296875 0.6086248740234375 0.8776080244140625 0.6495638486328125 0.8811982578125 0.6566609423828125 0.8855187578125 0.6594527802734375 0.8907579091796874 0.6606334013671875 0.908745080078125 0.6597623603515625 0.9549555126953125 0.656917755859375 0.964084568359375 0.6547324130859375 0.9668405234375 0.6498987626953125 0.9709566328125 0.605522056640625 0.980640294921875 0.544899501953125 0.9747821630859375 0.5348670390625 0.960335037109375 0.527368900390625 0.956256748046875 0.5280408271484375 0.9519075185546875 0.532212400390625 0.9405374765625 0.5318472373046875 0.9315178876953125 0.5282237578125
1 1 0.5284102578125 0.9912047890625 0.5263705107421875 0.9834806220703125 0.526523892578125 0.9789699189453125 0.5283862900390625 0.9773210009765625 0.53430276171875 0.9816127705078125 0.5440580107421875 0.9695964775390625 0.6450651123046875 0.9696484833984375 0.653183111328125 0.9719163818359375 0.6561184814453125 1 0.6544293759765625 1 0.5284102578125
1 0.094547685546875 0.785537119140625 0.096411900390625 0.782699548828125 0.088289505859375 0.755035169921875 0.0764674111328125 0.72608251953125 0.0721738232421875 0.723675544921875 0.0633426201171875 0.7227461044921875 0.0500545380859375 0.7244487861328125 0.043518146484375 0.726839578125 0.0421132568359375 0.728871541015625 0.052934146484375 0.7656290927734375 0.065217384765625 0.7864278603515625 0.0735354375 0.78739318359375 0.094547685546875 0.785537119140625
1 0.1038651259765625 0.7860458154296875 0.1316290634765625 0.7848778603515625 0.13090243359375 0.7744865673828125 0.1180056669921875 0.7227911376953124 0.0855964658203125 0.72389717578125 0.0807340849609375 0.7281046318359375 0.0975189375 0.78378237109375 0.1038651259765625 0.7860458154296875
1 0.158058296875 0.72037712890625 0.12616224609375 0.72144728515625 0.1197065908203125 0.7249926650390625 0.11986624609375 0.7346501142578125 0.134194814453125 0.7846984453125 0.167170990234375 0.78432625 0.1690621181640625 0.781873541015625 0.157676072265625 0.737033873046875 0.1564362919921875 0.7266784638671875 0.158058296875 0.72037712890625
1 0.206118400390625 0.77348114453125 0.196271806640625 0.728533828125 0.1988393759765625 0.7210061396484375 0.1857684091796875 0.71843944921875 0.1662417890625 0.719418138671875 0.16167726171875 0.7205108115234375 0.1583274189453125 0.724225755859375 0.156786150390625 0.7316816787109375 0.1701960673828125 0.7833412255859376 0.172923291015625 0.78547098828125 0.2052786689453125 0.7835952236328125 0.206118400390625 0.77348114453125
1 0.240420548828125 0.762574125 0.2352999541015625 0.7188433115234375 0.218717673828125 0.717682390625 0.203350078125 0.7191437421875 0.2004864755859375 0.7224379404296875 0.197405755859375 0.7300015126953125 0.20935695703125 0.7829232978515624 0.221887861328125 0.7851410068359375 0.2428731953125 0.7829000810546874 0.2450083515625 0.77656286328125 0.240420548828125 0.762574125
1 0.242392412109375 0.7612760048828126 0.2495979736328125 0.7832033271484375 0.256484224609375 0.78581575 0.275470783203125 0.7844880810546875 0.28511298828125 0.782266853515625 0.2875710908203125 0.78054798828125 0.287868943359375 0.777433205078125 0.2871710439453125 0.7600785009765625 0.2810474248046875 0.7315008642578125 0.2767018310546875 0.720975890625 0.2692755185546875 0.7180144873046875 0.2460222841796875 0.717320044921875 0.2386748896484375 0.72286150390625 0.237996630859375 0.7352847587890625 0.242392412109375 0.7612760048828126
1 0.3241716845703125 0.7582646533203125 0.31640278515625 0.72090694140625 0.3114614853515625 0.71661153515625 0.304709796875 0.71592342578125 0.2981464921875 0.71792935546875 0.2944467919921875 0.7166410849609375 0.2812125341796875 0.7191134931640625 0.29005610546875 0.7792139853515625 0.29850871875 0.782103623046875 0.324733205078125 0.78104331640625 0.3261380947265625 0.77901135546875 0.3241716845703125 0.7582646533203125
1 0.3304316826171875 0.781418330078125 0.3433949990234375 0.782445568359375 0.3644610712890625 0.78135923046875 0.3554900830078125 0.7268108564453125 0.3558346162109375 0.716989365234375 0.3531073916015625 0.714859603515625 0.3203196015625 0.7179258388671875 0.3183746494140625 0.7196088212890625 0.3187245078125 0.7246120361328126 0.3246059169921875 0.749725908203125 0.3277313701171875 0.779673431640625 0.3304316826171875 0.781418330078125
1 0.3575086279296875 0.718806029296875 0.3583949130859375 0.738854771484375 0.3658659609375 0.779327267578125 0.3681069462890625 0.781877775390625 0.40002991015625 0.7811924814453125 0.4023265390625 0.7771644404296875 0.39558939453125 0.717690140625 0.3639373701171875 0.714875787109375 0.3575086279296875 0.718806029296875
1 0.4400825400390625 0.7787784736328125 0.4420274921875 0.7770954912109375 0.436587587890625 0.714049779296875 0.42664934765625 0.7120375166015624 0.41895209375 0.71257576171875 0.4051239501953125 0.713929462890625 0.3976419951171875 0.717546609375 0.401817025390625 0.762503775390625 0.4061069755859375 0.779607298828125 0.4098874130859375 0.78205015625 0.4174770185546875 0.7799724609375 0.4400825400390625 0.7787784736328125
1 0.475262240234375 0.714052595703125 0.47248119140625 0.711153109375 0.4647301142578125 0.71092162890625 0.441692177734375 0.7133060869140625 0.43877475 0.715830560546875 0.4393900947265625 0.7393789501953125 0.4439455322265625 0.775027646484375 0.4503186328125 0.7776759521484375 0.4574219990234375 0.7760190029296875 0.4795681953125 0.775630623046875 0.475262240234375 0.714052595703125
1 0.477368666015625 0.7146787890625 0.4825932724609375 0.7746456005859375 0.4853204970703125 0.776775361328125 0.51802755078125 0.7725545390625 0.5199455908203126 0.770486693359375 0.5139656240234375 0.707092001953125 0.5112922236328125 0.7057319658203125 0.4809625361328125 0.7070793349609374 0.477368666015625 0.7146787890625
1 0.5551791162109375 0.7065305400390625 0.549886140625 0.7045801943359375 0.5302518701171876 0.70401943359375 0.517476939453125 0.7056862333984375 0.5166928486328125 0.7092217626953125 0.5186287099609375 0.7442801494140625 0.5225651669921875 0.7710770048828125 0.5247254169921876 0.7724729228515625 0.5376079970703125 0.77234557421875 0.55810709375 0.7705253935546875 0.5551791162109375 0.7065305400390625
1 0.5564745390625 0.71030740234375 0.5605921083984375 0.769191390625 0.56483187109375 0.770828640625 0.5967817470703125 0.7705282099609375 0.5985921376953125 0.7669209140625 0.5957179833984375 0.703695787109375 0.5909919833984375 0.7024792822265625 0.557610306640625 0.7044268125 0.5564745390625 0.71030740234375
1 0.639832541015625 0.76674431640625 0.63849056640625 0.7328046357421875 0.63666053515625 0.70663397265625 0.6342311630859375 0.701389427734375 0.59920238671875 0.7019051552734376 0.5973650830078125 0.7051275888671875 0.5974960078125 0.72174844921875 0.6008331240234375 0.7694714208984375 0.60507288671875 0.771108669921875 0.6348894248046875 0.7697971845703125 0.6384007392578125 0.768391416015625 0.639832541015625 0.76674431640625
1 0.6721773681640625 0.6983492255859375 0.639308841796875 0.700260873046875 0.6374177138671875 0.7027135810546875 0.64185823046875 0.766215921875 0.645125517578125 0.768694662109375 0.6503108447265625 0.76910555859375 0.6800466455078125 0.766639484375 0.6819108603515625 0.7638019140625 0.6785235576171875 0.7006126689453125 0.6721773681640625 0.6983492255859375
1 0.7211848544921875 0.7428786142578125 0.71911625 0.698547640625 0.7004813681640625 0.6975302509765625 0.6820348720703125 0.699206900390625 0.6797382431640625 0.70323494140625 0.6834503115234375 0.7636942646484375 0.6927946640625 0.764587822265625 0.7055965087890625 0.7633058857421875 0.7185867373046875 0.7647179873046875 0.7204240400390625 0.7614955546875 0.7211848544921875 0.7428786142578125
1 0.7412355341796875 0.6977743984375 0.7256795537109375 0.6965417119140624 0.7206557001953126 0.6984399921875 0.72266502734375 0.7640460615234375 0.72847115234375 0.7659605244140625 0.7602595537109375 0.76335091796875 0.7635286591796875 0.7584813857421875 0.7618691923828125 0.69787853125 0.7576025166015625 0.6958564189453125 0.7412355341796875 0.6977743984375
1 0.7629224052734375 0.6981916279296875 0.7650681103515625 0.7583737373046875 0.7667152099609374 0.7598055380859375 0.797963548828125 0.7568469521484374 0.80179962890625 0.7527112626953125 0.8038936875 0.6941664033203125 0.80070713671875 0.69284225 0.7657590966796874 0.6945125654296875 0.7629224052734375 0.6981916279296875
1 0.8112516318359375 0.7551442705078125 0.8159776318359375 0.7563607744140625 0.849305484375 0.75364351953125 0.851629025390625 0.75000033984375 0.8538038203125 0.692610068359375 0.8423530419921875 0.691090318359375 0.81156402734375 0.6932432958984375 0.8075395634765625 0.694684947265625 0.806296146484375 0.6990260859375 0.806559814453125 0.7249195341796875 0.803100505859375 0.73444330078125 0.80358492578125 0.741370830078125 0.8112516318359375 0.7551442705078125
1 0.8605824228515625 0.693683041015625 0.85661178125 0.6958944189453125 0.855718224609375 0.705238771484375 0.8547886640625 0.7509396298828125 0.8605122353515625 0.759047779296875 0.8679116357421875 0.7616243193359375 0.899780775390625 0.7601693017578125 0.902563642578125 0.7557205146484375 0.9053341416015624 0.6921006748046875 0.8605824228515625 0.693683041015625
1 0.9503818955078125 0.694751796875 0.949140296875 0.6917446611328125 0.93976903125 0.6904662421875 0.91970234765625 0.691095951171875 0.9115457685546875 0.6924398046875 0.9080882783203125 0.6946152978515625 0.9042682021484375 0.743225494140625 0.9035630302734375 0.7552638857421875 0.9058847529296875 0.75896898046875 0.942912306640625 0.7575399951171875 0.9454798759765625 0.7500123076171875 0.9503818955078125 0.694751796875
1 0.993865103515625 0.689777431640625 0.991704853515625 0.688381513671875 0.9572699638671875 0.6900159462890625 0.951759873046875 0.69233497265625 0.946454169921875 0.7418225419921874 0.9464505341796875 0.75651908984375 0.9522028359375 0.757663828125 0.982019373046875 0.7563523408203126 0.987016314453125 0.75406919921875 0.9936461689453125 0.701395078125 0.993865103515625 0.689777431640625
1 0.121451890625 0.8753142548828124 0.12385616796875 0.8728256650390624 0.1212384111328125 0.8648870791015625 0.1055551416015625 0.832336984375 0.1051532763671875 0.8192157705078125 0.092136134765625 0.8174188056640626 0.0773086025390625 0.8192291376953125 0.0743104384765625 0.8205990224609375 0.070176505859375 0.827849498046875 0.070687837890625 0.835161888671875 0.092040853515625 0.875050408203125 0.0962806171875 0.8766876572265625 0.121451890625 0.8753142548828124
1 0.1585870927734375 0.875424720703125 0.159209708984375 0.8695800146484375 0.142717255859375 0.8328323125 0.141612037109375 0.824401216796875 0.1438010166015625 0.818833724609375 0.13750865234375 0.8173400068359375 0.112742880859375 0.8171380751953125 0.108826064453125 0.820119177734375 0.1056646083984375 0.8265281611328125 0.1061221162109375 0.833070826171875 0.125503267578125 0.874257466796875 0.1448127724609375 0.8775481484375 0.1585870927734375 0.875424720703125
1 0.1734560810546875 0.8152130625 0.14785239453125 0.817776935546875 0.1431245751953125 0.823908705078125 0.143797380859375 0.833530271484375 0.1615314326171875 0.873285109375 0.1703626357421875 0.8742145498046875 0.19294124609375 0.87263569921875 0.1942384873046875 0.869064287109375 0.17872214453125 0.8167785458984375 0.1734560810546875 0.8152130625
1 0.185229806640625 0.8213511650390625 0.184011484375 0.833425439453125 0.1951571376953125 0.8674530703125 0.1989913994140625 0.8706656533203125 0.225782861328125 0.870339189453125 0.228187138671875 0.867850599609375 0.2242219521484375 0.8480171552734375 0.2148812353515625 0.83242705078125 0.2139105771484375 0.825920267578125 0.215884259765625 0.8172738740234375 0.1983564150390625 0.817339306640625 0.1922793486328125 0.818924490234375 0.1891197109375 0.8179852001953125 0.182529494140625 0.8196062666015625 0.185229806640625 0.8213511650390625
1 0.22349350390625 0.84497413671875 0.2270550078125 0.859034640625 0.2331284375 0.8721460048828125 0.2352617744140625 0.8731570615234375 0.2639712763671875 0.870762751953125 0.2646477177734375 0.8656877724609375 0.2504267978515625 0.817178892578125 0.245160734375 0.815613408203125 0.2406231201171875 0.8170909423828125 0.2384628701171875 0.8156950234375 0.2230145380859375 0.8160017880859375 0.2189900732421875 0.817443439453125 0.2168549169921875 0.8237806572265625 0.2177699326171875 0.8368659873046875 0.22349350390625 0.84497413671875
1 0.25404576171875 0.8173125732421875 0.2542592421875 0.8277397490234375 0.268049564453125 0.870090826171875 0.298946228515625 0.869477298828125 0.297977388671875 0.8556222431640625 0.29023358203125 0.8259976669921875 0.2898317177734375 0.8128764541015625 0.257935666015625 0.8139466083984375 0.25404576171875 0.8173125732421875
1 0.3376226982421875 0.8621318427734375 0.330661166015625 0.836320009765625 0.3279663076171875 0.8125302900390625 0.3247528447265625 0.8108212744140625 0.3067118505859375 0.81092258984375 0.2933968564453125 0.81224041015625 0.2915864658203125 0.815847705078125 0.290612171875 0.824037470703125 0.30256519140625 0.8696109814453125 0.3186612353515625 0.8711926484375 0.3365945810546875 0.8695518818359375 0.3376226982421875 0.8621318427734375
1 0.3771639970703125 0.8524054443359375 0.3855830576171875 0.8253181484375 0.369260537109375 0.81312341796875 0.366073986328125 0.8117992646484375 0.343306990234375 0.8106840771484375 0.331531447265625 0.8118942470703125 0.32915408203125 0.8147677001953125 0.3298268876953125 0.824389267578125 0.340619044921875 0.86811023046875 0.3525560625 0.8692092353515625 0.3776196865234375 0.8662963828125 0.3771639970703125 0.8524054443359375
1 0.417108978515625 0.848451984375 0.410339466796875 0.8106376435546875 0.40510031640625 0.8094570224609375 0.376877052734375 0.8114305849609375 0.3728795 0.813257099609375 0.374332759765625 0.8340396845703125 0.3836698408203125 0.8643263369140625 0.3873964541015625 0.86599946875 0.4166191044921875 0.8635692783203125 0.41859096875 0.862271158203125 0.417108978515625 0.848451984375
1 0.41187891796875 0.810529994140625 0.4183487587890625 0.8588073935546875 0.420778130859375 0.864051939453125 0.433768359375 0.8654640419921875 0.4547536953125 0.8632231142578125 0.4563487880859375 0.85653691796875 0.4500135078125 0.81018383203125 0.4462868955078125 0.80851069921875 0.41187891796875 0.810529994140625
1 0.490119962890625 0.808539548828125 0.4853401376953125 0.8065533193359375 0.452066109375 0.8100402998046875 0.459183662109375 0.86020612890625 0.463963486328125 0.8621923583984376 0.4953463876953125 0.8611580869140625 0.490119962890625 0.808539548828125
1 0.529173205078125 0.8065821689453125 0.5270398671875 0.80557111328125 0.4931181279296875 0.8071696630859375 0.4916594140625 0.808431900390625 0.4968320146484375 0.8602807119140625 0.5022057255859375 0.863385646484375 0.5243250107421875 0.862612404296875 0.532940916015625 0.860462943359375 0.534858955078125 0.8583950986328125 0.529173205078125 0.8065821689453125
1 0.561015431640625 0.8047422880859375 0.53484476953125 0.8065723193359375 0.5329267294921874 0.8086401650390626 0.5351586259765625 0.8479320400390625 0.5373977939453125 0.8578308212890625 0.544230220703125 0.8596735185546875 0.5719941572265625 0.858505564453125 0.574884673828125 0.8555962275390625 0.5704136083984375 0.8064055712890625 0.561015431640625 0.8047422880859375
1 0.6153697177734375 0.851991748046875 0.6101145625 0.80633662109375 0.6032283115234375 0.80372419921875 0.5770845625 0.8059390927734374 0.5736539833984375 0.8084994501953126 0.576237556640625 0.8454462666015625 0.5791782607421875 0.858003203125 0.5818516611328125 0.8593632392578126 0.6024584072265625 0.8590825078125 0.6131538251953125 0.8571743779296875 0.6153697177734375 0.851991748046875
1 0.6131396396484375 0.8053515986328125 0.6154253603515625 0.8454132001953125 0.618988681640625 0.8521254306640625 0.640189314453125 0.852963404296875 0.651424794921875 0.8514042548828125 0.649140892578125 0.8039943798828125 0.642767791015625 0.8013460732421875 0.6196760302734375 0.802960806640625 0.6131396396484375 0.8053515986328125
1 0.6512204052734375 0.8042357109375 0.6544229599609375 0.850034369140625 0.6607153232421875 0.8515280859375 0.6890193232421875 0.850709111328125 0.690700607421875 0.823132681640625 0.6891935224609375 0.80158037109375 0.676716443359375 0.80013238671875 0.6613219365234375 0.8012088759765625 0.6512204052734375 0.8042357109375
1 0.7264236474609375 0.8546682041015625 0.7302328154296875 0.8501476513671875 0.72851588671875 0.803471619140625 0.7241684755859376 0.80029491796875 0.7026161650390625 0.8018020029296875 0.6932718115234375 0.8009084453125 0.691353771484375 0.802976291015625 0.692320794921875 0.8241796201171875 0.69067005859375 0.8374443662109375 0.6923135224609375 0.85357271484375 0.696093958984375 0.8560155732421875 0.7264236474609375 0.8546682041015625
1 0.7360247548828125 0.8002393359375 0.73356665234375 0.8019582001953125 0.7327269189453125 0.812072279296875 0.73164133984375 0.833419140625 0.7339594267578124 0.851820783203125 0.7695282666015625 0.8516540361328125 0.771182638671875 0.8236927421875 0.7690009306640625 0.7998671396484375 0.7647611669921875 0.798229890625 0.7360247548828125 0.8002393359375
1 0.77972326171875 0.7983438720703125 0.7757257080078125 0.80017038671875 0.7721532958984375 0.830199525390625 0.77363346875 0.8513669716796874 0.787109935546875 0.852358328125 0.8091484833984375 0.8504304990234375 0.8118775263671875 0.8452119853515625 0.811753873046875 0.7991980302734375 0.8064339853515625 0.7968628203125 0.77972326171875 0.7983438720703125
1 0.844015787109375 0.8476055947265625 0.85287390234375 0.8489198974609375 0.8560408115234375 0.820466091796875 0.855425466796875 0.7969177041015625 0.849619341796875 0.795003240234375 0.823421767578125 0.796448408203125 0.8159128994140625 0.79968069140625 0.8172854228515625 0.8193086875 0.8137166474609375 0.834641279296875 0.8162518505859375 0.848773548828125 0.8226518623046875 0.8518067177734375 0.844015787109375 0.8476055947265625
1 0.89493803515625 0.7941547158203125 0.87481752734375 0.7940147001953125 0.862528833984375 0.79526075390625 0.8585312802734375 0.7970872685546875 0.8557949658203124 0.831698876953125 0.85511670703125 0.844122130859375 0.857006015625 0.8490176962890625 0.8795577138671875 0.847053984375 0.891604197265625 0.8423441650390625 0.89455035546875 0.83285628125 0.89493803515625 0.7941547158203125
1 0.9355467314453125 0.8365641923828125 0.937769896484375 0.8019884677734375 0.9365570283203125 0.7920179208984375 0.902202875 0.7948069423828125 0.895797408203125 0.8138185947265625 0.8954402763671875 0.8382084755859375 0.8975717958984375 0.8465678056640625 0.9018653837890624 0.8489747802734375 0.907023798828125 0.8490008134765625 0.931412798828125 0.8438146669921875 0.9355467314453125 0.8365641923828125
1 0.9421747685546875 0.7912383466796875 0.939662841796875 0.792187486328125 0.938392513671875 0.79614376171875 0.93638646484375 0.8264501142578125 0.938948580078125 0.8409672470703125 0.9498862080078125 0.842522880859375 0.974329033203125 0.8381064599609375 0.977257369140625 0.79149234375 0.9740708203125 0.7901681904296874 0.9421747685546875 0.7912383466796875
1 1 0.7897485849609375 0.9813087470703125 0.7904355537109375 0.9780396416015625 0.7953050869140625 0.97562991015625 0.8198384990234375 0.977407935546875 0.837891162109375 0.990965138671875 0.8400371064453125 0.9939094794921876 0.8378974951171875 1 0.8375989248046875 1 0.7897485849609375
1 0.1000930615234375 0.9680795263671875 0.1267768740234375 0.9662136123046875 0.12232544921875 0.9468009140625 0.1187621279296875 0.94008868359375 0.1181700595703125 0.9316217041015625 0.1152006240234375 0.9260281796875 0.1213907939453125 0.903937625 0.0991100361328125 0.9024016904296875 0.0919528447265625 0.9032889150390625 0.084766923828125 0.9111395498046875 0.0820917060546875 0.9171277880859375 0.0864067509765625 0.941964447265625 0.0957725615234375 0.9652876884765625 0.1000930615234375 0.9680795263671875
1 0.1272631123046875 0.9657928662109375 0.12993651171875 0.96715290234375 0.138173828125 0.9669636376953125 0.1580521259765625 0.963639888671875 0.159162798828125 0.9500261640625 0.1520667041015625 0.9222900185546875 0.1559315146484375 0.911190916015625 0.1596868583984375 0.9059006376953125 0.163198171875 0.904494869140625 0.156851984375 0.90223142578125 0.1254959951171875 0.9036505615234375 0.120633615234375 0.907858017578125 0.1151755302734375 0.9182950419921875 0.11525444921875 0.926797904296875 0.1272631123046875 0.9657928662109375
1 0.2055616171875 0.9498755986328125 0.1930147109375 0.9031833828125 0.17745873046875 0.9019506962890625 0.1605247734375 0.903134833984375 0.154553537109375 0.913607740234375 0.153200654296875 0.9237577021484376 0.161644177734375 0.9633887080078125 0.1742558173828125 0.966761005859375 0.2003995673828125 0.9645461123046875 0.20329008203125 0.9616367763671875 0.2055616171875 0.9498755986328125
1 0.30891829296875 0.953090298828125 0.3101347978515625 0.948364296875 0.30376715234375 0.923671169921875 0.303501666015625 0.90512599609375 0.301477794921875 0.8983061171875 0.229880791015625 0.8994452216796875 0.1960936123046875 0.9029680849609375 0.20024718359375 0.925495568359375 0.2095035283203125 0.9546276328125 0.2720522138671875 0.956828458984375 0.307459580078125 0.95435253515625 0.30891829296875 0.953090298828125
1 0.3313067001953125 0.95616568359375 0.41597648828125 0.9502449951171875 0.4189477412109375 0.9484902470703125 0.4131525234375 0.902486140625 0.414315203125 0.8969904140625 0.382932302734375 0.8980246865234375 0.3642974208984375 0.8970072978515625 0.3067707705078125 0.900256462890625 0.304825818359375 0.9019394453125 0.30752067578125 0.9257291650390626 0.313348259765625 0.9500733134765625 0.3172094345703125 0.9536707587890625 0.3313067001953125 0.95616568359375
1 0.460552548828125 0.894530673828125 0.4380277626953125 0.896879248046875 0.4240381455078125 0.895923775390625 0.42049991796875 0.896944681640625 0.4178247001953125 0.9029329189453125 0.4218669873046875 0.9386174990234375 0.4252939296875 0.950753689453125 0.4293165771484375 0.9566603125 0.4361490029296875 0.958503009765625 0.4484646083984375 0.957641818359375 0.4661826572265625 0.9529221513671875 0.4764187490234375 0.95181962890625 0.4813618662109375 0.9487667607421875 0.48859979296875 0.9490341240234375 0.491380841796875 0.951933611328125 0.5119068515625 0.95049829296875 0.5300842255859375 0.9449730166015625 0.5271740693359375 0.9181043955078125 0.5295550712890625 0.90053439453125 0.5279905263671875 0.8929089072265625 0.460552548828125 0.894530673828125
1 0.5329049130859375 0.8968194501953125 0.5307697578125 0.9031566669921876 0.533138033203125 0.93702458203125 0.536968658203125 0.9549337138671875 0.5669197568359375 0.955546541015625 0.5977087705078125 0.9533935634765625 0.64516262109375 0.9462078212890624 0.6465405986328125 0.94379099609375 0.6440664921875 0.90103535546875 0.6423673857421875 0.8914855556640625 0.6401802236328125 0.8897047734375 0.60458447265625 0.8894866591796875 0.57638812109375 0.8918450849609375 0.556726939453125 0.8908994619140626 0.55424192578125 0.8922334638671875 0.5490296865234375 0.8914377060546875 0.5329049130859375 0.8968194501953125
1 0.6473374140625 0.8888175498046875 0.645553935546875 0.8928097080078125 0.6486201103515625 0.9440323271484375 0.65140116015625 0.9469318134765625 0.696612205078125 0.944543837890625 0.7081724501953125 0.9402547666015625 0.7153834658203125 0.9401372666015625 0.721270328125 0.9432063193359375 0.7315871572265625 0.943258384765625 0.74692783984375 0.9414121708984375 0.7539773828125 0.93898549609375 0.7582207802734375 0.9259261982421875 0.7586084599609375 0.8872246328125 0.7569882724609375 0.886177693359375 0.7372732666015624 0.8844623447265625 0.65762733203125 0.8884847529296875 0.6529282431640625 0.887653111328125 0.6473374140625 0.8888175498046875
1 0.8094910693359375 0.88482680859375 0.78264578515625 0.8843835458984375 0.7714372158203125 0.88632755859375 0.7662249775390625 0.88553180078125 0.764226201171875 0.88644505859375 0.763117345703125 0.8927105087890626 0.76224524609375 0.924484546875 0.763644681640625 0.9444974052734375 0.7691798671875 0.9499115166015625 0.807666134765625 0.9472202939453125 0.8113658349609375 0.948508564453125 0.8288667666015626 0.9480582685546876 0.83904903515625 0.946186021484375 0.8756172626953125 0.9455626455078125 0.87853469140625 0.9430381708984376 0.8797242822265625 0.9379273076171875 0.8821358330078125 0.90604562109375 0.8793315078125 0.888064724609375 0.8764428095703125 0.883625787109375 0.8701235341796875 0.88174720703125 0.824291689453125 0.8826316142578124 0.8099234833984374 0.8836363369140625 0.8094910693359375 0.88482680859375
1 1 0.8810142333984375 0.9945211875 0.8761424326171875 0.9807468681640625 0.8782658603515625 0.96046488671875 0.87581666796875 0.9009663720703125 0.8803639541015625 0.8885700302734375 0.8800705576171876 0.885031802734375 0.881091462890625 0.882248935546875 0.88554025 0.8853205654296875 0.914718048828125 0.8819383564453125 0.940092951171875 0.882774453125 0.9446754208984375 0.885501677734375 0.946805181640625 0.926471142578125 0.9501282314453126 0.9506699404296876 0.9495963193359375 0.9602583212890625 0.9466053681640625 0.964498083984375 0.9482426171875 0.98140512890625 0.9466736171875 1 0.9488315810546875 1 0.8810142333984375
0 1 0.6890004013671875 0.99845654296875 0.689069623046875 0.9956198515625 0.6927486845703125 0.9886383203125 0.7477678642578125 0.98850194140625 0.75319182421875 0.9928762646484375 0.75675338671875 1 0.755498037109375 1 0.6890004013671875
0 0.431640625 0.8740234375 0.4365234375 0.8798828125 0.4375 0.888671875 0.435546875 0.892578125 0.408203125 0.89453125 0.3935546875 0.89453125 0.3896484375 0.8876953125 0.390625 0.876953125 0.39453125 0.875 0.4306640625 0.8740234375
0 0.064453125 0.5458984375 0.0703125 0.552734375 0.0712890625 0.5703125 0.037109375 0.572265625 0.0205078125 0.5703125 0.017578125 0.564453125 0.0166015625 0.5498046875 0.0634765625 0.5458984375
0 0.8544921875 0.0732421875 0.869140625 0.0732421875 0.904296875 0.0673828125 0.9072265625 0.068359375 0.9111328125 0.080078125 0.9111328125 0.0927734375 0.908203125 0.1005859375 0.857421875 0.1064453125 0.8427734375 0.1064453125 0.837890625 0.0888671875 0.8388671875 0.0771484375 0.853515625 0.0732421875
0 0.431640625 0.68359375 0.4482421875 0.6845703125 0.4501953125 0.6982421875 0.44921875 0.7060546875 0.4296875 0.708984375 0.40234375 0.708984375 0.3994140625 0.705078125 0.3955078125 0.6884765625 0.3994140625 0.685546875 0.4306640625 0.68359375
0 0.8271484375 0.9609375 0.830078125 0.962890625 0.830078125 0.9775390625 0.7890625 0.98046875 0.7822265625 0.98046875 0.78125 0.9658203125 0.8037109375 0.9619140625 0.826171875 0.9609375
0 0.3759765625 0.7890625 0.3779296875 0.7919921875 0.37890625 0.806640625 0.375 0.8095703125 0.36328125 0.810546875 0.33203125 0.8095703125 0.330078125 0.806640625 0.3291015625 0.7919921875 0.36328125 0.7880859375 0.375 0.7890625
0 0.33984375 0.9677734375 0.37890625 0.9697265625 0.3818359375 0.978515625 0.3818359375 0.9873046875 0.3798828125 0.9892578125 0.33984375 0.990234375 0.3369140625 0.986328125 0.3359375 0.974609375 0.3388671875 0.96875
0 0.1123046875 0.6982421875 0.1181640625 0.705078125 0.12109375 0.716796875 0.1181640625 0.7197265625 0.0947265625 0.720703125 0.0751953125 0.7197265625 0.0703125 0.7138671875 0.0673828125 0.7041015625 0.068359375 0.7001953125 0.111328125 0.6982421875
0 0.4052734375 0.7861328125 0.4306640625 0.787109375 0.4326171875 0.8056640625 0.4306640625 0.8076171875 0.419921875 0.80859375 0.40625 0.8076171875 0.3896484375 0.8095703125 0.3857421875 0.8076171875 0.3828125 0.802734375 0.3828125 0.7890625 0.404296875 0.787109375
0 0.5810546875 0.7802734375 0.5927734375 0.7802734375 0.5966796875 0.7841796875 0.5966796875 0.80078125 0.5947265625 0.802734375 0.587890625 0.802734375 0.5869140625 0.8046875 0.5751953125 0.802734375 0.55078125 0.8037109375 0.546875 0.798828125 0.5458984375 0.7841796875 0.548828125 0.78125 0.580078125 0.7802734375
0 0.05078125 0.9267578125 0.056640625 0.9296875 0.0576171875 0.9404296875 0.0400390625 0.9443359375 0.029296875 0.943359375 0.0283203125 0.927734375 0.0498046875 0.9267578125
0 0.1884765625 0.5390625 0.193359375 0.5458984375 0.1962890625 0.5615234375 0.1875 0.5654296875 0.1787109375 0.564453125 0.1728515625 0.56640625 0.14453125 0.56640625 0.140625 0.5595703125 0.138671875 0.5439453125 0.14453125 0.541015625 0.158203125 0.5419921875 0.1728515625 0.5390625 0.1875 0.5390625
0 0.083984375 0.359375 0.095703125 0.359375 0.09765625 0.357421875 0.109375 0.3583984375 0.1240234375 0.35546875 0.1376953125 0.3564453125 0.142578125 0.3798828125 0.138671875 0.384765625 0.111328125 0.384765625 0.109375 0.38671875 0.0986328125 0.3857421875 0.0966796875 0.3876953125 0.0888671875 0.3876953125 0.0859375 0.38671875 0.0830078125 0.376953125 0.08203125 0.3662109375 0.083984375 0.3603515625
0 0.9990234375 0.853515625 0.9990234375 0.8740234375 0.99609375 0.875 0.986328125 0.8740234375 0.984375 0.8720703125 0.9833984375 0.861328125 0.9853515625 0.85546875 0.998046875 0.853515625
0 0.611328125 0.8681640625 0.61328125 0.8701171875 0.61328125 0.8857421875 0.6103515625 0.8876953125 0.58984375 0.8896484375 0.5673828125 0.888671875 0.564453125 0.8828125 0.564453125 0.8720703125 0.56640625 0.8701171875 0.576171875 0.869140625 0.6103515625 0.8681640625
0 0.3681640625 0.5283203125 0.3720703125 0.529296875 0.375 0.5400390625 0.3740234375 0.5537109375 0.369140625 0.5556640625 0.35546875 0.5537109375 0.3251953125 0.55859375 0.3203125 0.552734375 0.318359375 0.53515625 0.326171875 0.53125 0.34375 0.53125 0.34765625 0.5283203125 0.3671875 0.529296875
0 0.232421875 0.8779296875 0.23828125 0.880859375 0.240234375 0.89453125 0.23828125 0.896484375 0.212890625 0.8994140625 0.2001953125 0.8955078125 0.1982421875 0.8828125 0.20703125 0.8818359375 0.212890625 0.8779296875 0.2314453125 0.8779296875
0 0.390625 0.111328125 0.39453125 0.115234375 0.3984375 0.1279296875 0.3984375 0.1396484375 0.3955078125 0.1435546875 0.37109375 0.1455078125 0.365234375 0.1484375 0.3408203125 0.1513671875 0.3359375 0.1513671875 0.3291015625 0.134765625 0.33203125 0.1201171875 0.3896484375 0.111328125
0 0.783203125 0.7734375 0.7861328125 0.7841796875 0.7861328125 0.794921875 0.7763671875 0.7978515625 0.755859375 0.796875 0.73828125 0.7998046875 0.734375 0.79296875 0.734375 0.77734375 0.7412109375 0.7744140625 0.75390625 0.7734375 0.7822265625 0.7744140625
0 0.158203125 0.810546875 0.1572265625 0.80078125 0.1552734375 0.798828125 0.1572265625 0.794921875 0.1806640625 0.7939453125 0.1953125 0.791015625 0.1982421875 0.791015625 0.205078125 0.798828125 0.205078125 0.8095703125 0.203125 0.8115234375 0.16796875 0.814453125 0.1591796875 0.810546875
0 0.263671875 0.3466796875 0.2705078125 0.349609375 0.2734375 0.361328125 0.2734375 0.3740234375 0.2646484375 0.376953125 0.2177734375 0.37890625 0.21484375 0.37109375 0.2138671875 0.353515625 0.2216796875 0.349609375 0.248046875 0.3486328125 0.25 0.3466796875 0.2626953125 0.34765625
0 0.3701171875 0.875 0.3798828125 0.875 0.3828125 0.8779296875 0.384765625 0.892578125 0.3798828125 0.8955078125 0.3671875 0.89453125 0.3525390625 0.896484375 0.337890625 0.8935546875 0.3359375 0.8896484375 0.3359375 0.87890625 0.3388671875 0.876953125 0.3515625 0.8779296875 0.369140625 0.875
0 0.09765625 0.7958984375 0.1533203125 0.7958984375 0.15625 0.798828125 0.1591796875 0.8125 0.1494140625 0.814453125 0.140625 0.8134765625 0.138671875 0.8154296875 0.0947265625 0.8154296875 0.08984375 0.8115234375 0.087890625 0.7978515625 0.0966796875 0.796875
0 0.4892578125 0.7822265625 0.4931640625 0.7890625 0.4931640625 0.8037109375 0.48828125 0.806640625 0.4765625 0.8056640625 0.4619140625 0.80859375 0.447265625 0.806640625 0.443359375 0.80078125 0.443359375 0.787109375 0.4482421875 0.7841796875 0.48828125 0.783203125
0 0.982421875 0.7880859375 0.9814453125 0.7763671875 0.9833984375 0.7685546875 0.986328125 0.7666015625 0.9990234375 0.7666015625 0.9990234375 0.7880859375 0.9833984375 0.7880859375
0 0.8115234375 0.859375 0.8232421875 0.859375 0.826171875 0.861328125 0.826171875 0.8779296875 0.814453125 0.880859375 0.80078125 0.8798828125 0.7861328125 0.8818359375 0.7763671875 0.87890625 0.775390625 0.8671875 0.7783203125 0.861328125 0.810546875 0.859375
0 0.681640625 0.962890625 0.6875 0.96484375 0.7119140625 0.9638671875 0.71484375 0.966796875 0.71484375 0.982421875 0.7060546875 0.9853515625 0.6923828125 0.984375 0.677734375 0.986328125 0.66796875 0.9853515625 0.6669921875 0.966796875 0.6806640625 0.962890625
0 0.7177734375 0.86328125 0.7197265625 0.865234375 0.7216796875 0.8818359375 0.7158203125 0.884765625 0.7021484375 0.8857421875 0.673828125 0.884765625 0.671875 0.8671875 0.67578125 0.8642578125 0.716796875 0.86328125
0 0.259765625 0.1142578125 0.2734375 0.1201171875 0.28125 0.1416015625 0.2412109375 0.1572265625 0.2314453125 0.158203125 0.2255859375 0.1611328125 0.2236328125 0.1611328125 0.212890625 0.146484375 0.2109375 0.1328125 0.2138671875 0.1298828125 0.2587890625 0.1142578125
0 0.1103515625 0.142578125 0.1171875 0.1396484375 0.1435546875 0.138671875 0.1455078125 0.13671875 0.169921875 0.134765625 0.1728515625 0.1357421875 0.1748046875 0.140625 0.17578125 0.154296875 0.17578125 0.1640625 0.1728515625 0.1669921875 0.1142578125 0.171875 0.1083984375 0.15625 0.1103515625 0.1435546875
0 0.54296875 0.966796875 0.5791015625 0.966796875 0.58203125 0.9697265625 0.5830078125 0.98046875 0.5791015625 0.98828125 0.537109375 0.9873046875 0.5341796875 0.9814453125 0.53515625 0.96875 0.5419921875 0.966796875
0 0.638671875 0.091796875 0.6416015625 0.09765625 0.642578125 0.1103515625 0.6396484375 0.125 0.5927734375 0.1279296875 0.578125 0.130859375 0.57421875 0.1259765625 0.572265625 0.1123046875 0.5751953125 0.09765625 0.6376953125 0.091796875
0 0.158203125 0.8818359375 0.181640625 0.8828125 0.1845703125 0.880859375 0.193359375 0.880859375 0.197265625 0.8828125 0.19921875 0.8955078125 0.1962890625 0.8994140625 0.1708984375 0.9013671875 0.1572265625 0.8984375 0.15234375 0.8896484375 0.15234375 0.8828125 0.1572265625 0.8818359375
0 0.669921875 0.08984375 0.6748046875 0.087890625 0.7021484375 0.0869140625 0.716796875 0.083984375 0.7294921875 0.0849609375 0.734375 0.0830078125 0.73828125 0.0849609375 0.7392578125 0.0927734375 0.7392578125 0.11328125 0.736328125 0.1162109375 0.6728515625 0.12109375 0.669921875 0.1171875 0.6689453125 0.1083984375 0.66796875 0.0947265625 0.669921875 0.0908203125
0 0.2177734375 0.6982421875 0.2197265625 0.6962890625 0.2294921875 0.6962890625 0.234375 0.693359375 0.2646484375 0.69140625 0.2685546875 0.697265625 0.26953125 0.712890625 0.2626953125 0.71484375 0.2236328125 0.71484375 0.2197265625 0.7119140625 0.2177734375 0.705078125 0.21875 0.69921875