1 0.0409239150390625 0.1483313701171875 0.024797353515625 0.151349533203125 0.02128223046875 0.1496199853515625 0.017625767578125 0.150587353515625 0.0146172578125 0.207993140625 0.0578688740234375 0.208328203125 0.06052940625 0.196877677734375 0.060594705078125 0.1563162470703125 0.0409239150390625 0.1483313701171875
1 0.06571149609375 0.1569707392578125 0.0629814736328125 0.1599183203125 0.063874083984375 0.1920306494140625 0.0618080146484375 0.2019670009765625 0.0651010322265625 0.2079345595703125 0.1174780703125 0.2110658564453125 0.125264310546875 0.209928587890625 0.1411889580078125 0.2107631630859375 0.1433245166015625 0.209329755859375 0.144998037109375 0.19705483984375 0.143239560546875 0.1618064775390625 0.13040837890625 0.1510893935546875 0.1059213046875 0.15637372265625 0.0987295283203125 0.1559968173828125 0.092686296875 0.1533621142578125 0.0874685478515625 0.1546339912109375 0.07466647265625 0.1531903984375 0.06571149609375 0.1569707392578125
1 0.2172970751953125 0.2132064931640625 0.227963591796875 0.216083494140625 0.23235821875 0.19120223046875 0.2299132373046875 0.16905317578125 0.2270733427734375 0.164268359375 0.2102222548828125 0.1614535712890625 0.1931086796875 0.1636473427734375 0.1639086416015625 0.1605717060546875 0.1457474775390625 0.1630969072265625 0.145439884765625 0.2082816220703125 0.147846845703125 0.2114984208984375 0.2017851689453125 0.214325208984375 0.2172970751953125 0.2132064931640625
1 0.3142649091796875 0.2206063544921875 0.3178025849609375 0.2022478232421875 0.317140994140625 0.1755562470703125 0.31380759375 0.1703592373046875 0.2397946533203125 0.167253046875 0.2366720810546875 0.1678620634765625 0.23394205859375 0.17080964453125 0.2340382919921875 0.2082888837890625 0.234641669921875 0.2164334765625 0.2366156982421875 0.2180822578125 0.310608447265625 0.22157372265625 0.3142649091796875 0.2206063544921875
1 0.4004474404296875 0.207738052734375 0.3988190283203125 0.1798368115234375 0.3897541796875 0.1758847568359375 0.3819881318359375 0.1766367509765625 0.36974013671875 0.174449533203125 0.339945634765625 0.1728880693359375 0.319830634765625 0.17337921484375 0.317387482421875 0.2199973369140625 0.3188478115234375 0.221619197265625 0.3824656376953125 0.22649859375 0.397957353515625 0.22576515234375 0.4004474404296875 0.207738052734375
1 0.402026556640625 0.22675107421875 0.4775402099609375 0.2307085771484375 0.480209658203125 0.2289168173828125 0.4809905673828125 0.184529572265625 0.479056921875 0.1821102431640625 0.4725201826171875 0.17906334375 0.455628712890625 0.1770191025390625 0.4350403974609375 0.176712779296875 0.4040165849609375 0.178950208984375 0.402414916015625 0.1800252646484375 0.4032493134765625 0.193590611328125 0.4001938681640625 0.2224053759765625 0.402026556640625 0.22675107421875
1 0.53293886328125 0.235157224609375 0.5381566123046875 0.23388534765625 0.55512884765625 0.234388494140625 0.5588256923828125 0.2326505771484375 0.5624239423828125 0.2131362255859375 0.563040958984375 0.191533974609375 0.556706134765625 0.184634337890625 0.5393413486328125 0.1817926279296875 0.5064242734375 0.180840181640625 0.48624869921875 0.1824871474609375 0.483025169921875 0.185022533203125 0.482215154296875 0.220136287109375 0.4853062587890625 0.2299565830078125 0.53293886328125 0.235157224609375
1 0.60498046875 0.2080078125 0.0849609375 0.0576171875
1 0.59912109375 0.2626953125 0.0908203125 0.0576171875
1 0.51708984375 0.25732421875 0.0810546875 0.056640625
1 0.43896484375 0.25537109375 0.0869140625 0.0537109375
1 0.35595703125 0.24853515625 0.0888671875 0.0537109375
1 0.03759765625 0.2333984375 0.05078125 0.0478515625
1 0.03955078125 0.2841796875 0.0595703125 0.052734375
1 0.10693359375 0.28857421875 0.1015625 0.0556640625
1 0.10498046875 0.23486328125 0.091796875 0.0634765625
1 0.189453125 0.2412109375 0.0986328125 0.0615234375
1 0.2724609375 0.24560546875 0.0947265625 0.0546875
1 0.275390625 0.29638671875 0.09375 0.0517578125
1 0.19677734375 0.291015625 0.095703125 0.05078125
1 0.04248046875 0.33544921875 0.0703125 0.0537109375
1 0.03759765625 0.38525390625 0.0673828125 0.0537109375
1 0.150780078125 0.3619352626953125 0.1516684970703125 0.34498321875 0.1494658115234375 0.3182108779296875 0.143584109375 0.312493984375 0.0709911171875 0.3117802021484375 0.0695955517578125 0.35806689453125 0.071428240234375 0.3624125927734375 0.119756265625 0.3641726923828125 0.138431126953125 0.3616744140625 0.147596931640625 0.3637001015625 0.150780078125 0.3619352626953125
1 0.1511280546875 0.3159800009765625 0.153229783203125 0.3446787099609375 0.151847857421875 0.3612185595703125 0.154254818359375 0.3644353583984375 0.198885998046875 0.367933375 0.2072465107421875 0.3656672080078125 0.230201404296875 0.369960876953125 0.2328708525390625 0.3681691181640625 0.234512904296875 0.3663235146484375 0.2359262978515625 0.3393543525390625 0.232393345703125 0.3183072744140625 0.1912772890625 0.3165388056640625 0.180841791015625 0.3190825595703125 0.1737711630859375 0.31639401171875 0.1616790615234375 0.3161466240234375 0.1533241875 0.313390771484375 0.1511280546875 0.3159800009765625
1 0.0945286650390625 0.413073720703125 0.1223087568359375 0.4137569501953125 0.1480946298828125 0.4131766708984375 0.1502301884765625 0.4117432626953125 0.149943318359375 0.3680727216796875 0.1470226591796875 0.364829 0.141412359375 0.3637623134765625 0.1284689453125 0.36501563671875 0.0764844580078125 0.3642229052734375 0.073895775390625 0.3644735703125 0.071679451171875 0.367448072265625 0.071362943359375 0.4029740224609375 0.0745751962890625 0.41048267578125 0.0945286650390625 0.413073720703125
1 0.3161909375 0.3706040791015625 0.3163773828125 0.327731005859375 0.3135172978515625 0.32333146484375 0.2729149384765625 0.3215899169921875 0.2611806435546875 0.31942962109375 0.2395043564453125 0.3202252744140625 0.23788249609375 0.3216856044921875 0.2356412578125 0.364450990234375 0.237000630859375 0.36799921875 0.2877759990234375 0.3722055703125 0.3109328056640625 0.37264650390625 0.3161909375 0.3706040791015625
1 0.1578145146484375 0.414458732421875 0.2101713603515625 0.4179753017578125 0.213314125 0.41698101171875 0.2245549140625 0.4187291123046875 0.229772662109375 0.417457234375 0.2327562578125 0.399842330078125 0.230161021484375 0.3707314248046875 0.20459725390625 0.367073693359375 0.1983521083984375 0.3682917265625 0.1531870390625 0.3651520615234375 0.1515449873046875 0.366997666015625 0.1513383505859375 0.4102560107421875 0.1527986806640625 0.41187787109375 0.1578145146484375 0.414458732421875
1 0.3109773798828125 0.420940330078125 0.312821345703125 0.4152419892578125 0.3134609150390625 0.37355166015625 0.2394883564453125 0.369674921875 0.2342302255859375 0.3717173466796875 0.232976 0.415307123046875 0.234395947265625 0.41769953125 0.241506958984375 0.41961753125 0.272842556640625 0.421259759765625 0.3077942333984375 0.42270516796875 0.3109773798828125 0.420940330078125
1 0.33567528125 0.4214620283203125 0.3494441806640625 0.42411528515625 0.3912960400390625 0.4216726650390625 0.394400783203125 0.4017461181640625 0.3925300732421875 0.378468162109375 0.3716501650390625 0.37389690625 0.3622622548828125 0.3761092294921875 0.323775263671875 0.373319548828125 0.31646233984375 0.37525428515625 0.3137727001953125 0.377431318359375 0.313646828125 0.4191485703125 0.315107158203125 0.4207704306640625 0.33567528125 0.4214620283203125
1 0.3202197578125 0.3723605478515625 0.3936988095703125 0.37582508984375 0.39736891015625 0.3451108779296875 0.3957090283203125 0.3276389501953125 0.343845689453125 0.3245345771484375 0.3191074052734375 0.32478342578125 0.31803490234375 0.36490573828125 0.3202197578125 0.3723605478515625
1 0.394738015625 0.277364912109375 0.3217120888671875 0.27508311328125 0.3170080380859375 0.2763819111328125 0.316287703125 0.3196133359375 0.31867447265625 0.3232154091796875 0.3926672216796875 0.326706873046875 0.395296287109375 0.32568566015625 0.3962274501953125 0.288260263671875 0.3981723720703125 0.2806355537109375 0.394738015625 0.277364912109375
1 0.4743410634765625 0.2819230625 0.4641680537109375 0.2794582587890625 0.42093662890625 0.278737923828125 0.4018490263671875 0.279282912109375 0.3991795771484375 0.281074671875 0.397512611328125 0.3227111572265625 0.3993452998046875 0.32705685546875 0.473378431640625 0.3297777724609375 0.4761310078125 0.30674211328125 0.476274708984375 0.284342392578125 0.4743410634765625 0.2819230625
1 0.4779167607421875 0.2824967890625 0.4765413876953125 0.3283982080078125 0.4826250009765625 0.3302623642578125 0.551954083984375 0.3342820791015625 0.554868189453125 0.30816423046875 0.5534909873046875 0.285298470703125 0.53047551953125 0.28216062109375 0.5211078017578125 0.283987671875 0.4779167607421875 0.2824967890625
1 0.633867859375 0.3045777890625 0.6339800927734375 0.2926073818359375 0.63105943359375 0.2893636611328125 0.55969575 0.284850984375 0.55698591796875 0.28741329296875 0.5565999208984375 0.3144362978515625 0.5540403447265625 0.3239604541015625 0.5556105458984375 0.3333147109375 0.6291299794921875 0.336008705078125 0.6321022978515625 0.3284378388671875 0.633867859375 0.3045777890625
1 0.551314513671875 0.375972408203125 0.5530866279296875 0.381473927734375 0.607045142578125 0.3839154423828125 0.6235440634765625 0.3836211181640625 0.627261099609375 0.3814979287109375 0.62994182421875 0.36966212890625 0.6314561748046875 0.340766599609375 0.62859608984375 0.3363670576171875 0.624939626953125 0.33733442578125 0.5834108291015625 0.333612666015625 0.5694400185546875 0.334812146484375 0.5586927353515625 0.3334762412109375 0.553907919921875 0.336316134765625 0.554791615234375 0.35876969921875 0.551314513671875 0.375972408203125
1 0.47563277734375 0.3457355263671875 0.4750650576171875 0.3762259951171875 0.4764850048828125 0.37861840234375 0.515526076171875 0.3806644580078125 0.530307818359375 0.3787348134765625 0.545935234375 0.3803264755859375 0.5490981904296875 0.378946912109375 0.5522029326171874 0.3590203642578125 0.551974275390625 0.3338968056640625 0.514837125 0.3315641982421875 0.5074440517578125 0.328472419921875 0.5070716923828125 0.32574858203125 0.493906173828125 0.3312399169921875 0.480570208984375 0.330154677734375 0.4774072529296875 0.3315342421875 0.47563277734375 0.3457355263671875
1 0.3992847255859375 0.3282126767578125 0.397294697265625 0.3760135419921875 0.47026005078125 0.3794511630859375 0.47237541796875 0.3784030283203125 0.47423957421875 0.3723194140625 0.474989015625 0.3383614814453125 0.4722904609375 0.33087975 0.45437159375 0.328781666015625 0.3992847255859375 0.3282126767578125
1 0.3950581826171875 0.3793733193359375 0.3948313544921875 0.4230169384765625 0.3993940654296875 0.4244150556640625 0.41437208203125 0.423654693359375 0.42545133984375 0.428484984375 0.43440631640625 0.4247046435546875 0.4482963623046875 0.4250462578125 0.4564347705078125 0.4270181015625 0.4672830087890625 0.4264276376953125 0.469932265625 0.4250211513671875 0.47143533984375 0.40616966015625 0.47017928515625 0.3809922578125 0.4595127685546875 0.3781152578125 0.43894464453125 0.37742366015625 0.4306447060546875 0.3785340068359375 0.39877521875 0.3772501298828125 0.3950581826171875 0.3793733193359375
1 0.4764042392578125 0.380159498046875 0.47262662890625 0.3834385087890625 0.4719175703125 0.41662589453125 0.47256133203125 0.4239999384765625 0.47451516796875 0.4260339951171875 0.477536783203125 0.4273513466796875 0.488878529296875 0.4271730791015625 0.4949621435546875 0.4290372353515625 0.524736455078125 0.43098397265625 0.5464935068359374 0.428647224609375 0.54825670703125 0.424489978515625 0.5488939150390625 0.402502453125 0.54877512890625 0.3851112919921875 0.5468212919921875 0.3830772353515625 0.5254478759765625 0.378093783203125 0.5154251201171876 0.3825908271484375 0.501102140625 0.3806811962890625 0.4764042392578125 0.380159498046875
1 0.625129732421875 0.4319957099609375 0.6282635810546875 0.421342654296875 0.6290735966796875 0.386228900390625 0.6157982060546875 0.3839878388671875 0.6028749833984375 0.3848558896484375 0.556128435546875 0.3824060068359375 0.5508299208984375 0.385218978515625 0.5505223271484375 0.430403693359375 0.5696099306640625 0.429858705078125 0.578221654296875 0.432628017578125 0.6198917919921875 0.433652861328125 0.625129732421875 0.4319957099609375
1 0.72099046875 0.2639428564453125 0.721194744140625 0.2403873154296875 0.6467286796875 0.2360983818359375 0.6441198056640625 0.2367343203125 0.6418429072265625 0.24086464453125 0.6374571953125 0.275404671875 0.637919234375 0.2862461796875 0.6871736982421875 0.289986494140625 0.71137809375 0.29009599609375 0.71608214453125 0.288797197265625 0.72099046875 0.2639428564453125
1 0.701088126953125 0.3390072080078125 0.708300095703125 0.33899883984375 0.7119969404296875 0.3372609228515625 0.71641412109375 0.2922915830078125 0.68195594921875 0.2912583701171875 0.66870075 0.28863203515625 0.640961041015625 0.2871782587890625 0.6372238134765625 0.28968672265625 0.63581278125 0.296953080078125 0.6334818623046875 0.3316007939453125 0.6353347421875 0.3355612197265625 0.6492651708984375 0.3351322861328125 0.701088126953125 0.3390072080078125
1 0.7099914443359375 0.3460414541015625 0.708320287109375 0.3386135654296875 0.652306978515625 0.3360643642578125 0.63784266015625 0.3368516494140625 0.63305784375 0.3396915439453125 0.63225910546875 0.3647612578125 0.629336083984375 0.381220341796875 0.632216361328125 0.3852346103515625 0.7020995234375 0.38851069921875 0.705776177734375 0.387158056640625 0.7099914443359375 0.3460414541015625
1 0.7051009482421875 0.3902133251953125 0.696448841796875 0.3882145595703125 0.65122319921875 0.386230716796875 0.632155787109375 0.386390431640625 0.631047625 0.3878776826171875 0.62823211328125 0.4317719677734375 0.6302061416015625 0.43342075 0.6898557216796875 0.43538785546875 0.70185250390625 0.4325395927734375 0.7058724111328125 0.424637296875 0.7051009482421875 0.3902133251953125
1 0.7978409423828124 0.2915366669921875 0.800671921875 0.286662716796875 0.803222583984375 0.2674797958984375 0.8053806953125 0.2459583095703125 0.8035480068359375 0.241612611328125 0.7830606474609375 0.2393799189453125 0.7752744072265625 0.2405171865234375 0.7521983662109375 0.238535158203125 0.7407758544921875 0.240254521484375 0.7274802724609375 0.2383987333984375 0.7232091552734375 0.2412655498046875 0.7194470126953125 0.2835648955078125 0.721279701171875 0.28791059375 0.7978409423828124 0.2915366669921875
1 0.7634273466796875 0.33879728125 0.788125248046875 0.3393189794921875 0.791288203125 0.3379394150390625 0.7967909921875 0.311570900390625 0.7981527275390625 0.295416326171875 0.796198890625 0.29338226953125 0.73149309375 0.2896048505859375 0.7195972666015625 0.290526744140625 0.7184689130859375 0.29239926953125 0.7189398671875 0.3128995439453125 0.7154134677734375 0.32121403515625 0.71515989453125 0.3358813583984375 0.7634273466796875 0.33879728125
1 0.710857310546875 0.3491774873046875 0.707931927734375 0.385339375 0.70933168359375 0.388117056640625 0.7860948369140625 0.3878903916015625 0.792878595703125 0.3469083974609375 0.7916201796875 0.3414337998046875 0.7171339228515625 0.337530140625 0.7134370791015625 0.3392680576171875 0.710857310546875 0.3491774873046875
1 0.7618946337890625 0.436845263671875 0.7825839052734375 0.43522521875 0.78760446484375 0.398400470703125 0.7874542099609375 0.39143862109375 0.7854801826171876 0.3897898388671875 0.7325490634765625 0.3874021689453125 0.716543650390625 0.3881086884765625 0.7097646162109374 0.3896850732421875 0.70705478515625 0.392247380859375 0.706870701171875 0.4154176484375 0.70442099609375 0.4326742021484375 0.7063344501953125 0.4354788056640625 0.7618946337890625 0.436845263671875
1 0.886787326171875 0.2455886669921875 0.8796763154296875 0.2436706669921875 0.83858044921875 0.241516923828125 0.82970623828125 0.243756169921875 0.810286658203125 0.2408067734375 0.806589814453125 0.242544689453125 0.8057530546875 0.2486821474609375 0.8021928251953125 0.287128755859375 0.804106279296875 0.289933359375 0.8823297626953125 0.2913285556640625 0.88798516796875 0.2522190859375 0.886787326171875 0.2455886669921875
1 0.8435844755859375 0.3426118056640625 0.861725447265625 0.3404718779296875 0.864233365234375 0.3417623095703125 0.876109 0.3412256884765625 0.8808872626953125 0.309024224609375 0.88062713671875 0.2943299794921875 0.817422052734375 0.291403873046875 0.80090294140625 0.292083470703125 0.799774587890625 0.29395599609375 0.7956715537109375 0.32310219140625 0.7963444208984375 0.339749728515625 0.8154925986328125 0.3380489169921875 0.8435844755859375 0.3426118056640625
1 0.7910120771484375 0.37269481640625 0.790013787109375 0.38191446484375 0.7922390263671875 0.3885987275390625 0.84977323828125 0.3916139677734375 0.8689214150390625 0.389913158203125 0.8723670498046875 0.38313976171875 0.8769344833984375 0.34513226953125 0.85658846484375 0.34020266015625 0.843474603515625 0.33487941015625 0.8421847197265625 0.3398341240234375 0.8368660146484375 0.3430323701171875 0.832877576171875 0.340505353515625 0.8221302939453125 0.3391694482421875 0.8191490615234375 0.337081548828125 0.7982982578125 0.341783783203125 0.795034345703125 0.345089716796875 0.7910120771484375 0.37269481640625
1 0.8457082255859375 0.439692419921875 0.8602331171875 0.4377493134765625 0.866377306640625 0.4384576494140625 0.8733024033203125 0.3947787392578125 0.8723355810546874 0.39356907421875 0.850760251953125 0.392438359375 0.8477588271484375 0.3907357333984375 0.7968017373046875 0.3899968447265625 0.792571001953125 0.39209311328125 0.7913820751953125 0.395121458984375 0.788095609375 0.418515470703125 0.7872879560546875 0.433926419921875 0.78920141015625 0.4367310234375 0.8457082255859375 0.439692419921875
1 0.15624797265625 0.5426388310546875 0.1521543857421875 0.4929738095703125 0.151187564453125 0.49176414453125 0.1357160400390625 0.4921123125 0.1157221884765625 0.4902918154296875 0.1078955654296875 0.492199630859375 0.106253513671875 0.494045234375 0.1051542666015625 0.5051912509765625 0.107655099609375 0.56559009375 0.1538677568359375 0.568398328125 0.15546942578125 0.5673232724609375 0.15624797265625 0.5426388310546875
1 0.2070613623046875 0.5657774404296875 0.204733337890625 0.492252369140625 0.2027795009765625 0.4902183125 0.1966756953125 0.4887394296875 0.184266169921875 0.48963440234375 0.182271951171875 0.4883708935546875 0.175472724609375 0.490332552734375 0.1683819052734375 0.488029279296875 0.15622358984375 0.4939597314453125 0.1570105205078125 0.5674040380859375 0.1630739443359375 0.56965346875 0.204270765625 0.5698808427734375 0.2070613623046875 0.5657774404296875
1 0.2616125107421875 0.497937603515625 0.2493847080078125 0.495365111328125 0.233872802734375 0.4964838271484375 0.218049111328125 0.4937228828125 0.213757802734375 0.4969749716796875 0.2127749794921875 0.545214955078125 0.2151795791015625 0.56813455859375 0.2186745107421875 0.57024937890625 0.2598309501953125 0.57124730078125 0.26256097265625 0.5682997197265625 0.2616125107421875 0.497937603515625
1 0.276218169921875 0.49445340234375 0.2721893486328125 0.4926969326171875 0.2641406201171875 0.498842759765625 0.2624534619140625 0.54086451953125 0.263507603515625 0.569894658203125 0.2675162333984375 0.5720364013671875 0.2772563095703125 0.572933189453125 0.2928893642578125 0.56950283203125 0.3019945947265625 0.5726843408203125 0.3107678486328125 0.572371462890625 0.312349326171875 0.5716816806640626 0.3125381337890625 0.5091058046875 0.31067633984375 0.4954866142578125 0.3036864765625 0.4912569716796875 0.3015711083984375 0.49230510546875 0.2970083974609375 0.49090698828125 0.289080818359375 0.4947411728515625 0.2850318056640625 0.4933699775390625 0.276218169921875 0.49445340234375
1 0.3330184072265625 0.5704469091796875 0.341791662109375 0.570134033203125 0.365895099609375 0.572169904296875 0.368030658203125 0.57073649609375 0.3676564697265625 0.49924548046875 0.36617594921875 0.4980088935546875 0.34402634765625 0.498007078125 0.3276687666015625 0.495604486328125 0.3197815693359375 0.4986681220703125 0.31813715625 0.5202165302734375 0.319561294921875 0.5716733125 0.324124005859375 0.5730714296875 0.3330184072265625 0.5704469091796875
1 0.415412052734375 0.570901658203125 0.4160694521484375 0.5485288603515625 0.41523977734375 0.4955579052734375 0.40636556640625 0.497797150390625 0.37500977734375 0.4965401953125 0.370799234375 0.498251189453125 0.3690562255859375 0.502023162109375 0.367709958984375 0.557198072265625 0.3690378642578125 0.57117561328125 0.37152558984375 0.5728513173828125 0.4137094267578125 0.5739030830078125 0.415412052734375 0.570901658203125
1 0.4651581943359375 0.50628698828125 0.463184166015625 0.5046382060546875 0.4241027109375 0.5033626982421875 0.4215947939453125 0.5020722685546875 0.41989216796875 0.5050736923828125 0.417870671875 0.5633038701171875 0.4209617763671875 0.5731241669921875 0.4280324052734375 0.57581271484375 0.46349778125 0.5772850439453125 0.4653215546875 0.5719719765625 0.4651581943359375 0.50628698828125
1 0.5135266015625 0.507276541015625 0.508450193359375 0.5058515029296875 0.4898762880859375 0.5064234130859375 0.472450927734375 0.504737525390625 0.4666790986328125 0.50675302734375 0.466620353515625 0.57667602734375 0.469561203125 0.579534474609375 0.475685201171875 0.5806280830078125 0.50810876953125 0.581168333984375 0.5118459970703125 0.57865987109375 0.5135266015625 0.507276541015625
1 0.5537566015625 0.506294251953125 0.52038640234375 0.5041590615234375 0.5166693662109375 0.5062822509765625 0.514394296875 0.57917975390625 0.524607689453125 0.5808740107421875 0.5595795576171875 0.5819341455078125 0.562269197265625 0.579757111328125 0.5644836923828125 0.5080154306640625 0.5599815556640625 0.5054614912109375 0.5537566015625 0.506294251953125
1 0.6137785400390625 0.5109851953125 0.60981029296875 0.508072904296875 0.5686942353515625 0.506304435546875 0.566024787109375 0.5080961953125 0.564777115234375 0.581047541015625 0.5667511435546875 0.5826963232421875 0.6089551708984375 0.583362814453125 0.61059722265625 0.5815172119140625 0.61216087109375 0.5615098994140625 0.6137785400390625 0.5109851953125
1 0.6609711259765625 0.573726234375 0.6638965087890625 0.5375643466796876 0.663255109375 0.510487498046875 0.619590751953125 0.5081991455078125 0.61587371484375 0.5103223349609375 0.612652015625 0.5816248994140625 0.6145856611328125 0.584044228515625 0.619702453125 0.584698720703125 0.6603048115234375 0.586440267578125 0.6625615185546875 0.5826952177734375 0.6609711259765625 0.573726234375
1 0.711706111328125 0.5787031337890625 0.7151588310546875 0.51282132421875 0.713184802734375 0.5111725419921875 0.7003827275390625 0.5097289501953125 0.66793896875 0.5095739716796875 0.6663372998046875 0.5106490283203124 0.663467767578125 0.585060703125 0.668523984375 0.5868710166015625 0.707686205078125 0.5866054296875 0.709801572265625 0.5855572958984375 0.711706111328125 0.5787031337890625
1 0.723016388671875 0.5889541787109375 0.7641122548828125 0.591107921875 0.7673357841796875 0.5885725361328125 0.7682129267578125 0.5816645302734375 0.7709904169921875 0.5188379892578125 0.769198111328125 0.5137217431640625 0.7651692900390625 0.5119652734375 0.7425463720703125 0.5111659892578125 0.7303387607421875 0.5082082236328125 0.7193491826171875 0.511495603515625 0.7160852705078125 0.514801537109375 0.7136735869140625 0.5509903466796875 0.714606580078125 0.5823321279296875 0.723016388671875 0.5889541787109375
1 0.81337799609375 0.5848041953125 0.81707301171875 0.5142991015625 0.810495890625 0.5120227490234375 0.7807013876953125 0.51046128515625 0.77285457421875 0.5127543740234375 0.7695657470703124 0.5558511904296874 0.770085998046875 0.585239681640625 0.774588134765625 0.587793619140625 0.7889111142578125 0.589703251953125 0.8090866875 0.5880562841796875 0.81337799609375 0.5848041953125
1 0.92093158203125 0.5966221513671875 0.9236616044921875 0.5936745703125 0.928535109375 0.5399980419921875 0.93120371875 0.528393408203125 0.9289582890625 0.5220944189453125 0.91789922265625 0.51687885546875 0.883239138671875 0.5196983798828125 0.881103580078125 0.5211317880859375 0.8762849345703125 0.554103798828125 0.8736713369140625 0.5941453466796875 0.88742004296875 0.597183876953125 0.9100429609375 0.597983162109375 0.92093158203125 0.5966221513671875
1 0.8223216962890625 0.5910678935546875 0.830399529296875 0.59419555859375 0.87161654296875 0.5940376591796875 0.87830170703125 0.5352792294921875 0.876500486328125 0.5205042177734375 0.8724918564453125 0.5183624755859375 0.8448531044921875 0.514982330078125 0.8347204765625 0.5117469775390625 0.8269140458984375 0.5132695205078125 0.823055669921875 0.5180896259765625 0.8188516796875 0.549162189453125 0.8193944833984375 0.558462603515625 0.8161484013671875 0.5810860673828125 0.8223216962890625 0.5910678935546875
1 0.9857543359375 0.549023552734375 0.9844578984375 0.52461669921875 0.9799355703125 0.5224480341796875 0.9573732265625 0.520492927734375 0.93358157421875 0.52233671484375 0.9313248671875 0.5260817666015625 0.927392279296875 0.5618045361328124 0.925384421875 0.59028787109375 0.927670234375 0.5958163125 0.944460748046875 0.599786921875 0.980006888671875 0.5997181572265625 0.9857543359375 0.549023552734375
1 0.8731587021484375 0.417178458984375 0.8699642802734375 0.4289873369140625 0.86954026171875 0.4370780849609375 0.8719270302734375 0.4406801572265625 0.9016811513671875 0.4430121689453125 0.95008994140625 0.443231173828125 0.9525283701171875 0.43601866015625 0.9564407666015625 0.4006811640625 0.95458788671875 0.39672073828125 0.930957763671875 0.3954823359375 0.9208049453125 0.3926322587890625 0.9124848154296875 0.39412787890625 0.886326583984375 0.3919843193359375 0.8785807265625 0.392351041015625 0.87428941796875 0.3956031298828125 0.8731587021484375 0.417178458984375
1 0.9479863818359375 0.345765287109375 0.882172423828125 0.343475119140625 0.8805303720703125 0.34532072265625 0.879480421875 0.36535495703125 0.8768804619140625 0.37564966015625 0.8756196845703125 0.3898778671875 0.87864130078125 0.39119521875 0.950660021484375 0.3930379013671875 0.95628159765625 0.384060548828125 0.960214185546875 0.3483377783203125 0.9479863818359375 0.345765287109375
1 0.9594088935546875 0.344045923828125 0.96107113671875 0.3418150458984375 0.9653267861328125 0.299927896484375 0.96386645703125 0.2983060361328125 0.939823591796875 0.2951143427734375 0.8858045029296875 0.2938286494140625 0.8826011650390625 0.29597876171875 0.8786483857421875 0.3320868056640625 0.8787986396484375 0.3390486552734375 0.881658724609375 0.343448197265625 0.93204154296875 0.3453159853515625 0.9594088935546875 0.344045923828125
1 0.969631732421875 0.266928962890625 0.9701276015625 0.2476383544921875 0.95015394140625 0.245432583984375 0.9038807099609375 0.243780169921875 0.8972632060546875 0.242274365234375 0.89416082421875 0.242498109375 0.8892750517578125 0.24726437109375 0.88518093359375 0.28606933203125 0.88746674609375 0.2915977734375 0.9336390205078124 0.2951765546875 0.964582068359375 0.294480220703125 0.969631732421875 0.266928962890625
1 1 0.248817568359375 0.97682587109375 0.2476030634765625 0.9720006728515626 0.2512135048828125 0.9670810712890625 0.286111884765625 0.9675834921875 0.296182845703125 0.9747146953125 0.297715572265625 0.9954039677734375 0.29609552734375 1 0.2963363955078125 1 0.248817568359375
1 1 0.301022826171875 0.9741404228515625 0.2988444716796875 0.9674219619140625 0.29926503515625 0.96623303515625 0.3022933818359375 0.965112416015625 0.32367607421875 0.962008853515625 0.3337512197265625 0.9616050263671875 0.3414566943359375 0.96345790625 0.345417119140625 0.9649384267578125 0.3466537060546875 1 0.3475507958984375 1 0.301022826171875
1 1 0.349026125 0.981890470703125 0.347542125 0.9648576611328125 0.34819480078125 0.961088966796875 0.3611325771484375 0.95927174609375 0.3958072138671875 1 0.3969220244140625 1 0.349026125
1 1 0.3988544521484375 0.979819677734375 0.3968840849609375 0.960218376953125 0.39740215234375 0.9574277802734374 0.4015055546875 0.9557340693359375 0.414165744140625 0.9528199638671875 0.44028359375 0.9541591455078124 0.444217095703125 0.9628112509765625 0.446215861328125 1 0.4467334609375 1 0.3988544521484375
0 0.8212890625 0.453125 0.826171875 0.4541015625 0.828125 0.458984375 0.826171875 0.46875 0.7734375 0.4677734375 0.7734375 0.45703125 0.7783203125 0.453125 0.8203125 0.453125
0 0.0673828125 0.43505859375 0.0576171875 0.0205078125
0 0.751953125 0.615234375 0.7861328125 0.615234375 0.7890625 0.6171875 0.8037109375 0.6171875 0.8056640625 0.62109375 0.8056640625 0.6279296875 0.802734375 0.630859375 0.7685546875 0.630859375 0.7666015625 0.62890625 0.751953125 0.6279296875 0.751953125 0.6162109375
0 0.2490234375 0.59375 0.2978515625 0.595703125 0.2998046875 0.59765625 0.298828125 0.6103515625 0.263671875 0.609375 0.248046875 0.607421875 0.2470703125 0.5966796875 0.2490234375 0.5947265625
0 0.361328125 0.439453125 0.3642578125 0.44140625 0.3798828125 0.4404296875 0.3935546875 0.4423828125 0.3935546875 0.4541015625 0.3837890625 0.45703125 0.3427734375 0.4541015625 0.33984375 0.4501953125 0.341796875 0.439453125 0.3603515625 0.439453125
0 0.4931640625 0.6025390625 0.525390625 0.6015625 0.5439453125 0.603515625 0.5458984375 0.6044921875 0.546875 0.6123046875 0.546875 0.6162109375 0.5439453125 0.6181640625 0.5078125 0.6181640625 0.505859375 0.6162109375 0.4951171875 0.6162109375 0.4931640625 0.6142578125 0.4931640625 0.603515625