1 0 0.3194444443359375 0.0226337451171875 0.3206018515625 0.02520576171875 0.317515431640625 0.0257201650390625 0.26967592578125 0.0236625517578125 0.2596450615234375 0.019032921875 0.2565586416015625 0 0.2565586416015625 0 0.3194444443359375
1 0.057098765625 0.317901234375 0.0576131689453125 0.304012345703125 0.054012345703125 0.2577160498046875 0.0293209873046875 0.2581018515625 0.0272633740234375 0.2600308642578125 0.028806583984375 0.320987654296875 0.034979423828125 0.324459876953125 0.0534979423828125 0.324459876953125 0.057098765625 0.317901234375
1 0.0884773662109375 0.2515432099609375 0.0864197529296875 0.244984568359375 0.077160494140625 0.2422839501953125 0.0606995888671875 0.2453703701171875 0.0576131689453125 0.2488425927734375 0.0555555556640625 0.2577160498046875 0.058127572265625 0.3229166669921875 0.0596707822265625 0.324459876953125 0.087962962890625 0.324459876953125 0.0884773662109375 0.2515432099609375
1 0.1126543212890625 0.3248456787109375 0.1208847734375 0.3206018515625 0.121913580078125 0.317901234375 0.1203703701171875 0.2488425927734375 0.1183127568359375 0.244598765625 0.1136831279296875 0.2430555556640625 0.0936213994140625 0.244212962890625 0.090020576171875 0.2480709873046875 0.0910493828125 0.3198302470703125 0.0956790126953125 0.3248456787109375 0.1044238681640625 0.323688271484375 0.1126543212890625 0.3248456787109375
1 0.136831275390625 0.3252314814453125 0.147119341796875 0.32330246875 0.1517489716796875 0.3248456787109375 0.1543209873046875 0.32137345703125 0.15277777734375 0.3132716044921875 0.154835390625 0.30362654296875 0.1517489716796875 0.295910494140625 0.1553497939453125 0.2831790126953125 0.1532921806640625 0.2800925927734375 0.1517489716796875 0.264532021484375 0.15277777734375 0.244598765625 0.1507201650390625 0.2426697529296875 0.1404320986328125 0.241512345703125 0.125 0.244212962890625 0.1224279833984375 0.247685185546875 0.12294238671875 0.318287037109375 0.1265432099609375 0.3225308642578125 0.1337448564453125 0.32330246875 0.136831275390625 0.3252314814453125
1 0.1424897119140625 0.2719907412109375 0.147119341796875 0.320987654296875 0.153806583984375 0.3248456787109375 0.182098765625 0.3252314814453125 0.18415637890625 0.2997685185546875 0.1815843623046875 0.2434413583984375 0.179012345703125 0.24112654296875 0.172839505859375 0.2403549384765625 0.147119341796875 0.2422839501953125 0.145061728515625 0.244598765625 0.14609053515625 0.255015431640625 0.149176955078125 0.2592592587890625 0.1486625517578125 0.264660494140625 0.1424897119140625 0.2719907412109375
1 0.212962962890625 0.32677469140625 0.217078189453125 0.324459876953125 0.21810699609375 0.3171296298828125 0.217078189453125 0.244212962890625 0.20987654296875 0.24112654296875 0.1944444443359375 0.24112654296875 0.18415637890625 0.24382716015625 0.1846707822265625 0.318287037109375 0.187242798828125 0.324459876953125 0.189814814453125 0.3256172841796875 0.212962962890625 0.32677469140625
1 0.2453703701171875 0.32677469140625 0.24794238671875 0.3279320986328125 0.251028806640625 0.324459876953125 0.253086419921875 0.30362654296875 0.2515432099609375 0.244212962890625 0.244855966796875 0.2407407412109375 0.2227366259765625 0.2418981484375 0.2196502060546875 0.244212962890625 0.2186213994140625 0.2627314814453125 0.21810699609375 0.324459876953125 0.2232510283203125 0.3279320986328125 0.2350823046875 0.3287037041015625 0.2453703701171875 0.32677469140625
1 0.27294921875 0.2841796875 0.03369140625 0.08935546875
1 0.30859375 0.283203125 0.03564453125 0.09130859375
1 0.3466796875 0.28271484375 0.03955078125 0.09716796875
1 0.38330078125 0.2802734375 0.03466796875 0.09326171875
1 0.41650390625 0.28173828125 0.03271484375 0.10107421875
1 0.45361328125 0.28515625 0.0361328125 0.095703125
1 0.490234375 0.283203125 0.0341796875 0.09326171875
1 0.53369140625 0.2900390625 0.0478515625 0.083984375
1 0.57666015625 0.291015625 0.05078125 0.0888671875
1 0.63427734375 0.2900390625 0.048828125 0.08984375
1 0.68603515625 0.287109375 0.046875 0.09130859375
1 0.73828125 0.2900390625 0.04443359375 0.0888671875
1 0.791015625 0.29052734375 0.05029296875 0.08837890625
1 0.837890625 0.28857421875 0.03564453125 0.0869140625
1 0.88134765625 0.2890625 0.0380859375 0.0888671875
1 0.9306640625 0.287109375 0.05078125 0.09814453125
1 0.982421875 0.2890625 0.03515625 0.09326171875
1 0.98388671875 0.4033203125 0.0322265625 0.1005859375
1 0.94140625 0.39990234375 0.041015625 0.10302734375
1 0.74365234375 0.40234375 0.05078125 0.08837890625
1 0.79541015625 0.39892578125 0.046875 0.08935546875
1 0.84765625 0.404296875 0.05078125 0.0869140625
1 0.06787109375 0.3896484375 0.0390625 0.07470703125
1 0.1083984375 0.38916015625 0.0400390625 0.072265625
1 0.15185546875 0.39111328125 0.041015625 0.07568359375
1 0.19091796875 0.392578125 0.03955078125 0.078125
1 0.23388671875 0.39208984375 0.04443359375 0.07958984375
1 0.28271484375 0.39404296875 0.04345703125 0.07666015625
1 0.3271484375 0.3935546875 0.04248046875 0.07861328125
1 0.36962890625 0.396484375 0.03759765625 0.07568359375
1 0.4111328125 0.39599609375 0.0390625 0.07470703125
1 0.4753086416015625 0.432484568359375 0.4773662548828125 0.4101080244140625 0.4783950615234375 0.36612654296875 0.4768518515625 0.3649691357421875 0.46193415625 0.36612654296875 0.437242798828125 0.36419753125 0.43415637890625 0.366512345703125 0.4326131689453125 0.4355709873046875 0.4356995888671875 0.437114197265625 0.4732510283203125 0.437114197265625 0.4753086416015625 0.432484568359375
1 0.52109053515625 0.4355709873046875 0.5216049384765625 0.4293981484375 0.5236625517578125 0.3668981484375 0.5226337451171875 0.3657407412109375 0.4835390947265625 0.3653549384765625 0.480967078125 0.36612654296875 0.479938271484375 0.3738425927734375 0.4773662548828125 0.4359567900390625 0.479938271484375 0.437885802734375 0.5185185185546874 0.4390432099609375 0.52109053515625 0.4355709873046875
1 0.5694444443359375 0.366512345703125 0.566872427734375 0.3653549384765625 0.5282921806640625 0.36612654296875 0.5257201650390625 0.3672839501953125 0.5246913583984375 0.3730709873046875 0.5226337451171875 0.4367283955078125 0.528806583984375 0.4394290126953125 0.5663580244140625 0.4394290126953125 0.5694444443359375 0.366512345703125
1 0.616769546875 0.439814814453125 0.6172839501953125 0.4332561728515625 0.6203703701171875 0.36612654296875 0.6100823046875 0.3645833330078125 0.5977366259765625 0.3649691357421875 0.5864197529296875 0.360339505859375 0.581790123046875 0.3599537041015625 0.5725308642578125 0.3684413583984375 0.5715020576171875 0.372685185546875 0.56995884765625 0.4394290126953125 0.5843621396484375 0.4417438271484375 0.6147119345703125 0.4413580244140625 0.616769546875 0.439814814453125
1 0.6687242802734376 0.369598765625 0.6666666669921875 0.3676697529296875 0.6553497939453125 0.3649691357421875 0.6466049384765625 0.3657407412109375 0.636831275390625 0.3622685185546875 0.628086419921875 0.3626543212890625 0.6224279833984375 0.3680555556640625 0.6193415634765626 0.400462962890625 0.6183127568359374 0.439814814453125 0.63117283984375 0.442515431640625 0.6646090537109375 0.442515431640625 0.6687242802734376 0.369598765625
1 0.7124485595703125 0.442515431640625 0.7155349794921875 0.4239969140625 0.7186213994140624 0.377314814453125 0.717078189453125 0.3657407412109375 0.6815843623046876 0.3649691357421875 0.672839505859375 0.3672839501953125 0.6687242802734376 0.3796296298828125 0.6671810703125 0.4143518515625 0.6666666669921875 0.4390432099609375 0.668209876953125 0.442901234375 0.7037037041015625 0.4440586416015625 0.7124485595703125 0.442515431640625
1 0.7633744853515625 0.4448302470703125 0.7654320986328125 0.442515431640625 0.7705761318359375 0.369212962890625 0.7623456787109375 0.3657407412109375 0.7458847734375 0.3653549384765625 0.7350823046875 0.360339505859375 0.7268518515625 0.361111111328125 0.720164609375 0.369212962890625 0.717078189453125 0.3996913583984375 0.715020576171875 0.443287037109375 0.7453703701171875 0.4440586416015625 0.7546296298828125 0.445987654296875 0.7633744853515625 0.4448302470703125
1 0.8106995888671875 0.445987654296875 0.8173868310546875 0.443287037109375 0.8220164609375 0.3722993828125 0.8220164609375 0.36882716015625 0.818930041015625 0.36612654296875 0.8004115224609375 0.3653549384765625 0.782921810546875 0.36072530859375 0.7757201650390625 0.3626543212890625 0.77109053515625 0.369598765625 0.76697530859375 0.418209876953125 0.765946501953125 0.442515431640625 0.768004115234375 0.4444444443359375 0.772119341796875 0.4456018515625 0.8106995888671875 0.445987654296875
1 0.8554526748046875 0.4456018515625 0.859053498046875 0.445987654296875 0.8626543212890625 0.448688271484375 0.8683127568359374 0.4475308642578125 0.871913580078125 0.440586419921875 0.8791152265625 0.3765432099609375 0.8791152265625 0.369212962890625 0.87705761328125 0.3668981484375 0.856995884765625 0.36612654296875 0.8374485595703125 0.3626543212890625 0.8276748974609375 0.3684413583984375 0.8256172841796875 0.3722993828125 0.8204732509765625 0.4212962958984375 0.81995884765625 0.442901234375 0.8215020576171875 0.4444444443359375 0.840020576171875 0.4467592587890625 0.8554526748046875 0.4456018515625
1 0.91512345703125 0.4475308642578125 0.9146090537109375 0.4224537041015625 0.9212962958984375 0.3626543212890625 0.920781892578125 0.3591820986328125 0.918209876953125 0.357638888671875 0.89609053515625 0.3591820986328125 0.886831275390625 0.3622685185546875 0.883230453125 0.3657407412109375 0.8796296298828125 0.3765432099609375 0.8734567900390625 0.4247685185546875 0.871913580078125 0.442515431640625 0.8734567900390625 0.4471450615234375 0.903806583984375 0.4498456787109375 0.91512345703125 0.4475308642578125
1 0.9603909462890625 0.5625 0.984053498046875 0.5636574072265625 0.988168724609375 0.55902777734375 0.9963991767578125 0.4753086416015625 0.9912551435546875 0.471836419921875 0.95987654296875 0.4714506171875 0.9547325107421875 0.4753086416015625 0.952160494140625 0.4903549384765625 0.94907407421875 0.5416666669921875 0.9454732509765625 0.5586419755859375 0.9470164609375 0.5605709873046875 0.9603909462890625 0.5625
1 0.918209876953125 0.5609567900390625 0.9243827158203125 0.559413580078125 0.9336419755859375 0.5613425927734375 0.945987654296875 0.5605709873046875 0.9465020576171875 0.542438271484375 0.94907407421875 0.536265431640625 0.9495884775390625 0.5042438271484375 0.9547325107421875 0.473765431640625 0.9516460908203125 0.471836419921875 0.941872427734375 0.4702932099609375 0.9223251025390625 0.4702932099609375 0.9176954736328125 0.4706790126953125 0.912037037109375 0.473765431640625 0.905864197265625 0.53125 0.9053497939453125 0.554012345703125 0.9104938271484375 0.55902777734375 0.91512345703125 0.5586419755859375 0.918209876953125 0.5609567900390625
1 0.90277777734375 0.557484568359375 0.904835390625 0.5528549384765625 0.905864197265625 0.5249486884765625 0.91100823046875 0.4787808642578125 0.91100823046875 0.473765431640625 0.9089506171875 0.471836419921875 0.8924897119140625 0.4695216044921875 0.8755144033203125 0.4695216044921875 0.869855966796875 0.4706790126953125 0.8662551435546875 0.473765431640625 0.8672839501953125 0.4895833330078125 0.86419753125 0.5235339501953125 0.86213991796875 0.5293209873046875 0.8626543212890625 0.5559413583984375 0.8693415634765626 0.5578703701171875 0.8904320986328125 0.5597993828125 0.90277777734375 0.557484568359375
1 0.8585390947265625 0.5559413583984375 0.8600823046875 0.5543981484375 0.8657407412109375 0.480709876953125 0.859053498046875 0.4756944443359375 0.8523662548828125 0.47492283984375 0.83899176953125 0.4780092587890625 0.8204732509765625 0.47762345703125 0.814814814453125 0.48032407421875 0.8137860078125 0.483410494140625 0.8112139921875 0.5293209873046875 0.808127572265625 0.5501543212890625 0.8132716044921875 0.5547839501953125 0.8585390947265625 0.5559413583984375
1 0.807098765625 0.5520833330078125 0.8112139921875 0.517361111328125 0.812242798828125 0.4783950615234375 0.804012345703125 0.4760802470703125 0.78806584375 0.4760802470703125 0.782921810546875 0.473765431640625 0.7685185185546874 0.4729938271484375 0.7633744853515625 0.4822530859375 0.76080246875 0.5135030859375 0.758230453125 0.550540123046875 0.772119341796875 0.55362654296875 0.7896090537109375 0.554012345703125 0.807098765625 0.5520833330078125
1 0.8034979423828125 0.659336419921875 0.8096707822265625 0.5922067900390625 0.8045267490234375 0.5841049384765625 0.78806584375 0.5833333330078125 0.779835390625 0.5802469140625 0.7685185185546874 0.5802469140625 0.7613168720703125 0.5837191357421875 0.7592592587890625 0.588348765625 0.75617283984375 0.624614197265625 0.7546296298828125 0.647762345703125 0.7587448564453125 0.6577932099609375 0.7952674892578125 0.6608796298828125 0.8034979423828125 0.659336419921875
1 0.852880658203125 0.6635802470703125 0.856995884765625 0.6543209873046875 0.86213991796875 0.60262345703125 0.8616255146484375 0.5895061728515625 0.85390946484375 0.58294753125 0.845164609375 0.5787037041015625 0.8143004111328125 0.5756172841796875 0.8076131689453125 0.5760030859375 0.806069958984375 0.5775462958984375 0.8096707822265625 0.587962962890625 0.806069958984375 0.6601080244140625 0.8096707822265625 0.661651234375 0.852880658203125 0.6635802470703125
1 0.8935185185546874 0.6662808642578125 0.8981481484375 0.6639660498046875 0.90020576171875 0.6543209873046875 0.903806583984375 0.6033950615234375 0.90277777734375 0.5833333330078125 0.8986625517578125 0.5802469140625 0.8873456787109375 0.5779320986328125 0.8708847734375 0.5779320986328125 0.8626543212890625 0.5814043212890625 0.8626543212890625 0.6082175927734375 0.8585390947265625 0.661651234375 0.8626543212890625 0.664737654296875 0.8935185185546874 0.6662808642578125
1 0.91100823046875 0.667438271484375 0.9367283955078125 0.66782407421875 0.9393004111328125 0.6655092587890625 0.9423868310546875 0.6408179013671875 0.9465020576171875 0.587962962890625 0.942901234375 0.58294753125 0.9197530859375 0.57947530859375 0.9074074072265625 0.58217592578125 0.9053497939453125 0.58757716015625 0.9053497939453125 0.61419753125 0.90020576171875 0.6643518515625 0.9043209873046875 0.6666666669921875 0.91100823046875 0.667438271484375
1 0.9825102880859375 0.6635802470703125 0.9866255146484375 0.63387345703125 0.9866255146484375 0.616512345703125 0.98919753125 0.599537037109375 0.988168724609375 0.58757716015625 0.9845679013671875 0.5841049384765625 0.9562757197265624 0.581790123046875 0.952160494140625 0.58294753125 0.94907407421875 0.5856481484375 0.9454732509765625 0.6041666669921875 0.9423868310546875 0.667438271484375 0.9470164609375 0.6693672841796875 0.9773662548828125 0.6720679013671875 0.9825102880859375 0.6635802470703125
1 0.9933127568359374 0.58487654296875 0.9912551435546875 0.5898919755859375 0.984053498046875 0.653935185546875 0.984053498046875 0.67052469140625 0.9994855966796875 0.6716820986328125 0.9994855966796875 0.582561728515625 0.9933127568359374 0.58487654296875
1 0.75205761328125 0.6574074072265625 0.757201646484375 0.5841049384765625 0.74794238671875 0.577160494140625 0.7407407412109375 0.5779320986328125 0.740226337890625 0.5802469140625 0.7268518515625 0.582561728515625 0.719135802734375 0.5806327158203125 0.708847736328125 0.582561728515625 0.7052469140625 0.624614197265625 0.7052469140625 0.6439043212890625 0.7083333330078125 0.6543209873046875 0.7433127568359374 0.6577932099609375 0.75205761328125 0.6574074072265625
1 0.700102880859375 0.6535493828125 0.70318930078125 0.651234568359375 0.706790123046875 0.582561728515625 0.7052469140625 0.5783179013671875 0.69907407421875 0.5756172841796875 0.6815843623046876 0.577160494140625 0.6779835390625 0.576388888671875 0.674897119140625 0.5729166669921875 0.6671810703125 0.5729166669921875 0.659979423828125 0.5810185185546874 0.6584362138671875 0.5983796298828125 0.6574074072265625 0.64737654296875 0.66100823046875 0.6496913583984375 0.674897119140625 0.6523919755859375 0.700102880859375 0.6535493828125
1 0.706790123046875 0.5501543212890625 0.7093621396484375 0.5474537041015625 0.710905349609375 0.4753086416015625 0.706790123046875 0.4729938271484375 0.687242798828125 0.4733796298828125 0.682098765625 0.4699074072265625 0.6723251025390625 0.4699074072265625 0.6646090537109375 0.473765431640625 0.6625514404296875 0.4907407412109375 0.6625514404296875 0.5462962958984375 0.6676954736328125 0.548611111328125 0.679012345703125 0.5497685185546874 0.706790123046875 0.5501543212890625
1 0.755144033203125 0.5524691357421875 0.7577160498046875 0.55092592578125 0.7587448564453125 0.5474537041015625 0.7623456787109375 0.477237654296875 0.7587448564453125 0.474151234375 0.734053498046875 0.4729938271484375 0.723765431640625 0.4702932099609375 0.715020576171875 0.47492283984375 0.7124485595703125 0.480709876953125 0.70987654296875 0.5474537041015625 0.7124485595703125 0.5501543212890625 0.7268518515625 0.5520833330078125 0.755144033203125 0.5524691357421875
1 0.6100823046875 0.5462962958984375 0.61213991796875 0.5443672841796875 0.6116255146484375 0.5324074072265625 0.61419753125 0.5127314814453126 0.61419753125 0.473765431640625 0.6085390947265625 0.471064814453125 0.5946502060546875 0.4714506171875 0.5812757197265624 0.4679783955078125 0.570987654296875 0.4726080244140625 0.5694444443359375 0.477237654296875 0.5673868310546875 0.5077160498046875 0.567901234375 0.54205246875 0.5843621396484375 0.545910494140625 0.6100823046875 0.5462962958984375
1 0.6296296298828125 0.547839505859375 0.6507201650390625 0.548611111328125 0.662037037109375 0.5466820986328125 0.659979423828125 0.5351080244140625 0.66306584375 0.474151234375 0.66100823046875 0.4726080244140625 0.62294238671875 0.468364197265625 0.615226337890625 0.474537037109375 0.61419753125 0.494212962890625 0.613168724609375 0.5408950615234375 0.6147119345703125 0.5443672841796875 0.61882716015625 0.5466820986328125 0.6296296298828125 0.547839505859375
1 0.179012345703125 0.5243055556640625 0.18004115234375 0.5189043212890625 0.176954732421875 0.49652777734375 0.1784979423828125 0.45987654296875 0.172839505859375 0.45794753125 0.1481481484375 0.4560185185546875 0.1424897119140625 0.456790123046875 0.1404320986328125 0.4614197529296875 0.1404320986328125 0.5212191357421875 0.14609053515625 0.5239197529296875 0.16100823046875 0.52507716015625 0.179012345703125 0.5243055556640625
1 0.2186213994140625 0.52777777734375 0.221193416015625 0.526234568359375 0.2217078193359375 0.4594907412109375 0.204218107421875 0.4560185185546875 0.192901234375 0.45717592578125 0.1856995888671875 0.4560185185546875 0.181069958984375 0.4583333330078125 0.1795267490234375 0.4614197529296875 0.1784979423828125 0.4992283955078125 0.181069958984375 0.5235339501953125 0.1846707822265625 0.526234568359375 0.2186213994140625 0.52777777734375
1 0.265946501953125 0.4610339501953125 0.257201646484375 0.4587191357421875 0.2263374482421875 0.4587191357421875 0.2232510283203125 0.4606481484375 0.2227366259765625 0.5266203701171875 0.2263374482421875 0.5285493828125 0.261831275390625 0.528935185546875 0.265946501953125 0.4610339501953125
1 0.304012345703125 0.5304783955078125 0.3076131689453125 0.471836419921875 0.306069958984375 0.463348765625 0.2973251025390625 0.4614197529296875 0.268004115234375 0.4618055556640625 0.2654320986328125 0.4702932099609375 0.263888888671875 0.5046296298828125 0.2633744853515625 0.5231481484375 0.2649176953125 0.5285493828125 0.299897119140625 0.5320216044921875 0.304012345703125 0.5304783955078125
1 0.3467078193359375 0.5327932099609375 0.348765431640625 0.4980709873046875 0.3482510283203125 0.471836419921875 0.3523662548828125 0.466435185546875 0.3415637861328125 0.462962962890625 0.331790123046875 0.4618055556640625 0.3096707822265625 0.462962962890625 0.308127572265625 0.4648919755859375 0.3065843623046875 0.4907407412109375 0.3065843623046875 0.5304783955078125 0.3143004111328125 0.5327932099609375 0.345164609375 0.534336419921875 0.3467078193359375 0.5327932099609375
1 0.3883744853515625 0.533564814453125 0.3883744853515625 0.49751967578125 0.390946501953125 0.4675925927734375 0.3873456787109375 0.46527777734375 0.3554526748046875 0.4645061728515625 0.3513374482421875 0.466435185546875 0.3492798349609375 0.4702932099609375 0.3477366259765625 0.5327932099609375 0.348765431640625 0.534336419921875 0.386831275390625 0.5358796298828125 0.3883744853515625 0.533564814453125
1 0.4326131689453125 0.4810956787109375 0.431069958984375 0.473765431640625 0.433127572265625 0.4699074072265625 0.429012345703125 0.4660493828125 0.4007201650390625 0.4660493828125 0.3976337451171875 0.4648919755859375 0.393004115234375 0.4660493828125 0.3914609052734375 0.4699074072265625 0.3904320986328125 0.5351080244140625 0.3935185185546875 0.536265431640625 0.429012345703125 0.536651234375 0.4326131689453125 0.4810956787109375
1 0.4552469140625 0.5385802470703125 0.4706790126953125 0.5385802470703125 0.473765431640625 0.5331790126953125 0.4768518515625 0.4702932099609375 0.4434156376953125 0.4672067900390625 0.4382716044921875 0.4672067900390625 0.4336419755859375 0.4699074072265625 0.432098765625 0.5046296298828125 0.432098765625 0.537037037109375 0.435185185546875 0.5385802470703125 0.4526748974609375 0.539737654296875 0.4552469140625 0.5385802470703125
1 0.5226337451171875 0.47222222265625 0.5164609052734375 0.469135802734375 0.48919753125 0.468364197265625 0.4804526748046875 0.46875 0.4783950615234375 0.4714506171875 0.475823044921875 0.539737654296875 0.5185185185546874 0.5408950615234375 0.52109053515625 0.526234568359375 0.5226337451171875 0.47222222265625
1 0.5643004111328125 0.54282407421875 0.5663580244140625 0.539737654296875 0.568930041015625 0.4729938271484375 0.5632716044921875 0.4714506171875 0.5257201650390625 0.4702932099609375 0.5226337451171875 0.494984568359375 0.5231481484375 0.54012345703125 0.528806583984375 0.54205246875 0.54681069921875 0.5439814814453126 0.5643004111328125 0.54282407421875
1 0.6584362138671875 0.5779320986328125 0.6543209873046875 0.5752314814453126 0.636831275390625 0.5756172841796875 0.6296296298828125 0.5698302470703125 0.625 0.5690586416015625 0.615226337890625 0.5748456787109375 0.61213991796875 0.5810185185546874 0.6116255146484375 0.64737654296875 0.6532921806640625 0.6496913583984375 0.6563786005859376 0.64737654296875 0.6584362138671875 0.5779320986328125
1 0.070987654296875 0.610339505859375 0.0735596708984375 0.6087962958984375 0.0745884775390625 0.6030092587890625 0.073045267578125 0.5466820986328125 0.067901234375 0.5447530859375 0.054012345703125 0.5435956787109375 0.03806584375 0.5439814814453126 0.0365226337890625 0.5474537041015625 0.0385802470703125 0.6064814814453126 0.0426954736328125 0.6087962958984375 0.070987654296875 0.610339505859375
1 0.1100823046875 0.6126543212890625 0.111111111328125 0.5814043212890625 0.1126543212890625 0.57947530859375 0.11213991796875 0.5501543212890625 0.1054526748046875 0.5466820986328125 0.08899176953125 0.5470679013671875 0.0787037041015625 0.54552469140625 0.0745884775390625 0.5466820986328125 0.075102880859375 0.6095679013671875 0.0776748974609375 0.6118827158203125 0.087962962890625 0.613040123046875 0.1100823046875 0.6126543212890625
1 0.130144033203125 0.61612654296875 0.1481481484375 0.616512345703125 0.15020576171875 0.6064814814453126 0.15020576171875 0.577160494140625 0.1466049384765625 0.550540123046875 0.1435185185546875 0.5489969140625 0.1157407412109375 0.54822530859375 0.1136831279296875 0.5520833330078125 0.113168724609375 0.5632716044921875 0.1147119345703125 0.5752314814453126 0.1116255146484375 0.602237654296875 0.1126543212890625 0.6126543212890625 0.130144033203125 0.61612654296875
1 0.185185185546875 0.619598765625 0.1862139921875 0.551311728515625 0.185185185546875 0.5501543212890625 0.1589506171875 0.55092592578125 0.147119341796875 0.5497685185546874 0.1507201650390625 0.5810185185546874 0.15020576171875 0.6145833330078125 0.1543209873046875 0.6176697529296875 0.185185185546875 0.619598765625
1 0.20318930078125 0.6203703701171875 0.223765431640625 0.6230709873046875 0.2263374482421875 0.6091820986328125 0.2263374482421875 0.5729166669921875 0.2273662548828125 0.5636574072265625 0.229938271484375 0.5605709873046875 0.227880658203125 0.556712962890625 0.2186213994140625 0.55169753125 0.192901234375 0.5524691357421875 0.1887860078125 0.554012345703125 0.187242798828125 0.557098765625 0.1867283955078125 0.568287037109375 0.1862139921875 0.599151234375 0.1887860078125 0.61882716015625 0.19907407421875 0.6222993828125 0.20318930078125 0.6203703701171875
1 0.2515432099609375 0.6257716044921875 0.2649176953125 0.6257716044921875 0.2664609052734375 0.6238425927734375 0.2685185185546875 0.55902777734375 0.2566872431640625 0.5555555556640625 0.229938271484375 0.55632716015625 0.2283950615234375 0.557098765625 0.2263374482421875 0.57947530859375 0.2263374482421875 0.6230709873046875 0.229938271484375 0.624614197265625 0.241769546875 0.6238425927734375 0.2515432099609375 0.6257716044921875
1 0.307098765625 0.6261574072265625 0.3096707822265625 0.6006944443359375 0.3096707822265625 0.5609567900390625 0.304012345703125 0.5582561728515625 0.2757201650390625 0.5578703701171875 0.27109053515625 0.55902777734375 0.268004115234375 0.5636574072265625 0.2674897119140625 0.625385802734375 0.2716049384765625 0.627314814453125 0.3045267490234375 0.6277006171875 0.307098765625 0.6261574072265625
1 0.350823044921875 0.6269290126953125 0.3492798349609375 0.6242283955078125 0.3503086416015625 0.567901234375 0.3533950615234375 0.5617283955078125 0.355967078125 0.5605709873046875 0.354938271484375 0.557098765625 0.3513374482421875 0.5555555556640625 0.3364197529296875 0.5578703701171875 0.3143004111328125 0.557484568359375 0.3112139921875 0.5613425927734375 0.3096707822265625 0.6265432099609375 0.3276748974609375 0.6296296298828125 0.348765431640625 0.630015431640625 0.350823044921875 0.6269290126953125
1 0.3873456787109375 0.6331018515625 0.3904320986328125 0.62847222265625 0.393004115234375 0.5617283955078125 0.386831275390625 0.5582561728515625 0.3662551435546875 0.5586419755859375 0.3554526748046875 0.5609567900390625 0.3513374482421875 0.56867283984375 0.3513374482421875 0.6033950615234375 0.348765431640625 0.627314814453125 0.352880658203125 0.630787037109375 0.3873456787109375 0.6331018515625
1 0.429012345703125 0.6350308642578125 0.432098765625 0.6242283955078125 0.431069958984375 0.6068672841796875 0.433127572265625 0.570987654296875 0.435185185546875 0.564814814453125 0.42592592578125 0.5597993828125 0.4043209873046875 0.5609567900390625 0.3966049384765625 0.5632716044921875 0.3924897119140625 0.5690586416015625 0.3914609052734375 0.630787037109375 0.394032921875 0.6331018515625 0.403806583984375 0.6342592587890625 0.429012345703125 0.6350308642578125
1 0.47222222265625 0.636959876953125 0.475823044921875 0.567515431640625 0.4470164609375 0.5640432099609375 0.4362139921875 0.567901234375 0.43415637890625 0.5706018515625 0.4326131689453125 0.60455246875 0.4326131689453125 0.6346450615234375 0.435185185546875 0.636188271484375 0.452160494140625 0.6373456787109375 0.47222222265625 0.636959876953125
1 0.519032921875 0.613040123046875 0.520061728515625 0.5694444443359375 0.5015432099609375 0.5663580244140625 0.49794238671875 0.5694444443359375 0.4876543212890625 0.5667438271484375 0.480967078125 0.567901234375 0.4768518515625 0.5721450615234375 0.475823044921875 0.588734568359375 0.47479423828125 0.6373456787109375 0.4794238681640625 0.63927469140625 0.515946501953125 0.6408179013671875 0.519032921875 0.613040123046875
1 0.557098765625 0.6439043212890625 0.5617283955078125 0.64197530859375 0.5663580244140625 0.5752314814453126 0.5643004111328125 0.5702160498046875 0.5257201650390625 0.5690586416015625 0.5226337451171875 0.57137345703125 0.5185185185546874 0.619598765625 0.5174897119140625 0.6404320986328125 0.5195473251953125 0.641589505859375 0.5488683125 0.6439043212890625 0.557098765625 0.6439043212890625
1 0.609053498046875 0.6469907412109375 0.6116255146484375 0.5806327158203125 0.609053498046875 0.5690586416015625 0.604938271484375 0.5702160498046875 0.57407407421875 0.5698302470703125 0.5684156376953124 0.573688271484375 0.5663580244140625 0.58487654296875 0.5637860078125 0.6400462958984375 0.5653292177734375 0.6439043212890625 0.594135802734375 0.6469907412109375 0.609053498046875 0.6469907412109375
1 0.9994855966796875 0.7488425927734375 0.9994855966796875 0.7091049384765625 0.9866255146484375 0.7091049384765625 0.9696502060546875 0.7029320986328125 0.9665637861328125 0.7056327158203125 0.9660493828125 0.7110339501953125 0.9645061728515625 0.744598765625 0.970164609375 0.7484567900390625 0.9886831279296875 0.7515432099609375 0.9994855966796875 0.7488425927734375
1 0.9444444443359375 0.7453703701171875 0.9614197529296875 0.744598765625 0.9655349794921875 0.7121913583984375 0.960905349609375 0.7029320986328125 0.9562757197265624 0.6975308642578125 0.94907407421875 0.6940586416015625 0.924897119140625 0.6940586416015625 0.9223251025390625 0.695987654296875 0.9233539091796875 0.70987654296875 0.920781892578125 0.74112654296875 0.924897119140625 0.7430555556640625 0.9444444443359375 0.7453703701171875
1 0.9197530859375 0.74112654296875 0.9187242802734376 0.7268518515625 0.92181069921875 0.7083333330078125 0.92181069921875 0.7025462958984375 0.9176954736328125 0.693287037109375 0.9017489716796875 0.6902006171875 0.894032921875 0.6913580244140625 0.8894032919921875 0.7064043212890625 0.886831275390625 0.738040123046875 0.893004115234375 0.7418981484375 0.9166666669921875 0.7430555556640625 0.9197530859375 0.74112654296875
1 0.883230453125 0.7395833330078125 0.886831275390625 0.73302469140625 0.8894032919921875 0.692515431640625 0.8827160498046875 0.6882716044921875 0.8703703701171875 0.687114197265625 0.8626543212890625 0.6875 0.8600823046875 0.6917438271484375 0.8600823046875 0.712962962890625 0.8554526748046875 0.7376543212890625 0.86882716015625 0.7399691357421875 0.883230453125 0.7395833330078125
1 0.83487654296875 0.73842592578125 0.8523662548828125 0.738811728515625 0.8554526748046875 0.7349537041015625 0.8585390947265625 0.695987654296875 0.8564814814453126 0.689814814453125 0.8492798349609375 0.6855709873046875 0.8374485595703125 0.684413580078125 0.829218107421875 0.6882716044921875 0.827160494140625 0.692515431640625 0.8245884775390625 0.7160493828125 0.825102880859375 0.73572530859375 0.82818930078125 0.7376543212890625 0.8302469140625 0.7368827158203125 0.83487654296875 0.73842592578125
1 0.8225308642578125 0.732638888671875 0.8256172841796875 0.698688271484375 0.8245884775390625 0.6886574072265625 0.817901234375 0.681712962890625 0.812242798828125 0.6809413583984375 0.799897119140625 0.6836419755859375 0.795781892578125 0.6875 0.7937242802734376 0.7341820986328125 0.7993827158203125 0.736111111328125 0.8184156376953124 0.7372685185546874 0.8225308642578125 0.732638888671875
1 0.7921810703125 0.727237654296875 0.7937242802734376 0.6917438271484375 0.791152263671875 0.685185185546875 0.7854938271484375 0.6801697529296875 0.7757201650390625 0.679012345703125 0.7685185185546874 0.681712962890625 0.7654320986328125 0.6847993828125 0.761831275390625 0.70987654296875 0.761831275390625 0.730709876953125 0.768004115234375 0.733410494140625 0.79012345703125 0.7341820986328125 0.7921810703125 0.727237654296875
1 0.7577160498046875 0.730709876953125 0.759773662109375 0.7280092587890625 0.761831275390625 0.7006172841796875 0.7602880654296875 0.6805555556640625 0.7494855966796875 0.6778549384765625 0.7407407412109375 0.6770833330078125 0.7350823046875 0.6782407412109375 0.7304526748046875 0.699459876953125 0.7294238681640625 0.724537037109375 0.730967078125 0.727237654296875 0.7376543212890625 0.729938271484375 0.7577160498046875 0.730709876953125
1 0.729938271484375 0.713348765625 0.7294238681640625 0.6797839501953125 0.720164609375 0.6747685185546874 0.708847736328125 0.6743827158203125 0.70318930078125 0.67592592578125 0.7011316875 0.6797839501953125 0.700102880859375 0.6948302470703125 0.6995884775390625 0.723765431640625 0.71193415625 0.7260802470703125 0.7268518515625 0.7264660498046875 0.729938271484375 0.713348765625
1 0.6995884775390625 0.7168209873046875 0.69907407421875 0.67862654296875 0.6923868310546875 0.6743827158203125 0.6784979423828125 0.6739969140625 0.6743827158203125 0.6793981484375 0.6723251025390625 0.6890432099609375 0.670781892578125 0.7226080244140625 0.681069958984375 0.724537037109375 0.698045267578125 0.723765431640625 0.6995884775390625 0.7168209873046875
1 0.66923868359375 0.7199074072265625 0.6697530859375 0.679012345703125 0.6646090537109375 0.6751543212890625 0.6507201650390625 0.67322530859375 0.6445473251953125 0.6739969140625 0.6424897119140625 0.6774691357421875 0.64197530859375 0.721064814453125 0.645061728515625 0.7233796298828125 0.66512345703125 0.72492283984375 0.66923868359375 0.7199074072265625
1 0.634773662109375 0.7214506171875 0.63786008203125 0.7199074072265625 0.638888888671875 0.7168209873046875 0.638888888671875 0.675540123046875 0.6337448564453125 0.670910494140625 0.6193415634765626 0.67052469140625 0.6147119345703125 0.6739969140625 0.61213991796875 0.6832561728515625 0.61213991796875 0.706790123046875 0.6100823046875 0.7172067900390625 0.61882716015625 0.7202932099609375 0.634773662109375 0.7214506171875
1 0.6085390947265625 0.715663580078125 0.6095679013671875 0.713348765625 0.6095679013671875 0.673611111328125 0.606995884765625 0.670138888671875 0.598765431640625 0.667438271484375 0.587962962890625 0.66705246875 0.5843621396484375 0.6712962958984375 0.5828189296875 0.67862654296875 0.581790123046875 0.715663580078125 0.5874485595703125 0.7175925927734375 0.60390946484375 0.7179783955078125 0.6085390947265625 0.715663580078125
1 0.577160494140625 0.7175925927734375 0.5797325107421875 0.7145061728515625 0.581790123046875 0.6890432099609375 0.5802469140625 0.6693672841796875 0.5761316875 0.668209876953125 0.570987654296875 0.6689814814453126 0.566872427734375 0.6666666669921875 0.558127572265625 0.667438271484375 0.55504115234375 0.6724537041015625 0.5534979423828125 0.6855709873046875 0.551954732421875 0.7106481484375 0.554012345703125 0.7148919755859375 0.5596707822265625 0.7179783955078125 0.577160494140625 0.7175925927734375
1 0.55092592578125 0.7083333330078125 0.5534979423828125 0.667438271484375 0.549897119140625 0.664737654296875 0.545781892578125 0.66512345703125 0.5396090537109375 0.6631944443359375 0.532921810546875 0.66242283984375 0.5267489716796875 0.6639660498046875 0.5226337451171875 0.6778549384765625 0.5226337451171875 0.70987654296875 0.5293209873046875 0.712962962890625 0.547839505859375 0.712962962890625 0.55092592578125 0.7083333330078125
1 0.5154320986328125 0.7110339501953125 0.519032921875 0.70987654296875 0.52109053515625 0.706790123046875 0.5231481484375 0.661265431640625 0.5092592587890625 0.6577932099609375 0.501028806640625 0.6577932099609375 0.4963991767578125 0.6604938271484375 0.4943415634765625 0.6639660498046875 0.4958847734375 0.6855709873046875 0.49382716015625 0.706790123046875 0.501028806640625 0.70987654296875 0.5154320986328125 0.7110339501953125
1 0.4912551435546875 0.7006172841796875 0.4922839501953125 0.6940586416015625 0.4933127568359375 0.658564814453125 0.4912551435546875 0.6570216044921875 0.4665637861328125 0.6554783955078125 0.46399176953125 0.6577932099609375 0.462962962890625 0.6655092587890625 0.462962962890625 0.7029320986328125 0.4727366259765625 0.707561728515625 0.4866255146484375 0.70717592578125 0.4912551435546875 0.7006172841796875
1 0.4562757197265625 0.7060185185546874 0.460905349609375 0.7033179013671875 0.4624485595703125 0.6577932099609375 0.4562757197265625 0.6543209873046875 0.450102880859375 0.653935185546875 0.437242798828125 0.6543209873046875 0.435185185546875 0.656635802734375 0.43415637890625 0.7002314814453126 0.4356995888671875 0.702160494140625 0.445987654296875 0.7056327158203125 0.4562757197265625 0.7060185185546874
1 0.431069958984375 0.7006172841796875 0.4336419755859375 0.6547067900390625 0.4295267490234375 0.65277777734375 0.41100823046875 0.6516203701171875 0.4074074072265625 0.6523919755859375 0.4043209873046875 0.65625 0.4043209873046875 0.701388888671875 0.4089506171875 0.704089505859375 0.429012345703125 0.7033179013671875 0.431069958984375 0.7006172841796875
1 0.4022633740234375 0.699459876953125 0.4022633740234375 0.6523919755859375 0.397119341796875 0.65007716015625 0.3827160498046875 0.650462962890625 0.3765432099609375 0.6523919755859375 0.3755144033203125 0.6570216044921875 0.375 0.699459876953125 0.3791152265625 0.702160494140625 0.4007201650390625 0.7029320986328125 0.4022633740234375 0.699459876953125
1 0.3755144033203125 0.6774691357421875 0.375 0.651234568359375 0.359053498046875 0.6481481484375 0.3518518515625 0.6485339501953125 0.348765431640625 0.650462962890625 0.34722222265625 0.69637345703125 0.354938271484375 0.699459876953125 0.37294238671875 0.699459876953125 0.3755144033203125 0.6774691357421875
1 0.3436213994140625 0.69830246875 0.3456790126953125 0.69637345703125 0.346193416015625 0.690586419921875 0.3482510283203125 0.661265431640625 0.34722222265625 0.651234568359375 0.3384773662109375 0.6469907412109375 0.3235596708984375 0.64737654296875 0.3194444443359375 0.650462962890625 0.316872427734375 0.6570216044921875 0.31584362109375 0.695987654296875 0.3215020576171875 0.69907407421875 0.340020576171875 0.699459876953125 0.3436213994140625 0.69830246875
1 0.31584362109375 0.6543209873046875 0.317901234375 0.64737654296875 0.2988683125 0.64467592578125 0.2937242802734375 0.6462191357421875 0.291152263671875 0.6496913583984375 0.291152263671875 0.692515431640625 0.2983539091796875 0.6956018515625 0.314814814453125 0.695987654296875 0.31584362109375 0.6543209873046875
1 0.2865226337890625 0.69367283984375 0.289094650390625 0.689814814453125 0.291152263671875 0.6466049384765625 0.28600823046875 0.6435185185546874 0.27109053515625 0.6431327158203125 0.2654320986328125 0.64544753125 0.2633744853515625 0.6496913583984375 0.2623456787109375 0.6890432099609375 0.2649176953125 0.6921296298828125 0.2695473251953125 0.693287037109375 0.2865226337890625 0.69367283984375
1 0.2587448564453125 0.692515431640625 0.2613168720703125 0.6863425927734375 0.26286008203125 0.661265431640625 0.26080246875 0.6469907412109375 0.2546296298828125 0.6431327158203125 0.2412551435546875 0.6404320986328125 0.2366255146484375 0.64197530859375 0.2325102880859375 0.65007716015625 0.234053498046875 0.6697530859375 0.2314814814453125 0.6890432099609375 0.2376543212890625 0.6917438271484375 0.2587448564453125 0.692515431640625
1 0.227880658203125 0.690586419921875 0.2314814814453125 0.6859567900390625 0.23302469140625 0.6747685185546874 0.2325102880859375 0.6439043212890625 0.22890946484375 0.641589505859375 0.2155349794921875 0.639660494140625 0.20987654296875 0.639660494140625 0.2047325107421875 0.6439043212890625 0.2062757197265625 0.6626157412109375 0.20318930078125 0.6859567900390625 0.2093621396484375 0.690586419921875 0.227880658203125 0.690586419921875
1 0.19907407421875 0.687885802734375 0.202160494140625 0.6828703701171875 0.204218107421875 0.6662808642578125 0.202160494140625 0.641589505859375 0.1893004111328125 0.63580246875 0.179012345703125 0.636959876953125 0.1754115224609375 0.6412037041015625 0.1774691357421875 0.6581790126953125 0.1754115224609375 0.6855709873046875 0.191872427734375 0.6890432099609375 0.19907407421875 0.687885802734375
1 0.144032921875 0.681712962890625 0.1455761318359375 0.6751543212890625 0.1445473251953125 0.6466049384765625 0.14197530859375 0.636959876953125 0.12705761328125 0.6319444443359375 0.1193415634765625 0.6319444443359375 0.1147119345703125 0.6354166669921875 0.116769546875 0.68132716015625 0.1193415634765625 0.6828703701171875 0.140946501953125 0.68402777734375 0.144032921875 0.681712962890625
1 0.0895061728515625 0.67862654296875 0.0915637861328125 0.6805555556640625 0.1126543212890625 0.6809413583984375 0.115226337890625 0.6751543212890625 0.1162551435546875 0.659336419921875 0.11213991796875 0.63657407421875 0.1054526748046875 0.630401234375 0.1003086416015625 0.6292438271484375 0.0915637861328125 0.630015431640625 0.0864197529296875 0.633487654296875 0.08487654296875 0.636959876953125 0.0895061728515625 0.6643518515625 0.087962962890625 0.6751543212890625 0.0895061728515625 0.67862654296875
1 0.060185185546875 0.6778549384765625 0.0637860078125 0.67862654296875 0.0833333330078125 0.679012345703125 0.08693415625 0.6751543212890625 0.083847736328125 0.633487654296875 0.079218107421875 0.6296296298828125 0.0673868310546875 0.6265432099609375 0.0632716044921875 0.6269290126953125 0.057098765625 0.63117283984375 0.056069958984375 0.6381172841796875 0.05915637890625 0.6589506171875 0.0576131689453125 0.6751543212890625 0.060185185546875 0.6778549384765625
1 0.0565843623046875 0.6751543212890625 0.0586419755859375 0.6643518515625 0.0545267490234375 0.63117283984375 0.0514403291015625 0.628086419921875 0.0396090537109375 0.6242283955078125 0.0339506171875 0.6257716044921875 0.0303497939453125 0.630015431640625 0.0324074072265625 0.6574074072265625 0.0313786005859375 0.6751543212890625 0.0534979423828125 0.6778549384765625 0.0565843623046875 0.6751543212890625
1 0.0596707822265625 0.7376543212890625 0.056069958984375 0.7345679013671875 0.0555555556640625 0.73032407421875 0.057098765625 0.699459876953125 0.0421810703125 0.698688271484375 0.03806584375 0.701388888671875 0.03600823046875 0.7056327158203125 0.0354938271484375 0.738040123046875 0.0416666669921875 0.7407407412109375 0.058127572265625 0.74112654296875 0.0596707822265625 0.7376543212890625
1 0.0761316875 0.7399691357421875 0.0761316875 0.7006172841796875 0.0637860078125 0.698688271484375 0.0596707822265625 0.7025462958984375 0.0565843623046875 0.7118055556640625 0.057098765625 0.7399691357421875 0.0606995888671875 0.741512345703125 0.0745884775390625 0.7422839501953125 0.0761316875 0.7399691357421875
1 0.096193416015625 0.7418981484375 0.0946502060546875 0.7114197529296875 0.09722222265625 0.7064043212890625 0.0967078193359375 0.7029320986328125 0.0884773662109375 0.6998456787109375 0.0812757197265625 0.7006172841796875 0.0787037041015625 0.7025462958984375 0.0761316875 0.7094907412109375 0.0756172841796875 0.74112654296875 0.0823045263671875 0.744212962890625 0.0946502060546875 0.744212962890625 0.096193416015625 0.7418981484375
1 0.113168724609375 0.7461419755859375 0.115226337890625 0.744212962890625 0.1157407412109375 0.73842592578125 0.1157407412109375 0.7064043212890625 0.109053498046875 0.70177469140625 0.104938271484375 0.70177469140625 0.095164609375 0.7052469140625 0.096193416015625 0.7418981484375 0.09722222265625 0.744212962890625 0.1018518515625 0.7461419755859375 0.113168724609375 0.7461419755859375
1 0.134773662109375 0.7461419755859375 0.1352880654296875 0.712962962890625 0.1399176953125 0.7064043212890625 0.1306584365234375 0.7025462958984375 0.12294238671875 0.7025462958984375 0.1172839501953125 0.7060185185546874 0.1147119345703125 0.7148919755859375 0.11419753125 0.744598765625 0.1193415634765625 0.7480709873046875 0.133230453125 0.7484567900390625 0.134773662109375 0.7461419755859375
1 0.1522633740234375 0.7515432099609375 0.154835390625 0.7472993828125 0.155864197265625 0.71527777734375 0.157921810546875 0.7083333330078125 0.1563786005859375 0.7060185185546874 0.151234568359375 0.70447530859375 0.1383744853515625 0.7052469140625 0.134773662109375 0.7083333330078125 0.1337448564453125 0.738040123046875 0.1286008232421875 0.744984568359375 0.136831275390625 0.749614197265625 0.1522633740234375 0.7515432099609375
1 0.1754115224609375 0.750385802734375 0.1754115224609375 0.7118055556640625 0.1712962958984375 0.7087191357421875 0.162037037109375 0.710262345703125 0.1563786005859375 0.713734568359375 0.155864197265625 0.750385802734375 0.1604938271484375 0.7527006171875 0.172839505859375 0.753086419921875 0.1754115224609375 0.750385802734375
1 0.182098765625 0.7546296298828125 0.1970164609375 0.755015431640625 0.195987654296875 0.724537037109375 0.198045267578125 0.718364197265625 0.2026748974609375 0.712962962890625 0.1995884775390625 0.7091049384765625 0.1893004111328125 0.707561728515625 0.185185185546875 0.7094907412109375 0.182098765625 0.70717592578125 0.1779835390625 0.7091049384765625 0.1754115224609375 0.712962962890625 0.17592592578125 0.7202932099609375 0.1738683125 0.7253086416015625 0.174897119140625 0.7511574072265625 0.182098765625 0.7546296298828125
1 0.2134773662109375 0.75887345703125 0.2160493828125 0.7542438271484375 0.2134773662109375 0.7168209873046875 0.20987654296875 0.712962962890625 0.20318930078125 0.7141203701171875 0.1985596708984375 0.7206790126953125 0.198045267578125 0.74112654296875 0.200102880859375 0.755015431640625 0.2062757197265625 0.7581018515625 0.2134773662109375 0.75887345703125
1 0.23713991796875 0.7573302470703125 0.238168724609375 0.7488425927734375 0.236111111328125 0.7229938271484375 0.2263374482421875 0.721836419921875 0.2232510283203125 0.727237654296875 0.2232510283203125 0.732638888671875 0.2175925927734375 0.74112654296875 0.219135802734375 0.755787037109375 0.217078189453125 0.758487654296875 0.2345679013671875 0.7604166669921875 0.23713991796875 0.7573302470703125
1 0.257201646484375 0.7623456787109375 0.2587448564453125 0.7577160498046875 0.2587448564453125 0.7202932099609375 0.2546296298828125 0.716435185546875 0.2443415634765625 0.716435185546875 0.2386831279296875 0.727237654296875 0.2397119345703125 0.7458846455078125 0.2376543212890625 0.75887345703125 0.2443415634765625 0.7623456787109375 0.257201646484375 0.7623456787109375
1 0.2803497939453125 0.7627314814453126 0.2803497939453125 0.7202932099609375 0.2757201650390625 0.716435185546875 0.269032921875 0.715663580078125 0.26286008203125 0.7202932099609375 0.26080246875 0.72762345703125 0.26080246875 0.76157407421875 0.2654320986328125 0.763888888671875 0.278806583984375 0.764660494140625 0.2803497939453125 0.7627314814453126
1 0.3065843623046875 0.72955246875 0.3112139921875 0.7168209873046875 0.2896090537109375 0.7168209873046875 0.2839506171875 0.7202932099609375 0.2813786005859375 0.724151234375 0.280864197265625 0.7635030859375 0.2824074072265625 0.7654320986328125 0.3034979423828125 0.7662037041015625 0.3065843623046875 0.72955246875
1 0.32818930078125 0.7202932099609375 0.3143004111328125 0.7202932099609375 0.3086419755859375 0.724151234375 0.307098765625 0.727237654296875 0.3045267490234375 0.7654320986328125 0.3245884775390625 0.7677469140625 0.3312757197265625 0.723765431640625 0.32818930078125 0.7202932099609375
1 0.350823044921875 0.76697530859375 0.3477366259765625 0.755015431640625 0.3492798349609375 0.7260802470703125 0.346193416015625 0.72222222265625 0.3312757197265625 0.7206790126953125 0.32818930078125 0.721064814453125 0.3266460908203125 0.723765431640625 0.3261316875 0.766589505859375 0.3333333330078125 0.76967592578125 0.348765431640625 0.76967592578125 0.350823044921875 0.76697530859375
1 0.3713991767578125 0.7689043212890625 0.3703703701171875 0.753086419921875 0.373971193359375 0.730709876953125 0.3724279833984375 0.727237654296875 0.3662551435546875 0.724537037109375 0.3533950615234375 0.7256944443359375 0.3503086416015625 0.72955246875 0.34979423828125 0.7399691357421875 0.34979423828125 0.7685185185546874 0.359053498046875 0.7712191357421875 0.369855966796875 0.7716049384765625 0.3713991767578125 0.7689043212890625
1 0.3924897119140625 0.77237654296875 0.3945473251953125 0.72955246875 0.3837448564453125 0.727237654296875 0.376028806640625 0.7280092587890625 0.373971193359375 0.72955246875 0.3708847734375 0.7546296298828125 0.3713991767578125 0.77237654296875 0.3791152265625 0.7743055556640625 0.3904320986328125 0.7743055556640625 0.3924897119140625 0.77237654296875
1 0.4156378603515625 0.7731481484375 0.4146090537109375 0.7581018515625 0.4171810703125 0.732638888671875 0.41512345703125 0.73032407421875 0.4104938271484375 0.7291666669921875 0.3996913583984375 0.7291666669921875 0.3966049384765625 0.730709876953125 0.394032921875 0.7376543212890625 0.3924897119140625 0.77237654296875 0.3966049384765625 0.7746913583984375 0.41306584375 0.775848765625 0.4156378603515625 0.7731481484375
1 0.44084362109375 0.7337962958984375 0.42592592578125 0.729938271484375 0.42181069921875 0.730709876953125 0.4176954736328125 0.7341820986328125 0.4166666669921875 0.747685185546875 0.4166666669921875 0.775848765625 0.4305555556640625 0.7773919755859375 0.4387860078125 0.7766203701171875 0.44084362109375 0.7337962958984375
1 0.465020576171875 0.738811728515625 0.467078189453125 0.7341820986328125 0.4634773662109375 0.729938271484375 0.445987654296875 0.7291666669921875 0.4413580244140625 0.7422839501953125 0.4403292177734375 0.776234568359375 0.443930041015625 0.7785493828125 0.46193415625 0.7793209873046875 0.465020576171875 0.738811728515625
1 0.4886831279296875 0.733410494140625 0.484053498046875 0.729938271484375 0.470164609375 0.73032407421875 0.4655349794921875 0.7368827158203125 0.46399176953125 0.778935185546875 0.484053498046875 0.7804783955078125 0.4855967080078125 0.7793209873046875 0.4886831279296875 0.733410494140625
1 0.511831275390625 0.7372685185546874 0.50205761328125 0.7337962958984375 0.496913580078125 0.7345679013671875 0.4943415634765625 0.733410494140625 0.490226337890625 0.7368827158203125 0.48919753125 0.7422839501953125 0.48713991796875 0.7800925927734375 0.490226337890625 0.7820216044921875 0.5113168720703125 0.7820216044921875 0.511831275390625 0.7372685185546874
1 0.5354938271484375 0.7831790126953125 0.53806584375 0.7376543212890625 0.5334362138671875 0.7349537041015625 0.524176955078125 0.735339505859375 0.515946501953125 0.738811728515625 0.5133744853515625 0.7418981484375 0.511831275390625 0.7824074072265625 0.5149176953125 0.784336419921875 0.5334362138671875 0.7851080244140625 0.5354938271484375 0.7831790126953125
1 0.5596707822265625 0.786651234375 0.562242798828125 0.7484567900390625 0.5606995888671875 0.741512345703125 0.5534979423828125 0.738811728515625 0.5396090537109375 0.738811728515625 0.5365226337890625 0.755015431640625 0.5354938271484375 0.784336419921875 0.5426954736328125 0.78742283984375 0.5576131689453125 0.7881944443359375 0.5596707822265625 0.786651234375
1 0.583847736328125 0.7885802470703125 0.58693415625 0.7480709873046875 0.5812757197265624 0.7376543212890625 0.567901234375 0.738040123046875 0.5637860078125 0.7418981484375 0.562242798828125 0.7507716044921875 0.5606995888671875 0.78742283984375 0.5632716044921875 0.789737654296875 0.5823045263671875 0.79012345703125 0.583847736328125 0.7885802470703125
1 0.611111111328125 0.77507716015625 0.6136831279296875 0.769290123046875 0.6136831279296875 0.7484567900390625 0.6116255146484375 0.744598765625 0.605967078125 0.7407407412109375 0.6018518515625 0.744212962890625 0.5915637861328125 0.7434413583984375 0.587962962890625 0.7511574072265625 0.5874485595703125 0.758487654296875 0.5864197529296875 0.789737654296875 0.60802469140625 0.79205246875 0.611111111328125 0.78742283984375 0.611111111328125 0.77507716015625
1 0.633230453125 0.793209876953125 0.636831275390625 0.744984568359375 0.6337448564453125 0.7426697529296875 0.6193415634765626 0.74112654296875 0.6126543212890625 0.7434413583984375 0.6100823046875 0.7712191357421875 0.6100823046875 0.793209876953125 0.6193415634765626 0.795138888671875 0.6316872431640626 0.795138888671875 0.633230453125 0.793209876953125
1 0.659979423828125 0.7627314814453126 0.659979423828125 0.7581018515625 0.6574074072265625 0.7538580244140625 0.655864197265625 0.7546296298828125 0.651234568359375 0.7515432099609375 0.6399176953125 0.7492283955078125 0.6363168720703125 0.755787037109375 0.634773662109375 0.7719907412109375 0.6337448564453125 0.7943672841796875 0.6399176953125 0.7974537041015625 0.65689300390625 0.7974537041015625 0.659979423828125 0.7627314814453126
1 0.68415637890625 0.79822530859375 0.6856995888671875 0.7654320986328125 0.6646090537109375 0.7581018515625 0.66100823046875 0.7627314814453126 0.6594650205078125 0.77237654296875 0.6589506171875 0.7970679013671875 0.67181069921875 0.8001543212890625 0.6826131689453125 0.8001543212890625 0.68415637890625 0.79822530859375
1 0.6954732509765625 0.8024691357421875 0.7103909462890625 0.8024691357421875 0.7124485595703125 0.800540123046875 0.7134773662109375 0.758487654296875 0.7052469140625 0.7546296298828125 0.700102880859375 0.7542438271484375 0.6970164609375 0.7604166669921875 0.687242798828125 0.76427469140625 0.6856995888671875 0.7708333330078125 0.6862139921875 0.79012345703125 0.6846707822265625 0.7935956787109375 0.6867283955078125 0.8001543212890625 0.6954732509765625 0.8024691357421875
1 0.7386831279296875 0.80362654296875 0.7412551435546875 0.763888888671875 0.7314814814453126 0.7627314814453126 0.7217078193359375 0.7596450615234375 0.720164609375 0.7573302470703125 0.7175925927734375 0.7577160498046875 0.715020576171875 0.761959876953125 0.712962962890625 0.7793209873046875 0.7114197529296875 0.8001543212890625 0.719135802734375 0.80362654296875 0.729938271484375 0.8047839501953125 0.7386831279296875 0.80362654296875
1 0.765946501953125 0.80362654296875 0.7664609052734375 0.7596450615234375 0.761831275390625 0.75617283984375 0.751028806640625 0.755401234375 0.7433127568359374 0.7627314814453126 0.7412551435546875 0.76967592578125 0.7397119345703125 0.8024691357421875 0.7525720166015625 0.8055555556640625 0.763888888671875 0.8047839501953125 0.765946501953125 0.80362654296875
1 0.7896090537109375 0.807484568359375 0.791152263671875 0.8055555556640625 0.793209876953125 0.7627314814453126 0.7896090537109375 0.7577160498046875 0.784979423828125 0.758487654296875 0.78600823046875 0.755015431640625 0.7793209873046875 0.7542438271484375 0.770061728515625 0.75617283984375 0.7654320986328125 0.761959876953125 0.76697530859375 0.7689043212890625 0.763888888671875 0.80362654296875 0.7757201650390625 0.8078703701171875 0.7896090537109375 0.807484568359375
1 0.8163580244140625 0.8105709873046875 0.8184156376953124 0.807098765625 0.818930041015625 0.7592592587890625 0.8173868310546875 0.7573302470703125 0.799897119140625 0.75617283984375 0.7937242802734376 0.7631172841796875 0.789094650390625 0.807098765625 0.7988683125 0.8105709873046875 0.8137860078125 0.8113425927734375 0.8163580244140625 0.8105709873046875
1 0.8446502060546875 0.8105709873046875 0.8467078193359375 0.7596450615234375 0.8456790126953125 0.7581018515625 0.827160494140625 0.7573302470703125 0.8204732509765625 0.761188271484375 0.8184156376953124 0.8078703701171875 0.8204732509765625 0.8105709873046875 0.83899176953125 0.812114197265625 0.8446502060546875 0.8105709873046875
1 0.8662551435546875 0.812885802734375 0.86882716015625 0.8109567900390625 0.8703703701171875 0.80362654296875 0.87294238671875 0.766589505859375 0.869855966796875 0.763888888671875 0.8503086416015625 0.76157407421875 0.84722222265625 0.7677469140625 0.8456790126953125 0.7942388115234374 0.8415637861328125 0.8105709873046875 0.848765431640625 0.8125 0.8662551435546875 0.812885802734375
1 0.878086419921875 0.81597222265625 0.895061728515625 0.8163580244140625 0.8986625517578125 0.8047839501953125 0.8976337451171875 0.79282407421875 0.899176955078125 0.7820216044921875 0.8976337451171875 0.775848765625 0.894032921875 0.7719907412109375 0.8883744853515625 0.7716049384765625 0.8837448564453125 0.7735339501953125 0.880144033203125 0.77237654296875 0.876028806640625 0.7731481484375 0.8734567900390625 0.775462962890625 0.8713991767578125 0.8032407412109375 0.86882716015625 0.809413580078125 0.869855966796875 0.812885802734375 0.878086419921875 0.81597222265625
1 0.9022633740234375 0.817901234375 0.91923868359375 0.8194444443359375 0.9238683125 0.817515431640625 0.9254115224609375 0.8113425927734375 0.92592592578125 0.7800925927734375 0.9202674892578125 0.7746913583984375 0.91512345703125 0.772762345703125 0.905864197265625 0.7719907412109375 0.9007201650390625 0.775462962890625 0.8986625517578125 0.792438271484375 0.90020576171875 0.8015046298828125 0.89609053515625 0.8140432099609375 0.9022633740234375 0.817901234375
1 0.93415637890625 0.8171296298828125 0.948045267578125 0.8202160498046875 0.9516460908203125 0.817515431640625 0.9526748974609375 0.7824074072265625 0.950102880859375 0.775462962890625 0.9454732509765625 0.77507716015625 0.937242798828125 0.7773919755859375 0.932098765625 0.7766203701171875 0.9284979423828125 0.7800925927734375 0.9274691357421875 0.7854938271484375 0.9279835390625 0.8024691357421875 0.9254115224609375 0.81597222265625 0.9264403291015625 0.817515431640625 0.93415637890625 0.8171296298828125
1 0.9804526748046875 0.80362654296875 0.980967078125 0.7827932099609375 0.9753086416015625 0.775848765625 0.9593621396484375 0.775462962890625 0.9562757197265624 0.7770061728515625 0.9516460908203125 0.795910494140625 0.9506172841796875 0.81867283984375 0.95318930078125 0.8206018515625 0.975823044921875 0.8217592587890625 0.9804526748046875 0.80362654296875
1 0.9994855966796875 0.775848765625 0.984053498046875 0.77507716015625 0.980967078125 0.7820216044921875 0.977880658203125 0.8206018515625 0.98302469140625 0.8248456787109375 0.9994855966796875 0.82677469140625 0.9994855966796875 0.775848765625
1 0.9994855966796875 0.8506944443359375 0.9706790126953125 0.849151234375 0.9660493828125 0.8530092587890625 0.9645061728515625 0.8587962958984375 0.962962962890625 0.9074074072265625 0.9660493828125 0.9089506171875 0.9994855966796875 0.9131944443359375 0.9994855966796875 0.8506944443359375
1 0.916152263671875 0.952160494140625 0.9362139921875 0.9564043212890625 0.956790123046875 0.9556327158203125 0.9614197529296875 0.9355709873046875 0.960905349609375 0.9104938271484375 0.954218107421875 0.9081790126953125 0.9274691357421875 0.9070216044921875 0.92181069921875 0.9050925927734375 0.89197530859375 0.9020061728515625 0.882201646484375 0.9023919755859375 0.8796296298828125 0.9101080244140625 0.8765432099609375 0.9382716044921875 0.8765432099609375 0.9448302470703125 0.8786008232421875 0.9471450615234375 0.916152263671875 0.952160494140625
1 0.9053497939453125 0.901234568359375 0.907921810546875 0.90007716015625 0.91100823046875 0.9023919755859375 0.9284979423828125 0.905864197265625 0.95987654296875 0.906635802734375 0.9634773662109375 0.897762345703125 0.9655349794921875 0.8622685185546874 0.9614197529296875 0.8591820986328125 0.91923868359375 0.8568672841796875 0.907921810546875 0.85455246875 0.8842592587890625 0.85455246875 0.880144033203125 0.8850308642578125 0.8791152265625 0.89737654296875 0.883230453125 0.900462962890625 0.8894032919921875 0.8996913583984375 0.9053497939453125 0.901234568359375
1 0.817901234375 0.891589505859375 0.8266460908203125 0.89467592578125 0.8523662548828125 0.897762345703125 0.87294238671875 0.8989197529296875 0.8755144033203125 0.897762345703125 0.8775720166015625 0.894290123046875 0.8827160498046875 0.855709876953125 0.880144033203125 0.852237654296875 0.8708847734375 0.8503086416015625 0.8533950615234375 0.84992283984375 0.8395061728515625 0.8464506171875 0.8194444443359375 0.8464506171875 0.8076131689453125 0.8445216044921875 0.804012345703125 0.8452932099609375 0.8024691357421875 0.8518518515625 0.7988683125 0.880015431640625 0.7993827158203125 0.886188271484375 0.8024691357421875 0.8908179013671875 0.817901234375 0.891589505859375
1 0.8544238681640625 0.942515431640625 0.873971193359375 0.943287037109375 0.8796296298828125 0.9077932099609375 0.8765432099609375 0.900462962890625 0.8287037041015625 0.8962191357421875 0.8086419755859375 0.892361111328125 0.8034979423828125 0.8927469140625 0.8004115224609375 0.8969907412109375 0.7988683125 0.92669753125 0.79681069921875 0.932098765625 0.7983539091796875 0.9355709873046875 0.8544238681640625 0.942515431640625
1 0.7649176953125 0.9332561728515625 0.793209876953125 0.93402777734375 0.797839505859375 0.9251543212890625 0.8004115224609375 0.8939043212890625 0.79681069921875 0.888888888671875 0.7268518515625 0.88387345703125 0.7227366259765625 0.8885030859375 0.721193416015625 0.911265431640625 0.721193416015625 0.925540123046875 0.7242798349609375 0.9282407412109375 0.753086419921875 0.9297839501953125 0.7649176953125 0.9332561728515625
1 0.7824074072265625 0.8881172841796875 0.7962962958984375 0.8885030859375 0.797839505859375 0.8873456787109375 0.8014403291015625 0.8479938271484375 0.79681069921875 0.8445216044921875 0.7865226337890625 0.844135802734375 0.779835390625 0.8410493828125 0.7772633740234375 0.83487654296875 0.772119341796875 0.831790123046875 0.7654320986328125 0.83294753125 0.7613168720703125 0.840663580078125 0.7592592587890625 0.841435185546875 0.7386831279296875 0.838734568359375 0.7263374482421875 0.8398919755859375 0.723765431640625 0.8449074072265625 0.7232510283203125 0.852237654296875 0.72222222265625 0.88117283984375 0.723765431640625 0.8842592587890625 0.7474279833984375 0.8846450615234375 0.7824074072265625 0.8881172841796875
1 0.704218107421875 0.9282407412109375 0.7083333330078125 0.9278549384765625 0.71193415625 0.9247685185546874 0.715020576171875 0.895061728515625 0.712962962890625 0.8850308642578125 0.706790123046875 0.8831018515625 0.647119341796875 0.8765432099609375 0.644032921875 0.8796296298828125 0.6424897119140625 0.895061728515625 0.64197530859375 0.9166666669921875 0.6435185185546874 0.9189814814453126 0.6543209873046875 0.922839505859375 0.704218107421875 0.9282407412109375
1 0.613168724609375 0.914737654296875 0.6265432099609375 0.9166666669921875 0.636831275390625 0.91512345703125 0.6404320986328125 0.8873456787109375 0.63786008203125 0.875 0.5715020576171875 0.8668981484375 0.5673868310546875 0.869212962890625 0.566872427734375 0.8734567900390625 0.56584362109375 0.9020061728515625 0.5684156376953124 0.909336419921875 0.6044238681640625 0.9155092587890625 0.613168724609375 0.914737654296875
1 0.6105967080078125 0.87152777734375 0.6183127568359374 0.8742283955078125 0.636831275390625 0.875385802734375 0.6404320986328125 0.866512345703125 0.6435185185546874 0.8302469140625 0.6424897119140625 0.820987654296875 0.62705761328125 0.817515431640625 0.58076131640625 0.8136574072265625 0.57407407421875 0.815586419921875 0.5694444443359375 0.826388888671875 0.567901234375 0.8626543212890625 0.570987654296875 0.8684413583984375 0.587962962890625 0.87152777734375 0.6105967080078125 0.87152777734375
1 0.720164609375 0.8823302470703125 0.7232510283203125 0.8422067900390625 0.7217078193359375 0.838348765625 0.7114197529296875 0.8360339501953125 0.695987654296875 0.8356481484375 0.6815843623046876 0.8333333330078125 0.6784979423828125 0.820987654296875 0.6594650205078125 0.8194444443359375 0.651234568359375 0.8221450615234375 0.647119341796875 0.838348765625 0.649176955078125 0.84992283984375 0.647119341796875 0.8742283955078125 0.683127572265625 0.880787037109375 0.720164609375 0.8823302470703125
1 0.554012345703125 0.8653549384765625 0.5637860078125 0.86612654296875 0.568930041015625 0.8217592587890625 0.5673868310546875 0.8140432099609375 0.5504115224609375 0.8105709873046875 0.503086419921875 0.8086419755859375 0.4974279833984375 0.8117283955078125 0.4933127568359375 0.824459876953125 0.4933127568359375 0.855709876953125 0.494855966796875 0.8591820986328125 0.549897119140625 0.866512345703125 0.554012345703125 0.8653549384765625
1 0.53806584375 0.9054783955078125 0.549897119140625 0.908564814453125 0.5637860078125 0.9077932099609375 0.5653292177734375 0.8761574072265625 0.5632716044921875 0.8684413583984375 0.557098765625 0.8668981484375 0.554012345703125 0.8680555556640625 0.54681069921875 0.8680555556640625 0.543209876953125 0.866512345703125 0.5396090537109375 0.8676697529296875 0.5365226337890625 0.8653549384765625 0.509773662109375 0.8649691357421875 0.49794238671875 0.8614969140625 0.4933127568359375 0.8649691357421875 0.491769546875 0.8765432099609375 0.4907407412109375 0.897762345703125 0.494855966796875 0.9016203701171875 0.509773662109375 0.9043209873046875 0.53806584375 0.9054783955078125
1 0.4876543212890625 0.8985339501953125 0.48919753125 0.8958333330078125 0.4897119345703125 0.86342592578125 0.4866255146484375 0.8595679013671875 0.424897119140625 0.8530092587890625 0.42181069921875 0.8533950615234375 0.4197530859375 0.855709876953125 0.4187242802734375 0.8912037041015625 0.420781892578125 0.8935185185546874 0.4686213994140625 0.900848765625 0.4876543212890625 0.8985339501953125
1 0.4583333330078125 0.8572530859375 0.4665637861328125 0.8599537041015625 0.48302469140625 0.858410494140625 0.4866255146484375 0.8568672841796875 0.48919753125 0.8530092587890625 0.48919753125 0.829089505859375 0.49794238671875 0.807098765625 0.473765431640625 0.8028549384765625 0.44907407421875 0.8024691357421875 0.435185185546875 0.800540123046875 0.4284979423828125 0.8032407412109375 0.4223251025390625 0.815586419921875 0.4223251025390625 0.8464506171875 0.424897119140625 0.8537808642578125 0.435185185546875 0.8560956787109375 0.4583333330078125 0.8572530859375
1 0.3523662548828125 0.84722222265625 0.375 0.8479938271484375 0.3837448564453125 0.8503086416015625 0.4104938271484375 0.8518518515625 0.4166666669921875 0.8483796298828125 0.418209876953125 0.8464506171875 0.4187242802734375 0.81597222265625 0.426954732421875 0.8032407412109375 0.4254115224609375 0.7989969140625 0.3662551435546875 0.793209876953125 0.3626543212890625 0.7939814814453126 0.3513374482421875 0.8043981484375 0.34979423828125 0.806712962890625 0.34979423828125 0.832561728515625 0.3503086416015625 0.84375 0.3523662548828125 0.84722222265625
1 0.30915637890625 0.844135802734375 0.316872427734375 0.8464506171875 0.3425925927734375 0.8479938271484375 0.346193416015625 0.846836419921875 0.348765431640625 0.843364197265625 0.3446502060546875 0.827160494140625 0.3467078193359375 0.8248456787109375 0.3477366259765625 0.806712962890625 0.35390946484375 0.7993827158203125 0.359053498046875 0.7962962958984375 0.3595679013671875 0.79282407421875 0.3554526748046875 0.7889660498046875 0.3004115224609375 0.7851080244140625 0.2854938271484375 0.795910494140625 0.279835390625 0.80362654296875 0.2782921806640625 0.8097993828125 0.278806583984375 0.83294753125 0.282921810546875 0.84375 0.2962962958984375 0.8429783955078125 0.30915637890625 0.844135802734375
1 0.2664609052734375 0.8449074072265625 0.272119341796875 0.8449074072265625 0.2772633740234375 0.8429783955078125 0.2793209873046875 0.8395061728515625 0.2782921806640625 0.8202160498046875 0.279835390625 0.8055555556640625 0.2844650205078125 0.7966820986328125 0.28600823046875 0.7966820986328125 0.28600823046875 0.7935956787109375 0.2952674892578125 0.7893518515625 0.2973251025390625 0.786651234375 0.2962962958984375 0.78472222265625 0.293209876953125 0.7831790126953125 0.287037037109375 0.784336419921875 0.2865226337890625 0.7827932099609375 0.2515432099609375 0.781635802734375 0.241769546875 0.784336419921875 0.2335390947265625 0.781635802734375 0.2263374482421875 0.786265431640625 0.2134773662109375 0.7989969140625 0.212962962890625 0.83487654296875 0.2165637861328125 0.840663580078125 0.227880658203125 0.84027777734375 0.2664609052734375 0.8449074072265625
1 0.1743827158203125 0.831790123046875 0.195987654296875 0.8337191357421875 0.2026748974609375 0.8371913583984375 0.20987654296875 0.8360339501953125 0.212962962890625 0.831790123046875 0.2103909462890625 0.8047839501953125 0.21193415625 0.7970679013671875 0.2263374482421875 0.78742283984375 0.2268518515625 0.7797067900390625 0.2217078193359375 0.7773919755859375 0.1995884775390625 0.775462962890625 0.1862139921875 0.77237654296875 0.1779835390625 0.7731481484375 0.168209876953125 0.77507716015625 0.1594650205078125 0.7800925927734375 0.1543209873046875 0.7839506171875 0.1507201650390625 0.789737654296875 0.1517489716796875 0.820987654296875 0.1543209873046875 0.829089505859375 0.1615226337890625 0.8287037041015625 0.1743827158203125 0.831790123046875
1 0.1147119345703125 0.8221450615234375 0.1476337451171875 0.82677469140625 0.1496913583984375 0.8248456787109375 0.1486625517578125 0.7939814814453126 0.1507201650390625 0.78742283984375 0.164094650390625 0.77507716015625 0.170781892578125 0.7766203701171875 0.1784979423828125 0.775848765625 0.1712962958984375 0.772762345703125 0.1486625517578125 0.7689043212890625 0.11882716015625 0.766589505859375 0.104938271484375 0.7677469140625 0.098765431640625 0.775848765625 0.095164609375 0.7766203701171875 0.0915637861328125 0.780864197265625 0.0910493828125 0.812885802734375 0.095164609375 0.8198302470703125 0.109053498046875 0.8194444443359375 0.1147119345703125 0.8221450615234375
1 0.0884773662109375 0.8560956787109375 0.0925925927734375 0.8541666669921875 0.094135802734375 0.852237654296875 0.0936213994140625 0.8344907412109375 0.0925925927734375 0.8229166669921875 0.0895061728515625 0.8190586416015625 0.0673868310546875 0.8171296298828125 0.041152263671875 0.8109567900390625 0.03600823046875 0.8113425927734375 0.03189300390625 0.8190586416015625 0.0324074072265625 0.8356481484375 0.0365226337890625 0.848765431640625 0.0766460908203125 0.8568672841796875 0.0884773662109375 0.8560956787109375
1 0.15020576171875 0.8645833330078125 0.15277777734375 0.85532407421875 0.149176955078125 0.8279320986328125 0.1435185185546875 0.8252314814453126 0.12705761328125 0.8229166669921875 0.1183127568359375 0.8229166669921875 0.1003086416015625 0.8198302470703125 0.0946502060546875 0.8206018515625 0.0956790126953125 0.852237654296875 0.0982510283203125 0.855709876953125 0.147119341796875 0.8657407412109375 0.15020576171875 0.8645833330078125
1 0.179012345703125 0.8711419755859375 0.1923868310546875 0.871913580078125 0.202160494140625 0.874614197265625 0.21193415625 0.875385802734375 0.2145061728515625 0.8742283955078125 0.2134773662109375 0.846836419921875 0.2103909462890625 0.8371913583984375 0.154835390625 0.8283179013671875 0.1522633740234375 0.8306327158203125 0.15277777734375 0.86419753125 0.154835390625 0.8668981484375 0.17181069921875 0.8684413583984375 0.179012345703125 0.8711419755859375
1 0.27777777734375 0.8792438271484375 0.2793209873046875 0.8722993828125 0.2782921806640625 0.8506944443359375 0.2731481484375 0.8452932099609375 0.258230453125 0.843364197265625 0.2515432099609375 0.840663580078125 0.223765431640625 0.838348765625 0.2165637861328125 0.84375 0.2175925927734375 0.8734567900390625 0.258230453125 0.880015431640625 0.2746913583984375 0.880401234375 0.27777777734375 0.8792438271484375
1 0.344135802734375 0.8823302470703125 0.3456790126953125 0.848765431640625 0.3173868310546875 0.8456790126953125 0.3112139921875 0.8429783955078125 0.3024691357421875 0.844135802734375 0.2854938271484375 0.8410493828125 0.282921810546875 0.8410493828125 0.280864197265625 0.846064814453125 0.280864197265625 0.877314814453125 0.2824074072265625 0.880015431640625 0.33693415625 0.8850308642578125 0.344135802734375 0.8823302470703125
1 0.375 0.888888888671875 0.41100823046875 0.8939043212890625 0.4156378603515625 0.892361111328125 0.4166666669921875 0.875 0.414094650390625 0.87152777734375 0.4135802470703125 0.86612654296875 0.418209876953125 0.8595679013671875 0.418209876953125 0.854938271484375 0.414094650390625 0.8518518515625 0.3842592587890625 0.8476080244140625 0.3703703701171875 0.848765431640625 0.3533950615234375 0.8464506171875 0.3482510283203125 0.84992283984375 0.3482510283203125 0.88387345703125 0.3503086416015625 0.886188271484375 0.3657407412109375 0.889660494140625 0.375 0.888888888671875
1 0.9845679013671875 0.9104938271484375 0.9665637861328125 0.90972222265625 0.962962962890625 0.91705246875 0.9593621396484375 0.9564043212890625 0.9994855966796875 0.96257716015625 0.9994855966796875 0.9131944443359375 0.9845679013671875 0.9104938271484375
1 0 0.60262345703125 0.0046296298828125 0.6068672841796875 0.0354938271484375 0.607638888671875 0.0375514404296875 0.604938271484375 0.037037037109375 0.5466820986328125 0.0334362138671875 0.543209876953125 0.00205761328125 0.5466820986328125 0.0025720166015625 0.5864197529296875 0 0.5929783955078125 0 0.60262345703125
1 0.0344650205078125 0.7372685185546874 0.034979423828125 0.707561728515625 0.0396090537109375 0.6948302470703125 0.0257201650390625 0.6948302470703125 0.018004115234375 0.6979166669921875 0.0149176953125 0.7010030859375 0.0154320986328125 0.735339505859375 0.020061728515625 0.7376543212890625 0.032921810546875 0.73842592578125 0.0344650205078125 0.7372685185546874
1 0 0.7364969140625 0.0123456787109375 0.7372685185546874 0.015946501953125 0.7349537041015625 0.013888888671875 0.699459876953125 0.011831275390625 0.6975308642578125 0.005144033203125 0.69637345703125 0 0.6975308642578125 0 0.7364969140625
1 0 0.80632716015625 0.026234568359375 0.8109567900390625 0.0293209873046875 0.80902777734375 0.0303497939453125 0.8028549384765625 0.028806583984375 0.776234568359375 0.03600823046875 0.7681327158203125 0.0488683125 0.761959876953125 0.0462962958984375 0.75887345703125 0.0396090537109375 0.7565586416015625 0.029835390625 0.755015431640625 0.0236625517578125 0.755787037109375 0.0041152265625 0.7515432099609375 0 0.7519290126953125 0 0.80632716015625
1 0 0.8429783955078125 0.0077160498046875 0.846836419921875 0.0205761318359375 0.8476080244140625 0.02520576171875 0.846064814453125 0.0293209873046875 0.84722222265625 0.030864197265625 0.8452932099609375 0.029835390625 0.8136574072265625 0.0185185185546875 0.809413580078125 0.0046296298828125 0.806712962890625 0 0.807484568359375 0 0.8429783955078125
1 0.0421810703125 0.7766203701171875 0.03189300390625 0.7793209873046875 0.0324074072265625 0.801311728515625 0.03600823046875 0.810185185546875 0.049897119140625 0.812114197265625 0.0576131689453125 0.81597222265625 0.075102880859375 0.8194444443359375 0.0884773662109375 0.818287037109375 0.090020576171875 0.8163580244140625 0.0905349794921875 0.7935956787109375 0.087962962890625 0.77237654296875 0.083847736328125 0.77237654296875 0.075102880859375 0.7654320986328125 0.0534979423828125 0.7635030859375 0.0504115224609375 0.7662037041015625 0.0473251025390625 0.764660494140625 0.045781892578125 0.7654320986328125 0.0493827158203125 0.7677469140625 0.0488683125 0.7712191357421875 0.0447530859375 0.77237654296875 0.0421810703125 0.7766203701171875
1 0.04681069921875 0.357638888671875 0.0406378603515625 0.355709876953125 0.02109053515625 0.3560956787109375 0.013888888671875 0.3591820986328125 0.0149176953125 0.4216820986328125 0.0462962958984375 0.422839505859375 0.0488683125 0.4158950615234375 0.04681069921875 0.357638888671875
1 0.0123456787109375 0.3684413583984375 0.0087448564453125 0.358410494140625 0.005144033203125 0.355709876953125 0.001028806640625 0.35532407421875 0 0.4220679013671875 0.0087448564453125 0.4224537041015625 0.01286008203125 0.420138888671875 0.0123456787109375 0.3684413583984375
1 0 0.503086419921875 0.0185185185546875 0.50347222265625 0.0231481484375 0.5 0.022119341796875 0.452160494140625 0.0185185185546875 0.4502314814453125 0 0.4502314814453125 0 0.503086419921875
1 0.060185185546875 0.5177469140625 0.0617283955078125 0.5158179013671875 0.0606995888671875 0.4537037041015625 0.0293209873046875 0.451388888671875 0.0236625517578125 0.452160494140625 0.02520576171875 0.5015432099609375 0.0313786005859375 0.5065586416015625 0.0365226337890625 0.516589505859375 0.060185185546875 0.5177469140625
1 0.098765431640625 0.519290123046875 0.0982510283203125 0.4564043212890625 0.0956790126953125 0.454089505859375 0.0745884775390625 0.454089505859375 0.0643004111328125 0.452160494140625 0.062242798828125 0.45447530859375 0.062757201171875 0.5181327158203125 0.0704732509765625 0.520061728515625 0.096193416015625 0.52044753125 0.098765431640625 0.519290123046875
1 0.1363168720703125 0.5219907412109375 0.1383744853515625 0.5015432099609375 0.1404320986328125 0.4980709873046875 0.1383744853515625 0.48842592578125 0.1394032919921875 0.4791666669921875 0.1373456787109375 0.4564043212890625 0.113168724609375 0.4552469140625 0.09979423828125 0.4564043212890625 0.1003086416015625 0.519290123046875 0.10390946484375 0.5212191357421875 0.115226337890625 0.52237654296875 0.1363168720703125 0.5219907412109375
1 0.0077160498046875 0.6716820986328125 0.026234568359375 0.6751543212890625 0.029835390625 0.672839505859375 0.0313786005859375 0.66705246875 0.030864197265625 0.6458333330078125 0.02777777734375 0.6296296298828125 0.02520576171875 0.6261574072265625 0.0154320986328125 0.6234567900390625 0.0077160498046875 0.624614197265625 0.0046296298828125 0.628086419921875 0.0036008232421875 0.630015431640625 0.0066872431640625 0.6385030859375 0.008230453125 0.6535493828125 0.0077160498046875 0.6716820986328125
1 0.1723251025390625 0.6855709873046875 0.1754115224609375 0.6577932099609375 0.1733539091796875 0.6400462958984375 0.168209876953125 0.63580246875 0.1646090537109375 0.6354166669921875 0.15020576171875 0.6354166669921875 0.1466049384765625 0.6377314814453126 0.147119341796875 0.666087962890625 0.145061728515625 0.682098765625 0.1563786005859375 0.6859567900390625 0.1723251025390625 0.6855709873046875
0 0.19921875 0.69140625 0.224609375 0.693359375 0.2236328125 0.70703125 0.2060546875 0.70703125 0.1982421875 0.7041015625 0.19921875 0.6923828125
0 0.751953125 0.3427734375 0.03515625 0.017578125
0 0.71484375 0.552734375 0.7177734375 0.5537109375 0.7177734375 0.56640625 0.7158203125 0.568359375 0.6923828125 0.568359375 0.6865234375 0.5673828125 0.685546875 0.564453125 0.6865234375 0.5537109375 0.6884765625 0.5517578125 0.7138671875 0.552734375
0 0.68115234375 0.73681640625 0.0322265625 0.0205078125
0 0.9638671875 0.333984375 0.96484375 0.3486328125 0.9619140625 0.3505859375 0.9326171875 0.3505859375 0.9287109375 0.345703125 0.9287109375 0.3369140625 0.9306640625 0.3349609375 0.962890625 0.333984375
0 0.615234375 0.72265625 0.6337890625 0.724609375 0.634765625 0.7373046875 0.6318359375 0.7392578125 0.60546875 0.7373046875 0.603515625 0.734375 0.6044921875 0.7236328125 0.6142578125 0.72265625
0 0.806640625 0.5732421875 0.8076171875 0.55859375 0.8388671875 0.5595703125 0.8408203125 0.5634765625 0.8388671875 0.5751953125 0.8076171875 0.5732421875
0 0.923828125 0.7470703125 0.923828125 0.759765625 0.921875 0.76171875 0.89453125 0.7607421875 0.890625 0.7587890625 0.890625 0.7490234375 0.892578125 0.7451171875 0.9208984375 0.7451171875 0.9228515625 0.7470703125
0 0.4755859375 0.9052734375 0.49609375 0.908203125 0.4970703125 0.9150390625 0.4951171875 0.921875 0.46875 0.9189453125 0.46875 0.90625 0.474609375 0.9052734375
0 0.080078125 0.6806640625 0.0966796875 0.6826171875 0.0986328125 0.6845703125 0.0986328125 0.6943359375 0.095703125 0.6962890625 0.076171875 0.6943359375 0.07421875 0.6923828125 0.07421875 0.68359375 0.0791015625 0.6806640625
0 0.2744140625 0.6962890625 0.2939453125 0.6982421875 0.2939453125 0.7119140625 0.26953125 0.7109375 0.267578125 0.708984375 0.267578125 0.69921875 0.2734375 0.6962890625
0 0.24609375 0.330078125 0.2509765625 0.33203125 0.2490234375 0.3427734375 0.24609375 0.3447265625 0.2236328125 0.3447265625 0.2216796875 0.3427734375 0.22265625 0.3310546875 0.2451171875 0.330078125
0 0.369140625 0.7734375 0.388671875 0.775390625 0.3896484375 0.787109375 0.38671875 0.7900390625 0.36328125 0.787109375 0.36328125 0.775390625 0.3681640625 0.7734375
0 0.5595703125 0.333984375 0.5654296875 0.3369140625 0.5654296875 0.3466796875 0.5634765625 0.349609375 0.53515625 0.3486328125 0.5361328125 0.333984375 0.55859375 0.333984375
0 0.873046875 0.3359375 0.884765625 0.3359375 0.890625 0.3388671875 0.892578125 0.359375 0.8896484375 0.361328125 0.833984375 0.359375 0.8330078125 0.341796875 0.8349609375 0.3369140625 0.8408203125 0.3349609375 0.8720703125 0.3359375
0 0.1416015625 0.328125 0.142578125 0.341796875 0.140625 0.3427734375 0.1181640625 0.3427734375 0.115234375 0.3408203125 0.115234375 0.3291015625 0.140625 0.328125
0 0.0986328125 0.857421875 0.103515625 0.859375 0.1025390625 0.873046875 0.0888671875 0.873046875 0.0791015625 0.8701171875 0.0791015625 0.859375 0.0810546875 0.857421875 0.09765625 0.857421875
0 0.2421875 0.53125 0.24609375 0.53515625 0.24609375 0.5439453125 0.244140625 0.5458984375 0.216796875 0.5439453125 0.216796875 0.533203125 0.21875 0.53125 0.2412109375 0.53125
0 0 0.5244140625 0.0263671875 0.525390625 0.0234375 0.541015625 0.01953125 0.544921875 0 0.5439453125 0 0.525390625
0 0.9267578125 0.8232421875 0.94921875 0.8251953125 0.95703125 0.828125 0.9619140625 0.84765625 0.9619140625 0.857421875 0.9599609375 0.8583984375 0.91796875 0.8564453125 0.90625 0.8525390625 0.9033203125 0.8251953125 0.908203125 0.822265625 0.92578125 0.8232421875
0 0.884765625 0.3359375 0.890625 0.3388671875 0.892578125 0.3447265625 0.892578125 0.359375 0.890625 0.361328125 0.8720703125 0.361328125 0.8681640625 0.359375 0.869140625 0.345703125 0.8720703125 0.3388671875 0.8837890625 0.3359375
0 0.6806640625 0.7451171875 0.6962890625 0.7470703125 0.6982421875 0.75 0.697265625 0.7626953125 0.6865234375 0.7646484375 0.6728515625 0.7626953125 0.6708984375 0.7607421875 0.6708984375 0.7470703125 0.6796875 0.7451171875
0 0.380859375 0.7041015625 0.388671875 0.70703125 0.388671875 0.716796875 0.384765625 0.7197265625 0.361328125 0.716796875 0.361328125 0.70703125 0.36328125 0.7041015625 0.3798828125 0.7041015625
0 0 0.3212890625 0.01953125 0.3203125 0.0224609375 0.32421875 0.01953125 0.330078125 0.013671875 0.3349609375 0.013671875 0.337890625 0 0.33984375 0 0.322265625
0 0.4521484375 0.7099609375 0.46875 0.7119140625 0.4697265625 0.7236328125 0.4677734375 0.7255859375 0.443359375 0.7236328125 0.44140625 0.7216796875 0.44140625 0.712890625 0.4443359375 0.7099609375 0.451171875 0.7099609375
0 0.802734375 0.7392578125 0.8291015625 0.740234375 0.833984375 0.7421875 0.833984375 0.7529296875 0.828125 0.755859375 0.8017578125 0.751953125 0.802734375 0.740234375
0 0.2099609375 0.759765625 0.23046875 0.76171875 0.232421875 0.763671875 0.232421875 0.7744140625 0.21875 0.775390625 0.2080078125 0.7734375 0.20703125 0.76171875 0.208984375 0.7607421875
0 0.7177734375 0.7490234375 0.734375 0.748046875 0.7470703125 0.751953125 0.74609375 0.76171875 0.7392578125 0.7646484375 0.71875 0.759765625 0.716796875 0.7568359375 0.7177734375 0.75
0 0.35546875 0.5361328125 0.375 0.5390625 0.375 0.55078125 0.3701171875 0.552734375 0.349609375 0.5517578125 0.34765625 0.5498046875 0.3486328125 0.537109375 0.3544921875 0.5361328125
0 0.33447265625 0.89697265625 0.02783203125 0.017578125
0 0.84765625 0.818359375 0.8759765625 0.8173828125 0.8984375 0.8212890625 0.90234375 0.8515625 0.900390625 0.853515625 0.89453125 0.853515625 0.875 0.8486328125 0.849609375 0.84765625 0.845703125 0.830078125 0.84765625 0.8193359375
0 0.07421875 0.74609375 0.091796875 0.74609375 0.09765625 0.7490234375 0.09765625 0.7587890625 0.095703125 0.7607421875 0.08984375 0.7607421875 0.0751953125 0.7587890625 0.0732421875 0.7568359375 0.07421875 0.7470703125
0 0.9423828125 0.95703125 0.95703125 0.958984375 0.95703125 0.9736328125 0.943359375 0.9736328125 0.921875 0.96875 0.923828125 0.9560546875 0.94140625 0.95703125
0 0.408203125 0.33203125 0.41015625 0.3349609375 0.41015625 0.345703125 0.408203125 0.34765625 0.3837890625 0.34765625 0.3818359375 0.345703125 0.3828125 0.3330078125 0.4072265625 0.33203125
0 0.98828125 0.69140625 0.02294921875 0.03515625
0 0.8173828125 0.8134765625 0.8349609375 0.818359375 0.8369140625 0.8408203125 0.8349609375 0.845703125 0.8310546875 0.8466796875 0.7880859375 0.8427734375 0.783203125 0.83984375 0.783203125 0.822265625 0.7861328125 0.8125 0.81640625 0.8134765625
0 0.697265625 0.8037109375 0.7099609375 0.8046875 0.7138671875 0.8076171875 0.712890625 0.8349609375 0.7099609375 0.8359375 0.6904296875 0.8349609375 0.681640625 0.83203125 0.6806640625 0.818359375 0.6826171875 0.8076171875 0.685546875 0.8037109375 0.6962890625 0.8037109375
0 0.19921875 0.7578125 0.2001953125 0.767578125 0.197265625 0.771484375 0.1904296875 0.76953125 0.189453125 0.7587890625 0.1923828125 0.7568359375 0.1982421875 0.7578125
0 0.5078125 0.7138671875 0.5224609375 0.716796875 0.5234375 0.7236328125 0.521484375 0.7294921875 0.494140625 0.7275390625 0.494140625 0.7158203125 0.49609375 0.7138671875 0.5068359375 0.7138671875
0 0.7421875 0.806640625 0.7607421875 0.80859375 0.7666015625 0.8125 0.7626953125 0.83984375 0.7236328125 0.837890625 0.712890625 0.8349609375 0.7138671875 0.8076171875 0.7158203125 0.8056640625 0.7412109375 0.806640625
0 0.56298828125 0.7265625 0.0302734375 0.0166015625
0 0.509765625 0.787109375 0.51171875 0.7900390625 0.51171875 0.80078125 0.5087890625 0.8017578125 0.4873046875 0.7998046875 0.4833984375 0.796875 0.484375 0.7861328125 0.4873046875 0.7841796875 0.5087890625 0.787109375
0 0.076171875 0.328125 0.1025390625 0.3291015625 0.1025390625 0.3388671875 0.1005859375 0.341796875 0.076171875 0.3408203125 0.076171875 0.3291015625
0 0.6435546875 0.3349609375 0.69140625 0.3349609375 0.6943359375 0.3388671875 0.6923828125 0.36328125 0.6416015625 0.36328125 0.638671875 0.361328125 0.6376953125 0.35546875 0.638671875 0.34375 0.6435546875 0.3359375
0 0.7744140625 0.736328125 0.7763671875 0.7392578125 0.7763671875 0.748046875 0.7744140625 0.7509765625 0.7568359375 0.7509765625 0.744140625 0.748046875 0.7451171875 0.7353515625 0.748046875 0.7333984375 0.7734375 0.736328125
0 0.64453125 0.921875 0.6513671875 0.9228515625 0.65234375 0.9248046875 0.6513671875 0.939453125 0.6220703125 0.935546875 0.623046875 0.921875 0.6435546875 0.921875
0 0.8505859375 0.3349609375 0.8564453125 0.337890625 0.8671875 0.3369140625 0.8701171875 0.3388671875 0.8671875 0.3583984375 0.8583984375 0.3603515625 0.833984375 0.359375 0.83203125 0.345703125 0.833984375 0.337890625 0.8388671875 0.3349609375 0.849609375 0.3349609375
0 0.9169921875 0.5615234375 0.919921875 0.5673828125 0.9189453125 0.5751953125 0.9169921875 0.576171875 0.888671875 0.576171875 0.88671875 0.5751953125 0.8857421875 0.5654296875 0.8876953125 0.5615234375 0.916015625 0.5615234375
0 0.228515625 0.876953125 0.23046875 0.8828125 0.2294921875 0.890625 0.212890625 0.890625 0.205078125 0.8876953125 0.2060546875 0.8759765625 0.2275390625 0.876953125
0 0.9814453125 0.7509765625 0.9990234375 0.7529296875 0.9990234375 0.7666015625 0.974609375 0.7646484375 0.97265625 0.7626953125 0.97265625 0.75390625 0.9736328125 0.751953125 0.98046875 0.7509765625
0 0.326171875 0.771484375 0.3505859375 0.7724609375 0.3525390625 0.775390625 0.3515625 0.7861328125 0.3359375 0.7861328125 0.326171875 0.7841796875 0.326171875 0.7724609375