1 0 0.32241762890625 0.036954837890625 0.322483228515625 0.0446562451171875 0.3215770771484375 0.0482228544921875 0.319585515625 0.0484005205078125 0.3002893525390625 0.0455461015625 0.2841330048828125 0.0393338037109375 0.2819262724609375 0.0254335634765625 0.2813971806640625 0 0.2825109404296875 0 0.32241762890625
1 0 0.3613663583984375 0.048435712890625 0.3612548134765625 0.05253011328125 0.36002576171875 0.0516521962890625 0.3392045791015625 0.04728846875 0.3250038828125 0.042612412109375 0.322384474609375 0.0318317880859375 0.3237302353515625 0.0096821494140625 0.3221875517578125 0 0.3232295849609375 0 0.3613663583984375
1 0 0.3999740810546875 0.0100136015625 0.400125736328125 0.0146088603515625 0.3981162197265625 0.036257640625 0.4004393681640625 0.05373122265625 0.399362642578125 0.0562220498046875 0.3946888310546875 0.0525907119140625 0.3634974560546875 0.0484491796875 0.3620263017578125 0.0129472919921875 0.3618742666015625 0.009367216796875 0.36309433984375 0 0.3626474482421875 0 0.3999740810546875
1 0.058685943359375 0.38847204296875 0.05828608203125 0.3950386630859375 0.06089810546875 0.39730823828125 0.101062583984375 0.399308193359375 0.115964541015625 0.39827635546875 0.1195311494140625 0.396284794921875 0.11894536328125 0.362725091796875 0.1173821884765625 0.36159479296875 0.11375498046875 0.3601146611328125 0.1029676240234375 0.3610746787109375 0.09626119921875 0.3600341552734375 0.061307302734375 0.3618018623046875 0.0557103271484375 0.36537230859375 0.05495773828125 0.381205755859375 0.058685943359375 0.38847204296875
1 0.1663818525390625 0.398168041015625 0.1853782099609375 0.39590715234375 0.1868605849609375 0.3924085263671875 0.1816862734375 0.361244083984375 0.1312285634765625 0.3590379365234375 0.1235271552734375 0.359944087890625 0.1204816044921875 0.362312416015625 0.119580884765625 0.3696595009765625 0.1222535078125 0.3754007685546875 0.1215278505859375 0.3927771904296875 0.1231179580078125 0.3954504638671875 0.1663818525390625 0.398168041015625
1 0.0808283974609375 0.242229998046875 0.0551188837890625 0.243064619140625 0.051031216796875 0.2446794150390625 0.05319364453125 0.2801409033203125 0.09489436328125 0.2817281826171875 0.101607521484375 0.28315444921875 0.1123679453125 0.28065145703125 0.11436725 0.247818353515625 0.1112005029296875 0.2432432958984375 0.0808283974609375 0.242229998046875
1 0.1146044384765625 0.320356126953125 0.116580939453125 0.3156912919921875 0.1140051845703125 0.2860249365234375 0.11190075390625 0.283360640625 0.1031639619140625 0.28389900390625 0.08511545703125 0.2815130126953125 0.0568208525390625 0.28162103515625 0.05273991796875 0.2836215751953125 0.0517718671875 0.28711122265625 0.053866962890625 0.3187152744140625 0.0899303076171875 0.3215585380859375 0.1130816630859375 0.3215402900390625 0.1146044384765625 0.320356126953125
1 0.1185413720703125 0.3395804697265625 0.1162551435546875 0.32650109375 0.1125538720703125 0.32077778125 0.1038372802734375 0.322473375 0.08631656640625 0.3208498935546875 0.0580286943359375 0.32134366015625 0.054969677734375 0.3229405 0.054109357421875 0.3326020478515625 0.059182671875 0.3579803349609375 0.068480919921875 0.360133201171875 0.117849380859375 0.358885609375 0.1185413720703125 0.3395804697265625
1 0.1164758115234375 0.280193892578125 0.118052453125 0.2820956787109375 0.14891194921875 0.2815570244140625 0.1577228056640625 0.2852618427734375 0.1746820625 0.284194095703125 0.1797781796875 0.28140411328125 0.18152575390625 0.2636239921875 0.1785838037109375 0.2424529765625 0.1677493134765625 0.240712787109375 0.149233615234375 0.24103598046875 0.1389740498046875 0.2427585068359375 0.1214668017578125 0.24190651171875 0.1163774169921875 0.24508223828125 0.1188858408203125 0.27089115625 0.1164758115234375 0.280193892578125
1 0.1794430478515625 0.3211536708984375 0.1777680126953125 0.2841402294921875 0.1401751591796875 0.28209538671875 0.137109408203125 0.2833064833984375 0.119101302734375 0.283234955078125 0.116055751953125 0.285603283203125 0.1163722109375 0.3037332373046875 0.119714021484375 0.3183376328125 0.1490574765625 0.319368884765625 0.168655689453125 0.3221136875 0.1794430478515625 0.3211536708984375
1 0.176509357421875 0.3594051416015625 0.1826543251953125 0.357754435546875 0.18262326171875 0.326500216796875 0.178948921875 0.3223198798828125 0.166090798828125 0.3225443193359375 0.14752796875 0.3201673056640625 0.12233951171875 0.3213786943359375 0.1213781943359375 0.3252540869140625 0.1252410625 0.340235248046875 0.125002798828125 0.3560597177734375 0.12656597265625 0.357190015625 0.176509357421875 0.3594051416015625
1 0.1811719482421875 0.3612530615234375 0.1307209716796875 0.3594326572265625 0.1209891962890625 0.3619176943359375 0.1200952099609375 0.3696505234375 0.122240041015625 0.37462928125 0.123111224609375 0.3950647197265625 0.16586752734375 0.3981770185546875 0.184863884765625 0.3959161298828125 0.185831935546875 0.3924264814453125 0.1811719482421875 0.3612530615234375
1 0.1941553994140625 0.397683251953125 0.22813451171875 0.3990194501953125 0.24815278515625 0.39635486328125 0.2465383486328125 0.362813115234375 0.243919591796875 0.3601577978515625 0.22124889453125 0.35823834765625 0.18578740625 0.360400775390625 0.1837435732421875 0.361208173828125 0.1838647705078125 0.368151560546875 0.186346259765625 0.39241750390625 0.1889784833984375 0.3958443095703125 0.1941553994140625 0.397683251953125
1 0.31087349609375 0.3937166240234375 0.308248005859375 0.3906755615234375 0.30667396875 0.3594482763671875 0.28865912890625 0.3589910048828125 0.2834889462890625 0.3575378056640625 0.25570193359375 0.3572511064453125 0.249035908203125 0.358525046875 0.247005541015625 0.3601039326171875 0.2485257138671875 0.388245267578125 0.2522808515625 0.3970545302734375 0.2996189453125 0.39738582421875 0.31087349609375 0.3937166240234375
1 0.246181490234375 0.3423686982421875 0.2433068720703125 0.325055119140625 0.2412091728515625 0.3227765673828125 0.214423876953125 0.320928939453125 0.184105638671875 0.3230015908203125 0.1862680654296875 0.3584630791015625 0.218670537109375 0.3578974921875 0.2315623271484375 0.359601771484375 0.2428707421875 0.3590185205078125 0.244901109375 0.3574396357421875 0.246181490234375 0.3423686982421875
1 0.24408639453125 0.310764646484375 0.24102998046875 0.28303598828125 0.2363741240234375 0.2815738115234375 0.1941927451171875 0.281924228515625 0.1803463701171875 0.2844810859375 0.1813858837890625 0.3145601171875 0.1856486123046875 0.322974658203125 0.215439060546875 0.3201394970703125 0.2267811416015625 0.32148496484375 0.242705015625 0.3200494296875 0.24408639453125 0.310764646484375
1 0.296116615234375 0.285161337890625 0.3042986826171875 0.282317490234375 0.3077601630859375 0.244828529296875 0.3051481396484375 0.2425589560546875 0.292296748046875 0.2431691376953125 0.279404958984375 0.241464859375 0.2634810859375 0.2429003955078125 0.2500817041015625 0.2415908369140625 0.2449855869140625 0.2443808193359375 0.245077248046875 0.27910673046875 0.2471816806640625 0.2817710263671875 0.2852484599609375 0.2814924287109375 0.296116615234375 0.285161337890625
1 0.296255408203125 0.3225874541015625 0.3054795927734375 0.3204971396484375 0.3072675654296875 0.3050314814453125 0.306423314453125 0.2861390166015625 0.3037910908203125 0.2827122109375 0.2487246552734375 0.28174409375 0.2451849794921875 0.2852786298828125 0.246258158203125 0.3172863798828125 0.2484029892578125 0.3222651376953125 0.2550555478515625 0.3202197109375 0.288506869140625 0.320793400390625 0.296255408203125 0.3225874541015625
1 0.305005666015625 0.3228205791015625 0.294725900390625 0.323385875 0.2720417373046875 0.3206949384765625 0.247881931640625 0.32188837109375 0.2463995546875 0.325386998046875 0.249015708984375 0.3573678154296875 0.2932947861328125 0.3592959501953125 0.3025526357421875 0.3591343544921875 0.308163078125 0.3563353935546875 0.3070898994140625 0.3243276435546875 0.305005666015625 0.3228205791015625
1 0.3067143681640625 0.3617627392578125 0.304609935546875 0.359098443359375 0.2490426416015625 0.3589107900390625 0.2475198662109375 0.360094955078125 0.24851898046875 0.3878595234375 0.25226065234375 0.3958972978515625 0.27029569140625 0.3975118017578125 0.2996189453125 0.39738582421875 0.3083018720703125 0.39376151171875 0.3067143681640625 0.3617627392578125
1 0.366525267578125 0.2808454599609375 0.3688477646484375 0.2665280546875 0.3653241572265625 0.2415085791015625 0.3508691943359375 0.238674001953125 0.3442233681640625 0.241105171875 0.333916669921875 0.2401274921875 0.327264111328125 0.242172919921875 0.3128562802734375 0.2420385478515625 0.3087820791015625 0.244424830078125 0.3104436484375 0.2806667841796875 0.3516367763671875 0.2826487841796875 0.362437599609375 0.2824602548828125 0.366525267578125 0.2808454599609375
1 0.3683510361328125 0.2970197626953125 0.366037875 0.282397412109375 0.323308505859375 0.280828087890625 0.3130287392578125 0.2813933837890625 0.30791915625 0.2834118779296875 0.3106363076171875 0.3211788515625 0.319900890625 0.3214029990234375 0.33015372265625 0.319294728515625 0.3528311533203125 0.3215999208984375 0.3677196435546875 0.3197965966796875 0.3683510361328125 0.2970197626953125
1 0.367238984375 0.32173429296875 0.3595039111328125 0.3207117255859375 0.3482089609375 0.322066462890625 0.3384031220703125 0.320308318359375 0.310663240234375 0.322721826171875 0.311756619140625 0.3558868076171875 0.3570778134765625 0.3585684736328125 0.368386228515625 0.357985224609375 0.3707087255859375 0.3436678193359375 0.369323216796875 0.323241357421875 0.367238984375 0.32173429296875
1 0.3572300732421875 0.3967660791015625 0.3690326142578125 0.39501662109375 0.36900155078125 0.36376240234375 0.3674047109375 0.3607033857421875 0.3637707705078125 0.358837509765625 0.357091279296875 0.3593399619140625 0.3467576474609375 0.3568193076171875 0.313333259765625 0.3577885927734375 0.30926579296875 0.360560619140625 0.3092699228515625 0.39027186328125 0.313972912109375 0.39443424609375 0.3325357421875 0.396811259765625 0.3572300732421875 0.3967660791015625
1 0.4306299599609375 0.239596939453125 0.432667060546875 0.2384037978515625 0.4332311201171875 0.21176952734375 0.430605630859375 0.20872846484375 0.41307818359375 0.2067192412109375 0.3955978681640625 0.2074102216796875 0.3920245263671875 0.2090160390625 0.3776099619140625 0.2084959248046875 0.3730079697265625 0.210119697265625 0.37217458203125 0.2213242197265625 0.3755567919921875 0.238243078125 0.3987418125 0.240153548828125 0.4306299599609375 0.239596939453125
1 0.466796875 0.2216796875 0.064453125 0.03515625
1 0.53125 0.220703125 0.060546875 0.033203125
1 0.3994140625 0.2587890625 0.060546875 0.0400390625
1 0.46630859375 0.25830078125 0.060546875 0.0439453125
1 0.5283203125 0.2578125 0.05859375 0.044921875
1 0.39990234375 0.30078125 0.06640625 0.04296875
1 0.46484375 0.2978515625 0.060546875 0.0390625
1 0.52783203125 0.29736328125 0.0673828125 0.0439453125
1 0.40625 0.34033203125 0.0712890625 0.0400390625
1 0.466796875 0.33544921875 0.0654296875 0.0439453125
1 0.529296875 0.33642578125 0.0576171875 0.041015625
1 0.52783203125 0.3740234375 0.05859375 0.037109375
1 0.46630859375 0.37744140625 0.0595703125 0.041015625
1 0.4033203125 0.3759765625 0.0615234375 0.037109375
1 0.59033203125 0.25732421875 0.0537109375 0.041015625
1 0.6455078125 0.259765625 0.0576171875 0.033203125
1 0.70849609375 0.2578125 0.060546875 0.0380859375
1 0.767578125 0.25634765625 0.0556640625 0.037109375
1 0.8251953125 0.2548828125 0.0615234375 0.041015625
1 0.87548828125 0.25244140625 0.03515625 0.044921875
1 0.58935546875 0.29443359375 0.05859375 0.0380859375
1 0.65185546875 0.2958984375 0.056640625 0.041015625
1 0.712890625 0.294921875 0.0634765625 0.0380859375
1 0.77392578125 0.29443359375 0.0615234375 0.0390625
1 0.83349609375 0.291015625 0.0517578125 0.033203125
1 0.8779296875 0.291015625 0.033203125 0.0361328125
1 0.5908203125 0.333984375 0.052734375 0.03515625
1 0.6409582509765624 0.3520698779296875 0.661490849609375 0.3493963125 0.679525888671875 0.35101081640625 0.681556255859375 0.349431931640625 0.6860572490234375 0.342022001953125 0.6869647021484375 0.33506066015625 0.685666724609375 0.3196488671875 0.6830412353515625 0.3166078056640625 0.675299427734375 0.315199494140625 0.6315952734375 0.3167340751953125 0.6254570400390626 0.318770525390625 0.6249401123046875 0.348105001953125 0.627558869140625 0.3507603193359375 0.6409582509765624 0.3520698779296875
1 0.696512078125 0.35148604296875 0.716002560546875 0.3480589453125 0.74225333203125 0.3487583203125 0.7438056435546875 0.3197916328125 0.7406186953125 0.314059341796875 0.72671172265625 0.313144505859375 0.7241670302734375 0.3147323681640625 0.7215752060546875 0.3136200244140625 0.6922788837890625 0.315288978515625 0.689206400390625 0.3161143310546875 0.6882316162109375 0.3192182353515625 0.6882290126953124 0.348543734375 0.6903267119140625 0.350822287109375 0.696512078125 0.35148604296875
1 0.7674754541015625 0.3494756513671875 0.7926773759765625 0.34903575 0.80041918359375 0.3504440615234375 0.8044933837890625 0.34805777734375 0.805470771484375 0.3156283740234375 0.8028385478515625 0.3122015673828125 0.7575712197265625 0.3126058515625 0.746790595703125 0.313951611328125 0.74425263671875 0.3159252177734375 0.744250033203125 0.345250716796875 0.7458334072265626 0.34753824609375 0.7566207646484375 0.34657823046875 0.7674754541015625 0.3494756513671875
1 0.861552390625 0.315807048828125 0.858926900390625 0.312765986328125 0.811602271484375 0.3132061806640625 0.808042396484375 0.3155834853515625 0.8076156025390625 0.320607130859375 0.8074648701171875 0.34144626953125 0.8106450830078125 0.3467928154296875 0.8214257080078124 0.3454470556640625 0.8466410966796875 0.3457786416015625 0.8604740048828124 0.342450296875 0.861552390625 0.315807048828125
1 0.876953125 0.328125 0.03125 0.0400390625
1 0.59033203125 0.3740234375 0.06640625 0.0380859375
1 0.654296875 0.37255859375 0.056640625 0.0361328125
1 0.71435546875 0.369140625 0.0546875 0.0322265625
1 0.833984375 0.3671875 0.0576171875 0.0400390625
1 0.87646484375 0.365234375 0.0302734375 0.0400390625
1 0.043032923828125 0.4643740703125 0.038864458984375 0.46135994140625 0.0239355693359375 0.460848802734375 0.01109764453125 0.462230474609375 0.0080520947265625 0.4645988017578125 0.0136640625 0.5208365849609375 0.022447986328125 0.5229984287109375 0.0502013330078125 0.521356408203125 0.0521576357421875 0.5155343427734375 0.0480187060546875 0.4847376884765625 0.043032923828125 0.4643740703125
1 0.0635603154296875 0.52035150390625 0.0892630966796875 0.5191311376953125 0.090758939453125 0.516403998046875 0.0892657001953125 0.4898056376953125 0.08364439453125 0.462507611328125 0.076917771484375 0.4603098564453125 0.0466062646484375 0.4627682529296875 0.043032923828125 0.4643740703125 0.045705544921875 0.470115337890625 0.049303216796875 0.499377994140625 0.05372754296875 0.5170503837890625 0.0635603154296875 0.52035150390625
1 0.112448119140625 0.521041609375 0.129908234375 0.519193396484375 0.13139734375 0.516080513671875 0.129477310546875 0.494505798828125 0.1232474150390625 0.461816337890625 0.1170351162109375 0.45960960546875 0.108278126953125 0.4589907373046875 0.090283486328125 0.4596906953125 0.0872244697265625 0.4612875361328125 0.085728626953125 0.4640146748046875 0.0938852880859375 0.518664595703125 0.102094287109375 0.5173637236328125 0.112448119140625 0.521041609375
1 0.1689969296875 0.5185111005859375 0.1705129716796875 0.516941193359375 0.170337908203125 0.5069118564453124 0.164366478515625 0.4595551572265625 0.1360449404296875 0.4581202041015625 0.12526431640625 0.45946596484375 0.1242625986328125 0.46102689453125 0.1335085087890625 0.5191305537109375 0.1406551923828125 0.51591891796875 0.1442622001953125 0.516241818359375 0.1479163408203125 0.51926492578125 0.1689969296875 0.5185111005859375
1 0.2079064326171875 0.4780882255859375 0.2039829658203125 0.4596353701171875 0.199827966796875 0.4573927294921875 0.186976576171875 0.4580029111328125 0.17562776171875 0.4562717001953125 0.16999038671875 0.4575276845703125 0.167973486328125 0.459878056640625 0.1672141640625 0.475325759765625 0.1720626796875 0.5173000048828125 0.1890623349609375 0.5185467197265625 0.210129458984375 0.517021408203125 0.2079064326171875 0.4780882255859375
1 0.2332321552734375 0.4552662119140625 0.213674341796875 0.4548358720703125 0.2070554482421875 0.458810017578125 0.2126876171875 0.5162050322265626 0.216308091796875 0.517299419921875 0.2481895048828125 0.5163570673828125 0.25070053125 0.5128404853515625 0.247260326171875 0.4631244345703125 0.24150175390625 0.4574370322265625 0.2332321552734375 0.4552662119140625
1 0.260518310546875 0.456333375 0.2517882529296875 0.4572574814453125 0.2492502939453125 0.459231087890625 0.252277171875 0.514742271484375 0.2553900546875 0.516231380859375 0.2898296259765625 0.5144726513671875 0.2904946845703125 0.493624537109375 0.2867892822265625 0.45818998046875 0.282634283203125 0.45594733984375 0.260518310546875 0.456333375
1 0.289895431640625 0.4592933466796875 0.292394517578125 0.5140420205078124 0.3283972646484375 0.5134135908203125 0.33093522265625 0.5114399833984375 0.3274276865234375 0.45786649609375 0.323259220703125 0.4548523671875 0.3083437978515625 0.455112716796875 0.292927515625 0.45615353125 0.289895431640625 0.4592933466796875
1 0.3530983271484375 0.513754154296875 0.36646404296875 0.5131349931640625 0.37516716796875 0.510667912109375 0.3765889453125 0.5036975927734375 0.3744104482421875 0.4967901162109375 0.3721470234375 0.45554247265625 0.36230078515625 0.451469865234375 0.3551002353515625 0.4515955517578125 0.3474324931640625 0.4544304208984375 0.3407395361328125 0.4541613857421875 0.3320566103515625 0.4577856982421875 0.333513580078125 0.51178083984375 0.33508348828125 0.5132968818359375 0.3530983271484375 0.513754154296875
1 0.39697265625 0.4814453125 0.0400390625 0.0673828125
1 0.435546875 0.48095703125 0.0390625 0.0625
1 0.47314453125 0.4775390625 0.0439453125 0.06640625
1 0.51171875 0.47265625 0.029296875 0.0751953125
1 0.527264427734375 0.440873189453125 0.5252811943359375 0.4451522802734375 0.525009263671875 0.4590480322265625 0.526385435546875 0.5084142490234375 0.5289839921875 0.5099123359375 0.5511066982421875 0.5099120439453125 0.554646375 0.5063775078125 0.5535152001953125 0.4415725634765625 0.5395947607421875 0.439886240234375 0.527264427734375 0.440873189453125
1 0.5864521962890625 0.44215523046875 0.58436123046875 0.440262421875 0.5699399326171875 0.4393565634765625 0.561209875 0.4402806689453125 0.5586853828125 0.4430257626953125 0.5575329326171875 0.46542583203125 0.5592954990234374 0.5074539404296875 0.5629294384765625 0.50931981640625 0.58812462890625 0.5084941708984375 0.588785556640625 0.4579348125 0.5864521962890625 0.44215523046875
1 0.6013070205078125 0.4384231875 0.591047455078125 0.4401457138671875 0.588022103515625 0.4436712734375 0.589126345703125 0.5069332412109375 0.5917451025390625 0.50958855859375 0.6164192333984375 0.5083861484375 0.6183957353515624 0.5037213134765625 0.6173251591796876 0.4423880634765625 0.614178611328125 0.438970236328125 0.6013070205078125 0.4384231875
1 0.6357667919921876 0.437821689453125 0.62190021875 0.4392213154296875 0.6199169833984375 0.44350040625 0.620439568359375 0.5029139150390625 0.6256568828125 0.5070673203125 0.644700373046875 0.5075066376953125 0.648781306640625 0.5055060986328125 0.647677064453125 0.442244130859375 0.64245975 0.4380907255859375 0.6357667919921876 0.437821689453125
1 0.64865858203125 0.4395259697265625 0.6502973486328125 0.5039361904296875 0.6539447548828125 0.5065735537109375 0.675038810546875 0.506591216796875 0.678064162109375 0.503065658203125 0.6774069140625 0.435937275390625 0.6748150888671876 0.4348249326171875 0.652705849609375 0.4355967109375 0.64865858203125 0.4395259697265625
1 0.6974655869140625 0.4355871494140625 0.684587263671875 0.4346543583984375 0.679558478515625 0.4413017763671875 0.6801012626953125 0.5018725166015625 0.6821989619140625 0.5041510693359375 0.7032862841796875 0.50378298828125 0.706331833984375 0.50141466015625 0.7071786884765625 0.490981625 0.7068244326171875 0.441211708984375 0.6974655869140625 0.4355871494140625
1 0.7375829326171875 0.4348868994140625 0.736013025390625 0.4333708564453125 0.722119517578125 0.4332275078125 0.710824568359375 0.4345822451171875 0.70727142578125 0.437345294921875 0.70738068359375 0.5025539365234375 0.7105204990234375 0.5055860205078125 0.7341727138671875 0.50478730859375 0.7361828818359375 0.5020511923828125 0.7377351923828125 0.47308450390625 0.7375829326171875 0.4348868994140625
1 0.7696342021484375 0.502624880859375 0.7793727099609375 0.500525587890625 0.7766731552734375 0.493241345703125 0.7784569970703125 0.4480644443359375 0.7768668896484375 0.4453911708984375 0.768076234375 0.442843583984375 0.741865861328125 0.4444586708984375 0.7398354951171875 0.446037556640625 0.73842718359375 0.45377936328125 0.73822671484375 0.5012437939453125 0.7408252724609375 0.5027418818359375 0.7511252373046875 0.5033338173828125 0.7696342021484375 0.502624880859375
1 0.811360328125 0.446718392578125 0.8097971533203125 0.4455880927734375 0.78408090625 0.4460369716796875 0.7805075634765625 0.4476427900390625 0.77954624609375 0.4515181826171875 0.77700568359375 0.4828172880859375 0.779873568359375 0.4997451240234375 0.7835075087890625 0.5016109990234375 0.8092170234375 0.500776376953125 0.8112541240234376 0.499583234375 0.811360328125 0.446718392578125
1 0.8516258037109375 0.4545045029296875 0.8514709404296875 0.4456323974609375 0.8257277607421875 0.44453830078125 0.8164833779296875 0.445471384765625 0.8144530107421875 0.44705026953125 0.8147937998046875 0.49604869921875 0.820004380859375 0.4998163603515625 0.847263603515625 0.499340548828125 0.84873924609375 0.4954561787109375 0.8478276630859375 0.47270627734375 0.8516258037109375 0.4545045029296875
1 0.8801871328125 0.4991517275390625 0.8837133427734375 0.4948457041015625 0.8871411572265625 0.455428025390625 0.886418103515625 0.443478947265625 0.8802192724609375 0.442043703125 0.8565805244140625 0.44361390234375 0.847423671875 0.449561654296875 0.85168640234375 0.4579761953125 0.8499118955078125 0.474213341796875 0.8508504111328125 0.49850621875 0.8555062685546875 0.4999683955078125 0.8801871328125 0.4991517275390625
1 0.4908032001953125 0.6510322744140625 0.49360375390625 0.6641026728515625 0.495779646484375 0.7003356484375 0.4973495546875 0.70185169140625 0.5009296298828125 0.7006316171875 0.5153441943359375 0.701151732421875 0.5189040703125 0.6987744267578125 0.518848677734375 0.6366517353515625 0.516730779296875 0.633215951171875 0.5141456875 0.6324893525390625 0.49665190625 0.632408845703125 0.4941004814453125 0.63361096484375 0.4916433212890625 0.6402134951171875 0.493273828125 0.6452012314453125 0.4908032001953125 0.6510322744140625
1 0.5465885595703125 0.6342382265625 0.5434622099609375 0.631977630859375 0.5244254541015625 0.631924056640625 0.5203310537109375 0.6331531083984375 0.5193495361328125 0.63587126953125 0.5194251279296875 0.699151193359375 0.523559927734375 0.700236603515625 0.54616329296875 0.698298615234375 0.5486339189453125 0.692467572265625 0.5482257978515624 0.6396117060546875 0.5465885595703125 0.6342382265625
1 0.773500125 0.6356795283203125 0.7729076044921875 0.60173408203125 0.775364765625 0.59513155078125 0.78454181640625 0.5903410302734375 0.7778219267578125 0.58852901953125 0.7423469716796876 0.5899199599609375 0.741338521484375 0.591095146484375 0.732985521484375 0.613620900390625 0.7377558427734375 0.6216407197265625 0.7395546787109375 0.6362720478515625 0.752947326171875 0.6371958623046875 0.773500125 0.6356795283203125
1 0.80232925390625 0.6367197587890625 0.8048806796875 0.6355176396484375 0.8066888515625 0.6212092119140625 0.8091729453125 0.6161496552734375 0.812782556640625 0.5871470576171876 0.8116933076171875 0.583693318359375 0.799342775390625 0.583523037109375 0.7814356669921875 0.5892376640625 0.7740776513671875 0.609816744140625 0.773500125 0.6356795283203125 0.780720873046875 0.6367110732421875 0.79304447265625 0.6353383798828125 0.80232925390625 0.6367197587890625
1 0.7956845048828125 0.5507886875 0.7987300556640625 0.548420359375 0.8004574296875 0.5294830078125 0.797257015625 0.5229792294921874 0.724202673828125 0.523096814453125 0.7206158662109375 0.52393114453125 0.719133490234375 0.5274297705078125 0.71638419921875 0.5467708212890625 0.71746671484375 0.54983881640625 0.7242202705078125 0.5535795458984375 0.785939263671875 0.552502236328125 0.7956845048828125 0.5507886875
1 0.8240127763671875 0.5526093828125 0.83014427734375 0.5501871904296874 0.8496818916015625 0.5494602978515625 0.853843623046875 0.55208868359375 0.8774352392578125 0.5478182783203125 0.880453857421875 0.543906974609375 0.8822014306640625 0.5261268544921875 0.880056599609375 0.521148095703125 0.8141624072265625 0.518825533203125 0.804938224609375 0.52091584765625 0.8024137314453125 0.52366094140625 0.8007604228515625 0.5468414736328125 0.80493562109375 0.55024134765625 0.8240127763671875 0.5526093828125
1 0.172491 0.5713131015625 0.1796376845703125 0.5681014658203125 0.1826024365234375 0.5611042138671875 0.1819399814453125 0.5526268291015625 0.1793144912109375 0.549585767578125 0.152001404296875 0.54697562890625 0.1093326328125 0.5488779990234375 0.0857544833984375 0.5539198916015625 0.084752765625 0.555480822265625 0.0848268310546875 0.5597240029296875 0.0927167685546875 0.56961867578125 0.1138848896484375 0.57387951953125 0.172491 0.5713131015625
1 0.596965470703125 0.63181544921875 0.593812189453125 0.6280118779296875 0.5774143896484375 0.631770853515625 0.5825658994140624 0.691103564453125 0.584135806640625 0.6926196064453125 0.59647960546875 0.69240414453125 0.6000529482421875 0.690798326171875 0.6014881904296875 0.6845994951171875 0.599779490234375 0.6456573349609375 0.596965470703125 0.63181544921875
1 0.77197265625 0.36962890625 0.0625 0.0400390625
1 0.951151134765625 0.261380107421875 0.9500416875 0.256769138671875 0.9540485546875 0.25052541796875 0.9541992880859375 0.2296862802734375 0.9515939970703124 0.22780244921875 0.942823541015625 0.22641209375 0.9335926240234375 0.2281166650390625 0.931054666015625 0.230090271484375 0.933143029296875 0.2613085791015625 0.9383266767578125 0.263533265625 0.949120767578125 0.2629589921875 0.951151134765625 0.261380107421875
1 0.9649571103515625 0.2565087890625 0.9696937646484375 0.2625998896484375 0.97634632421875 0.260554462890625 0.973716703125 0.227802158203125 0.9680254638671875 0.2259721923828125 0.9551875390625 0.2273538623046875 0.9516209296875 0.2293454248046875 0.9515173291015625 0.252884767578125 0.95416301953125 0.257083060546875 0.9526873759765625 0.260967431640625 0.957329767578125 0.2616581201171875 0.9649571103515625 0.2565087890625
1 0.9742175625 0.2270216923828125 0.9711652783203125 0.2290042763671875 0.970738484375 0.234027921875 0.9691659736328125 0.2618373798828125 0.9758993310546875 0.264420876953125 0.986706888671875 0.264618091796875 0.9897389716796875 0.26147827734375 0.99073655859375 0.230206103515625 0.9865748271484375 0.22757771875 0.9742175625 0.2270216923828125
1 0.969781296875 0.2676145576171875 0.969691162109375 0.2919253896484375 0.97497580859375 0.2999362314453125 0.98530270703125 0.3020711416015625 0.9886807861328125 0.289278755859375 0.989900568359375 0.270736125 0.9867338212890625 0.2661610673828125 0.973354638671875 0.266008740234375 0.969781296875 0.2676145576171875
1 0.9702821552734375 0.2668340927734375 0.9579046904296875 0.2651208369140625 0.9512588662109375 0.2675520068359375 0.9506956298828125 0.2838289755859375 0.9500660166015625 0.2876376123046875 0.9497536875 0.2992189013671875 0.9523589765625 0.3011027314453125 0.9636875927734375 0.301676712890625 0.969812359375 0.2988687763671875 0.9722089208984375 0.2887945517578125 0.9702821552734375 0.2668340927734375
1 0.9359005791015625 0.301390013671875 0.949252828125 0.2999993662109375 0.952294248046875 0.2679197958984375 0.938367076171875 0.2658477275390625 0.933270958984375 0.2686377099609375 0.931509919921875 0.28564634375 0.9307236640625 0.299551072265625 0.9359005791015625 0.301390013671875
1 0.929897009765625 0.3111413388671875 0.9293598818359375 0.339318583984375 0.93555198046875 0.340368083984375 0.94633260546875 0.33902232421875 0.94836297265625 0.337443439453125 0.948832767578125 0.305408755859375 0.9457198857421875 0.303919646484375 0.9323609033203125 0.30492455078125 0.929897009765625 0.3111413388671875
1 0.970074953125 0.3139127802734375 0.97404815625 0.305740341796875 0.95806368359375 0.303704185546875 0.952406109375 0.3038029384765625 0.9493605595703125 0.306171265625 0.948877296875 0.3374344609375 0.9514893212890625 0.33970403515625 0.965369361328125 0.3390758974609375 0.97099326953125 0.33704842578125 0.9693358310546875 0.3305177158203125 0.970074953125 0.3139127802734375
1 0.9786501484375 0.3041165693359375 0.9709352734375 0.304251232421875 0.9673619326171875 0.30585705078125 0.9690463046875 0.3139307353515625 0.967399728515625 0.3374970126953125 0.9746608759765625 0.34084301953125 0.9844330498046875 0.3406724453125 0.987804396484375 0.32749431640625 0.9879349296875 0.305497947265625 0.9786501484375 0.3041165693359375
1 0.9443224375 0.3417584404296875 0.931978638671875 0.34197390234375 0.9284322294921875 0.3451226953125 0.9295121416015625 0.3775161884765625 0.937260681640625 0.379310244140625 0.9429115224609375 0.3788257470703125 0.946978990234375 0.376053720703125 0.948645765625 0.3536446748046875 0.9531130927734375 0.34430602734375 0.9443224375 0.3417584404296875
1 0.95834800390625 0.3789421640625 0.970631205078125 0.3752550078125 0.9685537060546875 0.3741336875 0.9689468330078125 0.3671813232421875 0.9725067080078125 0.364804017578125 0.969894685546875 0.362534443359375 0.969198564453125 0.35212833984375 0.9721431162109375 0.343973857421875 0.9643811103515625 0.3414083154296875 0.9515431865234375 0.3427899853515625 0.948998494140625 0.34437784765625 0.9469722568359376 0.3756679765625 0.9506263974609375 0.3786910830078125 0.95834800390625 0.3789421640625
1 0.9775390625 0.349609375 0.0009765625 0.0009765625
1 0.9844667158203125 0.3426011640625 0.969537826171875 0.3420900263671875 0.9675007265625 0.34328316796875 0.96580028515625 0.3637634951171875 0.961252158203125 0.3684732177734375 0.9608590302734376 0.37542558203125 0.965014029296875 0.3776682236328125 0.978426876953125 0.37974926953125 0.982013685546875 0.3789149384765625 0.9856367626953125 0.3506838271484375 0.9844667158203125 0.3426011640625
1 0.996591373046875 0.4477296455078125 0.9986284736328125 0.4465365048828125 0.9981975498046874 0.4218489072265625 0.9652403544921875 0.420109009765625 0.954486662109375 0.4229977451171875 0.948190962890625 0.445487587890625 0.945908865234375 0.462119455078125 0.9461108603515626 0.4736917666015625 0.959584306640625 0.4792445048828125 0.9909715947265625 0.4794683603515625 0.993469154296875 0.475180291015625 0.996591373046875 0.4477296455078125
1 0.9441006923828125 0.4764278828125 0.94619426171875 0.44899519140625 0.9519958369140625 0.427671556640625 0.950886388671875 0.423060587890625 0.927187041015625 0.4211590927734375 0.9231330400390625 0.424702607421875 0.9198424921875 0.4425096611328125 0.921221267578125 0.46255037890625 0.9188381728515626 0.4733960908203125 0.9312560361328125 0.4774238095703125 0.941549267578125 0.477630001953125 0.9441006923828125 0.4764278828125
1 0.94451707421875 0.5887062353515625 0.9475626240234375 0.5863379072265625 0.9472663642578125 0.5693651845703125 0.950516513671875 0.54924366796875 0.958049591796875 0.538693923828125 0.950274119140625 0.5353568955078125 0.927616888671875 0.53420893359375 0.918873365234375 0.5343615517578125 0.916369072265625 0.538263876953125 0.9143967001953125 0.572639955078125 0.9161820703125 0.5864997958984375 0.92550725 0.5901956357421875 0.94451707421875 0.5887062353515625
1 0.982556919921875 0.5868846630859375 0.9830308466796875 0.5845612236328125 0.987887171875 0.53855896875 0.986797923828125 0.53510523046875 0.9841926328125 0.533221400390625 0.9692772099609375 0.53348175 0.9513633681640625 0.5388106328125 0.9481038818359375 0.5878719052734375 0.952258880859375 0.5901145458984375 0.9697593955078125 0.5905807958984375 0.9784827197265625 0.5892709462890625 0.982556919921875 0.5868846630859375
1 0.9443359375 0.634765625 0.0380859375 0.0615234375
1 0.94921875 0.69384765625 0.0361328125 0.060546875
1 0.91748046875 0.69482421875 0.0322265625 0.0546875
1 0.9189453125 0.63818359375 0.0146484375 0.0546875
1 0.2109375 0.26123046875 0.06640625 0.04296875
0 0.9951171875 0.3837890625 0.998046875 0.384765625 0.9970703125 0.396484375 0.9736328125 0.396484375 0.97265625 0.39453125 0.9736328125 0.384765625 0.994140625 0.3837890625
0 0.9716796875 0.7275390625 0.9990234375 0.7236328125 0.9990234375 0.736328125 0.9716796875 0.736328125 0.9716796875 0.728515625
0 0.9794921875 0.60546875 0.9794921875 0.595703125 0.982421875 0.59375 0.9990234375 0.59375 0.9990234375 0.6064453125 0.98046875 0.60546875
0 0.3994140625 0.5283203125 0.400390625 0.5361328125 0.3984375 0.5390625 0.3779296875 0.541015625 0.361328125 0.5400390625 0.3603515625 0.529296875 0.3984375 0.5283203125
0 0.150390625 0.53515625 0.15234375 0.5439453125 0.1494140625 0.5458984375 0.1259765625 0.546875 0.1103515625 0.5458984375 0.1083984375 0.5380859375 0.111328125 0.53515625 0.1494140625 0.53515625
0 0.1484375 0.4130859375 0.1884765625 0.412109375 0.19140625 0.41796875 0.1884765625 0.4248046875 0.150390625 0.42578125 0.1474609375 0.4228515625 0.1484375 0.4140625
0 0.728515625 0.3994140625 0.732421875 0.40234375 0.7314453125 0.4111328125 0.7158203125 0.4130859375 0.6953125 0.4130859375 0.693359375 0.412109375 0.693359375 0.40234375 0.6953125 0.400390625 0.7275390625 0.3994140625
0 0.681640625 0.515625 0.6962890625 0.5166015625 0.6982421875 0.5263671875 0.6943359375 0.5283203125 0.6689453125 0.5302734375 0.6591796875 0.5302734375 0.6591796875 0.5205078125 0.6806640625 0.515625
0 0.431640625 0.408203125 0.43359375 0.41015625 0.43359375 0.4189453125 0.4287109375 0.4208984375 0.3955078125 0.4208984375 0.392578125 0.4189453125 0.392578125 0.4091796875 0.4306640625 0.408203125
0 0.9716796875 0.4833984375 0.9990234375 0.4833984375 0.9990234375 0.4951171875 0.9736328125 0.4951171875 0.970703125 0.4931640625 0.9716796875 0.484375
0 0.53125 0.533203125 0.5302734375 0.529296875 0.533203125 0.5224609375 0.5693359375 0.5234375 0.5712890625 0.525390625 0.5712890625 0.53125 0.5693359375 0.5341796875 0.5576171875 0.53515625 0.5322265625 0.533203125