1 0.16512345703125 0.3167438271484375 0.1666666669921875 0.324459876953125 0.19907407421875 0.3260030859375 0.20318930078125 0.3206018515625 0.1975308642578125 0.317515431640625 0.2037037041015625 0.3032407412109375 0.193930041015625 0.2719907412109375 0.1913580244140625 0.25347222265625 0.18415637890625 0.244984568359375 0.1754115224609375 0.2399691357421875 0.16100823046875 0.241512345703125 0.1507201650390625 0.2492283955078125 0.15020576171875 0.25617283984375 0.1563786005859375 0.293209876953125 0.162037037109375 0.3144290126953125 0.16512345703125 0.3167438271484375
1 0.29423868359375 0.32947530859375 0.2962962958984375 0.3283179013671875 0.2962962958984375 0.32330246875 0.29423868359375 0.317515431640625 0.287037037109375 0.2527006171875 0.282921810546875 0.247685185546875 0.276234568359375 0.2434413583984375 0.2541152265625 0.244598765625 0.2484567900390625 0.24652777734375 0.2443415634765625 0.250385802734375 0.24382716015625 0.25887345703125 0.255144033203125 0.324459876953125 0.2649176953125 0.3306327158203125 0.29423868359375 0.32947530859375
1 0.2165637861328125 0.32947530859375 0.2484567900390625 0.3310185185546875 0.2536008232421875 0.32330246875 0.241769546875 0.244984568359375 0.22479423828125 0.2418981484375 0.212962962890625 0.2422839501953125 0.2047325107421875 0.24382716015625 0.1985596708984375 0.2488425927734375 0.198045267578125 0.25887345703125 0.2062757197265625 0.300540123046875 0.208847736328125 0.32677469140625 0.2165637861328125 0.32947530859375
1 0.297839505859375 0.3283179013671875 0.3004115224609375 0.3310185185546875 0.307098765625 0.331790123046875 0.32407407421875 0.3302469140625 0.33487654296875 0.3314043212890625 0.3384773662109375 0.329089505859375 0.3395061728515625 0.32407407421875 0.335905349609375 0.2997685185546875 0.3333333330078125 0.2935956787109375 0.3302469140625 0.2515432099609375 0.320987654296875 0.244598765625 0.2906378603515625 0.24652777734375 0.2885802470703125 0.2480709873046875 0.2885802470703125 0.253086419921875 0.29423868359375 0.314814814453125 0.297839505859375 0.3283179013671875
1 0.3600823046875 0.3283179013671875 0.3796296298828125 0.3283179013671875 0.3837448564453125 0.3256172841796875 0.3842592587890625 0.32330246875 0.373971193359375 0.244598765625 0.3446502060546875 0.24382716015625 0.3395061728515625 0.244598765625 0.3395061728515625 0.2484567900390625 0.33487654296875 0.2480709873046875 0.3328189296875 0.25 0.3364197529296875 0.297839505859375 0.3415637861328125 0.3252314814453125 0.348765431640625 0.3302469140625 0.3600823046875 0.3283179013671875
1 0.39197530859375 0.3310185185546875 0.422839505859375 0.329861111328125 0.426954732421875 0.3256172841796875 0.426954732421875 0.3163580244140625 0.42181069921875 0.2650462958984375 0.4176954736328125 0.2488425927734375 0.416152263671875 0.246913580078125 0.4043209873046875 0.2430555556640625 0.3955761318359375 0.244212962890625 0.3945473251953125 0.2430555556640625 0.3842592587890625 0.2434413583984375 0.3791152265625 0.244984568359375 0.37705761328125 0.2480709873046875 0.37705761328125 0.258487654296875 0.3863168720703125 0.327160494140625 0.39197530859375 0.3310185185546875
1 0.4696502060546875 0.324459876953125 0.467078189453125 0.2538580244140625 0.465020576171875 0.2422839501953125 0.45318930078125 0.2395833330078125 0.445987654296875 0.2399691357421875 0.4423868310546875 0.2418981484375 0.424897119140625 0.2426697529296875 0.4212962958984375 0.24652777734375 0.43004115234375 0.3283179013671875 0.4346707822265625 0.331790123046875 0.4634773662109375 0.329861111328125 0.4696502060546875 0.324459876953125
1 0.508230453125 0.329861111328125 0.5123456787109375 0.326388888671875 0.5133744853515625 0.318287037109375 0.5102880654296875 0.24112654296875 0.5056584365234374 0.2372685185546875 0.49382716015625 0.2349537041015625 0.4732510283203125 0.24112654296875 0.4696502060546875 0.244598765625 0.469135802734375 0.2658179013671875 0.4727366259765625 0.3279320986328125 0.473765431640625 0.32947530859375 0.508230453125 0.329861111328125
1 0.5282921806640625 0.3310185185546875 0.529835390625 0.3341049384765625 0.53189300390625 0.3310185185546875 0.5534979423828125 0.3306327158203125 0.556069958984375 0.3279320986328125 0.556069958984375 0.2565586416015625 0.554012345703125 0.24112654296875 0.5504115224609375 0.2395833330078125 0.528806583984375 0.2395833330078125 0.5154320986328125 0.2418981484375 0.5133744853515625 0.24382716015625 0.5144032919921875 0.3252314814453125 0.519032921875 0.3371913583984375 0.52520576171875 0.3306327158203125 0.5282921806640625 0.3310185185546875
1 0.5884773662109375 0.329861111328125 0.5967078193359375 0.32677469140625 0.5992798349609375 0.3217592587890625 0.5967078193359375 0.244598765625 0.5853909462890625 0.2407407412109375 0.5735596708984375 0.2407407412109375 0.5637860078125 0.2418981484375 0.55915637890625 0.24382716015625 0.558127572265625 0.24652777734375 0.5586419755859375 0.3252314814453125 0.562757201171875 0.3310185185546875 0.5787037041015625 0.3287037041015625 0.5884773662109375 0.329861111328125
1 0.6126543212890625 0.326388888671875 0.640946501953125 0.3275462958984375 0.645061728515625 0.3225308642578125 0.644032921875 0.2461419755859375 0.634773662109375 0.24112654296875 0.626028806640625 0.24112654296875 0.6208847734375 0.24382716015625 0.6054526748046875 0.2430555556640625 0.6018518515625 0.244598765625 0.600823044921875 0.25 0.600823044921875 0.2935956787109375 0.6033950615234375 0.32330246875 0.6054526748046875 0.3252314814453125 0.6126543212890625 0.326388888671875
1 0.6774691357421875 0.329861111328125 0.672839505859375 0.3418209873046875 0.682098765625 0.3425925927734375 0.68415637890625 0.3418209873046875 0.683127572265625 0.3306327158203125 0.6882716044921875 0.323688271484375 0.6893004111328125 0.318287037109375 0.6913580244140625 0.2519290126953125 0.689814814453125 0.24652777734375 0.6846707822265625 0.24112654296875 0.674897119140625 0.2395833330078125 0.6589506171875 0.2434413583984375 0.6476337451171875 0.24112654296875 0.6481481484375 0.244598765625 0.64609053515625 0.2472993828125 0.6466049384765625 0.324459876953125 0.6532921806640625 0.329089505859375 0.67592592578125 0.3275462958984375 0.6774691357421875 0.329861111328125
1 0.7345679013671875 0.320987654296875 0.73713991796875 0.244212962890625 0.734053498046875 0.2376543212890625 0.7062757197265624 0.2376543212890625 0.7006172841796875 0.2407407412109375 0.695987654296875 0.2403549384765625 0.692901234375 0.244598765625 0.6923868310546875 0.258487654296875 0.69084362109375 0.3229166669921875 0.695987654296875 0.3275462958984375 0.7268518515625 0.327160494140625 0.7345679013671875 0.320987654296875
1 0.7232510283203125 0.338348765625 0.720164609375 0.3344907412109375 0.7062757197265624 0.3344907412109375 0.702160494140625 0.3368055556640625 0.69907407421875 0.3344907412109375 0.6934156376953124 0.338348765625 0.692901234375 0.3418209873046875 0.7078189296875 0.34375 0.720164609375 0.3422067900390625 0.7232510283203125 0.338348765625
1 0.7494855966796875 0.327160494140625 0.74794238671875 0.3360339501953125 0.7443415634765626 0.338348765625 0.746913580078125 0.3418209873046875 0.7757201650390625 0.3422067900390625 0.7772633740234375 0.338348765625 0.776234568359375 0.3260030859375 0.78189300390625 0.320987654296875 0.7813786005859376 0.2889660498046875 0.7844650205078125 0.24382716015625 0.7757201650390625 0.2364969140625 0.7726337451171875 0.2376543212890625 0.761831275390625 0.2368827158203125 0.758230453125 0.238811728515625 0.7407407412109375 0.2376543212890625 0.738168724609375 0.255787037109375 0.736111111328125 0.286265431640625 0.7366255146484375 0.324459876953125 0.73919753125 0.32677469140625 0.7494855966796875 0.327160494140625
1 0.8132716044921875 0.324459876953125 0.8215020576171875 0.32407407421875 0.8245884775390625 0.32137345703125 0.8323045263671875 0.255015431640625 0.8312757197265624 0.2407407412109375 0.82407407421875 0.2341820986328125 0.8076131689453125 0.2376543212890625 0.78600823046875 0.2376543212890625 0.7834362138671875 0.286265431640625 0.782921810546875 0.32137345703125 0.78600823046875 0.3260030859375 0.8076131689453125 0.32677469140625 0.8132716044921875 0.324459876953125
1 0.1455761318359375 0.525462962890625 0.147119341796875 0.5266203701171875 0.159979423828125 0.5270061728515625 0.1856995888671875 0.5266203701171875 0.1882716044921875 0.5246913583984375 0.1887860078125 0.5212191357421875 0.17592592578125 0.445987654296875 0.1743827158203125 0.4216820986328125 0.1646090537109375 0.418209876953125 0.154835390625 0.41705246875 0.128086419921875 0.4189814814453125 0.1234567900390625 0.420910494140625 0.128086419921875 0.4529320986328125 0.13580246875 0.4791666669921875 0.1363168720703125 0.48842592578125 0.1455761318359375 0.525462962890625
1 0.234053498046875 0.525848765625 0.2345679013671875 0.5011574072265625 0.220164609375 0.4251543212890625 0.2047325107421875 0.4212962958984375 0.185185185546875 0.4224537041015625 0.1815843623046875 0.4212962958984375 0.1779835390625 0.422839505859375 0.1764403291015625 0.4270833330078125 0.1764403291015625 0.4394290126953125 0.1913580244140625 0.5231481484375 0.195987654296875 0.5266203701171875 0.234053498046875 0.525848765625
1 0.241769546875 0.525848765625 0.2793209873046875 0.525462962890625 0.2824074072265625 0.5239197529296875 0.282921810546875 0.52044753125 0.2726337451171875 0.4216820986328125 0.2654320986328125 0.420910494140625 0.25 0.423611111328125 0.223765431640625 0.42322530859375 0.2227366259765625 0.4297839501953125 0.23302469140625 0.47955246875 0.2376543212890625 0.5235339501953125 0.241769546875 0.525848765625
1 0.2865226337890625 0.52507716015625 0.307098765625 0.526234568359375 0.3266460908203125 0.52507716015625 0.329218107421875 0.522762345703125 0.3312757197265625 0.505015431640625 0.3266460908203125 0.4822530859375 0.323045267578125 0.4386574072265625 0.3194444443359375 0.4239969140625 0.3143004111328125 0.420910494140625 0.3112139921875 0.4216820986328125 0.3045267490234375 0.420138888671875 0.2839506171875 0.4216820986328125 0.2782921806640625 0.42052469140625 0.27520576171875 0.422839505859375 0.2746913583984375 0.4336419755859375 0.2803497939453125 0.4934413583984375 0.284979423828125 0.5235339501953125 0.2865226337890625 0.52507716015625
1 0.3343621396484375 0.5239197529296875 0.37294238671875 0.52507716015625 0.3755144033203125 0.5231481484375 0.3734567900390625 0.5131172841796875 0.3755144033203125 0.5027006171875 0.3708847734375 0.4216820986328125 0.3616255146484375 0.420910494140625 0.352880658203125 0.423611111328125 0.3473935185546875 0.423611111328125 0.34310699609375 0.4224537041015625 0.342078189453125 0.42052469140625 0.3384773662109375 0.4212962958984375 0.3333333330078125 0.418209876953125 0.3297325107421875 0.418209876953125 0.3261316875 0.420138888671875 0.32407407421875 0.4247685185546875 0.3266460908203125 0.4702932099609375 0.3328189296875 0.5065586416015625 0.331790123046875 0.52237654296875 0.3343621396484375 0.5239197529296875
1 0.42181069921875 0.5246913583984375 0.4243827158203125 0.5208333330078125 0.4254115224609375 0.5007716044921875 0.42181069921875 0.4675925927734375 0.42181069921875 0.445987654296875 0.4176954736328125 0.4239969140625 0.41100823046875 0.4216820986328125 0.405864197265625 0.422839505859375 0.4022633740234375 0.4216820986328125 0.3755144033203125 0.4216820986328125 0.37294238671875 0.4239969140625 0.37705761328125 0.4988425927734375 0.382201646484375 0.5100308642578125 0.3827160498046875 0.52237654296875 0.42181069921875 0.5246913583984375
1 0.47222222265625 0.522762345703125 0.4706790126953125 0.51157407421875 0.47222222265625 0.497685185546875 0.4706790126953125 0.4448302470703125 0.46810699609375 0.4216820986328125 0.46193415625 0.42052469140625 0.44907407421875 0.422839505859375 0.435185185546875 0.4224537041015625 0.424897119140625 0.4197530859375 0.42181069921875 0.4224537041015625 0.4284979423828125 0.522762345703125 0.445987654296875 0.5246913583984375 0.470164609375 0.5243055556640625 0.47222222265625 0.522762345703125
1 0.5164609052734375 0.5243055556640625 0.520061728515625 0.5212191357421875 0.5226337451171875 0.491512345703125 0.522119341796875 0.44907407421875 0.519032921875 0.4251543212890625 0.5154320986328125 0.420910494140625 0.5 0.4220679013671875 0.473765431640625 0.420138888671875 0.4717078193359375 0.4212962958984375 0.473765431640625 0.505787037109375 0.475823044921875 0.5219907412109375 0.4907407412109375 0.5239197529296875 0.5164609052734375 0.5243055556640625
1 0.567901234375 0.5243055556640625 0.5715020576171875 0.52237654296875 0.5725308642578125 0.5100308642578125 0.5684156376953124 0.418209876953125 0.5637860078125 0.4189814814453125 0.560185185546875 0.41705246875 0.54681069921875 0.4197530859375 0.5236625517578125 0.42052469140625 0.522119341796875 0.4216820986328125 0.5267489716796875 0.52237654296875 0.5293209873046875 0.5239197529296875 0.567901234375 0.5243055556640625
1 0.6157407412109375 0.5239197529296875 0.6193415634765626 0.5219907412109375 0.621913580078125 0.511959876953125 0.619855966796875 0.4899691357421875 0.619855966796875 0.4212962958984375 0.616769546875 0.41782407421875 0.613168724609375 0.41705246875 0.59979423828125 0.420138888671875 0.587962962890625 0.420138888671875 0.585905349609375 0.418209876953125 0.5745884775390625 0.41782407421875 0.5715020576171875 0.4193672841796875 0.5720164609375 0.5007716044921875 0.5745884775390625 0.5216049384765625 0.577160494140625 0.5235339501953125 0.6157407412109375 0.5239197529296875
1 0.626028806640625 0.5216049384765625 0.6646090537109375 0.5231481484375 0.6671810703125 0.51080246875 0.6687242802734376 0.45717592578125 0.668209876953125 0.4293981484375 0.6656378603515625 0.418209876953125 0.6486625517578125 0.414737654296875 0.632201646484375 0.418209876953125 0.6208847734375 0.418209876953125 0.621913580078125 0.4903549384765625 0.62294238671875 0.5019290126953125 0.62705761328125 0.5100308642578125 0.626028806640625 0.5216049384765625
1 0.7145061728515625 0.519290123046875 0.717078189453125 0.4988425927734375 0.7186213994140624 0.420910494140625 0.7145061728515625 0.41705246875 0.70987654296875 0.4155092587890625 0.670781892578125 0.417438271484375 0.6687242802734376 0.4193672841796875 0.6702674892578125 0.4444444443359375 0.6676954736328125 0.52237654296875 0.7103909462890625 0.5235339501953125 0.7145061728515625 0.519290123046875
1 0.7155349794921875 0.511959876953125 0.7160493828125 0.52237654296875 0.736111111328125 0.5235339501953125 0.757201646484375 0.522762345703125 0.76080246875 0.51967592578125 0.7602880654296875 0.5077160498046875 0.763888888671875 0.485339505859375 0.76697530859375 0.4251543212890625 0.76286008203125 0.4166666669921875 0.7587448564453125 0.4139660498046875 0.742798353515625 0.414737654296875 0.731995884765625 0.41782407421875 0.7165637861328125 0.418209876953125 0.719135802734375 0.425540123046875 0.7160493828125 0.5007716044921875 0.71810699609375 0.508487654296875 0.7155349794921875 0.511959876953125
1 0.7649176953125 0.52237654296875 0.807098765625 0.5231481484375 0.810185185546875 0.5189043212890625 0.810185185546875 0.508198302734375 0.81584362109375 0.47955246875 0.814814814453125 0.4641203701171875 0.818930041015625 0.4394290126953125 0.8173868310546875 0.418209876953125 0.8137860078125 0.4128086416015625 0.7685185185546874 0.4162808642578125 0.76697530859375 0.41782407421875 0.7685185185546874 0.420910494140625 0.768004115234375 0.440586419921875 0.7623456787109375 0.5189043212890625 0.7649176953125 0.52237654296875
1 0.8132716044921875 0.499614197265625 0.814814814453125 0.5046296298828125 0.812757201171875 0.51080246875 0.8132716044921875 0.5212191357421875 0.8137860078125 0.52237654296875 0.83076131640625 0.5231481484375 0.8503086416015625 0.52237654296875 0.8564814814453126 0.5189043212890625 0.8595679013671875 0.5096450615234375 0.8657407412109375 0.4733796298828125 0.8713991767578125 0.4216820986328125 0.8657407412109375 0.414737654296875 0.8384773662109375 0.414737654296875 0.8215020576171875 0.4077932099609375 0.817901234375 0.4081790126953125 0.81584362109375 0.4104938271484375 0.8204732509765625 0.4297839501953125 0.818930041015625 0.457561728515625 0.816872427734375 0.46257716015625 0.8132716044921875 0.499614197265625
1 0.1126543212890625 0.7345679013671875 0.1213991767578125 0.73572530859375 0.157921810546875 0.7376543212890625 0.162037037109375 0.7345679013671875 0.1589506171875 0.716435185546875 0.1625514404296875 0.713348765625 0.15689300390625 0.6998456787109375 0.154835390625 0.682484568359375 0.1563786005859375 0.6751543212890625 0.149176955078125 0.66512345703125 0.147119341796875 0.65625 0.1486625517578125 0.650848765625 0.1455761318359375 0.6377314814453126 0.14609053515625 0.6319444443359375 0.144032921875 0.630401234375 0.136831275390625 0.6296296298828125 0.1234567900390625 0.6323302470703125 0.1126543212890625 0.630787037109375 0.1085390947265625 0.6327160498046875 0.1018518515625 0.63117283984375 0.0946502060546875 0.6346450615234375 0.095164609375 0.6543209873046875 0.102880658203125 0.6855709873046875 0.111111111328125 0.73302469140625 0.1126543212890625 0.7345679013671875
1 0.1671810703125 0.7372685185546874 0.1885802470703125 0.7364969140625 0.20987654296875 0.7376543212890625 0.2134773662109375 0.7349537041015625 0.2134773662109375 0.73302469140625 0.20987654296875 0.7195216044921875 0.2052469140625 0.679012345703125 0.19907407421875 0.64737654296875 0.1970164609375 0.64467592578125 0.1975308642578125 0.6331018515625 0.1923868310546875 0.630787037109375 0.1815843623046875 0.630401234375 0.176954732421875 0.633487654296875 0.151234568359375 0.630787037109375 0.145061728515625 0.63657407421875 0.1445473251953125 0.641589505859375 0.1522633740234375 0.6712962958984375 0.1625514404296875 0.7341820986328125 0.1671810703125 0.7372685185546874
1 0.21399176953125 0.72222222265625 0.2155349794921875 0.73572530859375 0.2165637861328125 0.7368827158203125 0.2613168720703125 0.73842592578125 0.2644032919921875 0.7341820986328125 0.2613168720703125 0.716435185546875 0.261831275390625 0.6952160498046875 0.255144033203125 0.6535493828125 0.251028806640625 0.6439043212890625 0.25205761328125 0.633487654296875 0.24794238671875 0.63117283984375 0.22479423828125 0.6327160498046875 0.2165637861328125 0.6296296298828125 0.21399176953125 0.630787037109375 0.20987654296875 0.6292438271484375 0.2026748974609375 0.630787037109375 0.1985596708984375 0.633487654296875 0.2026748974609375 0.664737654296875 0.208847736328125 0.69097222265625 0.20987654296875 0.713348765625 0.21399176953125 0.72222222265625
1 0.3137860078125 0.736111111328125 0.31584362109375 0.7341820986328125 0.314814814453125 0.71875 0.3163580244140625 0.7114197529296875 0.312757201171875 0.684413580078125 0.3086419755859375 0.673611111328125 0.30504115234375 0.644290123046875 0.3055555556640625 0.6327160498046875 0.3014403291015625 0.630401234375 0.2854938271484375 0.630015431640625 0.280864197265625 0.63387345703125 0.2782921806640625 0.63387345703125 0.261831275390625 0.628086419921875 0.2566872431640625 0.6296296298828125 0.2536008232421875 0.6327160498046875 0.26286008203125 0.6935185185546875 0.265946501953125 0.7341820986328125 0.2685185185546875 0.7364969140625 0.3137860078125 0.736111111328125
1 0.320987654296875 0.735339505859375 0.363168724609375 0.735339505859375 0.3657407412109375 0.7322530859375 0.3647119345703125 0.7199074072265625 0.3662551435546875 0.7091049384765625 0.3647119345703125 0.6886574072265625 0.3616255146484375 0.676311728515625 0.359053498046875 0.6296296298828125 0.356995884765625 0.6277006171875 0.3518518515625 0.6277006171875 0.3374485595703125 0.633487654296875 0.3245884775390625 0.627314814453125 0.316872427734375 0.6269290126953125 0.307098765625 0.6315586416015625 0.3076131689453125 0.64737654296875 0.318930041015625 0.7179783955078125 0.318930041015625 0.7337962958984375 0.320987654296875 0.735339505859375
1 0.4146090537109375 0.73572530859375 0.4176954736328125 0.733410494140625 0.418209876953125 0.72955246875 0.4171810703125 0.7195216044921875 0.41923868359375 0.7172067900390625 0.41923868359375 0.699459876953125 0.4135802470703125 0.6547067900390625 0.4135802470703125 0.625385802734375 0.409979423828125 0.6230709873046875 0.4043209873046875 0.6265432099609375 0.40020576171875 0.625385802734375 0.3842592587890625 0.62847222265625 0.3744855966796875 0.6277006171875 0.37294238671875 0.625385802734375 0.371913580078125 0.6277006171875 0.366769546875 0.6296296298828125 0.3626543212890625 0.6288580244140625 0.3595679013671875 0.633487654296875 0.3657407412109375 0.7029320986328125 0.3708847734375 0.732638888671875 0.375 0.7349537041015625 0.4146090537109375 0.73572530859375
1 0.4624485595703125 0.733410494140625 0.470164609375 0.7345679013671875 0.4717078193359375 0.73302469140625 0.471193416015625 0.6886574072265625 0.4675925927734375 0.6288580244140625 0.462962962890625 0.6277006171875 0.4367283955078125 0.6292438271484375 0.418209876953125 0.6261574072265625 0.416152263671875 0.630787037109375 0.41923868359375 0.69097222265625 0.424897119140625 0.7318672841796875 0.4315843623046875 0.7341820986328125 0.4624485595703125 0.733410494140625
1 0.522119341796875 0.7341820986328125 0.524176955078125 0.687114197265625 0.5195473251953125 0.6265432099609375 0.507201646484375 0.630401234375 0.4783950615234375 0.6319444443359375 0.473765431640625 0.62847222265625 0.4706790126953125 0.6327160498046875 0.4732510283203125 0.7168209873046875 0.4773662548828125 0.733410494140625 0.48713991796875 0.7349537041015625 0.522119341796875 0.7341820986328125
1 0.5715020576171875 0.7341820986328125 0.5745884775390625 0.7314814814453126 0.577160494140625 0.7141203701171875 0.5725308642578125 0.630015431640625 0.554012345703125 0.6277006171875 0.5354938271484375 0.6296296298828125 0.5313786005859376 0.6319444443359375 0.5257201650390625 0.628086419921875 0.5231481484375 0.630015431640625 0.522119341796875 0.6547067900390625 0.5257201650390625 0.7310956787109375 0.5293209873046875 0.7341820986328125 0.5715020576171875 0.7341820986328125
1 0.6275720166015625 0.7060185185546874 0.625 0.630401234375 0.62294238671875 0.6277006171875 0.6100823046875 0.6261574072265625 0.594135802734375 0.6265432099609375 0.5915637861328125 0.628086419921875 0.5802469140625 0.627314814453125 0.5761316875 0.6288580244140625 0.5776748974609375 0.7322530859375 0.62294238671875 0.7337962958984375 0.6255144033203125 0.7310956787109375 0.6275720166015625 0.7060185185546874
1 0.6424897119140625 0.727237654296875 0.6476337451171875 0.7322530859375 0.6522633740234375 0.7337962958984375 0.6723251025390625 0.7349537041015625 0.6764403291015625 0.7314814814453126 0.6795267490234375 0.69637345703125 0.6784979423828125 0.6331018515625 0.6625514404296875 0.630401234375 0.6532921806640625 0.6319444443359375 0.640946501953125 0.6292438271484375 0.633230453125 0.630015431640625 0.6286008232421875 0.6331018515625 0.6286008232421875 0.7168209873046875 0.630144033203125 0.72762345703125 0.6337448564453125 0.7314814814453126 0.6424897119140625 0.727237654296875
1 0.725823044921875 0.7341820986328125 0.727880658203125 0.7318672841796875 0.7314814814453126 0.692901234375 0.734053498046875 0.639660494140625 0.730967078125 0.630787037109375 0.7263374482421875 0.6296296298828125 0.7078189296875 0.63387345703125 0.6893004111328125 0.6296296298828125 0.682098765625 0.6315586416015625 0.68004115234375 0.668209876953125 0.68004115234375 0.7322530859375 0.6815843623046876 0.733410494140625 0.7165637861328125 0.7349537041015625 0.725823044921875 0.7341820986328125
1 0.75617283984375 0.7337962958984375 0.7772633740234375 0.735339505859375 0.779835390625 0.7337962958984375 0.779835390625 0.7233796298828125 0.782921810546875 0.7172067900390625 0.7875514404296875 0.6404320986328125 0.78600823046875 0.6296296298828125 0.7834362138671875 0.6265432099609375 0.7782921806640625 0.6257716044921875 0.761831275390625 0.630787037109375 0.7376543212890625 0.6292438271484375 0.734053498046875 0.633487654296875 0.73302469140625 0.684413580078125 0.7294238681640625 0.712962962890625 0.7304526748046875 0.7341820986328125 0.75617283984375 0.7337962958984375
1 0.78600823046875 0.73572530859375 0.8302469140625 0.735339505859375 0.833847736328125 0.7314814814453126 0.833847736328125 0.718364197265625 0.837962962890625 0.7033179013671875 0.8405349794921875 0.6797839501953125 0.844135802734375 0.6439043212890625 0.8415637861328125 0.6292438271484375 0.8374485595703125 0.6265432099609375 0.8312757197265624 0.6265432099609375 0.814814814453125 0.63387345703125 0.8112139921875 0.63387345703125 0.807098765625 0.63117283984375 0.8024691357421875 0.6315586416015625 0.8004115224609375 0.6296296298828125 0.7962962958984375 0.63117283984375 0.7926954736328125 0.6292438271484375 0.789094650390625 0.6331018515625 0.787037037109375 0.6570216044921875 0.787037037109375 0.675540123046875 0.782921810546875 0.7118055556640625 0.7834362138671875 0.7341820986328125 0.78600823046875 0.73572530859375
1 0.837962962890625 0.7341820986328125 0.8415637861328125 0.735339505859375 0.8765432099609375 0.7345679013671875 0.882201646484375 0.7310956787109375 0.883230453125 0.7206790126953125 0.8883744853515625 0.713734568359375 0.8904320986328125 0.7056327158203125 0.894032921875 0.67592592578125 0.897119341796875 0.67052469140625 0.90020576171875 0.633487654296875 0.8981481484375 0.6288580244140625 0.8935185185546874 0.6265432099609375 0.8837448564453125 0.6288580244140625 0.8724279833984375 0.63387345703125 0.8662551435546875 0.6331018515625 0.8636831279296875 0.630015431640625 0.859053498046875 0.630787037109375 0.855967078125 0.6288580244140625 0.848765431640625 0.62847222265625 0.8446502060546875 0.6319444443359375 0.8446502060546875 0.653935185546875 0.83693415625 0.7160493828125 0.83693415625 0.7318672841796875 0.837962962890625 0.7341820986328125
0 0.466796875 0.0595703125 0.5263671875 0.0634765625 0.5263671875 0.1611328125 0.509765625 0.1630859375 0.4619140625 0.1630859375 0.44921875 0.1611328125 0.447265625 0.158203125 0.4443359375 0.064453125 0.447265625 0.0595703125 0.4658203125 0.0595703125