1 0.2939453125 0.919921875 0.298828125 0.9248046875 0.2958984375 0.947265625 0.296875 0.99609375 0.240234375 0.9931640625 0.23828125 0.9453125 0.244140625 0.9248046875 0.248046875 0.9228515625 0.27734375 0.9228515625 0.2822265625 0.919921875 0.29296875 0.919921875
1 0.20703125 0.9228515625 0.2158203125 0.9228515625 0.21875 0.9248046875 0.236328125 0.9228515625 0.2412109375 0.927734375 0.2373046875 0.947265625 0.23828125 0.9951171875 0.2041015625 0.994140625 0.201171875 0.9912109375 0.177734375 0.9921875 0.17578125 0.990234375 0.1796875 0.984375 0.181640625 0.935546875 0.1875 0.92578125 0.19140625 0.923828125 0.2060546875 0.923828125
1 0.6982421875 0.1181640625 0.716796875 0.119140625 0.72265625 0.123046875 0.716796875 0.1923828125 0.71484375 0.1962890625 0.7109375 0.197265625 0.6845703125 0.197265625 0.6787109375 0.1943359375 0.681640625 0.1650390625 0.681640625 0.123046875 0.6865234375 0.1181640625 0.697265625 0.1181640625
1 0.53125 0.7861328125 0.53515625 0.7890625 0.5361328125 0.7978515625 0.533203125 0.8916015625 0.5283203125 0.8935546875 0.5166015625 0.890625 0.4970703125 0.8916015625 0.4775390625 0.8896484375 0.474609375 0.8837890625 0.478515625 0.796875 0.484375 0.7939453125 0.50390625 0.7978515625 0.5078125 0.7939453125 0.5107421875 0.794921875 0.513671875 0.791015625 0.52734375 0.791015625 0.53125 0.787109375
1 0.23046875 0.3642578125 0.2353515625 0.369140625 0.234375 0.3876953125 0.2373046875 0.404296875 0.2392578125 0.46484375 0.2373046875 0.4716796875 0.228515625 0.4736328125 0.1923828125 0.4716796875 0.1875 0.4697265625 0.17578125 0.470703125 0.171875 0.4677734375 0.1650390625 0.36328125 0.1962890625 0.3623046875 0.2294921875 0.3642578125
1 0.3544921875 0.8076171875 0.361328125 0.810546875 0.37109375 0.8056640625 0.3818359375 0.8037109375 0.4111328125 0.8046875 0.4130859375 0.80859375 0.412109375 0.8583984375 0.4130859375 0.8720703125 0.416015625 0.876953125 0.4150390625 0.88671875 0.4091796875 0.8896484375 0.3564453125 0.8876953125 0.3544921875 0.8857421875 0.3525390625 0.86328125 0.3544921875 0.80859375
1 0.0556640625 0.236328125 0.0595703125 0.23828125 0.0615234375 0.2470703125 0.0625 0.30859375 0.0390625 0.30859375 0.025390625 0.3056640625 0.0224609375 0.2734375 0.0224609375 0.2373046875 0.03515625 0.2353515625 0.0546875 0.236328125
1 0.47509765625 0.28466796875 0.0439453125 0.076171875
1 0.5126953125 0.0966796875 0.513671875 0.1064453125 0.509765625 0.1123046875 0.517578125 0.1171875 0.515625 0.1904296875 0.4833984375 0.19140625 0.478515625 0.189453125 0.4775390625 0.1845703125 0.4794921875 0.12109375 0.4775390625 0.1162109375 0.48046875 0.1142578125 0.4951171875 0.1142578125 0.5087890625 0.111328125 0.51171875 0.107421875 0.51171875 0.09765625
1 0.0048828125 0.2353515625 0.0185546875 0.2373046875 0.021484375 0.2421875 0.025390625 0.302734375 0.021484375 0.3076171875 0.00390625 0.3076171875 0.0048828125 0.236328125
1 0.5458984375 0.248046875 0.5498046875 0.25 0.5791015625 0.251953125 0.5791015625 0.2744140625 0.576171875 0.287109375 0.576171875 0.3212890625 0.5712890625 0.3251953125 0.5576171875 0.3251953125 0.5419921875 0.322265625 0.5390625 0.3193359375 0.5400390625 0.2763671875 0.54296875 0.2529296875 0.5458984375 0.2490234375
1 0.7568359375 0.12109375 0.76171875 0.123046875 0.7626953125 0.1279296875 0.755859375 0.1953125 0.7529296875 0.1982421875 0.7197265625 0.1962890625 0.7177734375 0.193359375 0.7177734375 0.1796875 0.7216796875 0.1611328125 0.72265625 0.1240234375 0.7275390625 0.12109375 0.755859375 0.12109375
1 0.591796875 0.650390625 0.6044921875 0.6513671875 0.607421875 0.6591796875 0.6025390625 0.7578125 0.59765625 0.759765625 0.560546875 0.7587890625 0.5537109375 0.7568359375 0.5556640625 0.7470703125 0.5546875 0.703125 0.55859375 0.65234375 0.5908203125 0.650390625
1 0.5390625 0.9208984375 0.572265625 0.921875 0.576171875 0.9248046875 0.578125 0.94921875 0.576171875 0.953125 0.5751953125 0.9990234375 0.53125 0.9990234375 0.5322265625 0.927734375 0.533203125 0.9228515625 0.5380859375 0.9208984375
1 0.6875 0.361328125 0.693359375 0.359375 0.708984375 0.361328125 0.7119140625 0.3701171875 0.7060546875 0.439453125 0.701171875 0.4560546875 0.6982421875 0.4794921875 0.6953125 0.4853515625 0.6796875 0.486328125 0.6748046875 0.4814453125 0.6748046875 0.466796875 0.6767578125 0.4462890625 0.6787109375 0.4443359375 0.6796875 0.412109375 0.6845703125 0.388671875 0.6845703125 0.3681640625 0.6875 0.3623046875
1 0.3330078125 0.509765625 0.3388671875 0.513671875 0.3486328125 0.51171875 0.3515625 0.5146484375 0.36328125 0.5146484375 0.3681640625 0.51953125 0.3701171875 0.537109375 0.3681640625 0.615234375 0.3427734375 0.6171875 0.3037109375 0.6162109375 0.3037109375 0.517578125 0.30859375 0.5126953125 0.330078125 0.513671875 0.33203125 0.5107421875
1 0.3857421875 0.919921875 0.4072265625 0.921875 0.4130859375 0.9267578125 0.4130859375 0.998046875 0.3564453125 0.9970703125 0.35546875 0.9462890625 0.357421875 0.943359375 0.3583984375 0.9248046875 0.361328125 0.9228515625 0.384765625 0.9208984375
1 0.595703125 0.1171875 0.599609375 0.1201171875 0.599609375 0.166015625 0.595703125 0.1943359375 0.5673828125 0.1943359375 0.5625 0.193359375 0.5595703125 0.1875 0.5615234375 0.1201171875 0.5693359375 0.1162109375 0.5947265625 0.1171875
1 0.0068359375 0.50390625 0.009765625 0.505859375 0.029296875 0.505859375 0.0341796875 0.509765625 0.0400390625 0.544921875 0.041015625 0.603515625 0.0390625 0.60546875 0 0.6025390625 0 0.5078125 0.005859375 0.50390625
1 0.302734375 0.2451171875 0.330078125 0.24609375 0.3359375 0.25 0.333984375 0.28125 0.3349609375 0.30859375 0.3369140625 0.314453125 0.3349609375 0.31640625 0.3056640625 0.31640625 0.298828125 0.314453125 0.296875 0.24609375 0.3017578125 0.2451171875
1 0.1484375 0.509765625 0.162109375 0.5107421875 0.1650390625 0.513671875 0.1689453125 0.609375 0.1640625 0.61328125 0.1083984375 0.611328125 0.1044921875 0.6064453125 0.1005859375 0.5126953125 0.1044921875 0.509765625 0.1474609375 0.509765625
1 0.384765625 0.6474609375 0.388671875 0.650390625 0.421875 0.6494140625 0.4267578125 0.6552734375 0.4287109375 0.66796875 0.4267578125 0.6708984375 0.4248046875 0.7509765625 0.40234375 0.751953125 0.365234375 0.75 0.3642578125 0.748046875 0.365234375 0.6923828125 0.36328125 0.68359375 0.365234375 0.6591796875 0.3671875 0.654296875 0.3740234375 0.65234375 0.37109375 0.6484375 0.3837890625 0.6484375
1 0.1318359375 0.23828125 0.140625 0.2421875 0.142578125 0.25 0.142578125 0.283203125 0.1455078125 0.3046875 0.142578125 0.310546875 0.1103515625 0.310546875 0.10546875 0.3095703125 0.103515625 0.3056640625 0.1015625 0.283203125 0.1025390625 0.25 0.1005859375 0.2421875 0.1044921875 0.23828125 0.130859375 0.23828125
1 0.19970703125 0.56103515625 0.072265625 0.1103515625
1 0.7177734375 0.783203125 0.73046875 0.787109375 0.7373046875 0.80859375 0.7255859375 0.89453125 0.724609375 0.8984375 0.720703125 0.900390625 0.6826171875 0.8984375 0.6806640625 0.8955078125 0.6826171875 0.8896484375 0.68359375 0.8447265625 0.6865234375 0.8369140625 0.6865234375 0.8212890625 0.6884765625 0.8173828125 0.6845703125 0.787109375 0.716796875 0.783203125
1 0.0029296875 0.3564453125 0.0185546875 0.35546875 0.025390625 0.3583984375 0.03125 0.3984375 0.033203125 0.4541015625 0.03125 0.462890625 0.0009765625 0.4638671875 0.0029296875 0.357421875
1 0.546875 0.3486328125 0.5615234375 0.353515625 0.5634765625 0.359375 0.5615234375 0.4287109375 0.5595703125 0.4365234375 0.560546875 0.4453125 0.55859375 0.447265625 0.560546875 0.478515625 0.5576171875 0.4814453125 0.5087890625 0.4794921875 0.5068359375 0.4775390625 0.5087890625 0.4658203125 0.505859375 0.4482421875 0.5078125 0.4365234375 0.5068359375 0.388671875 0.5087890625 0.384765625 0.509765625 0.3564453125 0.51171875 0.3525390625 0.515625 0.3515625 0.5224609375 0.3515625 0.529296875 0.3486328125 0.5458984375 0.3486328125
1 0.4306640625 0.1123046875 0.4365234375 0.115234375 0.4345703125 0.125 0.4365234375 0.146484375 0.435546875 0.1787109375 0.4345703125 0.185546875 0.431640625 0.189453125 0.400390625 0.189453125 0.396484375 0.18359375 0.396484375 0.115234375 0.416015625 0.111328125 0.4296875 0.1123046875
1 0.11328125 0.0869140625 0.1630859375 0.087890625 0.166015625 0.08984375 0.16796875 0.095703125 0.1669921875 0.107421875 0.1708984375 0.1533203125 0.1708984375 0.1787109375 0.16796875 0.181640625 0.1142578125 0.1806640625 0.111328125 0.1787109375 0.107421875 0.0888671875 0.1123046875 0.0869140625
1 0.701171875 0.654296875 0.705078125 0.65625 0.7060546875 0.662109375 0.701171875 0.7001953125 0.7021484375 0.7265625 0.6982421875 0.73828125 0.6982421875 0.751953125 0.6962890625 0.7568359375 0.6669921875 0.7578125 0.654296875 0.7568359375 0.6572265625 0.69140625 0.658203125 0.6767578125 0.6611328125 0.66796875 0.6611328125 0.654296875 0.6640625 0.65234375 0.7001953125 0.654296875
1 0.017578125 0.638671875 0.0224609375 0.6396484375 0.02734375 0.64453125 0.0390625 0.6435546875 0.041015625 0.6455078125 0.0419921875 0.6689453125 0.048828125 0.7197265625 0.0478515625 0.73828125 0.0205078125 0.7392578125 0 0.73828125 0 0.6494140625 0.0029296875 0.6416015625 0.0166015625 0.638671875
1 0.609375 0.921875 0.6103515625 0.923828125 0.62109375 0.923828125 0.625 0.93359375 0.6259765625 0.94921875 0.6220703125 0.9892578125 0.623046875 0.9970703125 0.62109375 0.9990234375 0.5927734375 0.9990234375 0.578125 0.9951171875 0.5771484375 0.97265625 0.578125 0.9482421875 0.580078125 0.9443359375 0.578125 0.923828125 0.580078125 0.921875 0.6083984375 0.921875
1 0.21875 0.2431640625 0.2216796875 0.24609375 0.2236328125 0.265625 0.2236328125 0.3115234375 0.2216796875 0.3134765625 0.1865234375 0.3134765625 0.1826171875 0.28515625 0.18359375 0.244140625 0.1865234375 0.2421875 0.2177734375 0.2431640625
1 0.3515625 0.3671875 0.3740234375 0.3681640625 0.3759765625 0.37109375 0.3798828125 0.3876953125 0.3779296875 0.431640625 0.380859375 0.4404296875 0.376953125 0.47265625 0.3740234375 0.4755859375 0.3330078125 0.4765625 0.3310546875 0.474609375 0.3125 0.474609375 0.30859375 0.4677734375 0.3076171875 0.369140625 0.3095703125 0.3671875 0.3505859375 0.3681640625
1 0.0615234375 0.23828125 0.091796875 0.23828125 0.0986328125 0.2412109375 0.1015625 0.251953125 0.1005859375 0.287109375 0.1025390625 0.3037109375 0.0986328125 0.3095703125 0.0654296875 0.3076171875 0.0615234375 0.2392578125
1 0.333984375 0.80078125 0.3466796875 0.8037109375 0.3525390625 0.8125 0.3505859375 0.8359375 0.3515625 0.884765625 0.345703125 0.888671875 0.2978515625 0.88671875 0.2939453125 0.884765625 0.2939453125 0.8671875 0.2919921875 0.86328125 0.2919921875 0.8046875 0.294921875 0.8017578125 0.3330078125 0.80078125
1 0.6767578125 0.1162109375 0.6806640625 0.1220703125 0.6806640625 0.1513671875 0.6767578125 0.16796875 0.677734375 0.1845703125 0.6748046875 0.1962890625 0.6396484375 0.193359375 0.638671875 0.1669921875 0.640625 0.1650390625 0.640625 0.130859375 0.642578125 0.1201171875 0.6484375 0.1171875 0.6728515625 0.1181640625 0.67578125 0.1162109375
1 0.689453125 0.515625 0.689453125 0.5341796875 0.68359375 0.5615234375 0.6826171875 0.58203125 0.71875 0.5810546875 0.716796875 0.61328125 0.71484375 0.615234375 0.71484375 0.625 0.7119140625 0.6298828125 0.701171875 0.6279296875 0.6669921875 0.6279296875 0.6630859375 0.6259765625 0.6591796875 0.6162109375 0.6640625 0.5654296875 0.6689453125 0.560546875 0.6708984375 0.55078125 0.671875 0.51953125 0.6796875 0.515625 0.6884765625 0.515625
1 0.4423828125 0.650390625 0.447265625 0.650390625 0.451171875 0.6533203125 0.4560546875 0.650390625 0.4609375 0.6552734375 0.4677734375 0.650390625 0.482421875 0.654296875 0.4853515625 0.6513671875 0.4931640625 0.6650390625 0.48828125 0.7509765625 0.4833984375 0.75390625 0.4306640625 0.751953125 0.4267578125 0.748046875 0.427734375 0.671875 0.4326171875 0.6552734375 0.44140625 0.6552734375 0.4423828125 0.6513671875
1 0.2666015625 0.509765625 0.2783203125 0.513671875 0.296875 0.513671875 0.30078125 0.5166015625 0.3017578125 0.611328125 0.298828125 0.6171875 0.279296875 0.6181640625 0.2373046875 0.6162109375 0.2353515625 0.61328125 0.236328125 0.5517578125 0.234375 0.54296875 0.234375 0.5185546875 0.2373046875 0.5126953125 0.265625 0.509765625
1 0.1513671875 0.7958984375 0.1591796875 0.796875 0.1669921875 0.802734375 0.171875 0.8779296875 0.169921875 0.880859375 0.1630859375 0.8818359375 0.125 0.8798828125 0.1171875 0.87890625 0.11328125 0.8759765625 0.1123046875 0.8544921875 0.109375 0.8466796875 0.107421875 0.7978515625 0.1103515625 0.7958984375 0.150390625 0.7958984375
1 0.2333984375 0.798828125 0.2392578125 0.80078125 0.267578125 0.798828125 0.2822265625 0.80078125 0.2880859375 0.798828125 0.2900390625 0.80078125 0.291015625 0.8837890625 0.2880859375 0.88671875 0.2333984375 0.8837890625 0.23046875 0.8486328125 0.23046875 0.8017578125 0.232421875 0.7998046875
1 0.53125 0.25 0.541015625 0.251953125 0.537109375 0.302734375 0.5380859375 0.3125 0.537109375 0.3193359375 0.5341796875 0.322265625 0.5048828125 0.322265625 0.5009765625 0.3193359375 0.5 0.3134765625 0.5029296875 0.2509765625 0.5302734375 0.25
1 0.3837890625 0.5146484375 0.392578125 0.517578125 0.4091796875 0.517578125 0.4111328125 0.515625 0.4326171875 0.515625 0.435546875 0.517578125 0.4375 0.5478515625 0.435546875 0.5576171875 0.4365234375 0.6103515625 0.43359375 0.619140625 0.38671875 0.619140625 0.375 0.6181640625 0.3701171875 0.615234375 0.3720703125 0.5185546875 0.3740234375 0.515625 0.3828125 0.5146484375
1 0.1943359375 0.087890625 0.224609375 0.0888671875 0.2392578125 0.09375 0.2421875 0.138671875 0.2412109375 0.1826171875 0.23046875 0.1845703125 0.1748046875 0.1806640625 0.173828125 0.1435546875 0.169921875 0.1064453125 0.1708984375 0.0927734375 0.1728515625 0.0888671875 0.193359375 0.087890625
1 0.314453125 0.095703125 0.3173828125 0.1044921875 0.3525390625 0.109375 0.3544921875 0.14453125 0.3544921875 0.18359375 0.3515625 0.1865234375 0.31640625 0.185546875 0.3125 0.1826171875 0.3125 0.1298828125 0.310546875 0.1220703125 0.314453125 0.0966796875
1 0.2109375 0.642578125 0.236328125 0.64453125 0.2373046875 0.658203125 0.2353515625 0.6708984375 0.23828125 0.7431640625 0.234375 0.7470703125 0.2177734375 0.7470703125 0.2060546875 0.744140625 0.177734375 0.744140625 0.1767578125 0.7421875 0.173828125 0.6533203125 0.1806640625 0.64453125 0.185546875 0.642578125 0.2099609375 0.642578125
1 0.6552734375 0.9228515625 0.66796875 0.9248046875 0.671875 0.93359375 0.6728515625 0.9501953125 0.66796875 0.990234375 0.6689453125 0.9990234375 0.6259765625 0.9990234375 0.6240234375 0.9951171875 0.6240234375 0.970703125 0.626953125 0.9482421875 0.6259765625 0.9248046875 0.654296875 0.9228515625
1 0.3505859375 0.921875 0.353515625 0.9228515625 0.35546875 0.9287109375 0.35546875 0.947265625 0.353515625 0.94921875 0.3544921875 0.9970703125 0.3037109375 0.99609375 0.2978515625 0.9921875 0.296875 0.9462890625 0.302734375 0.92578125 0.3046875 0.923828125 0.349609375 0.921875
1 0.3349609375 0.2490234375 0.3720703125 0.248046875 0.3720703125 0.2783203125 0.3740234375 0.2880859375 0.3740234375 0.310546875 0.37109375 0.318359375 0.3583984375 0.3193359375 0.3369140625 0.31640625 0.333984375 0.2900390625 0.3349609375 0.25
1 0.6494140625 0.3505859375 0.6630859375 0.3515625 0.671875 0.3583984375 0.677734375 0.359375 0.6806640625 0.3662109375 0.67578125 0.4462890625 0.673828125 0.44921875 0.671875 0.48046875 0.669921875 0.4853515625 0.6201171875 0.484375 0.6162109375 0.48046875 0.62109375 0.4306640625 0.6220703125 0.39453125 0.625 0.3837890625 0.6240234375 0.3623046875 0.62890625 0.3564453125 0.6484375 0.3505859375
1 0.1806640625 0.244140625 0.18359375 0.3115234375 0.1796875 0.3134765625 0.1474609375 0.3115234375 0.1435546875 0.2783203125 0.1435546875 0.244140625 0.1455078125 0.2421875 0.1669921875 0.2412109375 0.1796875 0.244140625
1 0.2548828125 0.244140625 0.2578125 0.255859375 0.259765625 0.2998046875 0.259765625 0.3134765625 0.2568359375 0.3154296875 0.2314453125 0.3154296875 0.224609375 0.3125 0.22265625 0.279296875 0.2236328125 0.24609375 0.25390625 0.244140625
1 0.2734375 0.64453125 0.298828125 0.650390625 0.2998046875 0.6533203125 0.2998046875 0.73828125 0.296875 0.7470703125 0.283203125 0.748046875 0.271484375 0.7451171875 0.2431640625 0.74609375 0.240234375 0.744140625 0.2392578125 0.736328125 0.236328125 0.6669921875 0.23828125 0.6533203125 0.2431640625 0.646484375 0.2587890625 0.6435546875 0.2724609375 0.64453125
1 0.390625 0.3671875 0.400390625 0.369140625 0.4404296875 0.3671875 0.4501953125 0.37109375 0.451171875 0.443359375 0.44921875 0.4453125 0.4482421875 0.4736328125 0.4296875 0.4736328125 0.4130859375 0.4765625 0.3916015625 0.4755859375 0.3876953125 0.4736328125 0.3857421875 0.4619140625 0.38671875 0.447265625 0.384765625 0.443359375 0.38671875 0.4228515625 0.384765625 0.38671875 0.3857421875 0.3720703125 0.3896484375 0.3681640625
1 0.666015625 0.78515625 0.6806640625 0.7880859375 0.685546875 0.8076171875 0.6796875 0.89453125 0.6748046875 0.8994140625 0.6318359375 0.8974609375 0.6337890625 0.8369140625 0.6357421875 0.8349609375 0.63671875 0.8115234375 0.6357421875 0.7890625 0.638671875 0.7861328125 0.6650390625 0.78515625
1 0.2783203125 0.244140625 0.2802734375 0.24609375 0.2939453125 0.24609375 0.2958984375 0.2490234375 0.2978515625 0.3095703125 0.296875 0.314453125 0.2939453125 0.31640625 0.2626953125 0.3154296875 0.2607421875 0.3134765625 0.2578125 0.2822265625 0.2578125 0.2451171875 0.27734375 0.244140625
1 0.3759765625 0.248046875 0.38671875 0.2470703125 0.4130859375 0.25 0.4169921875 0.25390625 0.41796875 0.265625 0.41796875 0.275390625 0.4150390625 0.28515625 0.41796875 0.302734375 0.4169921875 0.318359375 0.4150390625 0.3203125 0.376953125 0.3193359375 0.375 0.31640625 0.3740234375 0.2861328125 0.3759765625 0.2490234375
1 0.134765625 0.3603515625 0.1611328125 0.3603515625 0.162109375 0.3623046875 0.1689453125 0.4384765625 0.16796875 0.453125 0.169921875 0.46484375 0.1669921875 0.4697265625 0.1083984375 0.46875 0.1025390625 0.462890625 0.1025390625 0.435546875 0.095703125 0.3623046875 0.09765625 0.359375 0.10546875 0.3583984375 0.125 0.361328125 0.1337890625 0.3603515625
1 0.0771484375 0.5068359375 0.099609375 0.509765625 0.1005859375 0.5654296875 0.103515625 0.59375 0.103515625 0.6044921875 0.1005859375 0.6083984375 0.0439453125 0.60546875 0.0390625 0.556640625 0.0400390625 0.546875 0.03515625 0.509765625 0.0361328125 0.5078125 0.076171875 0.5068359375
1 0.0078125 0.0830078125 0.013671875 0.08203125 0.033203125 0.0849609375 0.0390625 0.087890625 0.0419921875 0.103515625 0.041015625 0.1171875 0.044921875 0.158203125 0.044921875 0.1767578125 0.04296875 0.1787109375 0.0087890625 0.1787109375 0.005859375 0.1767578125 0.005859375 0.1689453125 0.0087890625 0.16796875 0.01171875 0.146484375 0.0107421875 0.12890625 0.0068359375 0.1259765625 0.0078125 0.083984375
1 0.45703125 0.509765625 0.466796875 0.513671875 0.4736328125 0.5107421875 0.482421875 0.5107421875 0.4970703125 0.515625 0.494140625 0.60546875 0.4912109375 0.607421875 0.443359375 0.6083984375 0.4384765625 0.6064453125 0.4375 0.5166015625 0.4404296875 0.5126953125 0.44921875 0.513671875 0.4560546875 0.5126953125 0.45703125 0.5107421875
1 0.4609375 0.9208984375 0.4716796875 0.9267578125 0.47265625 0.9404296875 0.474609375 0.943359375 0.4716796875 0.9560546875 0.47265625 0.9912109375 0.470703125 0.9990234375 0.4169921875 0.998046875 0.4150390625 0.9951171875 0.4140625 0.947265625 0.416015625 0.943359375 0.416015625 0.927734375 0.423828125 0.9228515625 0.453125 0.9228515625 0.4599609375 0.9208984375
1 0.6630859375 0.251953125 0.666015625 0.2509765625 0.67578125 0.2548828125 0.697265625 0.255859375 0.69921875 0.2578125 0.697265625 0.2978515625 0.693359375 0.3193359375 0.6748046875 0.3251953125 0.658203125 0.3251953125 0.6552734375 0.322265625 0.6552734375 0.3115234375 0.6572265625 0.283203125 0.66015625 0.2763671875 0.6611328125 0.2568359375 0.6630859375 0.2529296875
1 0.61328125 0.2509765625 0.619140625 0.2548828125 0.619140625 0.2587890625 0.6142578125 0.3212890625 0.611328125 0.32421875 0.580078125 0.3232421875 0.5771484375 0.3134765625 0.5810546875 0.25390625 0.58984375 0.2509765625 0.6123046875 0.2509765625
1 0.560546875 0.5087890625 0.607421875 0.509765625 0.607421875 0.5576171875 0.6044921875 0.5712890625 0.60546875 0.591796875 0.6005859375 0.625 0.5712890625 0.625 0.5517578125 0.62109375 0.5546875 0.5107421875 0.5595703125 0.5087890625
1 0.4970703125 0.921875 0.5224609375 0.921875 0.5263671875 0.9228515625 0.529296875 0.927734375 0.529296875 0.9951171875 0.525390625 0.998046875 0.4814453125 0.9970703125 0.4755859375 0.9951171875 0.47265625 0.9775390625 0.4755859375 0.9462890625 0.4736328125 0.92578125 0.4775390625 0.921875 0.49609375 0.921875
1 0.5263671875 0.65234375 0.5322265625 0.65625 0.5517578125 0.6533203125 0.5546875 0.6572265625 0.556640625 0.6689453125 0.552734375 0.703125 0.5537109375 0.7255859375 0.5517578125 0.732421875 0.5517578125 0.7529296875 0.5498046875 0.755859375 0.53515625 0.75390625 0.498046875 0.7548828125 0.4912109375 0.751953125 0.490234375 0.744140625 0.49609375 0.6533203125 0.5185546875 0.65234375 0.5205078125 0.65625 0.5263671875 0.6533203125
1 0.38671875 0.109375 0.39453125 0.1123046875 0.396484375 0.12109375 0.3955078125 0.185546875 0.392578125 0.189453125 0.3583984375 0.1865234375 0.35546875 0.1787109375 0.3564453125 0.150390625 0.353515625 0.1142578125 0.357421875 0.109375 0.3857421875 0.109375
1 0.6875 0.921875 0.69140625 0.923828125 0.7099609375 0.9228515625 0.7158203125 0.9296875 0.7197265625 0.9501953125 0.71484375 0.9990234375 0.669921875 0.9990234375 0.673828125 0.9482421875 0.6728515625 0.9267578125 0.6865234375 0.921875
1 0.6318359375 0.787109375 0.634765625 0.79296875 0.6357421875 0.8095703125 0.6328125 0.8388671875 0.6318359375 0.8935546875 0.626953125 0.8994140625 0.6083984375 0.8984375 0.60546875 0.896484375 0.5849609375 0.896484375 0.5830078125 0.892578125 0.5849609375 0.888671875 0.5849609375 0.8447265625 0.587890625 0.826171875 0.5869140625 0.7890625 0.5888671875 0.787109375 0.5986328125 0.787109375 0.607421875 0.7841796875 0.630859375 0.787109375
1 0.1240234375 0.6416015625 0.12890625 0.64453125 0.1357421875 0.6416015625 0.150390625 0.6416015625 0.162109375 0.6435546875 0.1728515625 0.6494140625 0.1748046875 0.7431640625 0.16796875 0.744140625 0.14453125 0.7412109375 0.1162109375 0.7421875 0.1142578125 0.740234375 0.111328125 0.68359375 0.1083984375 0.666015625 0.109375 0.6494140625 0.1181640625 0.6416015625 0.123046875 0.6416015625
1 0.484375 0.3701171875 0.5078125 0.375 0.50390625 0.412109375 0.505859375 0.4287109375 0.50390625 0.4462890625 0.5048828125 0.4677734375 0.5029296875 0.47265625 0.4677734375 0.474609375 0.4541015625 0.474609375 0.4501953125 0.4697265625 0.453125 0.4423828125 0.451171875 0.42578125 0.4521484375 0.37109375 0.455078125 0.369140625 0.4833984375 0.3701171875
1 0.2529296875 0.08984375 0.2646484375 0.091796875 0.279296875 0.0908203125 0.28125 0.0927734375 0.30078125 0.0908203125 0.306640625 0.0947265625 0.3095703125 0.16015625 0.3076171875 0.18359375 0.2919921875 0.1865234375 0.271484375 0.18359375 0.24609375 0.18359375 0.244140625 0.1806640625 0.2431640625 0.091796875 0.2451171875 0.08984375 0.251953125 0.08984375
1 0.4697265625 0.7890625 0.4765625 0.822265625 0.4765625 0.8359375 0.4736328125 0.8427734375 0.4736328125 0.88671875 0.470703125 0.890625 0.4169921875 0.888671875 0.4150390625 0.88671875 0.416015625 0.8798828125 0.4130859375 0.861328125 0.4140625 0.806640625 0.416015625 0.8046875 0.435546875 0.802734375 0.4599609375 0.8046875 0.470703125 0.7998046875 0.4658203125 0.7900390625 0.46875 0.7890625
1 0.103515625 0.0869140625 0.1064453125 0.09765625 0.10546875 0.1142578125 0.109375 0.1796875 0.1005859375 0.1806640625 0.0556640625 0.1796875 0.0478515625 0.177734375 0.0419921875 0.08984375 0.0439453125 0.0859375 0.1025390625 0.0869140625
1 0.5498046875 0.5078125 0.552734375 0.5126953125 0.5537109375 0.54296875 0.548828125 0.6220703125 0.5126953125 0.62109375 0.501953125 0.6181640625 0.5 0.6162109375 0.4990234375 0.6064453125 0.498046875 0.572265625 0.498046875 0.5615234375 0.5009765625 0.5546875 0.4990234375 0.5234375 0.501953125 0.5087890625 0.509765625 0.5068359375 0.548828125 0.5078125
1 0.5732421875 0.78515625 0.583984375 0.7880859375 0.5859375 0.8037109375 0.58203125 0.8720703125 0.5830078125 0.8876953125 0.58203125 0.8935546875 0.578125 0.8974609375 0.5576171875 0.8974609375 0.5517578125 0.8955078125 0.5361328125 0.8955078125 0.53515625 0.8935546875 0.5390625 0.78515625 0.5419921875 0.783203125 0.572265625 0.78515625
1 0.646484375 0.65234375 0.6572265625 0.6552734375 0.66015625 0.6689453125 0.65625 0.68359375 0.6533203125 0.75390625 0.6513671875 0.759765625 0.64453125 0.76171875 0.6142578125 0.76171875 0.6064453125 0.7587890625 0.6044921875 0.751953125 0.6044921875 0.7333984375 0.6103515625 0.6533203125 0.626953125 0.654296875 0.6455078125 0.65234375
1 0.5380859375 0.1142578125 0.5556640625 0.115234375 0.5615234375 0.12109375 0.5595703125 0.166015625 0.5576171875 0.169921875 0.55859375 0.19140625 0.556640625 0.1923828125 0.5244140625 0.1923828125 0.5185546875 0.189453125 0.51953125 0.1171875 0.529296875 0.11328125 0.537109375 0.1142578125
1 0.21875 0.798828125 0.2265625 0.7998046875 0.2294921875 0.8056640625 0.23046875 0.880859375 0.2275390625 0.8837890625 0.17578125 0.8828125 0.1728515625 0.87890625 0.1689453125 0.802734375 0.1845703125 0.798828125 0.2177734375 0.798828125
1 0.4384765625 0.24609375 0.4521484375 0.2490234375 0.4560546875 0.2587890625 0.4560546875 0.318359375 0.4521484375 0.322265625 0.4248046875 0.3203125 0.4189453125 0.31640625 0.4189453125 0.287109375 0.4169921875 0.28125 0.4189453125 0.271484375 0.41796875 0.2509765625 0.4375 0.24609375
1 0.6572265625 0.251953125 0.66015625 0.25390625 0.6611328125 0.259765625 0.65625 0.279296875 0.654296875 0.3173828125 0.6513671875 0.326171875 0.619140625 0.3251953125 0.6162109375 0.3203125 0.6162109375 0.30859375 0.6181640625 0.279296875 0.623046875 0.25390625 0.65625 0.251953125
1 0.6064453125 0.3505859375 0.609375 0.35546875 0.6201171875 0.357421875 0.623046875 0.3798828125 0.6201171875 0.392578125 0.619140625 0.43359375 0.615234375 0.447265625 0.6142578125 0.48046875 0.611328125 0.4833984375 0.603515625 0.484375 0.5615234375 0.4814453125 0.5595703125 0.4638671875 0.56640625 0.3876953125 0.56640625 0.357421875 0.5693359375 0.353515625 0.58203125 0.349609375 0.60546875 0.3505859375
1 0.634765625 0.119140625 0.640625 0.123046875 0.638671875 0.166015625 0.63671875 0.169921875 0.6376953125 0.181640625 0.6357421875 0.193359375 0.6328125 0.1953125 0.6005859375 0.193359375 0.5986328125 0.19140625 0.5986328125 0.1826171875 0.6025390625 0.1181640625 0.6337890625 0.119140625
1 0.2783203125 0.3642578125 0.2841796875 0.3662109375 0.302734375 0.3662109375 0.3056640625 0.3701171875 0.3056640625 0.46484375 0.3076171875 0.4677734375 0.3046875 0.474609375 0.2763671875 0.474609375 0.255859375 0.470703125 0.2490234375 0.4716796875 0.2431640625 0.4697265625 0.2412109375 0.462890625 0.2373046875 0.3681640625 0.2412109375 0.3642578125 0.27734375 0.3642578125
1 0.33203125 0.646484375 0.3359375 0.6484375 0.357421875 0.646484375 0.3623046875 0.6494140625 0.36328125 0.7236328125 0.361328125 0.7490234375 0.3583984375 0.7509765625 0.33203125 0.7509765625 0.3291015625 0.7490234375 0.302734375 0.7490234375 0.30078125 0.74609375 0.30078125 0.6552734375 0.3017578125 0.65234375 0.3095703125 0.6474609375 0.3310546875 0.6474609375
1 0.6474609375 0.509765625 0.6611328125 0.5107421875 0.6650390625 0.517578125 0.658203125 0.6142578125 0.6572265625 0.623046875 0.6533203125 0.626953125 0.611328125 0.6259765625 0.6044921875 0.6220703125 0.607421875 0.6044921875 0.607421875 0.5654296875 0.611328125 0.51171875 0.6142578125 0.509765625 0.646484375 0.509765625
1 0.472990806640625 0.1904537021484375 0.4750750400390625 0.1889466376953125 0.4763528173828125 0.1746920751953125 0.4749478720703125 0.1667573955078125 0.47687540234375 0.11527856640625 0.4712649599609375 0.1124796064453125 0.4558554111328125 0.1110530478515625 0.4409197880859375 0.1119499296875 0.436758056640625 0.1145783154296875 0.435247220703125 0.17165940625 0.436514134765625 0.1875018310546875 0.4441818759765625 0.1903367001953125 0.472990806640625 0.1904537021484375
1 0.031576828125 0.3961300556640625 0.030198052734375 0.4161707734375 0.035040912109375 0.462944515625 0.0375856044921875 0.46453237890625 0.0972270986328125 0.4667310078125 0.0998593212890625 0.463304203125 0.0993154609375 0.4355127001953125 0.095188921875 0.377175625 0.0918849072265625 0.36014005859375 0.0867753232421875 0.358121564453125 0.03897676953125 0.355357931640625 0.028169212890625 0.355555146484375 0.0255706552734375 0.3570532333984375 0.025334994140625 0.3705542626953125 0.031576828125 0.3961300556640625
1 0.05031229296875 0.7375584189453125 0.0523291943359375 0.7399087919921875 0.058487626953125 0.740788009765625 0.1063198466796875 0.7416229248046875 0.109439462890625 0.7397480712890625 0.11104976953125 0.73591756640625 0.1080839404296875 0.640558072265625 0.0993538828125 0.639633966796875 0.0710121455078125 0.6422261494140625 0.04535649609375 0.6383055771484375 0.042236880859375 0.6401804306640625 0.0406467744140625 0.6428537041015625 0.0409793037109375 0.6532777607421875 0.05031229296875 0.7375584189453125
1 0.18062826171875 0.9941156484375 0.1778520400390625 0.976317572265625 0.1795607412109375 0.937375412109375 0.1855011083984375 0.9212729306640625 0.1835919384765625 0.9127506591796875 0.1785092880859375 0.909189189453125 0.17536947265625 0.9122212734375 0.1712952724609375 0.909834990234375 0.139420591796875 0.9085068935546875 0.135272326171875 0.9103637919921875 0.124188708984375 0.926376498046875 0.1250516328125 0.9653635458984375 0.1281671181640625 0.993199935546875 0.18062826171875 0.9941156484375
1 0.1234495859375 0.9097715634765625 0.0935918056640625 0.9107938388671875 0.0859307978515625 0.9075732255859374 0.080673083984375 0.9140410927734375 0.0774255380859375 0.9232450771484375 0.0749979130859375 0.9444250703125 0.0798205732421875 0.99235604296875 0.1261098173828125 0.993164025390625 0.12262553515625 0.9275067958984375 0.1285591689453125 0.91179005859375 0.1234495859375 0.9097715634765625
1 0.0729796650390625 0.9421518466796875 0.0770593427734375 0.9147497373046874 0.075597166015625 0.9100938798828125 0.070480849609375 0.90846112890625 0.063787892578125 0.9087301650390625 0.0571487998046875 0.90591325 0.0360412783203125 0.906702400390625 0.02871953125 0.9135201015625 0.0202210048828125 0.928806208984375 0.02530212890625 0.991404419921875 0.0762202978515625 0.9922932001953125 0.0770039501953125 0.9768724296875 0.0729796650390625 0.9421518466796875
1 0 0.99096276953125 0.02273050390625 0.9913595322265625 0.0196554169921875 0.9612086796875 0.0197066796875 0.92879723046875 0.0261411728515625 0.9138609580078125 0.02621523828125 0.9096177763671875 0.0190954873046875 0.904863166015625 0.0144732958984375 0.9043966240234375 0.008281197265625 0.905446125 0 0.9048870283203125 0 0.99096276953125
1 0.6978608671875 0.74808969921875 0.698213595703125 0.757356525390625 0.701773470703125 0.7597338310546875 0.73418267578125 0.7599136748046875 0.738932796875 0.7530510859375 0.7564659013671875 0.662293875 0.7560795078125 0.6549557666015625 0.7455480107421875 0.6393374892578125 0.740925818359375 0.638870947265625 0.7207930810546875 0.6427640029296875 0.7175186025390625 0.6535109619140625 0.708193421875 0.657206802734375 0.7017951982421875 0.699539857421875 0.70175066796875 0.7315655615234375 0.6978608671875 0.74808969921875
0 0.146484375 0.7490234375 0.162109375 0.7490234375 0.1650390625 0.7509765625 0.1650390625 0.7666015625 0.16015625 0.771484375 0.115234375 0.76953125 0.1162109375 0.7568359375 0.119140625 0.7490234375 0.1455078125 0.7490234375
0 0.0224609375 0.3095703125 0.0625 0.310546875 0.064453125 0.3125 0.064453125 0.3203125 0.0625 0.328125 0.0595703125 0.3310546875 0.0185546875 0.330078125 0.0126953125 0.328125 0.0078125 0.32421875 0.0068359375 0.314453125 0.00390625 0.3134765625 0.0107421875 0.3095703125 0.021484375 0.3095703125
0 0.4765625 0.482421875 0.4873046875 0.484375 0.4873046875 0.5 0.4853515625 0.501953125 0.435546875 0.5 0.4365234375 0.4814453125 0.4755859375 0.482421875
0 0 0.611328125 0.009765625 0.6123046875 0.0078125 0.62890625 0.0009765625 0.634765625 0 0.6123046875
0 0.1240234375 0.18359375 0.1748046875 0.18359375 0.1796875 0.185546875 0.177734375 0.2021484375 0.1669921875 0.2041015625 0.1533203125 0.2021484375 0.1220703125 0.203125 0.1201171875 0.197265625 0.1240234375 0.1845703125
0 0.1552734375 0.6162109375 0.1728515625 0.6181640625 0.171875 0.630859375 0.169921875 0.6376953125 0.1669921875 0.638671875 0.1591796875 0.63671875 0.12109375 0.63671875 0.119140625 0.634765625 0.1220703125 0.6181640625 0.13671875 0.615234375 0.154296875 0.6162109375
0 0.5361328125 0.484375 0.5517578125 0.484375 0.5712890625 0.4892578125 0.5703125 0.5 0.5634765625 0.5029296875 0.51953125 0.501953125 0.5185546875 0.4853515625 0.53515625 0.484375
0 0.162109375 0.8837890625 0.1875 0.8857421875 0.18359375 0.90625 0.1796875 0.908203125 0.1337890625 0.9052734375 0.1337890625 0.8916015625 0.138671875 0.8837890625 0.1611328125 0.8837890625
0 0.38671875 0.751953125 0.4130859375 0.7568359375 0.412109375 0.775390625 0.4091796875 0.7783203125 0.36328125 0.7734375 0.3642578125 0.7578125 0.3671875 0.751953125 0.3857421875 0.751953125
0 0.3642578125 0.888671875 0.37890625 0.8896484375 0.38671875 0.892578125 0.400390625 0.892578125 0.3994140625 0.9140625 0.3974609375 0.916015625 0.353515625 0.9111328125 0.353515625 0.8916015625 0.36328125 0.888671875
0 0.0537109375 0.880859375 0.05859375 0.8837890625 0.0966796875 0.8837890625 0.0966796875 0.8974609375 0.0927734375 0.904296875 0.046875 0.9033203125 0.0439453125 0.900390625 0.0458984375 0.888671875 0.0478515625 0.8828125 0.05078125 0.8798828125 0.052734375 0.880859375
0 0.1328125 0.470703125 0.1533203125 0.47265625 0.15625 0.474609375 0.15625 0.48828125 0.15234375 0.4931640625 0.1083984375 0.4931640625 0.09375 0.4912109375 0.095703125 0.4755859375 0.1005859375 0.4716796875 0.1318359375 0.470703125
0 0.3056640625 0.3193359375 0.306640625 0.3310546875 0.3037109375 0.3349609375 0.2978515625 0.3369140625 0.265625 0.3349609375 0.255859375 0.328125 0.2529296875 0.3203125 0.255859375 0.3173828125 0.265625 0.31640625 0.3046875 0.3193359375
0 0.3740234375 0.6220703125 0.4208984375 0.623046875 0.4228515625 0.625 0.4228515625 0.6396484375 0.4208984375 0.6435546875 0.38671875 0.6435546875 0.3720703125 0.6396484375 0.3720703125 0.626953125 0.3740234375 0.623046875