1 0.043468427734375 0.333828103515625 0.03894202734375 0.268924408203125 0.03691166015625 0.2673455224609375 0.0322827353515625 0.267264724609375 0.007527806640625 0.2706912373046875 0.0062904287109375 0.282631337890625 0.008427 0.33707506640625 0.0104506337890625 0.3390396953125 0.02071019921875 0.3407622216796875 0.039252830078125 0.339542439453125 0.043468427734375 0.333828103515625
1 0.039021298828125 0.3233322265625 0.041925453125 0.3338011708984375 0.0464803125 0.338125150390625 0.0634059033203125 0.3411216162109375 0.0737530009765625 0.337829474609375 0.077528337890625 0.3278629814453125 0.0728538076171875 0.271445646484375 0.0677778896484375 0.26749843359375 0.0595554248046875 0.266969048828125 0.042562501953125 0.26783001953125 0.0399168125 0.2720283125 0.0388705654296875 0.302493087890625 0.0407797353515625 0.311015359375 0.039021298828125 0.3233322265625
1 0.104098171875 0.3383591513671875 0.1031907197265625 0.3313978095703125 0.1065661962890625 0.3148646953125 0.1064895283203125 0.289782376953125 0.1042276298828125 0.2719932783203125 0.099171912109375 0.266888833984375 0.0754927646484375 0.2676330966796875 0.0770274794921875 0.3270825166015625 0.075302708984375 0.3374706630859375 0.086570724609375 0.3403683759765625 0.10202740625 0.339094728515625 0.104098171875 0.3383591513671875
1 0.14034483984375 0.2660640654296875 0.1316417158203125 0.263596984375 0.10999966796875 0.265534388671875 0.1058244697265625 0.26893426171875 0.10522261328125 0.2739399521484375 0.1065123310546875 0.31795064453125 0.1030695224609375 0.3383411962890625 0.1143240732421875 0.342010396484375 0.1405950439453125 0.3401537900390625 0.14267254296875 0.3390324697265625 0.14034483984375 0.2660640654296875
1 0.178564955078125 0.3165072998046875 0.1813520419921875 0.304208388671875 0.177890560546875 0.2667194287109375 0.175345869140625 0.2651315654296875 0.1429231982421875 0.2657232099609375 0.144228984375 0.3382879150390625 0.1513756689453125 0.34149955078125 0.1776264404296875 0.34080017578125 0.180739322265625 0.33931106640625 0.18131424609375 0.3358483515625 0.178564955078125 0.3165072998046875
1 0.2187724365234375 0.3415183818359375 0.2213844599609375 0.3392488076171875 0.2192976240234375 0.3114303720703125 0.2214626552734375 0.3052943837890625 0.2179675078125 0.269734142578125 0.2154362822265625 0.267374791015625 0.206739890625 0.264521966796875 0.186146693359375 0.2653200947265625 0.1809563115234375 0.2679305244140625 0.183811806640625 0.340136419921875 0.1884070654296875 0.342145935546875 0.1976581806640625 0.3426932763671875 0.2187724365234375 0.3415183818359375
1 0.2591741025390625 0.266980654296875 0.252514810546875 0.265320970703125 0.227793546875 0.2668187666015625 0.2246739326171875 0.268693619140625 0.2225291005859375 0.273672376953125 0.22599991796875 0.3401010927734375 0.2393185009765625 0.3434204599609375 0.2624967890625 0.3418957314453125 0.264628154296875 0.3376884609375 0.2601758193359375 0.268541583984375 0.2591741025390625 0.266980654296875
1 0.261671662109375 0.27126872265625 0.2632913046875 0.2963779736328125 0.2614049384765625 0.3160239716796875 0.2581843251953125 0.3236849794921875 0.259145642578125 0.32756037109375 0.2544561201171875 0.330951267578125 0.2522708896484375 0.3382444873046875 0.2532524072265625 0.3409626484375 0.265054947265625 0.342712107421875 0.282034404296875 0.3426226240234375 0.290905859375 0.3354461123046875 0.2994447841796875 0.31784554296875 0.2971533505859375 0.272273919921875 0.29364733984375 0.2668106650390625 0.2694875341796875 0.26561723046875 0.2648384091796875 0.2666936640625 0.261671662109375 0.27126872265625
1 0.300610701171875 0.3394741240234375 0.3021132763671875 0.3418155185546875 0.30980121875 0.34349315625 0.317042166015625 0.3413043798828125 0.3243975791015625 0.3325579609375 0.3311040029296875 0.3315174384765625 0.3342303515625 0.329256841796875 0.3366957724609375 0.2764368857421875 0.3352941943359375 0.2683093359375 0.33224864453125 0.2659410078125 0.299291447265625 0.2676809052734375 0.2977282744140625 0.268811203125 0.298288203125 0.32515671875 0.300610701171875 0.3394741240234375
1 0.3734013720703125 0.2662734697265625 0.367763998046875 0.265017486328125 0.3389012021484375 0.2679864345703125 0.3388256103515625 0.3312663583984375 0.3438678623046875 0.3371422900390625 0.3690024521484375 0.3414396279296875 0.3742197666015625 0.33728622265625 0.3779251689453125 0.3018516669921875 0.3769343154296875 0.27019375 0.3734013720703125 0.2662734697265625
1 0.4134985185546875 0.2681309521484375 0.40993191015625 0.266139390625 0.38779573828125 0.2669105859375 0.3810556484375 0.2698798271484375 0.378836751953125 0.279101765625 0.3773191826171875 0.3365686015625 0.380351267578125 0.339708416015625 0.387518150390625 0.3417628203125 0.4101349814453125 0.3429293212890625 0.415359029296875 0.3383901728515625 0.4134985185546875 0.2681309521484375
1 0.452336560546875 0.3421225078125 0.4544477255859375 0.33907246875 0.455103447265625 0.330980828125 0.455929025390625 0.2542088515625 0.453404533203125 0.2514637578125 0.4467452412109375 0.2498040751953125 0.4225248369140625 0.2520823359375 0.4172940556640625 0.2570072275390625 0.4161038095703125 0.2662471220703125 0.4155071591796875 0.3299038115234375 0.4169087373046875 0.338031361328125 0.4209627392578125 0.3415748759765625 0.452336560546875 0.3421225078125
1 0.4812117451171875 0.2500198291015625 0.462127857421875 0.2527736083984375 0.460009958984375 0.2562093916015625 0.46094434375 0.2616277578125 0.4571151416015625 0.274680201171875 0.4580480009765625 0.3391353115234375 0.46262305859375 0.3423020595703125 0.4883527724609375 0.3419794501953125 0.4945852705078125 0.33861548828125 0.4924999619140625 0.251760310546875 0.4812117451171875 0.2500198291015625
1 0.4944951357421875 0.3143046572265625 0.496134978515625 0.338256677734375 0.499160330078125 0.3417822353515625 0.5037690546875 0.343020265625 0.5289844443359375 0.3426886787109375 0.5331596416015625 0.339288806640625 0.5323169169921875 0.2991445283203125 0.534717609375 0.279507509765625 0.5328017060546875 0.27137098046875 0.5331248994140625 0.2528552822265625 0.5311079990234375 0.25050491015625 0.5218838154296875 0.2484145947265625 0.50849116796875 0.24933841015625 0.497135619140625 0.251455365234375 0.49550511328125 0.2564431005859375 0.4944951357421875 0.3143046572265625
1 0.570137171875 0.343021140625 0.5727693955078125 0.3395943359375 0.576855986328125 0.2528468896484375 0.5712792099609375 0.2481192109375 0.5579269609375 0.2467285634765625 0.53675883984375 0.2509894072265625 0.5351148671875 0.256748630859375 0.53636158203125 0.2737482861328125 0.533076240234375 0.3145922314453125 0.534689150390625 0.3400872265625 0.5377279677734375 0.3428412978515625 0.570137171875 0.343021140625
1 0.5763225380859375 0.342357384765625 0.5819599130859375 0.343613369140625 0.6123050849609375 0.3441430458984375 0.6149440419921876 0.3403304970703125 0.6173918662109374 0.3179932724609375 0.6162663486328125 0.2940502294921875 0.6215955234375 0.2540136826171875 0.61909123046875 0.2501113564453125 0.6006226650390625 0.2470879580078125 0.5856937744140625 0.2475990966796875 0.5820598349609375 0.2494649716796875 0.57815656640625 0.266760595703125 0.5754596142578124 0.3033703369140625 0.5744335673828125 0.3326778818359375 0.5763225380859375 0.342357384765625
1 0.6586942509765625 0.2508026298828125 0.6484683515625 0.2471513857421875 0.632504078125 0.2480303115234375 0.6247488046875 0.2502101103515625 0.6178429892578124 0.2921484443359375 0.6164735498046875 0.3411289169921875 0.6225915830078125 0.34432259765625 0.653972138671875 0.344484486328125 0.657111953125 0.34145240234375 0.6598197685546875 0.274745673828125 0.6586942509765625 0.2508026298828125
1 0.677734375 0.30712890625 0.0009765625 0.0009765625
1 0.6586279951171875 0.3430223095703125 0.6637443125 0.3446550595703125 0.6827743359375 0.34498723046875 0.69823775 0.34332783984375 0.700321982421875 0.3418207744140625 0.7014650966796875 0.3352810859375 0.699250330078125 0.3147917822265625 0.7049026982421875 0.2562395361328125 0.7039750458984375 0.25043542578125 0.7014303544921875 0.2488475625 0.6793682470703125 0.2453755771484375 0.6685270244140625 0.2475015107421875 0.662294525390625 0.25086547265625 0.66243179296875 0.2724760986328125 0.658259197265625 0.305201470703125 0.6586279951171875 0.3430223095703125
1 0.70280347265625 0.3175548310546875 0.705465232421875 0.34191055078125 0.715203740234375 0.3440098427734375 0.7388694208984375 0.344037068359375 0.741467978515625 0.34253898046875 0.7420698349609375 0.3375332900390625 0.7439427353515625 0.31865878125 0.743297876953125 0.2966534345703125 0.747308875 0.2731859111328125 0.7446134501953126 0.25075891015625 0.7389962744140625 0.2483456953125 0.72563729296875 0.247340791015625 0.7137943525390625 0.2479057939453125 0.7075551220703125 0.2516555 0.7039439833984374 0.2816896435546875 0.70280347265625 0.3175548310546875
1 0.7481987314453125 0.3106299833984375 0.744728990234375 0.332563509765625 0.7461036357421875 0.34223403515625 0.7573918525390625 0.3439745166015625 0.7820929150390625 0.343633953125 0.78700616015625 0.2684767724609375 0.7861862392578125 0.2565007626953125 0.7801355380859375 0.24944964453125 0.7719467373046875 0.246991541015625 0.762688888671875 0.2468299443359375 0.7549470810546876 0.248238255859375 0.7487011162109375 0.2523737060546875 0.745876234375 0.296312578125 0.7457415703125 0.304027453125 0.7481987314453125 0.3106299833984375
1 0.792372681640625 0.344199248046875 0.823753236328125 0.34436113671875 0.826345060546875 0.34324879296875 0.8274410419921875 0.3394093115234375 0.83086778125 0.290464748046875 0.830932509765625 0.2572818115234375 0.8248818076171875 0.2502306943359375 0.8136205244140625 0.2469472373046875 0.794015578125 0.250077783203125 0.790374904296875 0.25232940234375 0.78876459765625 0.25615990625 0.785760521484375 0.3398393583984375 0.78775722265625 0.343346962890625 0.792372681640625 0.344199248046875
1 0.8767141630859375 0.2576950712890625 0.8721997021484375 0.251056630859375 0.8604106279296875 0.24853568359375 0.8408326142578125 0.2501232548828125 0.8335647333984375 0.253855005859375 0.8315354423828125 0.3406383623046875 0.8350751181640625 0.3441728994140625 0.871592189453125 0.3448103076171875 0.874258078125 0.339454783203125 0.8730786953125 0.318597689453125 0.8767141630859375 0.2576950712890625
1 0.9142946259765625 0.3447839580078125 0.918449625 0.3425413173828125 0.9190312822265625 0.338692857421875 0.9215344990234375 0.2542329404296875 0.920546248046875 0.2519005224609375 0.9154501298828125 0.249110541015625 0.891297056640625 0.2475313642578125 0.880902828125 0.2535237119140625 0.87973278125 0.2616063740234375 0.8764702412109375 0.330618587890625 0.87784488671875 0.34028911328125 0.88087023828125 0.3438146728515625 0.9142946259765625 0.3447839580078125
1 0.9632026279296875 0.3429366220703125 0.9629508974609375 0.3278836396484375 0.96827333984375 0.2882328359375 0.966294234375 0.254242501953125 0.9602098662109375 0.2491201025390625 0.9540783671875 0.2466979091796875 0.93764016796875 0.245253396484375 0.9293638359375 0.2478099609375 0.9225564150390625 0.254636638671875 0.9205069248046875 0.3425772275390625 0.924073533203125 0.3445687890625 0.9616394541015625 0.344066919921875 0.9632026279296875 0.3429366220703125
1 1 0.2566340322265625 0.9981487158203125 0.256727830078125 0.98724689453125 0.2623254560546875 0.9795050869140625 0.263733767578125 0.9740723115234375 0.2802309716796875 0.974892232421875 0.2922069814453125 0.97004111328125 0.3048557255859375 0.9710024306640626 0.3087311181640625 0.96546865625 0.3310144775390625 0.9658348515625 0.3395098173828125 0.9699023193359375 0.34228184375 0.97965429296875 0.3436096484375 1 0.3436179794921875 1 0.2566340322265625
1 0.0015574521484375 0.4064101806640625 0.004048279296875 0.4110839921875 0.0050795322265625 0.4404274482421875 0.0076107578125 0.4427867978515625 0.0158130234375 0.4444734140625 0.0472003115234375 0.44424955859375 0.0513889765625 0.4400781982421875 0.047943564453125 0.43114325 0.0432757685546875 0.374340171875 0.038186384765625 0.3711644462890625 0.0057704462890625 0.371370345703125 0.00214997265625 0.372464734375 0.0015574521484375 0.4064101806640625
1 0.0465150537109375 0.4245586748046875 0.0508409853515625 0.441997939453125 0.0574733447265625 0.44520059765625 0.0893749580078125 0.4449857197265625 0.0919869814453125 0.4427161455078125 0.09257537109375 0.43848194140625 0.0901182109375 0.4318794111328125 0.088626498046875 0.399441029296875 0.0856752119140625 0.3916722890625 0.08492935546875 0.375453099609375 0.0788247890625 0.3714879306640625 0.0510512412109375 0.3710031416015625 0.04381029296875 0.37319191796875 0.04300644140625 0.389769919921875 0.0465150537109375 0.4245586748046875
1 0.089257890625 0.42221786328125 0.0930156318359375 0.4427341005859375 0.0986193408203125 0.4459188037109375 0.1310150791015625 0.446870134765625 0.133647302734375 0.4434433291015625 0.1313760673828125 0.396714474609375 0.132341515625 0.370878623046875 0.0932460869140625 0.3705820712890625 0.0860186044921875 0.3719993603515625 0.0844621630859375 0.3727439150390625 0.085715611328125 0.3893578271484375 0.08913408984375 0.39983575 0.089257890625 0.42221786328125
1 0.16138718359375 0.4458568369140625 0.1732031904296875 0.4468348076171875 0.1763362724609375 0.4441884677734375 0.1769448623046875 0.438797033203125 0.17442862890625 0.376629453125 0.1641892626953125 0.3737496962890625 0.1420732900390625 0.37336366015625 0.135894658203125 0.373641671875 0.1337834931640625 0.3766917119140625 0.132770912109375 0.4052277685546875 0.1351902763671875 0.44347026171875 0.1413015771484375 0.4470496865234375 0.16138718359375 0.4458568369140625
1 0.2189796376953125 0.3885970693359375 0.21658980859375 0.3781371015625 0.2053352587890625 0.37446790234375 0.184241203125 0.374485564453125 0.176993521484375 0.3770600849609375 0.1784070390625 0.443452890625 0.182454306640625 0.4473821484375 0.214342453125 0.4479387578125 0.2190252431640625 0.4449336064453125 0.2197011650390625 0.4356847353515625 0.2189796376953125 0.3885970693359375
1 0.2608756201171875 0.37582322265625 0.239801763671875 0.3746836552734375 0.2341105234375 0.37651362109375 0.2258813232421875 0.3763699794921875 0.219141234375 0.379339220703125 0.22004716015625 0.4453373056640625 0.2241078935546875 0.448495076171875 0.2626957314453125 0.44839690625 0.264827095703125 0.4441896357421875 0.26339337890625 0.378954060546875 0.2608756201171875 0.37582322265625
1 0.3076455244140625 0.3785689013671875 0.3056151572265625 0.376990015625 0.2906795341796875 0.3778868974609375 0.2881415751953125 0.3759132919921875 0.2835193837890625 0.3754467490234375 0.2670475185546875 0.3759309541015625 0.265477611328125 0.37744699609375 0.2662892724609375 0.4488454931640625 0.30794959375 0.4495726767578125 0.3101146240234375 0.4434366875 0.310518615234375 0.4202920654296875 0.3076455244140625 0.3785689013671875
1 0.3569585927734375 0.4419391845703125 0.3549499521484375 0.380166326171875 0.351390076171875 0.3777890205078125 0.3164429130859375 0.3756355703125 0.311245798828125 0.378631744140625 0.311069208984375 0.4476978232421875 0.3141147587890625 0.4500661513671875 0.320787517578125 0.4509543466796875 0.353203455078125 0.450748447265625 0.35635000390625 0.447330619140625 0.3569585927734375 0.4419391845703125
1 0.357548509765625 0.3786682392578125 0.357892978515625 0.4473575517578125 0.3629621630859375 0.4516905078125 0.399512900390625 0.4503991982421875 0.4016038662109375 0.4485063896484375 0.40241184765625 0.40221714453125 0.39974335546875 0.37824716796875 0.391013296875 0.3773230625 0.357548509765625 0.3786682392578125
1 0.44720525 0.40029798828125 0.44706125 0.37907310546875 0.4450308828125 0.377494220703125 0.405928720703125 0.377583412109375 0.402802373046875 0.3798440087890625 0.403634232421875 0.4500852744140625 0.407200841796875 0.4520768369140625 0.4468173291015625 0.4519966220703125 0.4463744658203125 0.41841896484375 0.443930771484375 0.4110449462890625 0.44720525 0.40029798828125
1 0.4501741328125 0.3775839970703125 0.4493889541015625 0.452041509765625 0.4591341943359375 0.45375505859375 0.4961857900390625 0.453244212890625 0.4977691640625 0.4509566826171875 0.4985004775390625 0.3795851201171875 0.4949406025390625 0.3772078134765625 0.45276595703125 0.37647165234375 0.4501741328125 0.3775839970703125
1 0.54761828515625 0.454141970703125 0.5499127724609375 0.3816401083984375 0.5422517646484375 0.3784194951171875 0.53144420703125 0.3786167099609375 0.525746234375 0.38083241796875 0.513970625 0.377539984375 0.50676334375 0.3778000419921875 0.5026420107421875 0.3781139658203125 0.500551044921875 0.3800067734375 0.49979953125 0.452535568359375 0.5018231650390625 0.454500197265625 0.515703205078125 0.4551283359375 0.54761828515625 0.454141970703125
1 0.6029286416015625 0.3802503369140625 0.5978257919921875 0.37784609765625 0.562344103515625 0.3768409013671875 0.553526513671875 0.3809314638671875 0.55176134375 0.39363407421875 0.5497268466796875 0.421766431640625 0.550717701171875 0.45342434765625 0.5568559345703125 0.4554607978515625 0.595924431640625 0.45730032421875 0.5985431884765625 0.4546450068359375 0.6029286416015625 0.3802503369140625
1 0.656551572265625 0.4325058720703125 0.65692602734375 0.381578724609375 0.6467068603515626 0.377541736328125 0.615820431640625 0.3785460576171875 0.6065221826171875 0.3806989228515625 0.6044042841796875 0.3841347060546875 0.60175446484375 0.4180442421875 0.601081146484375 0.45661861328125 0.60465448828125 0.458224431640625 0.6195564453125 0.459256267578125 0.6540296826171875 0.4590862783203125 0.656551572265625 0.4325058720703125
1 0.708385455078125 0.3809335078125 0.7048053798828126 0.37971343359375 0.676009916015625 0.3788249453125 0.6610675595703125 0.3801075703125 0.6587880654296875 0.392801203125 0.657149298828125 0.4572114248046875 0.6684307822265625 0.459337650390625 0.707038818359375 0.45808225 0.7098367685546875 0.4156863525390625 0.7098880302734375 0.3832749033203125 0.708385455078125 0.3809335078125
1 0.76086006640625 0.3810777333984375 0.75522269140625 0.3798217490234375 0.7382028359375 0.3822256953125 0.7150851455078125 0.3802787294921875 0.710909947265625 0.3836786015625 0.7086087255859375 0.4565662080078125 0.7126829267578125 0.4589524912109375 0.7558929560546875 0.45932086328125 0.757983921875 0.4574280546875 0.7596884931640625 0.448197138671875 0.76086006640625 0.3810777333984375
1 0.7628635 0.38419959375 0.7605622783203125 0.45708719921875 0.765658396484375 0.459877181640625 0.8099240078125 0.4587205341796875 0.813562078125 0.4271434150390625 0.8143498603515625 0.3820114013671875 0.767045431640625 0.3804139765625 0.7639392822265625 0.3815173427734375 0.7628635 0.38419959375
1 0.8683539794921875 0.382954046875 0.8652882294921875 0.3817429501953125 0.82104955078125 0.3813566220703125 0.817408876953125 0.3836082412109375 0.8157110390625 0.3924534140625 0.8121361708984375 0.4498843388671875 0.81352428125 0.458783376953125 0.8217198154296875 0.4608557373046875 0.8633936025390625 0.4608114326171875 0.8675931298828125 0.4265430859375 0.8683539794921875 0.382954046875
1 0.920928060546875 0.436348859375 0.921567712890625 0.39970320703125 0.919786474609375 0.3838518046875 0.9115842080078125 0.3821651884765625 0.87506713671875 0.3815277802734375 0.8709256044921875 0.3829989345703125 0.870364146484375 0.3856901630859375 0.86599216015625 0.459313345703125 0.869044443359375 0.4612959296875 0.9163758056640625 0.46135037890625 0.918507169921875 0.4571431083984375 0.920928060546875 0.436348859375
1 0.9220199130859374 0.4622206201171875 0.9328072705078125 0.46318063671875 0.9708875166015625 0.46268774609375 0.9724843564453125 0.459628728515625 0.9725625517578125 0.4256743046875 0.9746669833984375 0.423010009765625 0.97431165234375 0.38441768359375 0.971773693359375 0.3824440771484375 0.9460305126953125 0.3835381728515625 0.9265063642578125 0.3820397939453125 0.922872423828125 0.383905669921875 0.922686498046875 0.4240319931640625 0.919996279296875 0.4602559912109375 0.9220199130859374 0.4622206201171875
1 1 0.3828363447265625 0.983109041015625 0.3814843525390625 0.9800028916015625 0.38258771875 0.9773976005859375 0.384471548828125 0.97661394921875 0.3998923193359375 0.9773126728515625 0.418811716796875 0.9740003984375 0.46119863671875 0.977052681640625 0.463181220703125 1 0.463581767578125 1 0.3828363447265625
1 0.003417962890625 0.4766694013671875 0.00273530859375 0.4863040166015625 0.00702757421875 0.505672 0.0089730126953125 0.5415910537109375 0.01456998828125 0.5451614990234375 0.02589187109375 0.5449732626953125 0.04899609375 0.5476917158203125 0.052162841796875 0.54311665625 0.05474793359375 0.5423900576171875 0.0493192861328125 0.529176017578125 0.05054319921875 0.5180074052734375 0.0490986181640625 0.482868818359375 0.047162515625 0.47588951953125 0.033329607421875 0.4725611767578125 0.0122557509765625 0.4714216083984375 0.00552912890625 0.473619361328125 0.003417962890625 0.4766694013671875
1 0.0486987578125 0.4763021962890625 0.05165525 0.5427219345703125 0.056203376953125 0.547431658203125 0.091170740234375 0.548427876953125 0.095319005859375 0.546570978515625 0.0933844296875 0.480554939453125 0.088321978515625 0.4758362392578125 0.0683239033203125 0.472014419921875 0.0486987578125 0.4763021962890625
1 0.0923961787109375 0.478222521484375 0.0963476552734375 0.54658893359375 0.1045431884765625 0.5486612939453125 0.1359237431640625 0.548823181640625 0.1380079755859375 0.5473161171875 0.137149181640625 0.4786178271484375 0.125881166015625 0.4757201142578125 0.0991228017578125 0.476024767578125 0.0923961787109375 0.478222521484375
1 0.180670013671875 0.5496042314453125 0.1827475126953125 0.54848291015625 0.1844453515625 0.5396377373046874 0.18236937890625 0.48172231640625 0.1798246865234375 0.480134453125 0.161342654296875 0.4778825419921875 0.14074945703125 0.4786806708984375 0.1391660830078125 0.4809682001953125 0.1395509501953125 0.5473430498046875 0.1431175595703125 0.5493346123046875 0.16007681640625 0.550402359375 0.180670013671875 0.5496042314453125
1 0.2286570966796875 0.5415670400390625 0.2273875791015625 0.4963991162109375 0.2250583486328125 0.482467455078125 0.2173838740234375 0.4800183291015625 0.200390951171875 0.4808792998046875 0.1901246513671875 0.479542517578125 0.183912353515625 0.4817492490234375 0.1843039541015625 0.5477383564453125 0.18734950390625 0.55010668359375 0.2012228125 0.5511205654296875 0.2259306083984375 0.5503942578125 0.2286570966796875 0.5415670400390625
1 0 0.6421442119140625 0.0262456748046875 0.64260233203125 0.02795024609375 0.6333714150390625 0.02585407421875 0.576613224609375 0.0192217158203125 0.5734105654296875 0.0068981171875 0.572037873046875 0 0.5719174658203126 0 0.6421442119140625
1 0.032410841796875 0.643095806640625 0.0668436796875 0.6452402783203125 0.0699632958984375 0.64336542578125 0.0684824462890625 0.580830056640625 0.06390738671875 0.57766330859375 0.0315520478515625 0.574397515625 0.0258742734375 0.5754559931640625 0.0243111005859375 0.576586291015625 0.0281320419921875 0.6229563349609375 0.0268205986328125 0.639139615234375 0.0298459501953125 0.6426651748046875 0.032410841796875 0.643095806640625
1 0.1126320673828125 0.645267794921875 0.1128744619140625 0.631381021484375 0.109668841796875 0.5792337998046875 0.107638474609375 0.577654916015625 0.0994160078125 0.5771255302734375 0.0906118857421875 0.5804446044921875 0.0695312958984375 0.57969078125 0.0699632958984375 0.64336542578125 0.0719869296875 0.6453300537109375 0.088411662109375 0.6475460546875 0.110013310546875 0.64792311328125 0.1126320673828125 0.645267794921875
1 0.15573176171875 0.622482568359375 0.154435310546875 0.5788576181640624 0.1524116767578125 0.5768929892578125 0.146253244140625 0.5760137705078126 0.127737546875 0.575690578125 0.1138103740234375 0.577762646484375 0.1116924755859375 0.5811984287109375 0.110881890625 0.5981621748046875 0.11362705078125 0.6472144697265625 0.153724197265625 0.649071951171875 0.1552806376953125 0.6483273955078125 0.15573176171875 0.622482568359375
1 0.2016574150390625 0.6441207099609375 0.199833173828125 0.6012582705078126 0.2011917490234375 0.582374783203125 0.1986605234375 0.58001543359375 0.1847804833984375 0.579387294921875 0.1575077939453125 0.5796829716796875 0.1559446201171875 0.58081326953125 0.1568370791015625 0.647582841796875 0.1588607138671875 0.649547470703125 0.171691904296875 0.6513148837890625 0.1994991171875 0.649870955078125 0.2016574150390625 0.6441207099609375
1 0.24468044140625 0.5962531630859375 0.242317544921875 0.584250220703125 0.2104697978515625 0.5813791484375 0.205840873046875 0.5812983505859375 0.2022069326171875 0.5831642265625 0.2025985341796875 0.6491533330078125 0.21025280859375 0.6527596904296875 0.2421342216796875 0.6537020439453125 0.2447664453125 0.65027523828125 0.245408701171875 0.6429550849609375 0.24468044140625 0.5962531630859375
1 0 0.711470240234375 0.0188416044921875 0.71308569921875 0.0229966025390625 0.7108430576171875 0.025262630859375 0.6989209130859375 0.02276246875 0.6653073447265625 0.016657900390625 0.6613421767578125 0.0012550849609375 0.659529875 0 0.6599757060546875 0 0.711470240234375
1 0.0520857236328125 0.6654333232421875 0.0505764140625 0.6634776708984375 0.0408446396484375 0.6609926357421875 0.029529490234375 0.66079512890625 0.024860166015625 0.66302879296875 0.024519376953125 0.7120272216796875 0.028593578125 0.71441350390625 0.0507162841796875 0.714413796875 0.054397357421875 0.70984771484375 0.054495751953125 0.674736060546875 0.0520857236328125 0.6654333232421875
1 0.0862425009765625 0.683393287109375 0.0829048203125 0.668286439453125 0.0757918037109375 0.6631460859375 0.06038225390625 0.66171952734375 0.05519860546875 0.6639442138671875 0.055886466796875 0.71296059765625 0.0594598076171875 0.714566416015625 0.0810345234375 0.7164864482421875 0.084174337890625 0.7134543642578125 0.08583177734375 0.7069236533203125 0.0862425009765625 0.683393287109375
1 0.104066208984375 0.6644113388671875 0.0948150927734375 0.663864 0.0854697119140625 0.6687170712890625 0.0881112724609375 0.694230021484375 0.08721315625 0.716208435546875 0.112909203125 0.717814544921875 0.11500690234375 0.715535994140625 0.1162779462890625 0.7016671748046875 0.112228076171875 0.66841241796875 0.104066208984375 0.6644113388671875
1 0.113148994140625 0.674602271484375 0.1155388232421875 0.685062240234375 0.1154942939453125 0.7170879453125 0.1396339013671875 0.7194386103515625 0.1448310166015625 0.7164424365234375 0.1459606640625 0.7106742353515625 0.145376404296875 0.6851971953125 0.142485716796875 0.6739567626953125 0.13385665625 0.6672465009765625 0.1246324736328125 0.6651561865234376 0.112228076171875 0.66841241796875 0.11061776953125 0.672242921875 0.1090815283203125 0.6718302451171875 0.113148994140625 0.674602271484375
1 0.17508865625 0.7219867822265625 0.17702215625 0.699640580078125 0.176777158203125 0.6842018525390625 0.17387300390625 0.673732908203125 0.1754900439453125 0.66951666015625 0.1626723203125 0.6669777578125 0.1513571708984375 0.6667802509765625 0.146160056640625 0.6697764248046875 0.144556482421875 0.6732211865234375 0.1463537919921875 0.717626599609375 0.1602136328125 0.7194119697265625 0.16429456640625 0.7214125087890625 0.17508865625 0.7219867822265625
1 0.2033428623046875 0.7244092666015625 0.2069835361328125 0.7221576474609375 0.2103253466796875 0.707553251953125 0.2101611474609375 0.6874856015625 0.2067965341796875 0.673921728515625 0.2032635908203125 0.67000144921875 0.1971118916015625 0.6687364873046875 0.1827107939453125 0.668485115234375 0.1759639697265625 0.671840099609375 0.1773116826171875 0.683053599609375 0.1761240400390625 0.7216189931640625 0.18021170703125 0.7232337890625 0.2033428623046875 0.7244092666015625
1 0 0.7815513125 0.0037630576171875 0.78111994140625 0.0048523056640625 0.777666203125 0.0054650244140625 0.742563525390625 0.0004429736328125 0.73553036328125 0 0.7356329267578126 0 0.7815513125
1 0.014817138671875 0.7373247099609375 0.0076098564453125 0.737584767578125 0.005518890625 0.7394775751953125 0.00479170703125 0.781137896484375 0.026379888671875 0.78228644140625 0.0279363291015625 0.7815418876953125 0.02803059375 0.7761414755859375 0.0250026396484375 0.7432904169921875 0.0224781484375 0.7405453232421875 0.014817138671875 0.7373247099609375
1 0.026024556640625 0.7436941162109375 0.0279430625 0.7811561435546875 0.030481021484375 0.78312975 0.0458973037109375 0.784170564453125 0.0475278095703125 0.7791828291015624 0.045568904296875 0.7440352646484375 0.0425166201171875 0.7420526796875 0.0281155224609375 0.7418013076171875 0.026024556640625 0.7436941162109375
1 0.0455621708984375 0.7444210068359375 0.0464385615234375 0.7826365673828125 0.0520557373046875 0.785049783203125 0.0664501015625 0.7856868994140624 0.068040208984375 0.783013625 0.0681588037109375 0.7467447392578125 0.0595162763671875 0.74080596484375 0.0492163115234375 0.7413979013671875 0.0455621708984375 0.7444210068359375
1 0.0846777998046875 0.743560328125 0.0733626513671875 0.7433628212890625 0.069200919921875 0.7459912080078125 0.0690217265625 0.785731787109375 0.0926806748046875 0.786144755859375 0.090281509765625 0.74674503125 0.0846777998046875 0.743560328125
1 0.09076216796875 0.7486827275390625 0.089594724609375 0.786090890625 0.107562431640625 0.7883338232421875 0.1112502373046875 0.7833819990234375 0.11025983984375 0.764637322265625 0.11181582421875 0.75097952734375 0.1047028076171875 0.7458391728515625 0.09389525 0.7460363876953126 0.09076216796875 0.7486827275390625
1 0.11804158984375 0.74800130859375 0.1154901640625 0.746799189453125 0.1118023583984375 0.7517510146484375 0.111730896484375 0.7853196943359375 0.11679334765625 0.79003839453125 0.1327172216796875 0.7914739306640625 0.1353090458984375 0.7903615869140626 0.1329368134765625 0.749418888671875 0.1303988544921875 0.7474452822265625 0.11804158984375 0.74800130859375
1 0.1442923623046875 0.74730193359375 0.13553537109375 0.7479208017578125 0.1329233466796875 0.7501903759765625 0.1337660712890625 0.790334654296875 0.1373326796875 0.792326216796875 0.1527489619140625 0.79336703125 0.155875310546875 0.7911064345703125 0.15451826171875 0.750953177734375 0.1504507939453125 0.7481811513671875 0.1442923623046875 0.74730193359375
1 0.1559804384765625 0.75560903515625 0.1558820439453125 0.7907206904296875 0.1614790205078125 0.7942911376953125 0.1789593349609375 0.7949821181640625 0.181083966796875 0.791160591796875 0.17864440234375 0.754075330078125 0.170502734375 0.7489170205078125 0.158632861328125 0.7510249990234374 0.1559804384765625 0.75560903515625
1 0.180187376953125 0.7541022626953126 0.18050904296875 0.7946233076171875 0.20003319140625 0.7961216865234375 0.2026654140625 0.792694880859375 0.2033791318359375 0.7518060478515625 0.1998394560546875 0.74827151171875 0.1890049658203125 0.7500117001953125 0.184396240234375 0.748773671875 0.180187376953125 0.7541022626953126
1 0 0.8641472529296875 0.001794365234375 0.8644316044921875 0.012094330078125 0.8638396689453125 0.015207212890625 0.8623505595703125 0.015352740234375 0.82453869921875 0.01747737109375 0.820717171875 0.027898533203125 0.813181849609375 0.0284599912109375 0.81049062109375 0.0254346396484375 0.8069650615234375 0.0208326484375 0.8053412890625 0.01824082421875 0.8064536318359375 0.00642481640625 0.8054756611328125 0 0.806824673828125 0 0.8641472529296875
1 0 0.9016751923828125 0.0150078203125 0.9032483701171875 0.017613111328125 0.9013645400390625 0.016081 0.8712406201171875 0.0120606640625 0.865768388671875 0.001280041015625 0.864422626953125 0 0.8644002841796875 0 0.9016751923828125
1 0.06968678515625 0.80657990234375 0.04808513671875 0.8062028447265625 0.044965521484375 0.808077697265625 0.0315594072265625 0.8097729990234375 0.019047279296875 0.8192011298828125 0.016408322265625 0.8230136796875 0.0164041923828125 0.8527249228515625 0.0203437294921875 0.8628260791015625 0.025960904296875 0.865239294921875 0.037282787109375 0.8650510576171875 0.0403485361328125 0.8662621552734375 0.0475760185546875 0.8648448662109375 0.0696583251953125 0.8671596201171875 0.0856091318359375 0.867052181640625 0.086907109375 0.8516403876953125 0.084699076171875 0.83076533984375 0.0873851650390625 0.8242525849609375 0.0936782607421875 0.8174169287109375 0.0917421591796875 0.810437630859375 0.0835466259765625 0.808365271484375 0.074796369140625 0.8085983974609375 0.06968678515625 0.80657990234375
1 0.037069927734375 0.9067203564453125 0.0560797509765625 0.9082097568359375 0.08643165625 0.9083536904296875 0.08902348046875 0.9072413466796875 0.08892661328125 0.883316259765625 0.0850678740234375 0.868586177734375 0.06808841796875 0.868675662109375 0.064515076171875 0.86706984375 0.05115609375 0.8660649404296875 0.04238563671875 0.8674552958984375 0.0192814140625 0.8647368427734375 0.0187360263671875 0.8959820830078125 0.0222151025390625 0.9029883125 0.037069927734375 0.9067203564453125
1 0.1379910048828125 0.8135600751953125 0.1272373134765625 0.8106713408203124 0.1174112734375 0.813586716796875 0.1116594345703125 0.818888375 0.0997895615234375 0.8209963525390624 0.0971438720703125 0.8251946455078125 0.0893818662109375 0.8277601875 0.0887758798828125 0.8624771220703125 0.0922886220703125 0.8675546328125 0.095868697265625 0.86877470703125 0.1092478798828125 0.868622380859375 0.120515896484375 0.87152009375 0.1544276767578125 0.8740413310546875 0.1572416962890625 0.8601994462890625 0.15586705078125 0.8505289208984375 0.1600961142578125 0.8440430986328125 0.1593031259765625 0.83052411328125 0.159884783203125 0.8266756533203125 0.165108830078125 0.8221365048828125 0.1636533876953125 0.817094904296875 0.1600261796875 0.8185750361328125 0.1523853701171875 0.81419719140625 0.1379910048828125 0.8135600751953125
1 0.154742609375 0.9149481201171875 0.1594052001953125 0.9131002001953125 0.1607637763671875 0.894216712890625 0.158027951171875 0.8741041748046875 0.1375155517578125 0.87027337890625 0.0938113974609375 0.868738796875 0.0917271650390625 0.870245861328125 0.092617021484375 0.9076899345703126 0.0982476630859375 0.909331662109375 0.1316518525390625 0.9114581796875 0.1398271865234375 0.9146877705078125 0.154742609375 0.9149481201171875
1 0.1687091044921875 0.82219934765625 0.16136042578125 0.8305600234375 0.160714041015625 0.867591419921875 0.1622098828125 0.87031855859375 0.1888874482421875 0.8746428291015625 0.223814412109375 0.8779535107421875 0.23106209375 0.875378990234375 0.22832626953125 0.8552664521484376 0.2292479521484375 0.831937935546875 0.2324247998046875 0.8267842607421875 0.2294129150390625 0.82248721484375 0.2247435908203125 0.82472087890625 0.2181448974609375 0.819589501953125 0.2145311572265625 0.820298146484375 0.210964548828125 0.818306583984375 0.1759702529296875 0.8188533408203125 0.1743936123046875 0.8207551259765625 0.1687091044921875 0.82219934765625
1 0.2246032705078125 0.92118373828125 0.2303079775390625 0.9185822861328125 0.231538623046875 0.9070279296875 0.2288835966796875 0.8822864677734376 0.2258515126953125 0.87914665234375 0.1688557080078125 0.8727497294921875 0.1606063095703125 0.8737633193359375 0.160467515625 0.911189435546875 0.162484416015625 0.9135398095703126 0.174774349609375 0.916841220703125 0.212773796875 0.92097725390625 0.2246032705078125 0.92118373828125
1 0.266437578125 0.8235193427734375 0.2622623798828125 0.826919216796875 0.25300453125 0.8267576201171875 0.2411279248046875 0.829251341796875 0.2380554404296875 0.8284259892578125 0.2312884189453125 0.8329382041015625 0.23106209375 0.875378990234375 0.2351026279296875 0.8796939912109375 0.24790688671875 0.883004380859375 0.254112451171875 0.8811833935546876 0.2736433330078125 0.8822960283203125 0.2792268427734375 0.886637962890625 0.2920782333984375 0.8872481455078125 0.300354564453125 0.8846915810546875 0.3035213125 0.8801165224609375 0.30470222265625 0.8419368720703125 0.3100205341796875 0.8319973115234375 0.3075162412109375 0.8280949873046874 0.3039496328125 0.8261034248046875 0.2916395 0.823959244140625 0.2746465771484375 0.8248202158203125 0.266437578125 0.8235193427734375
1 0.2342112451171875 0.901286662109375 0.2334545263671875 0.9151644580078125 0.23540409375 0.921372267578125 0.244113953125 0.92345360546875 0.259036109375 0.9233282109375 0.287791173828125 0.9265311611328125 0.2975633486328125 0.9267017353515625 0.301704880859375 0.9252305810546875 0.3018167412109375 0.8893474384765625 0.3003410986328125 0.885463068359375 0.2417888525390625 0.8798107001953125 0.235616953125 0.87970296875 0.231441755859375 0.883102841796875 0.23081969921875 0.8892657646484375 0.2342112451171875 0.901286662109375
1 0.2722400537109375 0.5500450087890625 0.2728149775390625 0.5465822919921876 0.271855185546875 0.483670158203125 0.269310494140625 0.482082294921875 0.2589970625 0.48344571875 0.2333212138671875 0.480682376953125 0.2291864150390625 0.4817677880859375 0.228133435546875 0.5126183076171875 0.2300586748046875 0.549694591796875 0.2392828583984375 0.5517849052734375 0.269113705078125 0.55230560546875 0.2722400537109375 0.5500450087890625
1 0.2738922861328125 0.4848632998046875 0.2747578134765625 0.5531758466796876 0.3169189912109375 0.554683494140625 0.3216219814453125 0.5505211123046875 0.3187649599609375 0.5373519599609375 0.3181444306640625 0.4844781396484375 0.315593005859375 0.483276021484375 0.27599671875 0.48219900390625 0.2738922861328125 0.4848632998046875
1 0.319045150390625 0.4918252255859375 0.3207145283203125 0.5435597705078125 0.323712947265625 0.5486283046875 0.326893162109375 0.5432817568359375 0.3341273759765625 0.5414787255859375 0.3516144248046875 0.541783962890625 0.354727306640625 0.540294853515625 0.35882170703125 0.5415239052734375 0.3645129482421875 0.539693939453125 0.3656332587890625 0.5049859833984375 0.3644336767578125 0.4852861220703125 0.3624033095703125 0.483707236328125 0.32074298828125 0.482980052734375 0.3191798134765625 0.4841103515625 0.319045150390625 0.4918252255859375
1 0.37424472265625 0.5421789755859375 0.3772835400390625 0.544933046875 0.38169026953125 0.5577433876953125 0.407941041015625 0.557044013671875 0.4105395986328125 0.55554592578125 0.4122037705078125 0.54862947265625 0.4117515712890625 0.48611205859375 0.4086925537109375 0.48451521875 0.38449908203125 0.4852505029296875 0.3696105908203125 0.4834471787109375 0.36650444140625 0.4845505439453125 0.3650609384765625 0.53777419921875 0.368593880859375 0.541694478515625 0.37424472265625 0.5421789755859375
1 0.4148509873046875 0.4853944365234375 0.4132945458984375 0.4861389912109375 0.4125968984375 0.5555818369140625 0.4192225234375 0.55917023828125 0.455238736328125 0.559027181640625 0.4578574931640625 0.55637186328125 0.45918913671875 0.5390313515625 0.4580408154296875 0.4869200400390625 0.4148509873046875 0.4853944365234375
1 0.4721845263671875 0.560866416015625 0.504593732421875 0.561046259765625 0.50780087890625 0.55415673828125 0.507402544921875 0.488553375 0.5058865029296875 0.486983466796875 0.490971080078125 0.4867231171875 0.4806441806640625 0.4888580283203125 0.470925873046875 0.4856015048828125 0.4611334990234375 0.486588162109375 0.458987140625 0.5506036630859374 0.46038871875 0.558731212890625 0.4619047607421875 0.5603011201171875 0.4721845263671875 0.560866416015625
1 0.556668482421875 0.5546238642578125 0.556643076171875 0.4971300966796875 0.558307248046875 0.490213642578125 0.555261697265625 0.487845314453125 0.514115701171875 0.4871271083984375 0.5110095517578125 0.4882304736328125 0.509927037109375 0.49129846875 0.50820747265625 0.560337615234375 0.5143457060546875 0.562374064453125 0.5523990185546875 0.5634241484375 0.555518634765625 0.561549294921875 0.556668482421875 0.5546238642578125
1 0.5166962119140625 0.6635107373046875 0.5187198466796875 0.6654753662109375 0.530014794921875 0.666830103515625 0.5572672841796875 0.6676916591796875 0.5614020830078125 0.666606248046875 0.563086455078125 0.6585325625 0.5616082080078125 0.6253226943359375 0.5641704970703125 0.596427826171875 0.5585802548828125 0.5924716357421875 0.54981653125 0.593476248046875 0.520520208984375 0.591807294921875 0.515309626953125 0.5955749560546875 0.5177869873046875 0.601020255859375 0.5166962119140625 0.6635107373046875
1 0.51528116796875 0.656154673828125 0.5139308515625 0.615615673828125 0.5168593359375 0.5952161455078125 0.5127986015625 0.592058375 0.49996741015625 0.5902909599609375 0.4788935537109375 0.589151392578125 0.47214673046875 0.5925063779296875 0.470948224609375 0.6611687578125 0.4848080654296875 0.662954126953125 0.510537779296875 0.6626315185546875 0.514178453125 0.6603798994140625 0.51528116796875 0.656154673828125
1 0.4292744375 0.6612130625 0.4678555419921875 0.66150063671875 0.469438916015625 0.659213107421875 0.4696020390625 0.590918515625 0.46552110546875 0.5889179755859375 0.4258911513671875 0.589769677734375 0.4262086875 0.66000196484375 0.4292744375 0.6612130625
1 0.423326259765625 0.5893390458984376 0.4110228603515625 0.5868091220703125 0.388385830078125 0.5867998525390625 0.3837299716796875 0.5882620283203125 0.3815986083984375 0.592469298828125 0.381062556640625 0.6526542958984375 0.3825314658203125 0.6569244091796875 0.3876275830078125 0.659714390625 0.419001404296875 0.6602620224609375 0.4257145625 0.658835755859375 0.423326259765625 0.5893390458984376
1 0.3773814833984375 0.657220376953125 0.3805414990234375 0.6530310615234375 0.37910769140625 0.6172752841796875 0.3803948955078125 0.6024806796875 0.3785867236328125 0.5881722529296874 0.3708853154296875 0.5872661015625 0.3682665576171875 0.589921419921875 0.3405199443359375 0.58789365625 0.3347815712890625 0.5924238271484376 0.3353119658203125 0.6209868173828125 0.3326621455078125 0.654896353515625 0.343415837890625 0.657785087890625 0.3773814833984375 0.657220376953125
1 0.330219978515625 0.5884855927734375 0.32506999609375 0.5887815595703125 0.3194528203125 0.5863683447265625 0.307643546875 0.58500462890625 0.2927348564453125 0.58435853515625 0.2911851484375 0.5847173466796876 0.2905967587890625 0.5889515498046874 0.2899664423828125 0.6545369580078125 0.3012613916015625 0.6558916962890625 0.3331630048828125 0.6556768173828125 0.33426724609375 0.592414849609375 0.330219978515625 0.5884855927734375
1 0.2886135234375 0.584672458984375 0.2830030810546875 0.5818735 0.245924552734375 0.5839273203125 0.245253837890625 0.6518271904296875 0.2477850634765625 0.6541865400390625 0.286873759765625 0.6548688359375 0.2886135234375 0.584672458984375
1 0.2372815751953125 0.7253875302734375 0.2393860078125 0.722723234375 0.2392124716796875 0.6737158291015625 0.233608763671875 0.6705311259765625 0.2187000732421875 0.6698850322265625 0.213035765625 0.6701720224609375 0.20836644140625 0.6724056865234375 0.211656990234375 0.6902127412109375 0.211821189453125 0.710280390625 0.2095551611328125 0.72220253515625 0.2182515537109375 0.7250553603515625 0.2372815751953125 0.7253875302734375
1 0.2624042265625 0.67141961328125 0.2449171787109375 0.6711143759765625 0.240214189453125 0.6752767578125 0.2398733994140625 0.7242751875 0.247541142578125 0.727110056640625 0.266564431640625 0.727827970703125 0.270198373046875 0.7259620947265625 0.2713280205078125 0.72019389453125 0.270065236328125 0.6746402265625 0.2624042265625 0.67141961328125
1 0.28865347265625 0.7297569814453125 0.298960169921875 0.7287793017578125 0.3015923935546875 0.72535249609375 0.3027396376953125 0.689101564453125 0.3013919248046875 0.677888064453125 0.29579494921875 0.6743176181640625 0.287071625 0.6730077685546875 0.27419330078125 0.673940560546875 0.2715678115234375 0.6769816220703125 0.2729585263671875 0.7152061591796876 0.2706992314453125 0.726742560546875 0.2752944892578125 0.7287520771484375 0.28865347265625 0.7297569814453125
1 0.3308011845703125 0.7320361181640626 0.33396119921875 0.727846802734375 0.334809580078125 0.6792430947265625 0.328698279296875 0.675663669921875 0.31071710546875 0.6741922236328125 0.30398375 0.6767757216796875 0.302346509765625 0.6821492001953126 0.3026479765625 0.7238274765625 0.3010444033203125 0.7272722373046875 0.3030613037109375 0.7296226103515625 0.308698677734375 0.73087859375 0.3308011845703125 0.7320361181640626
1 0.3687550263671875 0.679835615234375 0.3554431767578125 0.67613050390625 0.343613703125 0.67592401953125 0.3384300546875 0.67814870703125 0.336298689453125 0.6823559775390625 0.3359646337890625 0.730968662109375 0.3472259169921875 0.7342521181640626 0.3652340234375 0.73418058984375 0.367846046875 0.731911015625 0.36901609375 0.7238283525390625 0.3687550263671875 0.679835615234375
1 0.3801307744140625 0.676561427734375 0.3739319423828125 0.677996671875 0.369215486328125 0.6829305419921875 0.3688679638671875 0.73231471484375 0.3775508896484375 0.7359390263671876 0.3986449453125 0.73592136328125 0.401811693359375 0.7313463046875 0.399567390625 0.6830744755859375 0.3965353076171875 0.67993466015625 0.3801307744140625 0.676561427734375
1 0.435563404296875 0.6840886494140626 0.4330456455078125 0.6809578115234375 0.420227919921875 0.6784189091796875 0.4052788310546875 0.6800872783203125 0.4016179580078125 0.6834961298828125 0.40330753515625 0.734073443359375 0.4063598193359375 0.73605602734375 0.4315348095703125 0.7380389033203125 0.4352091484375 0.7338585654296875 0.435824470703125 0.7280813876953125 0.435563404296875 0.6840886494140626
1 0.4659489755859375 0.68230386328125 0.44797453515625 0.680446673828125 0.438087896484375 0.6868337431640625 0.4372327822265625 0.735823193359375 0.4556878818359375 0.739618080078125 0.468051880859375 0.7386763115234375 0.4716858203125 0.736810435546875 0.4722540107421875 0.733733462890625 0.471045091796875 0.6850938447265625 0.4659489755859375 0.68230386328125
1 0.49012898046875 0.68234006640625 0.4767363330078125 0.683263880859375 0.4720468095703125 0.686654775390625 0.47270100390625 0.7375998779296875 0.4839555546875 0.741269078125 0.5040209609375 0.741233458984375 0.5058601953125 0.7242876689453125 0.503901291015625 0.689140103515625 0.4998540224609375 0.6852108466796875 0.49012898046875 0.68234006640625
1 0.507501564453125 0.689202947265625 0.50710691015625 0.7412873251953125 0.53898832421875 0.7422296787109375 0.5419908720703125 0.71758696875 0.5404183623046875 0.68977751171875 0.536878685546875 0.686242974609375 0.5194185703125 0.6843947626953125 0.5121978212890625 0.68542630859375 0.507501564453125 0.689202947265625
1 0.573355357421875 0.689194845703125 0.56773144921875 0.687167373046875 0.5538581416015625 0.6861534921875 0.54663066015625 0.6875707802734375 0.543504310546875 0.689831376953125 0.543221517578125 0.70603261328125 0.54828396875 0.7107513125 0.54817287109375 0.7171160849609375 0.5455305478515625 0.721121505859375 0.547520515625 0.7250148525390625 0.542864658203125 0.726477029296875 0.5426761298828126 0.737277853515625 0.5457082138671875 0.74041766796875 0.5528683642578125 0.7428578173828125 0.5682981123046875 0.74312714453125 0.57140426171875 0.7420237783203125 0.5740499521484375 0.737825486328125 0.5757477900390625 0.7289803134765624 0.575365525390625 0.6919309619140624 0.573355357421875 0.689194845703125
1 0.613391904296875 0.6945240205078125 0.60574436328125 0.690531919921875 0.586727806640625 0.6894282626953125 0.579507056640625 0.6904598076171875 0.5773622255859375 0.695438564453125 0.577028169921875 0.74405125 0.580073720703125 0.746419578125 0.60578996875 0.74686845703125 0.609430642578125 0.7446168369140626 0.6110476826171874 0.7404005888671875 0.613391904296875 0.6945240205078125
1 0.614434021484375 0.69377048828125 0.6145402255859375 0.74663533203125 0.6427876982421875 0.749443560546875 0.6469696298828125 0.7456579443359375 0.6463087021484375 0.6950985849609375 0.640177201171875 0.692676392578125 0.627332544921875 0.6916804658203125 0.619617669921875 0.6915458017578126 0.614434021484375 0.69377048828125
1 0.6751834365234375 0.7503948916015625 0.6783165185546876 0.7477485517578125 0.6766430107421875 0.7257252490234375 0.678962904296875 0.7107171552734375 0.67815644921875 0.6979696572265625 0.6746100400390626 0.6948208642578125 0.658171841796875 0.6933763515625 0.650436767578125 0.6943989189453125 0.6478112783203125 0.69743998046875 0.647178359375 0.733699888671875 0.64899999609375 0.7472368291015625 0.6602747470703125 0.7497487978515625 0.6751834365234375 0.7503948916015625
1 0.71014406640625 0.751776853515625 0.712816689453125 0.7460355859375 0.7131238125 0.698965876953125 0.706491453125 0.69576321875 0.6853839306640624 0.696552369140625 0.681235666015625 0.6984092666015626 0.67951762890625 0.7084116708984375 0.6785387138671874 0.7350190087890625 0.6803603525390625 0.7485559482421875 0.6895643359375 0.7518034951171875 0.7024089921875 0.752799421875 0.71014406640625 0.751776853515625
1 0.719862375 0.7550333779296875 0.726007341796875 0.7566840830078125 0.7419716142578126 0.7558051572265625 0.746647671875 0.75318575 0.747736919921875 0.7497320107421875 0.746416140625 0.7369755361328125 0.7484506376953125 0.708843177734375 0.7469951943359375 0.7038015771484375 0.7444976337890625 0.6995135087890625 0.741425150390625 0.6986881552734375 0.723437244140625 0.697602453125 0.718774654296875 0.699450373046875 0.71560790625 0.7040254326171875 0.7152940498046875 0.75148088671875 0.719862375 0.7550333779296875
1 0.75737595703125 0.6985807158203124 0.751190591796875 0.6992444736328125 0.7490996259765625 0.70113728125 0.7474582568359375 0.73622200390625 0.7497403544921875 0.75285387109375 0.7533069638671875 0.7548454326171875 0.7749086103515626 0.7552224912109375 0.7796519990234375 0.7487456455078125 0.7804869140625 0.70091342578125 0.75737595703125 0.6985807158203124
1 0.7851951103515625 0.75540204296875 0.789830767578125 0.7550970966796875 0.79184766796875 0.75744746875 0.8129349912109375 0.7578155498046875 0.815573947265625 0.7540030009765625 0.8168449921875 0.7401341826171876 0.8174577119140625 0.7050315048828125 0.806730953125 0.700599794921875 0.7933652373046876 0.699980634765625 0.7851158388671875 0.700994224609375 0.782483615234375 0.7044210302734375 0.78147103515625 0.7329570859375 0.7836925341796875 0.7530606474609375 0.7851951103515625 0.75540204296875
1 0.851877083984375 0.70794746484375 0.8503745078125 0.7056060703125 0.8416915830078125 0.7019817578125 0.824718859375 0.7016854970703125 0.818506560546875 0.703892228515625 0.816909720703125 0.7069512451171875 0.81809170703125 0.7571338388671875 0.8339886474609375 0.760112349609375 0.8463391796875 0.7599420673828124 0.852077552734375 0.755411896484375 0.851877083984375 0.70794746484375
1 0.855010166015625 0.7053011240234375 0.854128119140625 0.7558335498046875 0.8581955869140625 0.758605576171875 0.8643540185546875 0.759484794921875 0.8823823251953125 0.75825603515625 0.88430648828125 0.7069700771484375 0.8802322880859375 0.704583794921875 0.858630640625 0.704206736328125 0.855010166015625 0.7053011240234375
1 0.91629410546875 0.7607772744140625 0.920496236328125 0.75583442578125 0.9208194287109375 0.7373187275390625 0.9236536484375 0.722319611328125 0.922326134765625 0.7099488798828125 0.9182721337890625 0.7064053662109375 0.9080058349609375 0.705068583984375 0.89206176171875 0.7047902783203125 0.8858629287109375 0.7062255224609375 0.8841003623046875 0.7482536318359375 0.885982599609375 0.7583188779296876 0.8998087744140625 0.7620329658203125 0.91629410546875 0.7607772744140625
1 0.926553671875 0.7624997998046875 0.9368065048828125 0.7646080703125 0.9455432958984376 0.7651464326171875 0.9553491357421875 0.7633882880859375 0.9574670341796875 0.7599525048828125 0.955146779296875 0.7455066474609375 0.955901255859375 0.7317573037109375 0.9592228671875 0.7183101396484375 0.9583154150390625 0.7113487978515625 0.9516897900390625 0.7077603955078124 0.94244540625 0.7068273125 0.9280375751953125 0.70696168359375 0.9254053515625 0.7103884892578125 0.9240426455078125 0.75898321875 0.926553671875 0.7624997998046875
1 0.9914798125 0.756687587890625 0.9911446796875 0.7169380302734375 0.98043812109375 0.71134908984375 0.9686086474609376 0.71114260546875 0.96343846484375 0.7125958046875 0.9597371923828125 0.7183191171875 0.9574105654296875 0.733712955078125 0.9584485517578125 0.762670666015625 0.96817359375 0.7655414462890625 0.9877314072265625 0.7651111064453125 0.990343431640625 0.7628415322265625 0.9914798125 0.756687587890625
1 0.980659865234375 0.8460185322265625 0.9935247216796875 0.845857228515625 0.9943529033203125 0.798410751953125 0.9866649609375 0.79673311328125 0.9789231552734375 0.798141423828125 0.974337232421875 0.8250716630859375 0.9735064482421875 0.8431926396484375 0.980659865234375 0.8460185322265625
1 0.9737799052734375 0.7980516484375 0.9717697373046875 0.7953155322265625 0.957395572265625 0.793521185546875 0.95120347265625 0.794570685546875 0.947502201171875 0.800293998046875 0.9452791748046875 0.8392271806640625 0.949346642578125 0.84199920703125 0.9740207734375 0.8432016171875 0.9726191953125 0.8350740673828125 0.97573620703125 0.80387371484375 0.9737799052734375 0.7980516484375
1 0.943188208984375 0.84111998828125 0.94527244140625 0.839612923828125 0.94612342578125 0.8203347158203125 0.9464802841796875 0.799890298828125 0.944510515625 0.794839720703125 0.934304814453125 0.790031244140625 0.92190041796875 0.7932874765625 0.9187471357421875 0.7970910478515625 0.9180106162109375 0.8098116123046875 0.9170519013671875 0.8352617197265625 0.9185275439453126 0.83914608984375 0.9226152109375 0.840760884765625 0.943188208984375 0.84111998828125
1 0.8921234365234375 0.7896808271484375 0.8889768876953125 0.793098654296875 0.889217755859375 0.838248625 0.902042212890625 0.8404017822265625 0.9128497705078125 0.840204568359375 0.9160030517578125 0.83640099609375 0.917217626953125 0.7962926279296875 0.909644150390625 0.788057345703125 0.8921234365234375 0.7896808271484375
1 0.8660462001953125 0.8393876083984375 0.8876545810546875 0.8393789228515625 0.8897320810546875 0.8382576025390625 0.89035413671875 0.8320946796875 0.889491212890625 0.7931076318359375 0.88185713671875 0.788344044921875 0.8715706376953125 0.7881644931640625 0.865344873046875 0.7911427119140625 0.8637480322265625 0.794201728515625 0.86508901171875 0.80580097265625 0.8628566494140625 0.8157943984375 0.8629871826171875 0.8377907685546875 0.8660462001953125 0.8393876083984375
1 0.860381892578125 0.8396745986328125 0.8629804501953126 0.83817651171875 0.863986296875 0.8100261982421875 0.8617243984375 0.7922371005859375 0.8550853076171875 0.789420185546875 0.854097056640625 0.787087767578125 0.836062017578125 0.788702271484375 0.834458443359375 0.7921470322265625 0.8358936875 0.7983458642578125 0.834706044921875 0.8369112578125 0.8393013037109375 0.8389207744140625 0.860381892578125 0.8396745986328125
1 0.230124029296875 0.7522728818359375 0.2265910859375 0.7483526015625 0.218355154296875 0.7485947041015625 0.2085089150390625 0.7526673115234375 0.2032444677734375 0.759520921875 0.2031460732421875 0.7946325771484375 0.2175067734375 0.7971984111328125 0.2252283798828125 0.79694733203125 0.2267982880859375 0.7954312900390625 0.22688994921875 0.7607053779296875 0.230124029296875 0.7522728818359375
1 0.2471034853515625 0.7521833974609375 0.240423994140625 0.7516809462890625 0.232154396484375 0.7538517666015625 0.229021314453125 0.756498107421875 0.2268293505859375 0.7641770712890625 0.2264455595703125 0.786164462890625 0.228855587890625 0.7954672001953125 0.2463022373046875 0.7980868994140625 0.2494016533203125 0.79736927734375 0.250663361328125 0.754560703125 0.2471034853515625 0.7521833974609375
1 0.2751448330078125 0.796275181640625 0.2741068466796875 0.767317470703125 0.277354392578125 0.7581134873046875 0.267703416015625 0.750999525390625 0.2568487265625 0.7538969462890625 0.2526600625 0.758068306640625 0.250915091796875 0.769613685546875 0.2510321591796875 0.7923815419921875 0.2535027861328125 0.7982125849609375 0.2601553447265625 0.8002580126953125 0.273020201171875 0.8000967080078125 0.2751448330078125 0.796275181640625
1 0.292343880859375 0.75413065625 0.2815430576171875 0.753942126953125 0.275818150390625 0.757700810546875 0.2740260478515625 0.7719463955078125 0.2746103076171875 0.7974234345703125 0.2796794931640625 0.8017563916015625 0.295630298828125 0.8016489521484375 0.2982288564453125 0.800150865234375 0.2979341240234375 0.7580868466796875 0.292343880859375 0.75413065625
1 0.3200702958984375 0.7573156513671875 0.3154615712890625 0.75607762109375 0.30464728125 0.756660580078125 0.299991423828125 0.7581227568359376 0.298929107421875 0.76003351953125 0.298743181640625 0.8001598427734375 0.301281140625 0.8021334501953125 0.3187479892578125 0.80359591796875 0.32136674609375 0.8009406005859375 0.32199553515625 0.794391935546875 0.3200702958984375 0.7573156513671875
1 0.3219929326171875 0.7650664345703125 0.3213734794921875 0.8005548564453125 0.3264561298828125 0.804116326171875 0.343401919921875 0.805955560546875 0.346514802734375 0.804466451171875 0.347255453125 0.7620346435546875 0.3406769599609375 0.75574603515625 0.324157962890625 0.7589304462890625 0.3219929326171875 0.7650664345703125
1 0.3712629990234375 0.8014256806640625 0.3713613935546875 0.7663140263671875 0.3698924833984375 0.7620439130859376 0.3668469326171875 0.7596755849609375 0.3545166005859375 0.7586886357421875 0.3493329521484375 0.7609133212890625 0.347662046875 0.76821551953125 0.3470291279296875 0.8044754287109375 0.35008814453125 0.80607226953125 0.3675549931640625 0.8075347373046875 0.37015355078125 0.806036650390625 0.3712629990234375 0.8014256806640625
1 0.385883689453125 0.75962201171875 0.3755567919921875 0.761756921875 0.3729111015625 0.76595521484375 0.3717167255859375 0.8049063525390625 0.376799376953125 0.8084678212890625 0.396858048828125 0.8088179462890625 0.400518921875 0.8054090966796875 0.396464921875 0.80186558203125 0.3960489912109375 0.7667449501953125 0.385883689453125 0.75962201171875
1 0.419294611328125 0.76136278515625 0.4152069443359375 0.7597479892578125 0.4064634208984375 0.75959537109375 0.4012865048828125 0.7614343134765625 0.397605431640625 0.7660003955078125 0.396518787109375 0.7987796328125 0.3979203642578125 0.80690718359375 0.402508890625 0.809302443359375 0.419989205078125 0.80999342578125 0.421257646484375 0.766799107421875 0.419294611328125 0.76136278515625
1 0.4449704599609375 0.7641261259765625 0.441864310546875 0.7652294921875 0.437783376953125 0.763228953125 0.42699601953125 0.762268935546875 0.4212441796875 0.7675705947265625 0.420002671875 0.8092219375 0.426134171875 0.811644130859375 0.4441288125 0.8123440888671875 0.4467408359375 0.810074515625 0.44597891015625 0.7653013125 0.4449704599609375 0.7641261259765625
1 0.4690763994140625 0.768405509765625 0.465536724609375 0.76487097265625 0.4573344580078125 0.7631843564453125 0.4516768828125 0.763085603515625 0.4469873603515625 0.7664764990234375 0.4457189189453125 0.80967081640625 0.45131589453125 0.813241263671875 0.4682886171875 0.8135375234375 0.4703661171875 0.812416203125 0.47148903125 0.80703374609375 0.4690763994140625 0.768405509765625
1 0.4943523876953125 0.7646022294921875 0.47587035546875 0.762350318359375 0.47009831640625 0.7688092080078125 0.470893908203125 0.8116536923828125 0.4724032177734375 0.81360934375 0.478047326171875 0.814479583984375 0.4929627490234375 0.81473993359375 0.4955747724609375 0.8124703603515625 0.4958280302734375 0.768486599609375 0.4943523876953125 0.7646022294921875
1 0.5165812978515625 0.817467365234375 0.5192067880859375 0.8144263037109375 0.5210838193359375 0.76584055078125 0.506723119140625 0.763274716796875 0.496849947265625 0.768890298828125 0.4957741650390625 0.771572548828125 0.495033515625 0.814004357421875 0.5165812978515625 0.817467365234375
1 0.546265541015625 0.7674376826171875 0.5432267236328125 0.764683611328125 0.5267683251953125 0.7643963291015625 0.52257966015625 0.768567689453125 0.51983970703125 0.77816639453125 0.5191731220703125 0.8163550224609375 0.524790296875 0.8187682373046875 0.5438203203125 0.8191004072265625 0.546445810546875 0.816059345703125 0.54509809765625 0.804845845703125 0.546265541015625 0.7674376826171875
1 0.5713354033203125 0.8049179580078125 0.569863890625 0.771322345703125 0.5632584638671875 0.7665767119140625 0.5504003408203125 0.7663522724609375 0.5455559541015625 0.7786152724609375 0.544590505859375 0.8044511240234375 0.547975318359375 0.8168577666015625 0.5540933525390624 0.8200514462890625 0.568474251953125 0.8214600498046875 0.570571951171875 0.819181498046875 0.5713354033203125 0.8049179580078125
1 0.58642578125 0.78173828125 0.0029296875 0.0009765625
1 0.577197576171875 0.822769900390625 0.59159194140625 0.8234070146484375 0.594190498046875 0.8219089287109375 0.59582773828125 0.81653544921875 0.598639154296875 0.773368064453125 0.5905176865234375 0.7670525234375 0.5884401875 0.76817384375 0.5838314619140625 0.7669358154296875 0.5822615537109375 0.768451857421875 0.5766241787109375 0.767195873046875 0.57245571484375 0.770210001953125 0.5716720625 0.7856307724609375 0.5741654921875 0.8196300849609375 0.577197576171875 0.822769900390625
1 0.599787474609375 0.825479375 0.617261056640625 0.8265561005859375 0.621950580078125 0.823165205078125 0.6230330947265625 0.8200972099609375 0.6242274716796875 0.78114607421875 0.6217972431640625 0.7730005673828125 0.615137951171875 0.7713408837890625 0.610488828125 0.7724173173828125 0.6074365439453125 0.7704347333984375 0.60018212890625 0.7733949970703125 0.598010365234375 0.7799167294921875 0.596984318359375 0.8092242744140625 0.59366270703125 0.8226714384765625 0.599787474609375 0.825479375
1 0.62313822265625 0.7845998115234375 0.622619767578125 0.8143020771484375 0.6198932802734375 0.823129294921875 0.6219101806640625 0.8254796669921876 0.627540822265625 0.8271213955078125 0.647071703125 0.82823403125 0.6501778525390625 0.8271306650390625 0.651774693359375 0.8240716484375 0.6498587900390626 0.815935119140625 0.64896893359375 0.7784910478515625 0.64595031640625 0.7745797451171875 0.6423365751953125 0.7752883896484375 0.64134832421875 0.77295597265625 0.637267390625 0.7709554326171875 0.6285238671875 0.7708028134765625 0.6248697265625 0.7738259208984375 0.62313822265625 0.7845998115234375
1 0.671875 0.7919921875 0.0009765625 0.0009765625
1 0.661921322265625 0.7733150751953125 0.6516213564453125 0.7739070107421875 0.6484950078125 0.776167607421875 0.6486348779296875 0.827103732421875 0.6573514697265626 0.8287993251953125 0.6727812177734375 0.82906865234375 0.6758941005859375 0.8275795439453125 0.6741371904296874 0.7808596669921875 0.666530046875 0.7745531044921875 0.661921322265625 0.7733150751953125
1 0.7000673720703126 0.828001490234375 0.700300431640625 0.7851749609375 0.694817919921875 0.77504687109375 0.6809109462890625 0.77596170703125 0.67670208203125 0.781290298828125 0.676318291015625 0.8032776904296876 0.6791483798828125 0.81798981640625 0.67640842578125 0.827588521484375 0.69126325 0.831320564453125 0.6974418828125 0.8310425517578125 0.7000673720703126 0.828001490234375
1 0.7262912119140625 0.82884508984375 0.7250310302734375 0.812616921875 0.726551203125 0.7844755859375 0.724554501953125 0.780967982421875 0.719972708984375 0.7781869775390625 0.709692943359375 0.7776216826171874 0.7092055517578125 0.77606973046875 0.7009763515625 0.7759260888671875 0.7016036142578125 0.828414166015625 0.7036205146484374 0.8307645390625 0.7226505380859375 0.831096708984375 0.7262912119140625 0.82884508984375
1 0.73790675 0.7823586298828125 0.729217091796875 0.7791200615234375 0.7281749755859375 0.77987359375 0.7262912119140625 0.82884508984375 0.7318612548828125 0.83395851171875 0.749869361328125 0.833886982421875 0.7545252177734375 0.8324248056640625 0.754291083984375 0.7868890927734375 0.7502505498046875 0.782574091796875 0.73790675 0.7823586298828125
1 0.7805149228515625 0.787732693359375 0.774464220703125 0.780681576171875 0.7718723974609375 0.7817939189453125 0.767263671875 0.7805558896484375 0.76311540625 0.782412787109375 0.75695697265625 0.7815335693359375 0.7548660068359375 0.7834263779296875 0.7545386845703125 0.8316533193359374 0.75964153515625 0.834057556640625 0.77713531640625 0.83397705078125 0.7787052236328125 0.8324610078125 0.7805149228515625 0.787732693359375
1 0.7805283896484375 0.786961205078125 0.7776698408203125 0.832828796875 0.7858451748046875 0.8360583876953125 0.8033322236328125 0.8363636259765626 0.8064720380859375 0.833331541015625 0.8067387626953125 0.7885762939453125 0.802163703125 0.7854095458984375 0.7826126220703125 0.7854541416015625 0.7805283896484375 0.786961205078125
1 0.8082884697265625 0.788217482421875 0.807467021484375 0.83527821484375 0.8207990712890625 0.83782609375 0.8326352783203125 0.837646833984375 0.834813775390625 0.8307393583984375 0.8349727685546875 0.792156009765625 0.826363908203125 0.7842885166015625 0.8124569345703125 0.785203353515625 0.8082884697265625 0.788217482421875
1 0.30734378125 0.867449822265625 0.3055786123046875 0.8801524326171875 0.3075820458984375 0.8832742919921875 0.3625003515625 0.8907925361328125 0.376400591796875 0.890263443359375 0.385058111328125 0.8363939873046875 0.3825807509765625 0.8309486875 0.3707782099609375 0.829199228515625 0.360931970703125 0.8332718359375 0.348621837890625 0.8311276552734375 0.3435189873046875 0.8287234169921875 0.3378210146484375 0.8309391259765625 0.32498308984375 0.829557455078125 0.3146427255859375 0.832463853515625 0.3067527880859375 0.8423585263671876 0.30734378125 0.867449822265625
1 0.3229107978515625 0.889329775390625 0.3188163974609375 0.8881007236328124 0.3178214130859375 0.8861540498046875 0.3131790224609375 0.88684473828125 0.310654529296875 0.88409964453125 0.306465865234375 0.8882710048828125 0.3037932431640625 0.8940122724609375 0.307779912109375 0.9014132236328125 0.3034296513671875 0.91484243359375 0.3063136044921875 0.926468609375 0.3478594619140625 0.9337534375 0.3638102685546875 0.933645998046875 0.368933318359375 0.9348930048828125 0.374638025390625 0.9322915517578125 0.374866953125 0.919176265625 0.376971384765625 0.9165119697265625 0.3773417099609375 0.89529606640625 0.3758256689453125 0.893726158203125 0.36969416796875 0.8913039658203125 0.326504337890625 0.8897783623046875 0.3244874375 0.8874279892578125 0.3229107978515625 0.889329775390625
1 0.39644732421875 0.8323483134765625 0.38712214453125 0.836044154296875 0.3807617158203125 0.84673724609375 0.3821524306640625 0.88496178515625 0.3846365234375 0.8900213408203125 0.3958910732421875 0.893690541015625 0.4210997294921875 0.8937446982421875 0.4426340458984375 0.897979193359375 0.4570620771484375 0.89668758984375 0.458665650390625 0.893242830078125 0.45832378515625 0.853879015625 0.469780330078125 0.8459759052734375 0.4790651123046875 0.8445945263671875 0.4791257109375 0.841122833984375 0.4765608193359375 0.8406922021484375 0.4755793017578125 0.837974041015625 0.4170337890625 0.8319359287109375 0.39644732421875 0.8323483134765625
1 0.4878894345703125 0.840118220703125 0.483233578125 0.8415803974609375 0.480087029296875 0.8449982255859375 0.4620048583984375 0.849312935546875 0.458310318359375 0.85465050390625 0.4571672041015625 0.86119019140625 0.457637 0.893224875 0.460134560546875 0.897512943359375 0.4693250771484375 0.9015319765625 0.4822168671875 0.899827697265625 0.505334556640625 0.9017746630859375 0.51095846484375 0.9038021357421875 0.52638148046875 0.90445720703125 0.52949436328125 0.90296809765625 0.5328335703125 0.8590382021484375 0.5382798134765625 0.8417695107421875 0.5264503388671875 0.8415630263671875 0.5222818740234375 0.84457715625 0.4996919755859375 0.8418676796875 0.49556391015625 0.8425673466796875 0.4920175 0.8394185537109375 0.4878894345703125 0.840118220703125
1 0.4568424853515625 0.9387426328125 0.45870865234375 0.9202538671875 0.4584703876953125 0.9044293974609375 0.4565208193359375 0.898221587890625 0.3907747578125 0.8920577900390625 0.3840616005859375 0.893484056640625 0.383006017578125 0.895009076171875 0.3819867041015625 0.923930876953125 0.3869616240234375 0.9336642451171875 0.4393150380859375 0.940751857421875 0.4537296025390625 0.9402317421875 0.4568424853515625 0.9387426328125
1 0.5314641318359375 0.9080186748046875 0.5294539638671875 0.9052825595703125 0.46010089453125 0.899441662109375 0.4594141103515625 0.9387875205078124 0.471690576171875 0.9428604189453125 0.4850630244140625 0.9430938359375 0.527156873046875 0.948458921875 0.5302630224609375 0.9473555556640625 0.5323109853515625 0.9184517109375 0.5314641318359375 0.9080186748046875
1 0.60903293359375 0.914774701171875 0.61169208984375 0.9098049208984375 0.6141709765625 0.856213478515625 0.612803064453125 0.846157208984375 0.544492111328125 0.8395627802734374 0.5376510244140625 0.84831817578125 0.533273830078125 0.8632903603515625 0.533175435546875 0.898402015625 0.536607380859375 0.908108451171875 0.54838972265625 0.911015140625 0.58387141015625 0.912020337890625 0.60903293359375 0.914774701171875
1 0.653165408203125 0.862296185546875 0.6495651328125 0.8622333427734375 0.6480625576171875 0.859891947265625 0.645991791015625 0.8606275244140625 0.6419108583984375 0.8586269853515625 0.634182517578125 0.8592638095703125 0.6275838251953125 0.8541324326171875 0.6213378603515625 0.8582678818359375 0.6167426015625 0.8562583662109375 0.6159522158203125 0.872064880859375 0.6127181357421875 0.880497376953125 0.6126197412109375 0.9156090322265625 0.6213161337890625 0.9184618564453125 0.6444809560546875 0.9177086162109375 0.6609191552734375 0.9191531298828125 0.6650068212890625 0.92076792578125 0.688672501953125 0.9207951494140625 0.6902760751953125 0.9173503896484375 0.6897228779296875 0.860619130859375 0.6850602880859376 0.8624670517578125 0.6825088623046875 0.8612649326171875 0.680404431640625 0.863929228515625 0.6773050146484375 0.8646468505859375 0.672249296875 0.85954240625 0.660920681640625 0.86011638671875 0.6573540732421875 0.8581248251953125 0.653165408203125 0.862296185546875
1 0.5774933857421874 0.9531961611328125 0.5933835927734376 0.956560416015625 0.6088470068359375 0.9549010244140625 0.6110565673828126 0.916739330078125 0.6085253427734375 0.91437998046875 0.575154818359375 0.910324744140625 0.5576475712890625 0.9111767373046875 0.542759080078125 0.9093734130859376 0.5375686982421874 0.9119838427734375 0.5364053857421875 0.9196807626953125 0.5390132783203125 0.947122431640625 0.5477029375 0.950361 0.5774933857421874 0.9531961611328125
1 0.6237018330078125 0.958633068359375 0.6509677880859375 0.9587231357421875 0.6648276279296875 0.9605085048828125 0.6874781259765625 0.959746287109375 0.68961362109375 0.9258277734375 0.6871093271484375 0.9219254482421875 0.6650068212890625 0.92076792578125 0.6532177470703125 0.918246978515625 0.6277451953125 0.918574076171875 0.612606275390625 0.9163805185546875 0.6109353701171875 0.923682716796875 0.6099766552734375 0.94913282421875 0.6119060244140625 0.956497865234375 0.6237018330078125 0.958633068359375
1 0.69488480078125 0.9185884189453125 0.7570911865234375 0.9212176806640625 0.76067126171875 0.92243775390625 0.7704771005859375 0.920679609375 0.7748812275390625 0.904164451171875 0.7761859375 0.8883669140625 0.775792810546875 0.8814145498046875 0.7718532734375 0.871313392578125 0.77056616015625 0.8566281982421875 0.76699955078125 0.8546366376953125 0.7562256591796875 0.8529051337890625 0.69967684765625 0.850374625 0.6933770185546875 0.857596025390625 0.692095111328125 0.901561830078125 0.69488480078125 0.9185884189453125
1 0.775159890625 0.9176744580078126 0.776662466796875 0.920015853515625 0.8085304140625 0.9217296943359375 0.8178151962890625 0.9203483154296875 0.845534876953125 0.9239190546875 0.854332267578125 0.9209857236328125 0.85809153515625 0.8824652177734374 0.8541789306640625 0.8708210859375 0.8491568779296875 0.8637879228515625 0.8332532041015625 0.86119515625 0.7802979345703125 0.8591132353515625 0.7746268935546875 0.85978596875 0.77304351953125 0.862073498046875 0.776653130859375 0.8910760966796875 0.775159890625 0.9176744580078126
1 0.730681421875 0.9605004033203125 0.7383491630859375 0.9633352734375 0.768227142578125 0.9611557666015625 0.76837940234375 0.922958162109375 0.695405859375 0.91821165234375 0.6917449853515625 0.9216205029296874 0.69114312890625 0.926626193359375 0.6896902890625 0.950910091796875 0.6906314072265625 0.95594271484375 0.694685408203125 0.9594862294921875 0.7080376572265625 0.960876876953125 0.730681421875 0.9605004033203125
1 0.7943971162109374 0.9650853154296875 0.8072687060546875 0.9645382685546875 0.818550189453125 0.9666644931640626 0.844259703125 0.967499115234375 0.848915560546875 0.9660369384765625 0.8525940302734375 0.9321453583984375 0.8526680947265625 0.9279021767578125 0.849642744140625 0.924376619140625 0.8219163291015625 0.921191623046875 0.7787265 0.91966601953125 0.771431685546875 0.9249407451171875 0.771313091796875 0.9612096318359376 0.773343458984375 0.962788517578125 0.7943971162109374 0.9650853154296875
1 0.926786279296875 0.867072255859375 0.911369998046875 0.8660314404296875 0.902058283203125 0.8689557939453125 0.8979908154296875 0.866183767578125 0.8671919169921875 0.862173419921875 0.855795970703125 0.866604837890625 0.8601084345703125 0.8848155908203125 0.85743168359375 0.9202681015625 0.8589073251953125 0.9241524716796875 0.8974614970703125 0.9259830205078124 0.90359973046875 0.9280194697265625 0.907727796875 0.927319802734375 0.9107800810546876 0.92930238671875 0.9139064287109375 0.9270417900390625 0.9257493701171875 0.926476787109375 0.9324086611328125 0.928136470703125 0.9391352841796875 0.925938716796875 0.943862603515625 0.890907859375 0.9429618837890625 0.8835607734375 0.93798023046875 0.8742131494140625 0.9324101875 0.869099728515625 0.926786279296875 0.867072255859375
1 0.9499024423828125 0.9280559638671875 0.96999478125 0.92647737109375 0.9807282734375 0.9305233369140625 0.9786171083984375 0.933573376953125 0.9919828232421875 0.934192537109375 0.9930735986328125 0.8717020556640624 0.9431840791015625 0.8708312314453125 0.9405585888671875 0.87387229296875 0.94696201953125 0.8901902373046875 0.94498812109375 0.9148509013671875 0.9468366923828125 0.9268448671875 0.9499024423828125 0.9280559638671875
1 0.93626326953125 0.972577794921875 0.942100037109375 0.93293596875 0.939595744140625 0.9290336435546875 0.90310560546875 0.9268532607421875 0.9005541796875 0.9256511416015625 0.858893859375 0.9249239580078125 0.8557607783203125 0.927570298828125 0.8541059423828125 0.9634265087890626 0.8565967685546875 0.9681003212890625 0.9192501474609375 0.9745959970703125 0.934179037109375 0.9740848603515625 0.93626326953125 0.972577794921875
1 0.941228853515625 0.9533714072265626 0.9398904775390625 0.9710976630859375 0.941393052734375 0.9734390576171875 0.9582984443359375 0.9775927548828125 0.9911883076171875 0.979710294921875 0.99211075390625 0.9268634072265625 0.94891419140625 0.925723546875 0.9441708037109375 0.9322003916015625 0.941228853515625 0.9533714072265626
1 0.6097262763671875 0.49188288671875 0.604115833984375 0.489083927734375 0.58613466015625 0.4876124814453125 0.5640119541015625 0.4876121904296875 0.5603578154296875 0.4906352958984375 0.5581912578125 0.55580802734375 0.559646701171875 0.56084962890625 0.5734728759765625 0.564563716796875 0.6063964052734375 0.5647525380859375 0.60848737109375 0.5628597294921875 0.6097262763671875 0.49188288671875
1 0.65472275 0.5667536611328124 0.6603549189453125 0.509358646484375 0.66062424609375 0.4939288974609375 0.657592162109375 0.4907890830078125 0.6123315673828125 0.4899990556640625 0.6090529580078125 0.5304572578125 0.6079191806640625 0.5659367021484375 0.65472275 0.5667536611328124
1 0.6670463505859375 0.568126353515625 0.6809667890625 0.566440029296875 0.698426904296875 0.5682882421875 0.7051265947265625 0.5676334638671875 0.7074666884765625 0.5514681376953126 0.70846319921875 0.4943780693359375 0.7064597646484375 0.491256208984375 0.66788539453125 0.4905828916015625 0.662688279296875 0.4935790654296875 0.6634543349609375 0.5086410244140624 0.659544333984375 0.5263223916015625 0.658498087890625 0.55678716796875 0.6598929326171875 0.5653004619140625 0.6670463505859375 0.568126353515625
1 0.7280681455078125 0.4912475234375 0.7136670478515625 0.4909961513671875 0.709491849609375 0.4943960244140625 0.7071771611328125 0.5680551181640625 0.7086999365234375 0.56923928125 0.754474857421875 0.5700382861328125 0.7603520234375 0.52808199609375 0.7604100185546875 0.4952848046875 0.7558282275390625 0.4925037998046875 0.7280681455078125 0.4912475234375
1 0.8079915849609375 0.569428978515625 0.808240712890625 0.5551564609375 0.8110345322265625 0.542471806640625 0.8123568388671875 0.4961915400390625 0.810840796875 0.4946216318359375 0.804675630859375 0.4941281572265625 0.781517541015625 0.4944956533203125 0.7650793427734375 0.4930511396484375 0.761431935546875 0.4956885029296875 0.758102064453125 0.568558154296875 0.7631847158203126 0.5721196220703125 0.8038298525390625 0.5720573642578125 0.8079915849609375 0.569428978515625
1 0.8653390419921875 0.496730486328125 0.8597218662109375 0.49431726953125 0.8185556708984375 0.4947562958984375 0.813893080078125 0.4966042158203125 0.813196958984375 0.507010318359375 0.81053627734375 0.571016841796875 0.8125666435546876 0.5725957265625 0.819246134765625 0.573098177734375 0.85936348046875 0.5737984287109374 0.861494845703125 0.569591158203125 0.8653390419921875 0.496730486328125
1 0.8881454775390625 0.5754584052734375 0.913367599609375 0.57474107421875 0.9159366220703125 0.545460462890625 0.9145215771484375 0.5381043994140625 0.91570508984375 0.52925025 0.913708388671875 0.525742646484375 0.917937453125 0.51925682421875 0.9177867197265624 0.498417685546875 0.91524202734375 0.4968298232421875 0.874089298828125 0.4964973603515625 0.8694805732421875 0.49525933203125 0.866882015625 0.4967574189453125 0.865792767578125 0.50021115625 0.863999138671875 0.573493484375 0.8881454775390625 0.5754584052734375
1 0.969956810546875 0.57495712109375 0.971977841796875 0.54759625 0.9717908388671875 0.4993603310546875 0.9672023134765625 0.4969650712890625 0.9497287314453124 0.495888345703125 0.9234846923828125 0.4962019765625 0.9188153701171875 0.498435640625 0.9206302744140625 0.51235832421875 0.916967875 0.5748039169921875 0.9215631328125 0.5768134345703125 0.967859111328125 0.577235671875 0.969956810546875 0.57495712109375
1 0.9709652607421875 0.576132306640625 0.9776110859375 0.578563478515625 0.99819081640625 0.5785368369140625 0.9995980517578125 0.49791640234375 0.97750901171875 0.4959873916015625 0.9728194892578125 0.4993782861328125 0.974187400390625 0.5094345556640625 0.9709652607421875 0.576132306640625
1 0.6086459140625 0.671675365234375 0.6112512041015625 0.66979153515625 0.613645162109375 0.650540259765625 0.61238401953125 0.6343672529296875 0.6145339423828124 0.59962208984375 0.6079217841796875 0.595262201171875 0.5833082509765625 0.5905880966796875 0.5724804951171875 0.5919425419921875 0.5657134716796876 0.5964547587890625 0.5634769794921874 0.636159427734375 0.5665318662109375 0.66746751171875 0.5711136591796875 0.670248515625 0.6086459140625 0.671675365234375
1 0.6569520595703126 0.674833720703125 0.6590497578125 0.67255516796875 0.6602198046875 0.664472505859375 0.659925072265625 0.622408486328125 0.661831638671875 0.6016052578125 0.6562211962890625 0.598806298828125 0.6459481640625 0.5978552607421875 0.6171392333984375 0.597738259765625 0.6134918271484375 0.600375623046875 0.6112444716796875 0.670177279296875 0.6148110791015625 0.6721688408203125 0.62764900390625 0.6735505107421875 0.6569520595703126 0.674833720703125
1 0.666704033203125 0.676161525390625 0.7057927294921875 0.6768438212890625 0.7078769619140625 0.6753367568359375 0.7115958310546875 0.6391307138671874 0.7096840576171874 0.60128294140625 0.706124181640625 0.59890563671875 0.6835006181640625 0.5981248798828125 0.6654790458984375 0.5989678955078125 0.66080298828125 0.601587302734375 0.662150701171875 0.6128008037109375 0.6590497578125 0.67255516796875 0.6605590673828124 0.6745108193359375 0.666704033203125 0.676161525390625
1 0.719666037109375 0.6778577041015625 0.7546468671875 0.6780824345703125 0.7577664814453124 0.6762075810546875 0.75851126171875 0.6040645302734375 0.7544505283203125 0.600906759765625 0.742661453125 0.5983858134765625 0.7359752294921875 0.59826910546875 0.7328421474609375 0.6009154453125 0.7271778388671875 0.6012024365234375 0.714874439453125 0.59867251171875 0.7112068330078125 0.60246710546875 0.7115150322265625 0.6437596376953125 0.7094132041015625 0.67574943359375 0.719666037109375 0.6778577041015625
1 0.804502720703125 0.6808819775390625 0.8066475517578126 0.6759032197265625 0.8064160205078125 0.659693005859375 0.808033060546875 0.6554767578125 0.808414248046875 0.6041638671875 0.80179535546875 0.6001897216796875 0.789478490234375 0.59843128515625 0.763708376953125 0.6010683564453125 0.7599936376953125 0.60756315625 0.7593027236328125 0.6766202578125 0.7628625986328125 0.6789975625 0.7792873310546875 0.681213564453125 0.804502720703125 0.6808819775390625
1 0.824500794921875 0.684703796875 0.8559082822265625 0.6833227099609375 0.857478189453125 0.68180666796875 0.8577946494140625 0.6636767138671875 0.8599462138671875 0.6583122119140625 0.8592920185546875 0.6073671103515625 0.8572751181640625 0.605016736328125 0.853173984375 0.6041734287109375 0.8238641962890625 0.6032759638671875 0.8120818544921875 0.6003692734375 0.8098898916015626 0.6080482373046875 0.80760213671875 0.6801643564453125 0.810654419921875 0.6821469404296875 0.824500794921875 0.684703796875
1 0.906122521484375 0.6066410947265625 0.8922626806640624 0.604855724609375 0.88863547265625 0.6063358564453125 0.8644622001953125 0.6059139111328125 0.861329119140625 0.6085602509765625 0.85954222265625 0.6814568349609375 0.8661745810546875 0.6846594931640625 0.908342494140625 0.6857813974609375 0.9117112373046875 0.66963402734375 0.9122405556640625 0.609834775390625 0.906122521484375 0.6066410947265625
1 0.9129714189453125 0.6858621953125 0.9304113349609375 0.688867638671875 0.9612842978515626 0.688634806640625 0.9638828544921875 0.6871367197265625 0.9651740986328124 0.6721106708984375 0.9666445361328125 0.617344041015625 0.9646882333984375 0.611521974609375 0.9595921162109375 0.6087319931640625 0.9488114921875 0.6073862333984374 0.920009294921875 0.6068834892578125 0.9132759384765625 0.609466986328125 0.91367840234375 0.6453591064453125 0.91152944140625 0.680049107421875 0.9129714189453125 0.6858621953125
1 0.997672361328125 0.6082391025390625 0.9734788896484375 0.6089743876953125 0.967760716796875 0.612347328125 0.9659468876953125 0.6867868857421875 0.97050848046875 0.6907251220703124 0.9962381943359375 0.6904025126953125 0.997672361328125 0.6082391025390625
0 0.44140625 0.740234375 0.455078125 0.744140625 0.455078125 0.7548828125 0.453125 0.7568359375 0.427734375 0.7548828125 0.4248046875 0.7529296875 0.42578125 0.7412109375 0.4404296875 0.740234375
0 0.7822265625 0.7607421875 0.8056640625 0.763671875 0.806640625 0.775390625 0.8037109375 0.77734375 0.77734375 0.7763671875 0.7724609375 0.7744140625 0.7724609375 0.76171875 0.775390625 0.759765625 0.78125 0.7607421875
0 0.9208984375 0.9814453125 0.9384765625 0.9814453125 0.955078125 0.9853515625 0.95703125 0.9951171875 0.95703125 0.9990234375 0.921875 0.9970703125 0.919921875 0.9951171875 0.9208984375 0.982421875
0 0.9326171875 0.783203125 0.9326171875 0.7705078125 0.9375 0.7685546875 0.9658203125 0.7705078125 0.9677734375 0.7802734375 0.96484375 0.78515625 0.93359375 0.783203125
0 0.4599609375 0.9423828125 0.4716796875 0.9443359375 0.4755859375 0.947265625 0.4736328125 0.9609375 0.447265625 0.958984375 0.443359375 0.9560546875 0.443359375 0.947265625 0.4462890625 0.9423828125 0.458984375 0.9423828125
0 0.033203125 0.716796875 0.0390625 0.7177734375 0.0419921875 0.720703125 0.041015625 0.7314453125 0.037109375 0.732421875 0.0205078125 0.7314453125 0.013671875 0.728515625 0.013671875 0.7197265625 0.015625 0.716796875 0.0322265625 0.716796875
0 0.11328125 0.7919921875 0.1328125 0.7939453125 0.1357421875 0.8037109375 0.1328125 0.8076171875 0.109375 0.8056640625 0.107421875 0.794921875 0.1123046875 0.7919921875
0 0.35546875 0.3388671875 0.369140625 0.341796875 0.37109375 0.34375 0.37109375 0.3505859375 0.359375 0.36328125 0.353515625 0.365234375 0.3330078125 0.365234375 0.318359375 0.3603515625 0.314453125 0.3564453125 0.3193359375 0.3408203125 0.3271484375 0.333984375 0.3544921875 0.3388671875
0 0.6123046875 0.5693359375 0.6376953125 0.5712890625 0.6396484375 0.578125 0.638671875 0.583984375 0.6357421875 0.5859375 0.611328125 0.5859375 0.603515625 0.583984375 0.6025390625 0.5732421875 0.6044921875 0.5693359375 0.611328125 0.5693359375
0 0.501953125 0.345703125 0.5224609375 0.345703125 0.5244140625 0.3505859375 0.5234375 0.3623046875 0.4921875 0.361328125 0.490234375 0.34765625 0.4921875 0.345703125 0.5009765625 0.345703125
0 0.8134765625 0.3486328125 0.8193359375 0.3466796875 0.837890625 0.3466796875 0.8486328125 0.34765625 0.8505859375 0.349609375 0.8505859375 0.36328125 0.84765625 0.3642578125 0.8154296875 0.36328125 0.8134765625 0.3623046875 0.8134765625 0.349609375
0 0.0283203125 0.7841796875 0.029296875 0.796875 0.02734375 0.798828125 0.0068359375 0.798828125 0.0029296875 0.796875 0.001953125 0.79296875 0.0029296875 0.78515625 0.0048828125 0.7841796875 0.02734375 0.7841796875
0 0.234375 0.34375 0.23828125 0.34765625 0.23828125 0.3564453125 0.23046875 0.359375 0.2236328125 0.3662109375 0.212890625 0.369140625 0.181640625 0.3681640625 0.1806640625 0.361328125 0.1875 0.3466796875 0.193359375 0.34375 0.2333984375 0.34375
0 0.9453125 0.8466796875 0.951171875 0.8505859375 0.9501953125 0.86328125 0.916015625 0.8603515625 0.916015625 0.8486328125 0.91796875 0.8466796875 0.9443359375 0.8466796875
0 0.2626953125 0.8037109375 0.287109375 0.8046875 0.291015625 0.8076171875 0.2900390625 0.818359375 0.2734375 0.818359375 0.2626953125 0.8154296875 0.2626953125 0.8046875
0 0.5947265625 0.826171875 0.615234375 0.8291015625 0.6171875 0.837890625 0.6142578125 0.84375 0.5849609375 0.841796875 0.5849609375 0.828125 0.5869140625 0.826171875 0.59375 0.826171875
0 0.890625 0.765625 0.904296875 0.7685546875 0.904296875 0.78125 0.9013671875 0.783203125 0.869140625 0.779296875 0.869140625 0.7685546875 0.87109375 0.7666015625 0.8896484375 0.765625
0 0.275390625 0.7314453125 0.296875 0.7333984375 0.2978515625 0.7451171875 0.294921875 0.7470703125 0.26953125 0.7451171875 0.2685546875 0.734375 0.2744140625 0.7314453125
0 0.470703125 0.3466796875 0.4755859375 0.3515625 0.4736328125 0.361328125 0.4501953125 0.36328125 0.443359375 0.361328125 0.44140625 0.3583984375 0.44140625 0.349609375 0.443359375 0.3466796875 0.4697265625 0.3466796875
0 0.1669921875 0.7255859375 0.1689453125 0.728515625 0.16796875 0.7392578125 0.1435546875 0.73828125 0.140625 0.736328125 0.140625 0.7265625 0.142578125 0.724609375 0.166015625 0.7255859375
0 0.7734375 0.970703125 0.775390625 0.97265625 0.775390625 0.982421875 0.7724609375 0.984375 0.7412109375 0.9814453125 0.7421875 0.96875 0.7724609375 0.970703125
0 0.6357421875 0.35498046875 0.0361328125 0.0185546875
0 0.330078125 0.5439453125 0.3759765625 0.5439453125 0.37890625 0.548828125 0.3759765625 0.578125 0.373046875 0.587890625 0.37109375 0.58984375 0.353515625 0.58984375 0.3310546875 0.587890625 0.322265625 0.583984375 0.3232421875 0.5703125 0.330078125 0.55859375 0.330078125 0.544921875
0 0.4208984375 0.8134765625 0.4423828125 0.8134765625 0.4482421875 0.8154296875 0.4501953125 0.81640625 0.451171875 0.826171875 0.4482421875 0.830078125 0.4208984375 0.828125 0.4208984375 0.814453125
0 0.095703125 0.55078125 0.1015625 0.5537109375 0.1005859375 0.560546875 0.095703125 0.5673828125 0.095703125 0.57421875 0.0908203125 0.580078125 0.0517578125 0.5771484375 0.0458984375 0.57421875 0.0458984375 0.5703125 0.0498046875 0.5576171875 0.056640625 0.55078125 0.0947265625 0.55078125
0 0.0498046875 0.908203125 0.0556640625 0.912109375 0.0537109375 0.9228515625 0.0283203125 0.9208984375 0.0263671875 0.91796875 0.0263671875 0.912109375 0.029296875 0.9072265625 0.048828125 0.908203125
0 0.77734375 0.837890625 0.802734375 0.8388671875 0.8056640625 0.8427734375 0.8046875 0.8544921875 0.7841796875 0.8544921875 0.7724609375 0.8515625 0.7724609375 0.8388671875 0.7763671875 0.837890625
0 0.9990234375 0.34765625 0.9990234375 0.36328125 0.9970703125 0.3623046875 0.998046875 0.3486328125
0 0.0869140625 0.3408203125 0.109375 0.341796875 0.111328125 0.3447265625 0.1103515625 0.3525390625 0.09765625 0.3642578125 0.0908203125 0.3671875 0.056640625 0.3671875 0.0498046875 0.3642578125 0.05078125 0.3583984375 0.0654296875 0.3427734375 0.0693359375 0.3408203125 0.0859375 0.3408203125
0 0.6083984375 0.7509765625 0.6083984375 0.7646484375 0.6064453125 0.765625 0.5771484375 0.7646484375 0.57421875 0.7607421875 0.57421875 0.7529296875 0.5771484375 0.7490234375 0.607421875 0.7509765625
0 0.6201171875 0.958984375 0.630859375 0.9609375 0.6318359375 0.9716796875 0.6298828125 0.974609375 0.61328125 0.974609375 0.599609375 0.970703125 0.5986328125 0.962890625 0.6015625 0.9580078125 0.619140625 0.958984375
0 0.7587890625 0.8359375 0.7607421875 0.837890625 0.7607421875 0.849609375 0.7587890625 0.8515625 0.7294921875 0.849609375 0.7275390625 0.8466796875 0.7275390625 0.837890625 0.7294921875 0.8359375 0.7578125 0.8359375
0 0.7919921875 0.5751953125 0.7958984375 0.5791015625 0.7958984375 0.5908203125 0.7939453125 0.591796875 0.7646484375 0.5908203125 0.76171875 0.5888671875 0.7607421875 0.583984375 0.7607421875 0.576171875 0.763671875 0.57421875 0.791015625 0.5751953125
0 0.6669921875 0.75390625 0.6923828125 0.755859375 0.693359375 0.767578125 0.6904296875 0.7705078125 0.6611328125 0.7685546875 0.66015625 0.7578125 0.6611328125 0.7548828125 0.666015625 0.75390625
0 0.2236328125 0.9248046875 0.251953125 0.9267578125 0.25390625 0.935546875 0.251953125 0.939453125 0.2265625 0.9384765625 0.2236328125 0.9365234375 0.2236328125 0.92578125