1 0.7353372060546876 0.1340568896484375 0.737077314453125 0.1871636005859375 0.7418401650390625 0.188478634765625 0.774546365234375 0.185591091796875 0.77656551171875 0.1843117900390625 0.77817578515625 0.1752306943359375 0.7793453212890625 0.1477881259765625 0.776467537109375 0.1326836630859375 0.7787410361328125 0.1263059365234375 0.7798264052734375 0.0773539208984375 0.7775709599609375 0.0641726474609375 0.7736030234375 0.0581220205078125 0.7682587216796875 0.0556639765625 0.747015595703125 0.05834192578125 0.735064263671875 0.0691384560546875 0.737292630859375 0.1116582294921875 0.7353372060546876 0.1340568896484375
1 0.731978337890625 0.1893866318359375 0.73549651171875 0.1868552861328125 0.734003580078125 0.0688028828125 0.7252114619140625 0.0602669541015625 0.7121675849609375 0.060168232421875 0.7008476181640625 0.063108453125 0.689936525390625 0.073850466796875 0.6931846865234375 0.1159256337890625 0.6907500302734375 0.139131732421875 0.6934077158203125 0.189843388671875 0.695590412109375 0.1916848037109375 0.731978337890625 0.1893866318359375
1 0.65564342578125 0.1957341416015625 0.671685357421875 0.193328775390625 0.6904301044921874 0.1927375654296875 0.69286715234375 0.189480556640625 0.6926850107421875 0.116342982421875 0.69171273828125 0.0878391787109375 0.689834306640625 0.0719000185546875 0.6875085029296875 0.0673279765625 0.678941265625 0.063083033203125 0.6597786171875 0.06565194921875 0.6557607666015625 0.0686006435546875 0.6509684462890625 0.07667501953125 0.648563259765625 0.0904917080078125 0.6523796025390625 0.1931670634765625 0.65564342578125 0.1957341416015625
1 0.609497744140625 0.1312639912109375 0.6092572021484375 0.16648109375 0.6122281787109375 0.193315505859375 0.614431318359375 0.1955470107421875 0.624374921875 0.19619937109375 0.648759208984375 0.1937479619140625 0.650614806640625 0.1893479423828125 0.64900638671875 0.12880226953125 0.6452266875 0.076584771484375 0.642819109375 0.0704523701171875 0.63425187109375 0.066207427734375 0.6181894970703125 0.0682227041015625 0.605881595703125 0.0821672099609375 0.6066812919921875 0.1173297958984375 0.609497744140625 0.1312639912109375
1 0.5686055634765625 0.0774710263671875 0.5647422373046875 0.0933199375 0.568147314453125 0.16824441015625 0.5723016357421875 0.19775493359375 0.576065134765625 0.1999046630859375 0.6072518642578125 0.1978790751953125 0.60950491796875 0.1911112587890625 0.6068291806640626 0.1599586025390625 0.6081418232421875 0.135246662109375 0.6074058486328126 0.1212034345703125 0.60491649609375 0.1135106748046875 0.6054955556640625 0.094704595703125 0.6038011162109375 0.0822762431640625 0.596467138671875 0.0717080908203125 0.590602716796875 0.0692773046875 0.58382071875 0.0692415732421875 0.5725211953125 0.0725718837890625 0.5686055634765625 0.0774710263671875
1 0.52865248046875 0.200824810546875 0.5313757412109374 0.2030290576171875 0.5463365458984375 0.1998980283203125 0.5656831875 0.2008399189453125 0.5695783759765625 0.1955506865234375 0.56605048046875 0.1680413720703125 0.5633863154296875 0.0973026083984375 0.5616509892578125 0.0840940771484375 0.553837779296875 0.0743333623046875 0.5438124013671874 0.072120642578125 0.52939216015625 0.0756145029296875 0.5235596005859375 0.0837433955078125 0.5202368369140625 0.099955138671875 0.5203733076171875 0.13241435546875 0.52865248046875 0.200824810546875
1 0.5060125458984375 0.206705251953125 0.5189133154296875 0.2040733466796875 0.5222883837890625 0.198811373046875 0.5174163134765625 0.165557111328125 0.51806794921875 0.12823240234375 0.50805159765625 0.1162401826171875 0.5058983701171875 0.105009357421875 0.5000952802734375 0.10374883984375 0.4809121884765625 0.105927666015625 0.47838433984375 0.11740381640625 0.4706757392578125 0.1295426396484375 0.4777625400390625 0.2050564833984375 0.48568699609375 0.2069881474609375 0.5060125458984375 0.206705251953125
1 0.429493640625 0.209541955078125 0.4321760126953125 0.2109660224609375 0.47272489453125 0.2084497841796875 0.475100611328125 0.2040225068359375 0.4694220361328125 0.1354757587890625 0.46867703515625 0.13121203125 0.4591603603515625 0.1188024638671875 0.4565892314453125 0.1095493447265625 0.4445038203125 0.107835748046875 0.4321027255859375 0.110050306640625 0.429268220703125 0.115675111328125 0.4287390751953125 0.125481869140625 0.422967845703125 0.13478103125 0.4295116923828125 0.189982955078125 0.429493640625 0.209541955078125
1 0.3818056533203125 0.1255945791015625 0.374535396484375 0.13614578515625 0.3761708955078125 0.1673529580078125 0.3785171416015625 0.1723150908203125 0.3827237685546875 0.2127753828125 0.386487267578125 0.2149251123046875 0.391188787109375 0.215069876953125 0.4243946630859375 0.211764986328125 0.4279332822265625 0.20962373046875 0.4209895869140625 0.1368405126953125 0.419224791015625 0.1330213916015625 0.411014123046875 0.12562847265625 0.4083816630859375 0.1152050849609375 0.4051382841796875 0.1130280966796875 0.39161517578125 0.1137368134765625 0.3839156015625 0.1160961357421875 0.381937341796875 0.1181556181640625 0.3818056533203125 0.1255945791015625
1 0.3343526513671875 0.2153104052734375 0.3402170712890625 0.21774119140625 0.3729846025390625 0.21602391796875 0.3786445869140625 0.2145538076171875 0.380581958984375 0.211714146484375 0.3801935283203125 0.204302443359375 0.3744788486328125 0.1748736953125 0.37332258203125 0.1428590849609375 0.3595108701171875 0.1181574560546875 0.356267490234375 0.1159804677734375 0.350505287109375 0.1155001298828125 0.33442246875 0.1171253173828125 0.3314653017578125 0.120409583984375 0.33164026953125 0.133699890625 0.3263278291015625 0.141801525390625 0.3343526513671875 0.2153104052734375
1 0.2763963515625 0.1444183232421875 0.281141150390625 0.165292357421875 0.284704994140625 0.203439369140625 0.28814378515625 0.21929675390625 0.2934880869140625 0.2217547978515625 0.3287948857421875 0.2187309638671875 0.33133415234375 0.2174244033203125 0.3322108408203125 0.214249169921875 0.3269958369140625 0.1844030732421875 0.3241042451171875 0.139179931640625 0.3084164912109375 0.118488232421875 0.2865510263671875 0.1192429921875 0.28309418359375 0.122944607421875 0.284023177734375 0.1307191416015625 0.2763963515625 0.1444183232421875
1 0.2374282734375 0.1472428759765625 0.232329296875 0.1494659072265625 0.2324838193359375 0.162366125 0.2348300673828125 0.1673282568359375 0.2376579375 0.191432041015625 0.240626521484375 0.19831736328125 0.24087423828125 0.2229475283203125 0.2435566103515625 0.224371595703125 0.257161494140625 0.22522323828125 0.2789042958984375 0.22212794140625 0.2827585966796875 0.216058529296875 0.2827357607421875 0.1957193505859375 0.278520109375 0.16503855859375 0.2725624951171875 0.15087782421875 0.261006228515625 0.1393574697265625 0.2530408857421875 0.136645626953125 0.242699826171875 0.1383610625 0.2374282734375 0.1472428759765625
1 0.237233400390625 0.2231383369140625 0.2381305341796875 0.2203531923828125 0.2380168974609375 0.2082331552734375 0.23168890625 0.167101716796875 0.222844482421875 0.14761601953125 0.21151309765625 0.140386650390625 0.200070466796875 0.1409863330078125 0.1902405009765625 0.152454009765625 0.18894591015625 0.1576069501953125 0.1977043154296875 0.22520996875 0.201947046875 0.2265522607421875 0.233694783203125 0.22527959375 0.237233400390625 0.2231383369140625
1 0.151919986328125 0.1974900205078125 0.1582161171875 0.228061779296875 0.160439701171875 0.2306833740234375 0.19414525390625 0.2269611357421875 0.1971841962890625 0.2252372265625 0.189681884765625 0.1716501787109375 0.1847031787109375 0.156264658203125 0.170046638671875 0.1452979423828125 0.1621630712890625 0.144146458984375 0.1544226083984375 0.1457256025390625 0.14667312109375 0.15708424609375 0.14666409375 0.16686374609375 0.1497144541015625 0.1753094267578125 0.151919986328125 0.1974900205078125
1 0.1010457060546875 0.1622136044921875 0.1029854697265625 0.179323033203125 0.1078210693359375 0.19197792578125 0.110853376953125 0.2199826064453125 0.1151688564453125 0.2326647568359375 0.1282331767578125 0.233153568359375 0.153637259765625 0.230257552734375 0.1555541875 0.2270278017578125 0.1494306328125 0.1897972607421875 0.14462450390625 0.1677529580078125 0.1393710029296875 0.1570757724609375 0.13230279296875 0.1515787861328125 0.121716408203125 0.1486131455078125 0.1133536083984375 0.1482690986328125 0.1076731806640625 0.149349119140625 0.1045025498046875 0.158511990234375 0.1010457060546875 0.1622136044921875
1 0.0588931875 0.1440823486328125 0.05716025390625 0.15082290625 0.048522658203125 0.1551871943359375 0.0635814375 0.2036842919921875 0.0651327705078125 0.213382017578125 0.061319357421875 0.2202316083984375 0.06359524609375 0.2338029716796875 0.0705407939453125 0.236959419921875 0.101747966796875 0.235323921875 0.10998810546875 0.2333274296875 0.1106399130859375 0.2258612099609375 0.10625168359375 0.2018392001953125 0.1017930986328125 0.186426421875 0.098363333984375 0.1607895380859375 0.0955174111328125 0.15624475390625 0.0899686728515625 0.1498858125 0.0820033291015625 0.1471739697265625 0.0759958017578125 0.1420125556640625 0.0588931875 0.1440823486328125
1 0 0.1704460625 0.0068451279296875 0.1859261796875 0.0122940400390625 0.21028376171875 0.010011515625 0.2264409873046875 0.012246517578125 0.239232171875 0.01440876953125 0.2406834970703125 0.0544579755859375 0.238584607421875 0.060617634765625 0.2366971484375 0.0611876689453125 0.2276705703125 0.05793287109375 0.2153239921875 0.0581643876953125 0.1898863896484375 0.053615 0.182692751953125 0.043718919921875 0.1530919814453125 0.0409956591796875 0.1508877353515625 0.0305319375 0.1502626318359375 0.024004291015625 0.1451284765625 0.0167226171875 0.1455100927734375 0.006381556640625 0.1472255283203125 0.0036492705078125 0.15480078125 0 0.1560637998046875 0 0.1704460625
1 0 0.2421100849609375 0.0056076259765625 0.2419270673828125 0.0096459189453125 0.239368462890625 0.01045888671875 0.21507387109375 0.0057844453125 0.1855906064453125 0 0.17347926171875 0 0.2421100849609375
1 0 0.3537212138671875 0.02083712890625 0.3533921513671875 0.0242939716796875 0.3496905361328125 0.0239873154296875 0.34383919140625 0.01696662890625 0.3093937939453125 0.011622326171875 0.30693575 0.0001796962890625 0.3075354326171875 0 0.3075077158203125 0 0.3537212138671875
1 0.02572025 0.3370986337890625 0.0246096533203125 0.345762380859375 0.02643578125 0.350751771484375 0.0697079228515625 0.3504397802734375 0.0711660625 0.348407556640625 0.0685017421875 0.327424490234375 0.0615742470703125 0.3047090419921875 0.03336512890625 0.3038404521484375 0.0179046484375 0.3073888291015625 0.018161390625 0.3222394951171875 0.019549173828125 0.328816501953125 0.0216705390625 0.3294876484375 0.02572025 0.3370986337890625
1 0.116813919921875 0.3436682880859375 0.1068450908203125 0.302727658203125 0.1052234013671875 0.3016391640625 0.077595734375 0.3019135859375 0.065735203125 0.304490974609375 0.064960732421875 0.3096166572265625 0.071908671875 0.3327221953125 0.0742867802734375 0.3482440068359375 0.0759084697265625 0.3493325009765625 0.1144177607421875 0.3477054755859375 0.116813919921875 0.3436682880859375
1 0.162707103515625 0.3436100947265625 0.1633180234375 0.3353636953125 0.15459387109375 0.2982694453125 0.13218784375 0.298661373046875 0.1120053994140625 0.3016748955078125 0.111598916015625 0.3138221923828125 0.1138225 0.3164437861328125 0.1149559326171875 0.3281192177734375 0.119975525390625 0.3442849169921875 0.14036240625 0.345172291015625 0.162707103515625 0.3436100947265625
1 0.195601541015625 0.2945556796875 0.16025385546875 0.2967993349609375 0.1577554765625 0.2988860751953125 0.16622527734375 0.341078748046875 0.1725689306640625 0.3427020966796875 0.208977298828125 0.3407940146484375 0.210476326171875 0.339541970703125 0.207812005859375 0.318558904296875 0.2014455185546875 0.296596376953125 0.195601541015625 0.2945556796875
1 0.2552066083984375 0.3371977568359375 0.25814333203125 0.3335233994140625 0.25025498046875 0.2924737373046875 0.2423918564453125 0.2917123427734375 0.207064615234375 0.2943460869140625 0.2045253486328125 0.2956526474609375 0.2130769248046875 0.3394056796875 0.2552066083984375 0.3371977568359375
1 0.2528760224609375 0.29272753515625 0.253755103515625 0.309501390625 0.2597854658203125 0.3350019833984375 0.2729315595703125 0.3370511533203125 0.3024557119140625 0.3331568916015625 0.3016175185546875 0.3171632158203125 0.29444469921875 0.2897666904296875 0.2543546064453125 0.2910854013671875 0.2528760224609375 0.29272753515625
1 0.3118587509765625 0.3334464208984375 0.3466658740234375 0.330839935546875 0.349725259765625 0.3295061162109375 0.34593653515625 0.2870681181640625 0.3442126259765625 0.28402917578125 0.2995845634765625 0.2883238388671875 0.3049336474609375 0.3306800615234375 0.3118587509765625 0.3334464208984375
1 0.356527701171875 0.3299319375 0.370591373046875 0.329586052734375 0.3954753369140625 0.326717294921875 0.3915230615234375 0.281158580078125 0.3504131728515625 0.282921896484375 0.3479147939453125 0.28500863671875 0.35280508984375 0.32856238671875 0.356527701171875 0.3299319375
1 0.3932469697265625 0.2841975224609375 0.3940033876953125 0.29863083984375 0.3995749619140625 0.3253289599609375 0.4116399296875 0.326652466796875 0.44120496875 0.323538384765625 0.4436215732421875 0.3198912861328125 0.4377728134765625 0.2779524111328125 0.3972239326171875 0.2804686484375 0.3932469697265625 0.2841975224609375
1 0.484043009765625 0.2751363310546875 0.4824213193359375 0.274047837890625 0.440873087890625 0.277398771484375 0.4404052724609375 0.288375798828125 0.446324390625 0.3217054423828125 0.4537082822265625 0.3232742744140625 0.4869141591796875 0.319969384765625 0.4883927421875 0.3183272509765625 0.4876567685546875 0.3042840224609375 0.484043009765625 0.2751363310546875
1 0.531333001953125 0.2718756455078125 0.52865062890625 0.2704515791015625 0.4870819521484375 0.2734124228515625 0.4910751142578125 0.3197513173828125 0.533143466796875 0.3163731259765625 0.534499388671875 0.3123904541015625 0.531333001953125 0.2718756455078125
1 0.539905021484375 0.316018767578125 0.566472005859375 0.3154087734375 0.5779146357421875 0.31480908984375 0.5819938173828125 0.3130306650390625 0.5796223447265625 0.2677802646484375 0.5343719443359375 0.2701517373046875 0.5377632119140625 0.3149575322265625 0.539905021484375 0.316018767578125
1 0.58268173046875 0.2664464453125 0.58068302734375 0.268115837890625 0.58511453515625 0.312867115234375 0.601840134765625 0.3135552080078125 0.62778478125 0.3110220234375 0.6269532236328125 0.2652997578125 0.624790970703125 0.2638484326171875 0.5884643759765625 0.267316873046875 0.58268173046875 0.2664464453125
1 0.6750837998046875 0.297981837890625 0.673223419921875 0.2624836787109375 0.6491752578125 0.2613970234375 0.6320930869140625 0.26385690625 0.628595357421875 0.266778341796875 0.6308237236328125 0.309298115234375 0.632965533203125 0.3103593505859375 0.6459685224609375 0.309677892578125 0.6693330146484375 0.30767108984375 0.6734121953125 0.3058926650390625 0.6750837998046875 0.297981837890625
1 0.675324341796875 0.2627647353515625 0.6775322646484375 0.3048944189453125 0.6854362763671875 0.3064359921875 0.7196619482421875 0.3026864951171875 0.7215993203125 0.2998468349609375 0.7220942138671875 0.2595313076171875 0.69496622265625 0.2593883818359375 0.6768029248046875 0.2611226015625 0.675324341796875 0.2627647353515625
1 0.77036311328125 0.2550458369140625 0.7261938388671875 0.25814297265625 0.72373873828125 0.2809589814453125 0.7264439453125 0.3027222275390625 0.76603436328125 0.3018208642578125 0.769847775390625 0.2949712734375 0.77036311328125 0.2550458369140625
1 0.7651197158203125 0.4137408662109375 0.766003041015625 0.38083704296875 0.76465375390625 0.355091125 0.752159466796875 0.3455757353515625 0.7432969921875 0.345649037109375 0.7266441396484375 0.356300802734375 0.724311701171875 0.3814573486328125 0.7267126455078124 0.41731833984375 0.7299355810546875 0.41910523828125 0.739359064453125 0.419784857421875 0.7631823447265625 0.4165805263671875 0.7651197158203125 0.4137408662109375
1 0.7241980654296875 0.3693373115234375 0.7219835078125 0.356936216796875 0.7128348193359375 0.351548263671875 0.7008720693359375 0.3521752041015625 0.69891425390625 0.354624775390625 0.688175736328125 0.3587080068359375 0.68485297265625 0.37491975 0.6867247705078126 0.420587498046875 0.6904473818359375 0.421957048828125 0.721134435546875 0.42034880859375 0.7244686162109375 0.4143066552734375 0.7241980654296875 0.3693373115234375
1 0.682502482421875 0.4196352958984375 0.68323606640625 0.4137294345703125 0.6815867587890625 0.3524035830078125 0.6738871845703125 0.3547629052734375 0.66748219921875 0.3519692880859375 0.65707980859375 0.3525144541015625 0.651603818359375 0.35749537109375 0.6429662236328125 0.3618596591796875 0.6426914287109375 0.366567994140625 0.646237220703125 0.424274005859375 0.6504595087890624 0.4252262080078125 0.6795453154296875 0.4229195634765625 0.682502482421875 0.4196352958984375
1 0.6420558203125 0.424101982421875 0.6431664169921875 0.415438234375 0.641253732421875 0.368990306640625 0.638846154296875 0.3628579052734375 0.62851412109375 0.3547938408203125 0.6185705185546875 0.3541414794921875 0.6154702451171875 0.354695119140625 0.6110753818359375 0.36040169921875 0.6040185888671875 0.3650743017578125 0.6067285791015625 0.4267357265625 0.608911275390625 0.4285771416015625 0.640077560546875 0.4261614638671875 0.6420558203125 0.424101982421875
1 0.600979646484375 0.3667982099609375 0.5900252744140625 0.3568109560546875 0.5759820458984375 0.3575469296875 0.5659885302734375 0.3658938896484375 0.56277701171875 0.374276580078125 0.565250703125 0.4214774296875 0.56826017578125 0.429142931640625 0.57466516015625 0.431936548828125 0.6016296015625 0.4289587578125 0.604607212890625 0.4260645810546875 0.600979646484375 0.3667982099609375
1 0.56389478125 0.4254601015625 0.56182996484375 0.386061044921875 0.558849962890625 0.3690061337890625 0.5479160341796875 0.35940896875 0.5349130458984375 0.36009042578125 0.5254192060546875 0.3680200380859375 0.522625587890625 0.3744250224609375 0.524211171875 0.414631515625 0.5271707314453125 0.431296337890625 0.5330147080078125 0.4333370341796875 0.56060148828125 0.43228243359375 0.56389478125 0.4254601015625
1 0.521678541015625 0.3862094873046875 0.5177809619140625 0.3715496298828125 0.5063269150390625 0.36197972265625 0.4943641650390625 0.3626066640625 0.48151569921875 0.3761883388671875 0.4871215263671875 0.4333952275390625 0.4909463564453125 0.4367152265625 0.5164731025390625 0.4361597490234375 0.5226532060546875 0.4346623798828125 0.5245701337890625 0.43143262890625 0.521678541015625 0.3862094873046875
1 0.4820315751953125 0.425838759765625 0.478122578125 0.4010093125 0.47896740625 0.3872743994140625 0.475131158203125 0.3737848115234375 0.4632183232421875 0.365412431640625 0.4528568193359375 0.36673777734375 0.4410077060546875 0.379484755859375 0.44613430078125 0.4374990830078125 0.4488371162109375 0.4393132392578125 0.4775050234375 0.43898430078125 0.481522873046875 0.436035607421875 0.4820315751953125 0.425838759765625
1 0.41455011328125 0.441892466796875 0.44157588671875 0.4400849453125 0.4435950341796875 0.4388056435546875 0.4432883779296875 0.4329542978515625 0.438482248046875 0.4109099951171875 0.438316306640625 0.3878401884765625 0.436306185546875 0.3793399912109375 0.4264124970703125 0.3696883095703125 0.4221697666015625 0.368346017578125 0.4097277841796875 0.369780396484375 0.4004179365234375 0.381220814453125 0.40208290625 0.4030385771484375 0.40870613671875 0.4398517705078125 0.41455011328125 0.441892466796875
1 0.3591968046875 0.39081318359375 0.3657292333984375 0.435845517578125 0.3681163681640625 0.4415878291015625 0.37294055078125 0.4440731318359375 0.401547125 0.4425739248046875 0.403525384765625 0.440514443359375 0.4034117490234375 0.4283944052734375 0.39671576953125 0.380241353515625 0.3886482080078125 0.3755790625 0.3852821650390625 0.371061537109375 0.38160044140625 0.370472166015625 0.3732989716796875 0.371298388671875 0.368465763671875 0.3785925849609375 0.3632850126953125 0.3792552578125 0.35978728125 0.3821766943359375 0.3591968046875 0.39081318359375
1 0.3417742646484375 0.4464888095703125 0.36251771484375 0.444228208984375 0.3640167431640625 0.4429761650390625 0.361627216796875 0.417284763671875 0.3541272978515625 0.3836468046875 0.3416534541015625 0.37452150390625 0.3358708076171875 0.373651076171875 0.32810990234375 0.374840130859375 0.3197994072265625 0.3854458525390625 0.3200765927734375 0.4006866083984375 0.3291687333984375 0.4448024716796875 0.331871548828125 0.4466166279296875 0.3417742646484375 0.4464888095703125
1 0.301806833984375 0.45014805859375 0.322050609375 0.4483048046875 0.3237312392578125 0.430614478515625 0.3176485712890625 0.3941641171875 0.31355797265625 0.3857729521484375 0.30705076953125 0.38102888671875 0.3031032763671875 0.375368349609375 0.289559724609375 0.3756869765625 0.2793323017578125 0.38952244921875 0.2798025068359375 0.39849451171875 0.2868526640625 0.423550498046875 0.28868118359375 0.448488978515625 0.301806833984375 0.45014805859375
1 0.2815582763671875 0.4120931328125 0.2769974716796875 0.39472990625 0.27302953515625 0.3886792802734375 0.2594541220703125 0.3784382275390625 0.251132208984375 0.3788743603515625 0.245533556640625 0.3815147392578125 0.239925876953125 0.393934619140625 0.24523407421875 0.4355106630859375 0.249192984375 0.4513407890625 0.253976279296875 0.4530459130859375 0.2840818818359375 0.450294662109375 0.2815582763671875 0.4120931328125
1 0.213447841796875 0.455952240234375 0.2207704033203125 0.4563508037109375 0.245093359375 0.452729125 0.2409685078125 0.41382919140625 0.236305484375 0.3945155166015625 0.233480005859375 0.390360822265625 0.2260143388671875 0.3872316318359375 0.221567169921875 0.3819884423828125 0.2168247626953125 0.381063498046875 0.2059635830078125 0.3828061923828125 0.1972351875 0.39538962109375 0.197807611328125 0.4063121318359375 0.2102249052734375 0.454165341796875 0.213447841796875 0.455952240234375
1 0.1930333427734375 0.3948275078125 0.1815293818359375 0.394256921875 0.16240762109375 0.397606017578125 0.1743571005859375 0.4564362548828125 0.1786407197265625 0.4585587265625 0.204646697265625 0.457195810546875 0.20662495703125 0.4551363291015625 0.2063591884765625 0.4500651640625 0.1951955966796875 0.396278833984375 0.1930333427734375 0.3948275078125
1 0.171797390625 0.4573527255859375 0.169010408203125 0.43402912109375 0.1617876748046875 0.4156319169921875 0.1598479111328125 0.39852248828125 0.1555847353515625 0.3967901064453125 0.1342802783203125 0.398297787109375 0.1307212158203125 0.4000489541015625 0.133172072265625 0.4269106240234375 0.1395090908203125 0.4582625615234375 0.144853392578125 0.4607206064453125 0.16983957421875 0.459802296875 0.171797390625 0.4573527255859375
1 0.1276822734375 0.4017728623046875 0.1135163828125 0.400168298828125 0.1104774404296875 0.40189220703125 0.099034810546875 0.4024918896484375 0.093997166015625 0.4058851904296875 0.1002524091796875 0.43567676953125 0.1089855869140625 0.46299151953125 0.1376126064453125 0.46188240234375 0.1390094150390625 0.45867991015625 0.137396751953125 0.447811916015625 0.1276822734375 0.4017728623046875
1 0.0652270400390625 0.4042636806640625 0.0627286611328125 0.406350419921875 0.0635464111328125 0.4219540068359375 0.0725158876953125 0.46372933203125 0.074678140625 0.4651806572265625 0.10640543359375 0.463517900390625 0.09185535546875 0.404823955078125 0.0896931025390625 0.40337262890625 0.0652270400390625 0.4042636806640625
1 0.0715369794921875 0.4649541181640625 0.067443990234375 0.4366138642578125 0.0622518203125 0.427106947265625 0.061667978515625 0.4060148466796875 0.0584245986328125 0.403837859375 0.04538072265625 0.4037391376953125 0.02942056640625 0.4077048623046875 0.0292888779296875 0.41514382421875 0.0364616982421875 0.4425403486328125 0.0391260185546875 0.463523416015625 0.046092009765625 0.4670699541015625 0.0715369794921875 0.4649541181640625
1 0 0.438795529296875 0.0080823955078125 0.4682796318359375 0.0170266455078125 0.4697666884765625 0.037229533203125 0.467143255859375 0.0386672294921875 0.464720943359375 0.0367887978515625 0.448781783203125 0.027340087890625 0.4078138955078125 0 0.4088798193359375 0 0.438795529296875
1 0 0.513092966796875 0.004426435546875 0.59755438671875 0.03457292578125 0.595583314453125 0.0386112197265625 0.5930247099609375 0.0389882333984375 0.59026682421875 0.0192754560546875 0.5126765517578125 0.0122162724609375 0.497400064453125 0.001171099609375 0.495631951171875 0 0.495693326171875 0 0.513092966796875
1 0.0175196875 0.4990779296875 0.02873319140625 0.543864939453125 0.0318971884765625 0.564430658203125 0.04013069140625 0.592162755859375 0.046556119140625 0.595346462890625 0.0875637880859375 0.5916326982421874 0.089542048828125 0.589573216796875 0.0892558359375 0.5841119609375 0.085776158203125 0.5674743974609375 0.0778697548828125 0.545983734375 0.065870361328125 0.4961528173828125 0.0615458544921875 0.4932501669921875 0.05368273046875 0.4924887724609375 0.024535591796875 0.4936251484375 0.019936291015625 0.4954308310546875 0.0175196875 0.4990779296875
1 0.070124509765625 0.50766469921875 0.0800933388671875 0.548605328125 0.0860509521484375 0.5627660625 0.09006216796875 0.5895459580078125 0.094886349609375 0.5920312607421875 0.1027290302734375 0.5924025654296875 0.1343949912109375 0.5895695400390625 0.1399527568359375 0.58614898046875 0.14148125390625 0.5755075263671875 0.1204829140625 0.4932906943359375 0.11247668359375 0.4897986728515625 0.0941702802734375 0.488802265625 0.0697859921875 0.4912536748046875 0.0677872890625 0.49292306640625 0.070124509765625 0.50766469921875
1 0.169190158203125 0.4872176064453125 0.162826060546875 0.48520416796875 0.1385235478515625 0.4892159365234375 0.1276828125 0.4913487197265625 0.1252457646484375 0.494605728515625 0.1249914130859375 0.49970415234375 0.145215283203125 0.5870466669921875 0.1511205927734375 0.5902576328125 0.18958899609375 0.587850427734375 0.192505275390625 0.5837859814453125 0.169190158203125 0.4872176064453125
1 0.1989511474609375 0.5873597783203125 0.237939669921875 0.5849253154296875 0.237723814453125 0.5708548291015625 0.2202845361328125 0.486886830078125 0.2169798251953125 0.4835395732421875 0.212757537109375 0.4825873701171875 0.1956140361328125 0.483876984375 0.18136637109375 0.4807120625 0.1757677177734375 0.48335244140625 0.17337155859375 0.4873896298828125 0.173841763671875 0.4963616923828125 0.1930662822265625 0.58453890234375 0.1989511474609375 0.5873597783203125
1 0.2899107373046875 0.5814193046875 0.299232001953125 0.5801484755859375 0.3006083662109375 0.5765558935546875 0.286024037109375 0.4873531796875 0.2823218681640625 0.48637371875 0.2490342177734375 0.4881182509765625 0.2395698466796875 0.4866584521484375 0.22991245703125 0.491467345703125 0.2254767060546875 0.4963937470703125 0.2405198232421875 0.58439893359375 0.260304810546875 0.5837532080078125 0.275245171875 0.5802320888671875 0.2899107373046875 0.5814193046875
1 0.3429918623046875 0.479673689453125 0.295824533203125 0.4852749130859375 0.289726205078125 0.488332640625 0.28975806640625 0.4988923193359375 0.3023118310546875 0.5792047470703126 0.3148969189453125 0.5805009951171874 0.3345387998046875 0.5771246416015625 0.362064248046875 0.5748997724609375 0.3509980927734375 0.4831657119140625 0.3429918623046875 0.479673689453125
1 0.4237744814453125 0.5681452265625 0.421945962890625 0.54320674609375 0.4133306630859375 0.47833435546875 0.3784622099609375 0.479770572265625 0.37230255078125 0.48165803125 0.35823887890625 0.482003916015625 0.3546798173828125 0.4837550830078125 0.356233541015625 0.513401896484375 0.364664845703125 0.57476348046875 0.3735886533203125 0.5758604482421875 0.4213169892578125 0.5710121455078125 0.4237744814453125 0.5681452265625
1 0.4200513310546875 0.477199818359375 0.416553599609375 0.48012125390625 0.4264568544921875 0.56956929296875 0.435921224609375 0.571029091796875 0.467046623046875 0.567833234375 0.470044677734375 0.565329146484375 0.474287408203125 0.5666714384765625 0.4820687578125 0.565872474609375 0.4848828193359375 0.559857580078125 0.47621521484375 0.4840354208984375 0.4724198544921875 0.47132601171875 0.4685950244140625 0.4680060126953125 0.4582335205078125 0.4693313583984375 0.4563165927734375 0.4725611083984375 0.4501978203125 0.47522874609375 0.426608447265625 0.4729445634765625 0.424711962890625 0.4765644033203125 0.4200513310546875 0.477199818359375
1 0.4769397724609375 0.48790905859375 0.4818210419921875 0.5412423095703125 0.4877082978515625 0.5640122744140625 0.490951677734375 0.5661892626953124 0.502312533203125 0.5640292216796875 0.5117564599609375 0.5650989306640625 0.529878869140625 0.5625845302734375 0.532876923828125 0.560080443359375 0.532733818359375 0.5573498154296875 0.529672041015625 0.538734544921875 0.52540169140625 0.47715489453125 0.521769880859375 0.467566203125 0.5133048623046875 0.4652717080078125 0.4862790888671875 0.46707923046875 0.4776414951171875 0.4714435185546875 0.4769397724609375 0.48790905859375
1 0.5635225517578125 0.468116166015625 0.55511886328125 0.4669919404296875 0.5307754638671875 0.470223529296875 0.5267985009765624 0.47395240234375 0.532967724609375 0.5518613017578125 0.535977197265625 0.5595268037109375 0.5386595703125 0.5609508701171875 0.553845255859375 0.562110828125 0.591212087890625 0.55858787109375 0.5926293408203125 0.5557754677734374 0.5910575654296875 0.5456876533203125 0.58468205078125 0.5335046259765625 0.584600275390625 0.531944267578125 0.5891791328125 0.529748494140625 0.5905146103515625 0.525375732421875 0.58950144921875 0.49609175 0.58729591796875 0.47391115625 0.584908783203125 0.46816884375 0.574903849609375 0.4663462138671875 0.5635225517578125 0.468116166015625
1 0.6022163740234375 0.5595758046875 0.6229189375 0.5565350244140626 0.65158684375 0.5562060859375 0.6540034482421875 0.5525589873046876 0.6493831650390625 0.4643987236328125 0.643355193359375 0.458847220703125 0.637093314453125 0.45878423046875 0.61071032421875 0.4629050322265625 0.6030925244140625 0.4668247138671875 0.5932102529296875 0.46734262109375 0.589151515625 0.46951113671875 0.592822361328125 0.549506775390625 0.594771150390625 0.5568367041015625 0.6022163740234375 0.5595758046875
1 0.650157634765625 0.4592730419921875 0.6557069130859375 0.55520783984375 0.657889609375 0.5570492548828125 0.7026403349609375 0.5550951298828125 0.7031532802734375 0.495220603515625 0.70097721875 0.463650599609375 0.6937454580078125 0.4550328955078125 0.656816970703125 0.4569682353515625 0.650157634765625 0.4592730419921875
1 0.7652585791015625 0.466149171875 0.76040253515625 0.4531041904296875 0.756180248046875 0.4521519873046875 0.7078295732421875 0.4550771005859375 0.7018539072265625 0.460475365234375 0.7051591572265625 0.55339848046875 0.7130631689453125 0.5549400537109375 0.7339088388671875 0.554629900390625 0.7644936728515624 0.5510712119140625 0.7664106025390625 0.5478414619140625 0.7652585791015625 0.466149171875
1 0.04625424609375 0.629393296875 0.0367285439453125 0.6267632294921875 0.032862826171875 0.62266305078125 0.017779359375 0.6234535419921875 0.01218070703125 0.626093921875 0.0112631298828125 0.6284889765625 0.006041490234375 0.6283714697265625 0.007615658203125 0.6584083740234375 0.025908791015625 0.718861958984375 0.02919305859375 0.721819126953125 0.0671208974609375 0.7190490908203125 0.0700985087890625 0.7161549130859375 0.0715951455078125 0.6949537802734375 0.066268896484375 0.672936736328125 0.06088370703125 0.66969851171875 0.056895326171875 0.6632577958984375 0.06093362109375 0.66069919140625 0.061249302734375 0.6567710361328125 0.0517530712890625 0.64475155859375 0.04625424609375 0.629393296875
1 0.0558911923828125 0.6241943134765625 0.049231857421875 0.626499119140625 0.0533338740234375 0.645059873046875 0.0571587041015625 0.6483798720703124 0.0647175634765625 0.6632390107421875 0.06969626953125 0.67862453125 0.073880060546875 0.6987456435546875 0.0721789873046875 0.7160458798828125 0.0743821279296875 0.718277384765625 0.083805611328125 0.71895700390625 0.1129323056640625 0.7174305390625 0.1169092685546875 0.7137016650390625 0.116763771484375 0.6910219482421875 0.110654025390625 0.6839100859375 0.1058184248046875 0.6712551943359375 0.0946253642578125 0.6268582744140625 0.087077921875 0.622168724609375 0.0558911923828125 0.6241943134765625
1 0.130583970703125 0.6163682197265625 0.1265865634765625 0.61970700390625 0.12090613671875 0.6207870244140625 0.1071990341796875 0.61798493359375 0.097001080078125 0.62243099609375 0.096910279296875 0.6306501376953125 0.1041943447265625 0.6502176103515624 0.10661333984375 0.6665196015625 0.114946669921875 0.6762530576171875 0.1187011435546875 0.688182287109375 0.119530310546875 0.7139554638671874 0.1232938095703125 0.716105193359375 0.16018141015625 0.713389673828125 0.1647193798828125 0.7104137216796875 0.1636563056640625 0.6901290595703125 0.15518650390625 0.6479363857421875 0.1501783291015625 0.6419402763671875 0.1505848115234375 0.6297929794921875 0.147391345703125 0.6186166708984375 0.1425467197265625 0.6157412783203124 0.130583970703125 0.6163682197265625
1 0.1528901708984375 0.6339749326171875 0.169461787109375 0.711338666015625 0.172185046875 0.713542912109375 0.1774066865234375 0.7136604189453125 0.2106943369140625 0.71191588671875 0.2146508564453125 0.707796923828125 0.2137423056640625 0.700412478515625 0.20172246875 0.6501914716796875 0.19674137109375 0.6148568623046875 0.188735140625 0.6113648408203125 0.1784962998046875 0.615030724609375 0.1689910419921875 0.61279074609375 0.1607100166015625 0.61400705859375 0.156172046875 0.6169830107421875 0.152399521484375 0.62461278125 0.1528901708984375 0.6339749326171875
1 0.2016701640625 0.639241703125 0.2123545234375 0.693835470703125 0.216690447265625 0.7069077109375 0.21891403125 0.7095293056640625 0.2236564384765625 0.71045425 0.2455423466796875 0.710089580078125 0.257963884765625 0.708265111328125 0.25994214453125 0.7062056298828125 0.2597377080078125 0.7023047333984375 0.2484310087890625 0.645787775390625 0.246021041015625 0.61970628515625 0.241308103515625 0.6093919306640625 0.2328635283203125 0.607487525390625 0.208479240234375 0.609938935546875 0.200586646484375 0.618566951171875 0.2016701640625 0.639241703125
1 0.2493053076171875 0.6226634521484375 0.2473679345703125 0.62550311328125 0.2476745908203125 0.6313544580078125 0.2621043974609375 0.707656955078125 0.268968169921875 0.7092530458984375 0.2845717568359375 0.708435296875 0.2953716044921875 0.705522333984375 0.3068960107421875 0.706483009765625 0.315697154296875 0.705239439453125 0.3170121884765625 0.700476587890625 0.30567123828125 0.6134508623046875 0.288589068359375 0.6159107451171875 0.2809508251953125 0.6194403369140625 0.2652859072265625 0.6190878173828125 0.2630623232421875 0.61646622265625 0.2594214853515625 0.61665703125 0.2493053076171875 0.6226634521484375
1 0.372787642578125 0.6999004873046875 0.3707137998046875 0.6702809306640625 0.365893861328125 0.61811794921875 0.363343177734375 0.6092549208984375 0.35749919921875 0.6072142236328125 0.315471734375 0.611372595703125 0.308201478515625 0.6219238017578125 0.3091010029296875 0.63908774609375 0.3192766611328125 0.7038783623046875 0.32403951171875 0.7051933955078125 0.371288615234375 0.70115253125 0.372787642578125 0.6999004873046875
1 0.4331010673828125 0.69634843359375 0.4330692060546875 0.68578875390625 0.42415627734375 0.6052855185546875 0.4198522138671875 0.6027729580078125 0.37422480078125 0.60790231640625 0.36866703515625 0.611322875 0.3672702265625 0.6145253671875 0.37010048828125 0.6585782412109376 0.3765306982421875 0.701660126953125 0.40829887890625 0.7007775498046875 0.431081919921875 0.6976277353515625 0.4331010673828125 0.69634843359375
1 0.483368130859375 0.600617712890625 0.4765043583984375 0.599021623046875 0.461523109375 0.6017625615234375 0.4333957666015625 0.6024543310546875 0.4294188037109375 0.606183205078125 0.4272475244140625 0.61451137890625 0.4288216923828125 0.644548283203125 0.4362013408203125 0.6957947939453125 0.441983986328125 0.6966652216796875 0.482380111328125 0.694548150390625 0.5000942705078125 0.6908816630859375 0.5043574453125 0.692614044921875 0.528905283203125 0.6932833525390625 0.535605505859375 0.6917587255859375 0.5369818701171875 0.6881661435546875 0.5336747685546875 0.664869796875 0.53254797265625 0.6234657763671875 0.5285572001953125 0.597075970703125 0.52327423046875 0.5957881953125 0.514534416015625 0.59820203515625 0.491567380859375 0.5978410419921875 0.483368130859375 0.600617712890625
1 0.5490258564453125 0.5995237041015625 0.5433658720703125 0.600993814453125 0.5375423388671875 0.59934320703125 0.5339628330078126 0.6007042841796875 0.5327909052734375 0.6081977626953124 0.53616412109375 0.672562556640625 0.539205455078125 0.69078773828125 0.546089671875 0.69277391796875 0.569036263671875 0.6927448212890625 0.5912991845703125 0.689622265625 0.594338126953125 0.687898357421875 0.595092154296875 0.6823825849609375 0.5914940576171875 0.6137268046875 0.58942260546875 0.604056337890625 0.586638013671875 0.600681822265625 0.5783161015625 0.6011179560546875 0.56985108203125 0.5988234609375 0.555287734375 0.599586693359375 0.55068843359375 0.601392376953125 0.5490258564453125 0.5995237041015625
1 0.610003044921875 0.688250876953125 0.6509698271484375 0.6837569326171875 0.6539678818359375 0.6812528447265624 0.6542222333984375 0.6761544208984375 0.6523071572265625 0.6097574033203125 0.652041388671875 0.6046862373046875 0.646226880859375 0.593256130859375 0.6434627333984375 0.590271705078125 0.636660291015625 0.5898458837890626 0.6138159189453125 0.5918254287109375 0.6097367373046875 0.593603853515625 0.5935108134765625 0.5924984130859375 0.5920322294921875 0.594140546875 0.5979789638671875 0.687707548828125 0.610003044921875 0.688250876953125
1 0.65500812109375 0.681198328125 0.657231705078125 0.683819921875 0.6661350693359375 0.6845267998046874 0.700442515625 0.682337662109375 0.7019210986328125 0.6806955283203125 0.701396197265625 0.640824607421875 0.6992904921875 0.6006453720703125 0.697464365234375 0.5956559814453125 0.6918338515625 0.587736681640625 0.687550232421875 0.5856142109375 0.6491840478515625 0.58997186328125 0.6477667958984376 0.592784265625 0.6512963876953125 0.600422509765625 0.65500812109375 0.681198328125
1 0.69904516796875 0.595964296875 0.7019710126953125 0.6716962080078125 0.70404246484375 0.681366673828125 0.7057050419921875 0.68323534765625 0.71254837109375 0.6844413486328125 0.759256912109375 0.68003765234375 0.7621731923828124 0.675973205078125 0.7627065810546875 0.6164887685546875 0.7610825009765625 0.595451185546875 0.7455991845703125 0.5786603828125 0.7388171865234375 0.5786246513671875 0.737338603515625 0.58026678515625 0.72445827734375 0.58328878125 0.7030720439453125 0.5832361025390626 0.6969532724609375 0.585903740234375 0.69904516796875 0.595964296875
1 0.7002109990234375 0.7077752646484375 0.6946123466796875 0.71041564453125 0.6985850654296875 0.75636444921875 0.6969952373046875 0.765835634765625 0.6984467421875 0.793532 0.705330958984375 0.7955181806640625 0.7464204033203125 0.7933647734375 0.74977502734375 0.7877127099609375 0.7504563056640625 0.770857080078125 0.7484052978515625 0.761576703125 0.7509944775390625 0.751270822265625 0.7517052255859376 0.72502578125 0.75089889453125 0.7195917841796875 0.7440237041015625 0.7078261044921875 0.7355995732421875 0.7063117890625 0.7299395888671875 0.7077818994140626 0.7215359013671875 0.706657673828125 0.7002109990234375 0.7077752646484375
1 0.69523044140625 0.7620165126953125 0.69661344140625 0.728695341796875 0.690971509765625 0.7106064521484375 0.68874792578125 0.707984857421875 0.6845256376953125 0.7070326552734375 0.6517785498046875 0.7091400185546874 0.6488213828125 0.7124242861328125 0.6527579970703125 0.7974910908203126 0.666883 0.798315474609375 0.6944288916015625 0.7964806943359375 0.6969068271484375 0.794003865234375 0.69523044140625 0.7620165126953125
1 0.6331973525390625 0.7128519453125 0.5957487451171875 0.7148145439453125 0.5937909296875 0.717264115234375 0.5992879013671875 0.80224914453125 0.647138900390625 0.7997413798828125 0.6506161875 0.7964298544921875 0.650232 0.73934047265625 0.647985580078125 0.71637969921875 0.6447013134765625 0.71342253125 0.6331973525390625 0.7128519453125
1 0.5858255859375 0.7145522724609376 0.5410544169921875 0.7161163076171875 0.5380563623046875 0.7186203955078125 0.5440121240234375 0.8024078974609375 0.5488363056640625 0.804893201171875 0.594545494140625 0.8013242001953125 0.5964419794921875 0.7977043603515624 0.59218065625 0.7263452099609375 0.5885079580078125 0.71597633984375 0.5858255859375 0.7145522724609376
1 0.5394741533203125 0.8053838505859375 0.542472208984375 0.8028797626953125 0.542267771484375 0.7989788662109375 0.537375083984375 0.7354760263671875 0.5333752861328125 0.718865720703125 0.530111462890625 0.716298642578125 0.524869380859375 0.7157910458984375 0.4983637275390625 0.7175713095703125 0.4922245107421875 0.719848857421875 0.4959657138671875 0.791235265625 0.499924625 0.807065392578125 0.5041469111328125 0.8080175947265625 0.5394741533203125 0.8053838505859375
1 0.49630423046875 0.8076462900390625 0.497476158203125 0.8001528115234375 0.4911048876953125 0.73829210546875 0.487084646484375 0.7212917099609375 0.481679013671875 0.717663396484375 0.4677993359375 0.721520087890625 0.450655833984375 0.7228097021484375 0.440355662109375 0.72530531640625 0.436960150390625 0.730177201171875 0.4388614169921875 0.7664555390625 0.445852634765625 0.8102903466796875 0.4479944443359375 0.81135158203125 0.49630423046875 0.8076462900390625
1 0.388221044921875 0.725690609375 0.3827041669921875 0.72989134765625 0.380114986328125 0.740197228515625 0.3891596044921875 0.813261501953125 0.3923825400390625 0.815048400390625 0.440651439453125 0.8105629296875 0.44178248046875 0.802289271484375 0.4335123330078125 0.72409931640625 0.42356873046875 0.723446955078125 0.388221044921875 0.725690609375
1 0.3870791259765625 0.81337053515625 0.38181181640625 0.7725746708984375 0.37948123046875 0.72810444921875 0.3710162119140625 0.7258099541015625 0.3325682529296875 0.7286072490234375 0.3281325009765625 0.7335336494140625 0.3254411025390625 0.74188908203125 0.32455538671875 0.75484381640625 0.335128501953125 0.8172666357421875 0.3372907548828125 0.8187179609375 0.3544547001953125 0.8178184365234376 0.3870791259765625 0.81337053515625
1 0.333027580078125 0.8169855791015626 0.3238717177734375 0.751750357421875 0.3243894462890625 0.731774009765625 0.3154043076171875 0.7295067734375 0.2999642705078125 0.733445240234375 0.2910200205078125 0.7319581826171875 0.2791186015625 0.733755392578125 0.274539744140625 0.735951166015625 0.268330171875 0.7468379453125 0.279995830078125 0.8201560166015625 0.2821580830078125 0.821607341796875 0.2884199609375 0.82167033203125 0.333027580078125 0.8169855791015626
1 0.2310793662109375 0.782430029296875 0.235996740234375 0.7966452802734375 0.2388246103515625 0.820749064453125 0.2410073076171875 0.8225904794921876 0.2540920712890625 0.8234693798828125 0.274917296875 0.8227691376953125 0.2784559150390625 0.820627880859375 0.2788533720703125 0.8182600849609375 0.2666585673828125 0.754748771484375 0.2688184287109375 0.7362510078125 0.2654932744140625 0.73251366015625 0.2601694169921875 0.7304457060546875 0.2347244462890625 0.7325615419921875 0.228564787109375 0.7344490009765625 0.2237724658203125 0.742523376953125 0.2310793662109375 0.782430029296875
1 0.2363965888671875 0.8142265732421875 0.216102361328125 0.7354932900390625 0.1812339072265625 0.7369295068359375 0.1796939921875 0.73740137109375 0.1785629521484375 0.745675029296875 0.1783699326171875 0.75194372265625 0.1934106591796875 0.8199998203125 0.197755609375 0.823292560546875 0.2301461279296875 0.8243331728515625 0.23624445703125 0.8212754453125 0.2363965888671875 0.8142265732421875
1 0.124756732421875 0.7539711484375 0.132315591796875 0.7688302880859375 0.1429476455078125 0.8124742861328125 0.1427660439453125 0.8289125693359375 0.178736068359375 0.8285921044921875 0.182774361328125 0.8260335 0.1895449423828125 0.8158996416015625 0.1848705009765625 0.786416376953125 0.1764121171875 0.75439329296875 0.175176466796875 0.7407674140625 0.1703318408203125 0.737892021484375 0.15728796484375 0.7377932998046876 0.1470286796875 0.74106909375 0.1257037783203125 0.7421866845703124 0.1237255185546875 0.744246166015625 0.124756732421875 0.7539711484375
1 0.1376057353515625 0.8299653310546875 0.1410625791015625 0.8262637158203125 0.1398972861328125 0.80402860546875 0.1299308486328125 0.7830370654296875 0.120940927734375 0.740871650390625 0.0856545732421875 0.74428557421875 0.077037421875 0.749039951171875 0.082495359375 0.7636180341796875 0.0847712490234375 0.7771893974609375 0.094492361328125 0.793499861328125 0.1001366845703125 0.83153783984375 0.1376057353515625 0.8299653310546875
1 0.0944562568359375 0.8326178603515625 0.095873509765625 0.8298054580078125 0.094760521484375 0.8185201162109375 0.0864656875 0.78961775 0.0824159765625 0.7820067646484375 0.0805375439453125 0.76606760546875 0.0744777119140625 0.7499564228515625 0.0659718046875 0.746881748046875 0.0332656044921875 0.749769291015625 0.0325524658203125 0.7560652421875 0.0532032626953125 0.8316505498046874 0.0596491337890625 0.8352243466796875 0.0944562568359375 0.8326178603515625
0 0.0165400048828125 0.7490811982421876 0.012419935546875 0.7500794443359375 0.0169584443359375 0.8366793486328125 0.0502460947265625 0.8349348173828125 0.0520608046875 0.8297546181640625 0.0314917822265625 0.7557296689453125 0.0243213544921875 0.748282234375 0.0165400048828125 0.7490811982421876
0 0.7626953125 0.189453125 0.76953125 0.1953125 0.7685546875 0.203125 0.771484375 0.208984375 0.7626953125 0.2138671875 0.73046875 0.21484375 0.73046875 0.2060546875 0.728515625 0.2041015625 0.7294921875 0.1943359375 0.76171875 0.1904296875
0 0.478515625 0.5732421875 0.4814453125 0.5771484375 0.482421875 0.5859375 0.48046875 0.58984375 0.4716796875 0.5927734375 0.431640625 0.5927734375 0.4296875 0.578125 0.4365234375 0.57421875 0.4775390625 0.5732421875
0 0.6025390625 0.203125 0.619140625 0.2060546875 0.62109375 0.208984375 0.6201171875 0.224609375 0.576171875 0.2275390625 0.5654296875 0.2275390625 0.564453125 0.2255859375 0.56640625 0.2060546875 0.6015625 0.203125
0 0.4990234375 0.4375 0.525390625 0.4384765625 0.5390625 0.4365234375 0.541015625 0.4404296875 0.541015625 0.4560546875 0.5380859375 0.4580078125 0.4892578125 0.4609375 0.486328125 0.453125 0.4853515625 0.4404296875 0.498046875 0.4384765625
0 0.7021484375 0.3095703125 0.708984375 0.3173828125 0.70703125 0.326171875 0.703125 0.3291015625 0.6923828125 0.3291015625 0.6884765625 0.3310546875 0.6767578125 0.3310546875 0.6728515625 0.3291015625 0.6728515625 0.3115234375 0.6826171875 0.30859375 0.701171875 0.3095703125
0 0.705078125 0.4267578125 0.712890625 0.423828125 0.736328125 0.421875 0.7392578125 0.4287109375 0.73828125 0.4443359375 0.705078125 0.4462890625 0.705078125 0.427734375
0 0.35546875 0.4501953125 0.3720703125 0.451171875 0.375 0.453125 0.376953125 0.458984375 0.376953125 0.466796875 0.375 0.46875 0.361328125 0.46875 0.359375 0.470703125 0.3447265625 0.4697265625 0.3408203125 0.466796875 0.33984375 0.4521484375 0.3427734375 0.44921875 0.3544921875 0.4501953125
0 0.009765625 0.4921875 0.0107421875 0.4853515625 0.0087890625 0.48046875 0.00390625 0.4794921875 0.0029296875 0.4765625 0.009765625 0.47265625 0.021484375 0.47265625 0.0234375 0.470703125 0.052734375 0.470703125 0.056640625 0.4833984375 0.0556640625 0.48828125 0.0234375 0.4931640625 0.0107421875 0.4921875
0 0.29296875 0.4541015625 0.2998046875 0.4599609375 0.3046875 0.458984375 0.30859375 0.462890625 0.3095703125 0.4697265625 0.30859375 0.4716796875 0.30078125 0.470703125 0.2958984375 0.474609375 0.2841796875 0.4755859375 0.2607421875 0.474609375 0.2548828125 0.4599609375 0.2578125 0.45703125 0.28125 0.455078125 0.2841796875 0.453125 0.2919921875 0.4541015625
0 0.125 0.466796875 0.12890625 0.46875 0.1357421875 0.466796875 0.1455078125 0.4677734375 0.1474609375 0.4697265625 0.1484375 0.4814453125 0.146484375 0.4833984375 0.109375 0.4873046875 0.0986328125 0.4853515625 0.0947265625 0.4716796875 0.099609375 0.46875 0.1123046875 0.4677734375 0.1162109375 0.4697265625 0.1240234375 0.466796875
0 0.4150390625 0.443359375 0.443359375 0.443359375 0.4482421875 0.447265625 0.4541015625 0.458984375 0.451171875 0.462890625 0.4462890625 0.4638671875 0.4189453125 0.4638671875 0.4140625 0.4541015625 0.4150390625 0.4443359375
0 0.7109375 0.5625 0.712890625 0.5673828125 0.7119140625 0.57421875 0.697265625 0.5751953125 0.6884765625 0.5751953125 0.6943359375 0.5732421875 0.6953125 0.564453125 0.6982421875 0.5615234375 0.7099609375 0.5625
0 0.4140625 0.2177734375 0.419921875 0.2216796875 0.435546875 0.22265625 0.4384765625 0.2333984375 0.4375 0.2373046875 0.4091796875 0.240234375 0.3818359375 0.240234375 0.3779296875 0.2275390625 0.3798828125 0.2216796875 0.38671875 0.21875 0.4130859375 0.21875
0 0.25390625 0.2275390625 0.2607421875 0.228515625 0.263671875 0.2431640625 0.2626953125 0.2490234375 0.259765625 0.2509765625 0.21484375 0.25390625 0.2041015625 0.251953125 0.2021484375 0.2353515625 0.205078125 0.2333984375 0.2138671875 0.2333984375 0.224609375 0.228515625 0.2529296875 0.2275390625
0 0.00390625 0.3642578125 0.0087890625 0.3671875 0.009765625 0.3779296875 0.001953125 0.37890625 0 0.37890625 0 0.365234375 0.0029296875 0.3642578125
0 0.5283203125 0.5703125 0.537109375 0.572265625 0.5390625 0.5771484375 0.5380859375 0.5849609375 0.5302734375 0.587890625 0.51171875 0.58984375 0.5 0.5869140625 0.490234375 0.5888671875 0.4873046875 0.583984375 0.48828125 0.5712890625 0.4931640625 0.568359375 0.51171875 0.5673828125 0.5205078125 0.5673828125 0.52734375 0.5703125
0 0.1904296875 0.591796875 0.197265625 0.5947265625 0.1982421875 0.6083984375 0.1572265625 0.6123046875 0.146484375 0.609375 0.1455078125 0.5947265625 0.1474609375 0.5927734375 0.189453125 0.591796875
0 0.1435546875 0.2353515625 0.1826171875 0.2333984375 0.1845703125 0.2353515625 0.1904296875 0.2353515625 0.193359375 0.23828125 0.193359375 0.25390625 0.1484375 0.2587890625 0.134765625 0.2587890625 0.1328125 0.2568359375 0.130859375 0.236328125 0.142578125 0.2353515625
0 0.7705078125 0.2109375 0.76953125 0.1962890625 0.78125 0.193359375 0.7861328125 0.1953125 0.787109375 0.208984375 0.78125 0.212890625 0.771484375 0.2109375
0 0.51171875 0.2138671875 0.515625 0.2216796875 0.515625 0.232421875 0.46484375 0.236328125 0.458984375 0.2353515625 0.45703125 0.23046875 0.45703125 0.2197265625 0.4599609375 0.21484375 0.48046875 0.212890625 0.4833984375 0.2109375 0.49609375 0.212890625 0.5068359375 0.2119140625 0.5107421875 0.2138671875
0 0.1884765625 0.3466796875 0.201171875 0.3525390625 0.19921875 0.357421875 0.2001953125 0.3642578125 0.1826171875 0.3671875 0.150390625 0.369140625 0.146484375 0.3662109375 0.146484375 0.3505859375 0.1767578125 0.345703125 0.1875 0.34765625
0 0.2734375 0.583984375 0.291015625 0.5849609375 0.2939453125 0.591796875 0.2939453125 0.599609375 0.2919921875 0.6015625 0.2509765625 0.6044921875 0.2451171875 0.603515625 0.2412109375 0.587890625 0.2724609375 0.583984375
0 0.7470703125 0.7998046875 0.7548828125 0.8017578125 0.7548828125 0.8056640625 0.751953125 0.810546875 0.7412109375 0.8134765625 0.72265625 0.8134765625 0.708984375 0.8046875 0.708984375 0.8017578125 0.74609375 0.7998046875
0 0.671875 0.5625 0.6875 0.5625 0.6962890625 0.5654296875 0.6943359375 0.5751953125 0.67578125 0.578125 0.6640625 0.576171875 0.6650390625 0.572265625 0.6689453125 0.57421875 0.6728515625 0.5712890625 0.671875 0.5634765625
0 0.1181640625 0.474609375 0.1318359375 0.4716796875 0.13671875 0.4677734375 0.1455078125 0.4677734375 0.1484375 0.47265625 0.1484375 0.4814453125 0.146484375 0.4833984375 0.1279296875 0.4853515625 0.1171875 0.4833984375 0.1181640625 0.4755859375
0 0.2177734375 0.4580078125 0.224609375 0.4609375 0.228515625 0.4697265625 0.2275390625 0.4775390625 0.2099609375 0.48046875 0.19140625 0.48046875 0.189453125 0.478515625 0.19140625 0.4619140625 0.216796875 0.458984375
0 0.3876953125 0.333984375 0.3984375 0.3330078125 0.40625 0.3349609375 0.4091796875 0.34375 0.408203125 0.349609375 0.375 0.353515625 0.365234375 0.349609375 0.3642578125 0.341796875 0.3779296875 0.3310546875 0.3828125 0.3310546875 0.38671875 0.333984375
0 0.3046875 0.224609375 0.31640625 0.2275390625 0.318359375 0.2412109375 0.3154296875 0.2451171875 0.2783203125 0.2490234375 0.2646484375 0.2490234375 0.26171875 0.228515625 0.2822265625 0.2236328125 0.3037109375 0.224609375
0 0.4189453125 0.5791015625 0.4208984375 0.58984375 0.41796875 0.5927734375 0.40234375 0.5927734375 0.3994140625 0.5947265625 0.392578125 0.5947265625 0.3857421875 0.591796875 0.384765625 0.5869140625 0.38671875 0.583984375 0.392578125 0.580078125 0.41796875 0.5791015625
0 0.7119140625 0.310546875 0.724609375 0.310546875 0.7275390625 0.3173828125 0.7255859375 0.3271484375 0.7119140625 0.3271484375 0.708984375 0.32421875 0.7080078125 0.3173828125 0.7119140625 0.3115234375
0 0.564453125 0.3203125 0.5703125 0.32421875 0.5712890625 0.3349609375 0.5693359375 0.337890625 0.5517578125 0.341796875 0.54296875 0.3408203125 0.5234375 0.34375 0.5185546875 0.34375 0.5166015625 0.3408203125 0.5166015625 0.330078125 0.5205078125 0.3271484375 0.529296875 0.32421875 0.5546875 0.3232421875 0.5634765625 0.3203125
0 0.3759765625 0.22265625 0.3779296875 0.23828125 0.375 0.2412109375 0.3291015625 0.2451171875 0.3212890625 0.2431640625 0.3193359375 0.234375 0.3212890625 0.2275390625 0.3310546875 0.2275390625 0.333984375 0.224609375 0.3359375 0.2265625 0.3642578125 0.2255859375 0.375 0.22265625
0 0.591796875 0.5634765625 0.599609375 0.5654296875 0.5986328125 0.5810546875 0.548828125 0.5859375 0.546875 0.5830078125 0.546875 0.572265625 0.548828125 0.5693359375 0.5625 0.568359375 0.572265625 0.564453125 0.5908203125 0.5634765625
0 0.6416015625 0.560546875 0.6435546875 0.5625 0.6572265625 0.564453125 0.6591796875 0.56640625 0.6591796875 0.5771484375 0.65625 0.5791015625 0.6416015625 0.580078125 0.6201171875 0.5791015625 0.6162109375 0.5693359375 0.619140625 0.5654296875 0.626953125 0.5625 0.6337890625 0.5634765625 0.640625 0.5615234375
0 0.28515625 0.7138671875 0.2900390625 0.720703125 0.2880859375 0.7255859375 0.2724609375 0.7275390625 0.2548828125 0.7265625 0.2412109375 0.7294921875 0.232421875 0.728515625 0.2333984375 0.7236328125 0.228515625 0.7236328125 0.2265625 0.7197265625 0.2275390625 0.7138671875 0.2451171875 0.716796875 0.251953125 0.712890625 0.2841796875 0.7138671875
0 0.6103515625 0.4306640625 0.6376953125 0.4306640625 0.640625 0.4345703125 0.640625 0.4501953125 0.638671875 0.4521484375 0.6201171875 0.4541015625 0.6064453125 0.4521484375 0.60546875 0.4501953125 0.60546875 0.4326171875 0.609375 0.4306640625
0 0.306640625 0.822265625 0.32421875 0.822265625 0.3271484375 0.8359375 0.3251953125 0.837890625 0.3125 0.8388671875 0.28125 0.8388671875 0.2783203125 0.83203125 0.2802734375 0.82421875 0.3056640625 0.8232421875
0 0.7626953125 0.55859375 0.7646484375 0.560546875 0.763671875 0.5693359375 0.75390625 0.572265625 0.75 0.572265625 0.748046875 0.5693359375 0.7490234375 0.560546875 0.75390625 0.5576171875 0.76171875 0.55859375
0 0.73095703125 0.56591796875 0.03515625 0.017578125