1 0.20703125 0.10009765625 0.04296875 0.13671875
1 0.24169921875 0.10888671875 0.0322265625 0.1396484375
1 0.3017578125 0.11474609375 0.048828125 0.1318359375
1 0.33740234375 0.13134765625 0.025390625 0.12890625
1 0.35791015625 0.14501953125 0.03125 0.1005859375
1 0.431640625 0.17626953125 0.04296875 0.083984375
1 0.28662109375 0.5498046875 0.0380859375 0.0771484375
1 0.31689453125 0.54541015625 0.0234375 0.083984375
1 0.33984375 0.5361328125 0.0361328125 0.076171875
1 0.369140625 0.529296875 0.021484375 0.06640625
1 0.388671875 0.52197265625 0.0224609375 0.06640625
1 0.26513671875 0.2568359375 0.0400390625 0.1298828125
1 0.29541015625 0.26220703125 0.0263671875 0.1259765625
1 0.31787109375 0.275390625 0.0234375 0.09375
1 0.341796875 0.27978515625 0.03125 0.09765625
1 0.37109375 0.27978515625 0.0283203125 0.0966796875
1 0.39892578125 0.28662109375 0.029296875 0.0888671875
1 0.42236328125 0.28955078125 0.025390625 0.083984375
1 0.4384765625 0.294921875 0.0234375 0.08203125
1 0.45166015625 0.29541015625 0.021484375 0.0732421875
1 0.48193359375 0.29736328125 0.0205078125 0.072265625
1 0.49951171875 0.30078125 0.0224609375 0.06640625
1 0.52685546875 0.30615234375 0.017578125 0.064453125
1 0.53857421875 0.30712890625 0.021484375 0.0634765625
1 0.55126953125 0.30859375 0.015625 0.056640625
1 0.564453125 0.31298828125 0.0107421875 0.0478515625
1 0.45849609375 0.1923828125 0.0166015625 0.0712890625
1 0.47705078125 0.1845703125 0.0185546875 0.046875
1 0.53173828125 0.220703125 0.013671875 0.068359375
1 0.54248046875 0.22216796875 0.013671875 0.0634765625
1 0.5546875 0.22705078125 0.01171875 0.0595703125
1 0.5859375 0.24267578125 0.015625 0.0498046875
1 0.59814453125 0.2451171875 0.017578125 0.0498046875
1 0.57763671875 0.31396484375 0.0146484375 0.0556640625
1 0.6083984375 0.3173828125 0.013671875 0.048828125
1 0.59521484375 0.3134765625 0.01953125 0.05078125
1 0.28466796875 0.4052734375 0.037109375 0.1259765625
1 0.314453125 0.40234375 0.029296875 0.1181640625
1 0.3408203125 0.4140625 0.037109375 0.099609375
1 0.3681640625 0.40673828125 0.03125 0.0869140625
1 0.39404296875 0.40771484375 0.033203125 0.0859375
1 0.416015625 0.40576171875 0.0244140625 0.0810546875
1 0.4375 0.40234375 0.021484375 0.078125
1 0.45703125 0.4013671875 0.025390625 0.0771484375
1 0.4765625 0.3984375 0.0244140625 0.06640625
1 0.5078125 0.396484375 0.025390625 0.0673828125
1 0.52392578125 0.39501953125 0.0185546875 0.0634765625
1 0.5380859375 0.39404296875 0.0205078125 0.0595703125
1 0.5556640625 0.39306640625 0.015625 0.0556640625
1 0.57275390625 0.39111328125 0.0244140625 0.052734375
1 0.59375 0.38427734375 0.0205078125 0.05078125
1 0.61181640625 0.38427734375 0.0126953125 0.04296875
1 0.4150390625 0.5126953125 0.025390625 0.060546875
1 0.43701171875 0.5068359375 0.0224609375 0.0615234375
1 0.45068359375 0.501953125 0.025390625 0.0576171875
1 0.47216796875 0.49658203125 0.01953125 0.0546875
1 0.48876953125 0.49462890625 0.01171875 0.0517578125
1 0.49658203125 0.48779296875 0.0185546875 0.0517578125
1 0.5234375 0.47314453125 0.0224609375 0.0517578125
1 0.54248046875 0.46826171875 0.013671875 0.04296875
1 0.56005859375 0.4638671875 0.01171875 0.04296875
1 0.5732421875 0.46044921875 0.0107421875 0.03515625
1 0.291015625 0.64501953125 0.0283203125 0.0556640625
1 0.3115234375 0.6376953125 0.0205078125 0.052734375
1 0.32470703125 0.63134765625 0.0234375 0.0498046875
1 0.34228515625 0.62158203125 0.021484375 0.0498046875
1 0.3544921875 0.61474609375 0.015625 0.044921875
1 0.3740234375 0.60546875 0.0166015625 0.048828125
1 0.38671875 0.6025390625 0.0146484375 0.046875
1 0.4033203125 0.5947265625 0.0126953125 0.0498046875
1 0.416015625 0.58935546875 0.0166015625 0.044921875
1 0.427734375 0.583984375 0.013671875 0.046875
1 0.4384765625 0.576171875 0.015625 0.04296875
1 0.451171875 0.57470703125 0.015625 0.04296875
1 0.50244140625 0.5498046875 0.017578125 0.0341796875
1 0.52392578125 0.53857421875 0.0107421875 0.033203125
1 0.53369140625 0.53515625 0.0107421875 0.037109375
1 0.56494140625 0.51806640625 0.0087890625 0.02734375
1 0.5791015625 0.51318359375 0.0068359375 0.029296875
1 0.2978515625 0.73095703125 0.0234375 0.0546875
1 0.3173828125 0.72265625 0.01953125 0.0517578125
1 0.33251953125 0.71044921875 0.017578125 0.0458984375
1 0.34765625 0.70458984375 0.025390625 0.0419921875
1 0.36572265625 0.69189453125 0.0185546875 0.046875
1 0.37841796875 0.68603515625 0.017578125 0.04296875
1 0.39111328125 0.6767578125 0.0185546875 0.0478515625
1 0.40380859375 0.66796875 0.017578125 0.0439453125
1 0.41552734375 0.662109375 0.013671875 0.044921875
1 0.42626953125 0.6552734375 0.015625 0.0458984375
1 0.43603515625 0.64990234375 0.0126953125 0.04296875
1 0.44677734375 0.6435546875 0.013671875 0.0361328125
1 0.48828125 0.61865234375 0.013671875 0.0400390625
1 0.47265625 0.62841796875 0.0166015625 0.041015625
1 0.45947265625 0.63134765625 0.0126953125 0.033203125
1 0.50146484375 0.60693359375 0.01953125 0.0341796875
1 0.525390625 0.5927734375 0.0126953125 0.0322265625
1 0.53564453125 0.5908203125 0.0107421875 0.0302734375
1 0.5439453125 0.583984375 0.01171875 0.0302734375
1 0.5556640625 0.576171875 0.0087890625 0.02734375
1 0.5712890625 0.56787109375 0.0146484375 0.0283203125
1 0.580078125 0.56005859375 0.0087890625 0.02734375
1 0.5888671875 0.5537109375 0.0087890625 0.0244140625
1 0.60009765625 0.5498046875 0.01171875 0.029296875
1 0.60888671875 0.54248046875 0.01171875 0.0234375
1 0.58544921875 0.5087890625 0.013671875 0.0322265625
1 0.60400390625 0.50048828125 0.0087890625 0.02734375
1 0.61083984375 0.498046875 0.005859375 0.02734375
1 0.61669921875 0.49560546875 0.001953125 0.0302734375
1 0.6171875 0.537109375 0.009765625 0.0263671875
1 0.62548828125 0.53515625 0.0068359375 0.02734375
1 0.634765625 0.515625 0.0166015625 0.0439453125
1 0.3232421875 0.8134765625 0.0537109375 0.056640625
1 0.37060546875 0.791015625 0.046875 0.0537109375
1 0.404296875 0.75244140625 0.04296875 0.0400390625
1 0.4443359375 0.72216796875 0.0390625 0.041015625
1 0.47607421875 0.701171875 0.037109375 0.0439453125
1 0.5048828125 0.6787109375 0.029296875 0.044921875
1 0.5244140625 0.65673828125 0.0234375 0.0400390625
1 0.5458984375 0.646484375 0.021484375 0.041015625
1 0.56884765625 0.63134765625 0.0234375 0.041015625
1 0.58544921875 0.6181640625 0.0224609375 0.037109375
1 0.6015625 0.6025390625 0.0263671875 0.04296875
1 0.6376953125 0.60107421875 0.02734375 0.0341796875
1 0.37939453125 0.9072265625 0.0576171875 0.05859375
1 0.423828125 0.85986328125 0.0634765625 0.0595703125
1 0.45751953125 0.82470703125 0.056640625 0.0595703125
1 0.49072265625 0.79052734375 0.05859375 0.0517578125
1 0.404296875 0.96484375 0.0634765625 0.048828125
1 0.4443359375 0.9072265625 0.0498046875 0.0341796875
1 0.47412109375 0.86669921875 0.0498046875 0.0302734375
1 0.5068359375 0.83154296875 0.0390625 0.029296875
1 0.51953125 0.76123046875 0.046875 0.046875
1 0.541015625 0.74072265625 0.0419921875 0.0537109375
1 0.5673828125 0.7138671875 0.0390625 0.046875
1 0.533203125 0.79638671875 0.02734375 0.025390625
1 0.56103515625 0.7734375 0.0234375 0.03125
1 0.58349609375 0.7509765625 0.0322265625 0.02734375
1 0.58544921875 0.689453125 0.03515625 0.0361328125
1 0.599609375 0.66796875 0.03125 0.037109375
1 0.61669921875 0.7119140625 0.03515625 0.0244140625
1 0.6181640625 0.64697265625 0.03515625 0.033203125
1 0.6533203125 0.63232421875 0.025390625 0.0244140625
1 0.6591796875 0.6611328125 0.03125 0.0234375
1 0.6328125 0.68603515625 0.0322265625 0.0185546875
0 0.2802734375 0.3330078125 0.041015625 0.025390625
0 0.3095703125 0.3349609375 0.033203125 0.0224609375
0 0.3388671875 0.333984375 0.0322265625 0.0234375
0 0.40185546875 0.33984375 0.0283203125 0.017578125
0 0.49365234375 0.34375 0.02734375 0.021484375
0 0.5244140625 0.34423828125 0.017578125 0.0126953125
0 0.54296875 0.34375 0.013671875 0.013671875
0 0.56201171875 0.34521484375 0.0185546875 0.0166015625
0 0.3037109375 0.48046875 0.0361328125 0.021484375
0 0.33740234375 0.47314453125 0.0380859375 0.015625
0 0.45361328125 0.45166015625 0.0283203125 0.0126953125
0 0.46728515625 0.4462890625 0.0205078125 0.01953125
0 0.50732421875 0.4384765625 0.0205078125 0.0126953125
0 0.52294921875 0.43603515625 0.009765625 0.01171875
0 0.54345703125 0.43115234375 0.017578125 0.0146484375
0 0.5556640625 0.42822265625 0.0107421875 0.013671875
0 0.56689453125 0.4267578125 0.013671875 0.015625
0 0.59326171875 0.42236328125 0.017578125 0.01171875
0 0.29736328125 0.599609375 0.0400390625 0.017578125
0 0.328125 0.59130859375 0.0341796875 0.013671875
0 0.353515625 0.58203125 0.029296875 0.015625
0 0.375 0.57373046875 0.01953125 0.0185546875
0 0.39404296875 0.56982421875 0.0224609375 0.015625
0 0.41552734375 0.55859375 0.0205078125 0.013671875
0 0.49853515625 0.52587890625 0.0244140625 0.0126953125
0 0.51708984375 0.51708984375 0.0166015625 0.01171875
0 0.533203125 0.50927734375 0.017578125 0.0146484375
0 0.5478515625 0.50244140625 0.01171875 0.01171875
0 0.5576171875 0.49853515625 0.009765625 0.009765625
0 0.57763671875 0.4912109375 0.0146484375 0.009765625
0 0.59130859375 0.482421875 0.015625 0.013671875
0 0.609375 0.4775390625 0.013671875 0.01171875
0 0.6220703125 0.470703125 0.0146484375 0.0107421875
0 0.3291015625 0.671875 0.037109375 0.0166015625
0 0.4208984375 0.62158203125 0.021484375 0.0146484375
0 0.43701171875 0.61328125 0.0185546875 0.013671875
0 0.45703125 0.60546875 0.017578125 0.015625
0 0.47412109375 0.59375 0.0263671875 0.015625
0 0.5048828125 0.57958984375 0.0185546875 0.0166015625
0 0.51513671875 0.572265625 0.0185546875 0.0107421875
0 0.52978515625 0.5625 0.017578125 0.015625
0 0.59716796875 0.52685546875 0.017578125 0.0126953125
0 0.61376953125 0.5185546875 0.015625 0.0107421875
0 0.62646484375 0.5126953125 0.0126953125 0.0087890625
0 0.31591796875 0.765625 0.044921875 0.015625
0 0.3466796875 0.75048828125 0.0419921875 0.0126953125
0 0.3740234375 0.72900390625 0.03125 0.0234375
0 0.39404296875 0.71337890625 0.03125 0.0234375
0 0.41943359375 0.6953125 0.0244140625 0.0234375
0 0.4345703125 0.6845703125 0.0234375 0.0263671875
0 0.45068359375 0.67529296875 0.0244140625 0.025390625
0 0.48388671875 0.65380859375 0.0234375 0.0185546875
0 0.49951171875 0.64013671875 0.025390625 0.021484375
0 0.5234375 0.6240234375 0.0244140625 0.0185546875
0 0.56103515625 0.5986328125 0.02734375 0.017578125
0 0.5830078125 0.5791015625 0.0146484375 0.015625
0 0.59716796875 0.5712890625 0.01171875 0.0166015625
0 0.60986328125 0.56201171875 0.0166015625 0.0166015625
0 0.34619140625 0.84814453125 0.0390625 0.017578125
0 0.58984375 0.80078125 0.0439453125 0.0458984375
1 0.38330078125 0.16357421875 0.0224609375 0.1015625
1 0.40234375 0.16748046875 0.0185546875 0.0908203125
1 0.572265625 0.22998046875 0.0244140625 0.0625