1 0.0247422470703125 0.269152748046875 0.02623066015625 0.270748875 0.0575497529296875 0.273000673828125 0.070469322265625 0.2715216474609375 0.07704477734375 0.274839568359375 0.086812486328125 0.2751806640625 0.0884061669921875 0.2590227353515625 0.0853057177734375 0.2446310732421875 0.08688348828125 0.214189197265625 0.0892629912109375 0.2050073876953125 0.08797654296875 0.19762775 0.078303083984375 0.1945876826171875 0.0403142861328125 0.19171693359375 0.033076634765625 0.1926223017578125 0.0274828408203125 0.2348911015625 0.0247422470703125 0.269152748046875
1 0.0242550859375 0.26836366015625 0.03137279296875 0.19719525390625 0.0309933466796875 0.193321626953125 0.0285036826171875 0.1909184599609375 0.018816759765625 0.1882639599609375 0.0105778564453125 0.1883622880859375 0.0077234228515625 0.270102587890625 0.011822677734375 0.2706317734375 0.0221179404296875 0.270605255859375 0.0242550859375 0.26836366015625
1 0.2557204140625 0.2139085107421875 0.2486174052734375 0.210958205078125 0.205988333984375 0.2083114521484375 0.20324284765625 0.21323406640625 0.2015549169921875 0.232090966796875 0.19931739453125 0.2814256474609375 0.2006980927734375 0.286106314453125 0.233478669921875 0.290725376953125 0.2494423857421875 0.290510765625 0.2520936220703125 0.2882871240234375 0.2557204140625 0.2139085107421875
1 0.2581819150390625 0.29081595703125 0.265920193359375 0.290314109375 0.2740379169921875 0.2936858876953125 0.3038551328125 0.294727126953125 0.3055051171875 0.2916964453125 0.308550498046875 0.219227716796875 0.2993911298828125 0.2162056015625 0.2747013486328125 0.2157294521484375 0.2603606875 0.213684515625 0.257736380859375 0.2151370224609375 0.25473751953125 0.2420549345703125 0.25230905078125 0.2821180439453125 0.253622427734375 0.288726548828125 0.2581819150390625 0.29081595703125
1 0.307521083984375 0.29292495703125 0.3140696103515625 0.2970140126953125 0.3182092587890625 0.2963864970703125 0.327896181640625 0.2990409970703125 0.356685216796875 0.3000463330078125 0.3587954345703125 0.2985758720703125 0.36041359765625 0.266977294921875 0.3560022177734375 0.2606466435546875 0.359221400390625 0.25689868359375 0.3611272060546875 0.2465422197265625 0.3613671181640625 0.224932490234375 0.3553326826171875 0.22086138671875 0.3157612216796875 0.2190934833984375 0.311040162109375 0.2216308837890625 0.30966191015625 0.231619732421875 0.307521083984375 0.29292495703125
1 0.3976912333984375 0.3049526337890625 0.4014648994140625 0.3000659228515625 0.4000682900390625 0.2811013095703125 0.4037966708984375 0.2480322705078125 0.4033315458984375 0.217133017578125 0.393345962890625 0.2082914853515625 0.369076021484375 0.2105322607421875 0.36642478515625 0.2127559033203125 0.363924103515625 0.2254078193359375 0.362973029296875 0.2821221396484375 0.360838330078125 0.29903325 0.3623132783203125 0.3010149443359375 0.3976912333984375 0.3049526337890625
1 0.4448651162109375 0.2216717021484375 0.4338513525390625 0.2127942646484375 0.41169162890625 0.2135645810546875 0.40640262109375 0.217626298828125 0.4048897265625 0.231470822265625 0.402872525390625 0.303975455078125 0.411017177734375 0.3065760986328125 0.439251732421875 0.30872018359375 0.4414427353515625 0.3049363193359375 0.4433999521484375 0.2783680703125 0.4448651162109375 0.2216717021484375
1 0.4577051123046875 0.310908740234375 0.4875492568359375 0.311178845703125 0.490768439453125 0.3074308857421875 0.492510228515625 0.2870317158203125 0.4932324091796875 0.23687204296875 0.46294149609375 0.2346561474609375 0.4532411083984375 0.23238721484375 0.4478578515625 0.239147904296875 0.44510134765625 0.2591256015625 0.4455505615234375 0.2757409072265625 0.4425651650390625 0.302273251953125 0.44494711328125 0.3077609580078125 0.4577051123046875 0.310908740234375
1 0.5297450244140625 0.3114942412109375 0.533519923828125 0.23287438671875 0.5250092880859375 0.226014548828125 0.517311404296875 0.2253596953125 0.500265650390625 0.227080669921875 0.496545841796875 0.2304251103515625 0.4958567158203125 0.23541953515625 0.4922029951171875 0.3105692822265625 0.494192033203125 0.3125689296875 0.5178132412109375 0.314165875 0.5254707333984375 0.315977431640625 0.5297450244140625 0.3114942412109375
1 0.5367807109375 0.316372384765625 0.5450600078125 0.315117353515625 0.5598474365234375 0.3191080810546875 0.567071625 0.318588279296875 0.57135693359375 0.2990500068359375 0.5735516162109375 0.23620251171875 0.5660826259765624 0.22899301171875 0.5619968349609376 0.2280782578125 0.5397832529296875 0.23039084375 0.5365775341796875 0.233753236328125 0.53452362109375 0.2483509423828125 0.531257919921875 0.2976497177734375 0.5327083857421875 0.3150720634765625 0.5367807109375 0.316372384765625
1 0.62450282421875 0.251107046875 0.6204708896484376 0.2486500234375 0.5794244814453124 0.2449004248046875 0.575516171875 0.2536428095703125 0.5730987216796875 0.2786508369140625 0.5707779677734375 0.31562940625 0.573308025390625 0.3168758720703125 0.580545677734375 0.315970501953125 0.6009207744140626 0.3220865439453125 0.6168575625 0.3226430693359375 0.62450282421875 0.251107046875
1 0.6672653037109375 0.3236312705078125 0.669130716796875 0.3144315087890625 0.672259330078125 0.2543188916015625 0.6605160478515625 0.25159258203125 0.628642470703125 0.2504795322265625 0.6253694306640625 0.25576976171875 0.6224648203125 0.279988701171875 0.6204965849609375 0.3216120322265625 0.625042607421875 0.324087009765625 0.6362987294921875 0.326024232421875 0.6640595849609375 0.3269936630859375 0.6672653037109375 0.3236312705078125
1 0.7169337421875 0.272092537109375 0.71887994140625 0.26057937109375 0.7148480078125 0.2581223466796875 0.6768861396484375 0.2544804638671875 0.674735529296875 0.2571076259765625 0.670823541015625 0.3249136396484375 0.6738407587890625 0.32694919140625 0.6948241953125 0.330384212890625 0.7123571103515625 0.3294523251953125 0.71859963671875 0.283345802734375 0.7169337421875 0.272092537109375
1 0.7266586123046875 0.2589208193359375 0.723006125 0.2603374228515625 0.720274103515625 0.264874470703125 0.71598266796875 0.328806857421875 0.7281996484375 0.3327078212890625 0.7590450439453125 0.333784966796875 0.7619924951171875 0.3230788408203125 0.76713707421875 0.2641947353515625 0.7497791943359375 0.26011424609375 0.7266586123046875 0.2589208193359375
1 0.7717638828125 0.264356306640625 0.7701812197265625 0.26545915234375 0.764668212890625 0.305414546875 0.763671853515625 0.3339465380859375 0.7959383408203125 0.3385476484375 0.8021208837890625 0.338377509765625 0.8084111416015625 0.33512283203125 0.8122827373046875 0.2684735205078125 0.787714134765625 0.2645272646484375 0.7717638828125 0.264356306640625
1 0.8124026826171875 0.3387365576171875 0.82010056640625 0.339391412109375 0.826689486328125 0.3423237646484375 0.8509055703125 0.3416252587890625 0.8536106630859375 0.3378593466796875 0.854324271484375 0.317424271484375 0.8604590830078125 0.2744022890625 0.853856701171875 0.2718555029296875 0.8303162783203125 0.26794515234375 0.81742363671875 0.268653044921875 0.81424484765625 0.2712443017578125 0.809288767578125 0.324730462890625 0.8099130185546874 0.3363333916015625 0.8124026826171875 0.3387365576171875
1 0.88065546484375 0.3445943369140625 0.89613201953125 0.343590638671875 0.899851828125 0.3402461982421875 0.9010685087890625 0.3348841591796875 0.90410287109375 0.277470513671875 0.90058502734375 0.2750314423828125 0.866735876953125 0.2715331787109375 0.863083390625 0.27294978125 0.8607981376953125 0.2794326181640625 0.8606228544921875 0.299191625 0.855072146484375 0.3402266083984375 0.86474560546875 0.34326667578125 0.88065546484375 0.3445943369140625
1 0.89531803515625 0.4111187998046875 0.883682466796875 0.4053079501953125 0.85792411328125 0.4059525986328125 0.8552459482421875 0.408947376953125 0.85297660546875 0.4297141611328125 0.849751296875 0.4778562353515625 0.8553524296875 0.4795959814453125 0.869219392578125 0.4804662646484375 0.891432974609375 0.4781536787109375 0.89435349609375 0.4682186865234375 0.89531803515625 0.4111187998046875
1 0.8400656083984375 0.40146858984375 0.8106816962890625 0.40275870703125 0.8072091376953126 0.4285019638671875 0.8045921689453125 0.473963017578125 0.8075959228515625 0.47638413671875 0.81732323828125 0.4778819345703125 0.846626365234375 0.47890522265625 0.8482494208984375 0.47664567578125 0.8532838388671875 0.4061765947265625 0.8400656083984375 0.40146858984375
1 0.7654687109375 0.400407759765625 0.7633181005859375 0.403034921875 0.7581980048828125 0.446478376953125 0.7577830576171874 0.473100482421875 0.7864778427734375 0.4768047900390625 0.8025223447265625 0.4742767763671875 0.8084368369140625 0.4080848408203125 0.80709653125 0.4022474716796875 0.793310353515625 0.39906378515625 0.7654687109375 0.400407759765625
1 0.7552933935546875 0.47069731640625 0.7617892958984375 0.4025954970703125 0.7587990068359375 0.399788810546875 0.73976421484375 0.399510138671875 0.720296119140625 0.396900109375 0.7166570966796875 0.39793114453125 0.7148993974609374 0.4040463671875 0.70897144140625 0.4706238681640625 0.710987408203125 0.471852380859375 0.7366649765625 0.4735211357421875 0.753142783203125 0.473324478515625 0.7552933935546875 0.47069731640625
1 0.7094830859375 0.4559723056640625 0.71261414453125 0.410529203125 0.715628916015625 0.397895240234375 0.713098859375 0.396648775390625 0.6740684169921874 0.394127689453125 0.6693608232421875 0.3962795224609375 0.668658232421875 0.401659513671875 0.66229697265625 0.4659056591796875 0.66632890625 0.4683626826171875 0.6755555966796875 0.4694569619140625 0.7064009931640625 0.4705341064453125 0.7094830859375 0.4559723056640625
1 0.6619175263671875 0.4620320322265625 0.667317927734375 0.39582214453125 0.6648551923828125 0.39264784375 0.6622982060546875 0.3921725146484375 0.622767138671875 0.389247908203125 0.619087724609375 0.3914356455078125 0.6178306513671875 0.397954388671875 0.61406676953125 0.46151916015625 0.6165295048828126 0.4646934619140625 0.621129384765625 0.46562616796875 0.6586444853515625 0.46732226171875 0.6619175263671875 0.4620320322265625
1 0.5826399619140625 0.462351900390625 0.610928373046875 0.46295371484375 0.6133078759765626 0.4537719052734375 0.6170448291015626 0.39097826953125 0.6063297255859375 0.38828786328125 0.5713985390625 0.38629596484375 0.567777873046875 0.4162804638671875 0.56611931640625 0.4490357431640625 0.5677986748046875 0.4599034423828125 0.5718440732421874 0.4619748994140625 0.5765382041015625 0.4602086337890625 0.5826399619140625 0.462351900390625
1 0.5687044638671875 0.3750067939453125 0.554565767578125 0.3671783447265625 0.547882599609375 0.3669449638671875 0.5338809921875 0.3699303544921875 0.5311758994140625 0.373696267578125 0.5304512724609375 0.40918642578125 0.52617085546875 0.4580637294921875 0.53173159375 0.460960177734375 0.5620494365234375 0.4624049375 0.564727599609375 0.45941016015625 0.5687044638671875 0.3750067939453125
1 0.530134255859375 0.3740459296875 0.5170641318359375 0.36509668359375 0.5052400634765625 0.36468377734375 0.49226663671875 0.36770507421875 0.4885602919921875 0.370663947265625 0.4855846796875 0.455874353515625 0.4952716015625 0.458528853515625 0.520962634765625 0.4598120419921875 0.5241279599609375 0.4576063515625 0.5260876240234375 0.4457076181640625 0.530134255859375 0.3740459296875
1 0.463100599609375 0.3774956279296875 0.4399934814453125 0.375916634765625 0.436790208984375 0.3939485419921875 0.433675060546875 0.453675591796875 0.4403178359375 0.45506567578125 0.48248667578125 0.4561522060546875 0.4841635888671875 0.452350388671875 0.485152609375 0.3798098515625 0.474991990234375 0.3759806962890625 0.463100599609375 0.3774956279296875
1 0.4236882646484375 0.3564313994140625 0.415462826171875 0.3561441611328125 0.403016953125 0.3587978427734375 0.39826896484375 0.3621063779296875 0.3972701591796875 0.375968853515625 0.3946984755859375 0.449612236328125 0.39873041015625 0.452069259765625 0.430577056640625 0.4539534453125 0.4322135771484375 0.451308330078125 0.4368257099609375 0.3634528095703125 0.4236882646484375 0.3564313994140625
1 0.393235779296875 0.358842314453125 0.3877154345703125 0.354789162109375 0.36974921484375 0.353389693359375 0.35879175390625 0.357639501953125 0.355106212890625 0.404221353515625 0.3540988349609375 0.447808427734375 0.391533150390625 0.45181792578125 0.39568137109375 0.4214658125 0.394039958984375 0.3947718955078125 0.3971061416015625 0.3659261474609375 0.393235779296875 0.358842314453125
1 0.3293955908203125 0.44771784765625 0.3494720263671875 0.4476468564453125 0.351851529296875 0.438465046875 0.350791529296875 0.40986124609375 0.3519519052734375 0.3913719609375 0.35480510546875 0.383364806640625 0.3541943193359375 0.371376310546875 0.346076595703125 0.3680045322265625 0.314270341796875 0.3649636455078125 0.3054904189453125 0.3658151572265625 0.30246462890625 0.393504203125 0.3002001787109375 0.44361001953125 0.3017020556640625 0.4448205791015625 0.3293955908203125 0.44771784765625
1 0.2994926962890625 0.41965098046875 0.3023924150390625 0.366093009765625 0.2942477626953125 0.3634923662109375 0.25264687109375 0.3608815185546875 0.25046933203125 0.3642798154296875 0.25059295703125 0.3754792236328125 0.247457005859375 0.391583294921875 0.2447188583984375 0.44051445703125 0.2518622607421875 0.4423080595703125 0.29501888671875 0.444587197265625 0.29715603125 0.442345603515625 0.2994926962890625 0.41965098046875
1 0.205674953125 0.4383789375 0.2395375673828125 0.441491634765625 0.2427432861328125 0.4381292412109375 0.24507994921875 0.415434619140625 0.2486577763671875 0.3719373076171875 0.247519435546875 0.3603164267578125 0.24551693359375 0.35870234765625 0.21927141796875 0.3585579091796875 0.214738859375 0.355697365234375 0.1998302509765625 0.35517674609375 0.1966245322265625 0.3585391376953125 0.1914371142578125 0.4039104296875 0.191509328125 0.4313216240234375 0.205674953125 0.4383789375
1 0.1419547294921875 0.435381703125 0.1573908916015625 0.4355347080078125 0.1661977431640625 0.4339120615234375 0.1872619658203125 0.4350336787109375 0.1852863916015625 0.43264846484375 0.1885459677734375 0.4277438017578125 0.18984343359375 0.4200683583984375 0.194191171875 0.3692632158203125 0.19364770703125 0.3553468837890625 0.151586583984375 0.3511758134765625 0.1417784814453125 0.351991419921875 0.140195818359375 0.353094265625 0.136968064453125 0.3865668232421875 0.134310703125 0.433184580078125 0.1419547294921875 0.435381703125
1 0.1300217353515625 0.349650677734375 0.0852959111328125 0.3480888173828125 0.083158765625 0.350330412109375 0.0818612998046875 0.3580058564453125 0.079228419921875 0.389182962890625 0.0783422216796875 0.4292999287109375 0.0895714140625 0.432008287109375 0.1317267890625 0.4334803857421875 0.1358884736328125 0.402742703125 0.138152923828125 0.3526368876953125 0.1300217353515625 0.349650677734375
1 0.0801684765625 0.3475237255859375 0.07610961328125 0.3458378359375 0.0288941259765625 0.3418728095703125 0.025674943359375 0.34562076953125 0.0231742607421875 0.358272685546875 0.018761646484375 0.4256751787109375 0.0212782392578125 0.4273072109375 0.0484711474609375 0.429800958984375 0.0731878583984375 0.42950597265625 0.07818922265625 0.4042021396484375 0.0801684765625 0.3475237255859375
1 0.0140809794921875 0.427055876953125 0.018247556640625 0.4256572265625 0.0188828251953125 0.422205072265625 0.0218734287109375 0.366044521484375 0.0234704755859375 0.349790201171875 0.0263236767578125 0.341783046875 0.0233603154296875 0.3382052255859375 0.0136060712890625 0.3374785615234375 0.0098862626953125 0.340823001953125 0.0052325244140625 0.3414325654296875 0.0022703759765625 0.426257404296875 0.0140809794921875 0.427055876953125
1 0 0.579365146484375 0.0139034765625 0.57953454296875 0.017136123046875 0.575401015625 0.0169831240234375 0.5503032275390625 0.0202537177734375 0.530343482421875 0.0191019130859375 0.5191081689453125 0.0222782568359375 0.5018473955078125 0.0194630029296875 0.49402833203125 0.0118593681640625 0.4906745068359375 0.009762615234375 0.4917593994140625 0.0036339296875 0.490387267578125 0.0016987490234375 0.4868453505859375 0.0001564794921875 0.4867914931640625 0 0.491272478515625 0 0.579365146484375
1 0.058683158203125 0.5795541337890625 0.071481548828125 0.5815452138671875 0.0736321591796875 0.5789180517578125 0.076415591796875 0.5581692197265625 0.0795038115234375 0.4992133037109375 0.0749443232421875 0.4971238955078125 0.0641753623046875 0.495975759765625 0.033857521484375 0.4945309990234375 0.027648048828125 0.4954722734375 0.0244557958984375 0.49844909765625 0.0222941669921875 0.51613134375 0.0197065732421875 0.5754907783203125 0.0262685625 0.5791942666015625 0.058683158203125 0.5795541337890625
1 0.1077922216796875 0.499815119140625 0.091381736328125 0.498083939453125 0.0841171552734375 0.499760443359375 0.0805344365234375 0.513918724609375 0.078022736328125 0.5416257236328125 0.0766628408203125 0.5805680361328125 0.0833056171875 0.581958119140625 0.1306422841796875 0.5824530400390625 0.136608185546875 0.5000493203125 0.117613787109375 0.4986139462890625 0.1077922216796875 0.499815119140625
1 0.1747046982421875 0.499835529296875 0.1617716640625 0.501700123046875 0.158213427734375 0.50041775390625 0.139665796875 0.5009281689453124 0.13557143359375 0.529738013671875 0.1332127333984375 0.5825428017578125 0.1573345673828125 0.584543267578125 0.185162744140625 0.5835848603515625 0.1878274443359375 0.580975650390625 0.1936048466796875 0.5039698759765625 0.1747046982421875 0.499835529296875
1 0.244594 0.503048193359375 0.1956477421875 0.504427251953125 0.1927700595703125 0.5278750576171874 0.1895312861328125 0.57640269921875 0.19133182421875 0.5838002890625 0.20515839453125 0.5858272744140625 0.2411446904296875 0.587083943359375 0.2428350673828125 0.58289655859375 0.2475708251953125 0.5062404462890625 0.244594 0.503048193359375
1 0.2945831142578125 0.5897221298828125 0.2961792412109375 0.5882337177734375 0.3007962666015625 0.5297172275390625 0.301415625 0.511981125 0.299453515625 0.50921034375 0.29327097265625 0.5093804814453124 0.2851128544921875 0.50716540625 0.275250896484375 0.5095232822265625 0.2614512529296875 0.5067251611328125 0.2506284365234375 0.5071192958984375 0.2456160537109375 0.5474782109375 0.2442426943359375 0.586806091796875 0.247787466796875 0.5884740283203125 0.2945831142578125 0.5897221298828125
1 0.300082658203125 0.550152302734375 0.29874969140625 0.5883234794921876 0.30382326953125 0.590430841796875 0.32126193359375 0.59219792578125 0.3351827548828125 0.5915259384765625 0.3423261572265625 0.5933195419921875 0.348061931640625 0.5912036142578125 0.3507376494140625 0.5735393212890625 0.3512627578125 0.5585021904296875 0.349354505859375 0.554189138671875 0.354057208984375 0.5226982744140625 0.3542861015625 0.5161436279296875 0.351349669921875 0.511794671875 0.345775466796875 0.509283791015625 0.323669599609375 0.5085118369140625 0.3045405576171875 0.5109321376953125 0.300082658203125 0.550152302734375
1 0.36058737890625 0.4978338671875 0.3563130869140625 0.5023170576171875 0.35492137109375 0.512691474609375 0.3511733994140625 0.5905401943359375 0.3839674404296875 0.5947736875 0.39179996875 0.5915728671875 0.394815974609375 0.5052057587890625 0.3817458515625 0.49625651171875 0.365281509765625 0.4960676015625 0.36058737890625 0.4978338671875
1 0.4009728017578125 0.5942094150390625 0.428733658203125 0.595178845703125 0.43034325 0.5933048662109375 0.4312049658203125 0.568628548828125 0.43358446875 0.559446740234375 0.4354425439453125 0.506238431640625 0.432519576171875 0.501503908203125 0.4269453720703125 0.4989930263671875 0.40589461328125 0.4974858427734375 0.3970069775390625 0.5014218935546875 0.3957768330078125 0.5071695 0.39231405859375 0.5915908193359375 0.3938024716796875 0.5931869462890625 0.4009728017578125 0.5942094150390625
1 0.4327607001953125 0.5682968388671875 0.4313848935546875 0.592955203125 0.4354033623046875 0.595797794921875 0.4806298125 0.5977631748046875 0.4822663330078125 0.5951180595703125 0.4847351943359375 0.553898248046875 0.4838367646484375 0.52066763671875 0.4768549345703125 0.5142472236328125 0.44487364453125 0.5162187138671875 0.4381366181640625 0.5175276025390625 0.435757115234375 0.526709412109375 0.4358068828125 0.554763345703125 0.4349113095703125 0.56566967578125 0.4327607001953125 0.5682968388671875
1 0.4843226923828125 0.5951898701171875 0.4878270712890625 0.5980145087890625 0.4924269521484375 0.59894721484375 0.5155340703125 0.600526208984375 0.52544988671875 0.5966260625 0.528885732421875 0.51297587890625 0.52542174609375 0.508994537109375 0.516275841796875 0.505586853515625 0.502435806640625 0.5039454365234375 0.49092386328125 0.5093339951171875 0.4859739111328125 0.5184260419921874 0.487006982421875 0.5478009775390625 0.4835209599609375 0.573929802734375 0.4843226923828125 0.5951898701171875
1 0.5621791650390625 0.591346037109375 0.5668072080078125 0.5177744638671875 0.560379861328125 0.51021530078125 0.553764013671875 0.5080540830078125 0.5383143876953125 0.5082866455078126 0.5320914501953125 0.509613486328125 0.5289126611328125 0.5122047431640625 0.5259774404296875 0.596258447265625 0.535677828125 0.598527380859375 0.5572830703125 0.598895814453125 0.5609355556640625 0.5974792119140625 0.5621791650390625 0.591346037109375
1 0.6147815908203125 0.5294867451171875 0.6061363115234375 0.52648258203125 0.570217337890625 0.5232980751953125 0.568039798828125 0.526696373046875 0.566607689453125 0.5382274921875 0.56402866796875 0.567862328125 0.5640066318359375 0.597972494140625 0.573653162109375 0.6017836962890625 0.607623490234375 0.601811853515625 0.609895279296875 0.595714583984375 0.6147815908203125 0.5294867451171875
1 0.6564485693359375 0.6039029013671875 0.6586126435546875 0.6008901708984375 0.65949026953125 0.5904978017578125 0.66260541796875 0.530770751953125 0.653446048828125 0.52774863671875 0.6359804560546874 0.5267526875 0.6231147431640625 0.5266894443359375 0.6163507880859375 0.5287694677734375 0.612043443359375 0.5784179072265625 0.6108022802734375 0.5992205966796875 0.61222337109375 0.6027445595703125 0.65176790234375 0.605283599609375 0.6564485693359375 0.6039029013671875
1 0.6698969267578125 0.5283231142578125 0.6646483134765625 0.5312281298828125 0.6633239189453125 0.539674708984375 0.660033734375 0.604414134765625 0.6815447255859375 0.607481541015625 0.7037179140625 0.606325658203125 0.7058954521484375 0.602927361328125 0.7103888525390625 0.5332114619140625 0.705342203125 0.5303329658203125 0.6698969267578125 0.5283231142578125
1 0.7236866357421875 0.60933920703125 0.7447912509765625 0.60930412109375 0.74732130859375 0.6105505849609375 0.75196158203125 0.61032658984375 0.7566826416015625 0.6077891884765625 0.7602151826171875 0.536109548828125 0.757738984375 0.533320814453125 0.7181540595703125 0.531938478515625 0.713987482421875 0.53333712890625 0.7111342822265625 0.541344283203125 0.708084009765625 0.58447398046875 0.70691016796875 0.60334883203125 0.7083581875 0.606101662109375 0.7236866357421875 0.60933920703125
1 0.76787144140625 0.61165425 0.8023423955078125 0.6120859267578125 0.803965451171875 0.60982637890625 0.807985154296875 0.5389358251953125 0.806523669921875 0.536568564453125 0.7957547099609374 0.535420427734375 0.765409939453125 0.534746802734375 0.7612029697265625 0.5373021552734375 0.7599862900390625 0.5426641953125 0.756912369140625 0.6012106376953125 0.7541121923828125 0.6076994267578125 0.758144125 0.610156451171875 0.76787144140625 0.61165425
1 0.8526705849609375 0.5416543876953125 0.8343249189453125 0.5363812919921875 0.8188079716796876 0.53854169140625 0.812138265625 0.5379227431640625 0.80897294140625 0.5401284326171875 0.805521185546875 0.60949466796875 0.809539654296875 0.6123372607421875 0.845011859375 0.6135759775390625 0.8486912744140624 0.6113882392578125 0.8501503125 0.599085986328125 0.8526705849609375 0.5416543876953125
1 0.886179447265625 0.6138554677734375 0.88880375390625 0.6124029599609375 0.89054798828125 0.606673306640625 0.8927561357421875 0.543440244140625 0.8769405263671874 0.5394136123046875 0.865035671875 0.541314111328125 0.857351251953125 0.540273689453125 0.8541859267578125 0.542479380859375 0.851779494140625 0.55243232421875 0.8494159013671875 0.5758980810546875 0.8492188291015625 0.6110206240234375 0.871758 0.614123935546875 0.886179447265625 0.6138554677734375
1 0.8478687177734375 0.7086409990234375 0.847184484375 0.7429744541015625 0.8713467109375 0.7438182177734375 0.87403833984375 0.7404378720703125 0.8770886123046875 0.6973081748046875 0.8675094033203125 0.691569134765625 0.85619942578125 0.691174181640625 0.8502886142578125 0.6983024873046875 0.8478687177734375 0.7086409990234375
1 0.8224335078125 0.7000320283203125 0.8204652724609375 0.741655361328125 0.823983115234375 0.744094431640625 0.8435454609375 0.7440054892578125 0.8456960712890625 0.7413783271484375 0.8477450927734375 0.6974415908203125 0.8387607607421875 0.68940709765625 0.8284654970703125 0.6894336171875 0.8224335078125 0.7000320283203125
1 0.8209720244140625 0.6976647666015625 0.8120146201171875 0.6888591396484375 0.8032885556640625 0.688168380859375 0.7947534375 0.696749193359375 0.791509771484375 0.7159378037109375 0.7916223779296875 0.7421922958984375 0.7972235107421874 0.7439320419921875 0.817814037109375 0.7438790029296874 0.82001850390625 0.7397095712890625 0.8213918642578125 0.70038169140625 0.8209720244140625 0.6976647666015625
1 0.7906272529296875 0.6969911416015625 0.78318519140625 0.6890105068359375 0.775514234375 0.687584517578125 0.765463775390625 0.695340337890625 0.762677896484375 0.7014196552734375 0.7623596455078125 0.7400123056640625 0.769462654296875 0.742962611328125 0.784871888671875 0.7438867509765625 0.789078857421875 0.7413313974609375 0.788021302734375 0.7273971123046875 0.7906272529296875 0.6969911416015625
1 0.761243341796875 0.6982812587890626 0.7552627626953125 0.6926678857421875 0.7409086376953125 0.691008515625 0.73403696875 0.696173078125 0.732333126953125 0.7007460302734375 0.7309866953125 0.739302775390625 0.7380897041015625 0.7422530810546875 0.7570975673828125 0.7433028876953125 0.7597757314453125 0.7403081103515625 0.76051871484375 0.733771416015625 0.761243341796875 0.6982812587890626
1 0.7315473046875 0.6937699111328125 0.72751537109375 0.6913128876953125 0.70849404296875 0.6906486484375 0.7037729833984375 0.6931860478515625 0.70251591015625 0.6997047900390625 0.7001278349609374 0.738611197265625 0.7062026640625 0.7415255986328125 0.7267797255859375 0.7418581279296875 0.72891687109375 0.739616533203125 0.7290129619140625 0.70738574609375 0.7315473046875 0.6937699111328125
1 0.6963039921875 0.6859765478515625 0.689647751953125 0.6849720322265626 0.6766743251953125 0.687993328125 0.6745102509765625 0.69100605859375 0.6718479970703125 0.7082847841796875 0.6713118701171875 0.7383769970703125 0.673314373046875 0.739991076171875 0.6794699873046876 0.7405920732421875 0.6980176181640625 0.740081658203125 0.7022172490234375 0.6935177587890625 0.6963039921875 0.6859765478515625
1 0.6619003603515625 0.6836170341796876 0.646776322265625 0.6892654921875 0.6440039091796875 0.6949592421875 0.6425093701171875 0.7377572294921875 0.645526587890625 0.73979278125 0.6676459189453126 0.74017916796875 0.669796529296875 0.7375520048828125 0.670750048828125 0.695507201171875 0.6693424228515625 0.6915976689453125 0.6619003603515625 0.6836170341796876
1 0.6321602490234375 0.7393260185546875 0.638924205078125 0.737245994140625 0.641947548828125 0.6948874326171876 0.6405668505859375 0.6902067666015625 0.6370490068359375 0.6877676943359375 0.6252787958984375 0.68581251953125 0.6170264287109375 0.686296416015625 0.612321279296875 0.7031177646484374 0.610592955078125 0.7231313671875 0.609674935546875 0.7346804375 0.6111094912109375 0.737818833984375 0.6291161025390625 0.7380616015625 0.6321602490234375 0.7393260185546875
1 0.597517939453125 0.6848430888671875 0.585220173828125 0.6832555283203126 0.5810719541015625 0.713607642578125 0.5798442548828125 0.7340247646484375 0.581278810546875 0.7371631611328125 0.6075108623046875 0.7376931669921875 0.6121034033203125 0.694617328125 0.6098291689453125 0.68604508203125 0.600196103515625 0.6818483115234375 0.597517939453125 0.6848430888671875
1 0 0.7253156171875 0.0000609736328125 0.7253594150390625 0.0072313037109375 0.726381884765625 0.02577893359375 0.72587146875 0.0289038662109375 0.72482248046875 0.030026296875 0.7221594140625 0.03250617578125 0.6658845185546876 0.0280678671875 0.6603250029296875 0.026848740234375 0.6510175263671875 0.01927203515625 0.64689256640625 0.00996455859375 0.6481116923828125 0.0057575888671875 0.650667044921875 0.0039594970703125 0.6579389697265625 0 0.6619860048828125 0 0.7253156171875
1 0.0329737470703125 0.711453287109375 0.0350729462890625 0.72503791015625 0.0566377939453125 0.726563046875 0.0650113408203125 0.72260904296875 0.0654018056640625 0.711427587890625 0.0608533359375 0.694283095703125 0.06827948828125 0.6879797822265625 0.06837129296875 0.670611294921875 0.0650150205078125 0.6635454130859375 0.0652573779296875 0.65660519921875 0.062794642578125 0.6534308974609375 0.0509840390625 0.65263242578125 0.0477648564453125 0.656380384765625 0.04415276171875 0.6566402861328124 0.034441357421875 0.6694264345703125 0.0329737470703125 0.711453287109375
1 0.1131644375 0.670245318359375 0.1111717197265625 0.72730930078125 0.1239835751953125 0.7289148134765625 0.1394332021484375 0.72868225 0.1441542607421875 0.726144849609375 0.146439513671875 0.719662013671875 0.14523140625 0.6952994541015625 0.1485827861328125 0.6730263046875 0.1476892490234375 0.669134724609375 0.1427368505859375 0.663557255859375 0.1440343173828125 0.6558818125 0.1420452783203125 0.6538821650390625 0.1348614833984375 0.653245263671875 0.12297009375 0.6547601962890625 0.1197913037109375 0.657351453125 0.1174252646484375 0.6661476953125 0.1131644375 0.670245318359375
1 0.1811014140625 0.72936526171875 0.1852814560546875 0.72758104296875 0.1870256904296875 0.721851388671875 0.1895728916015625 0.66364865625 0.1850672607421875 0.660016978515625 0.172890673828125 0.654959310546875 0.1624607685546875 0.65884150390625 0.155061544921875 0.664373681640625 0.1512609501953125 0.67003152734375 0.1479524091796875 0.705817490234375 0.1503637333984375 0.7252035771484375 0.15489629296875 0.7280641201171875 0.1811014140625 0.72936526171875
1 0.188907013671875 0.7269355751953125 0.1914236064453125 0.728567607421875 0.20683283984375 0.7294917470703125 0.2239055224609375 0.7269996376953125 0.2260292041015625 0.7251436103515625 0.22828508203125 0.7047623916015625 0.2291602626953125 0.6797005078125 0.2274809033203125 0.668832810546875 0.2184965703125 0.6607983173828125 0.2102711318359375 0.6605110791015625 0.2077949326171875 0.6577223447265625 0.2046834638671875 0.6583857646484375 0.1946868623046875 0.6645993154296875 0.1919009833984375 0.6706786328125 0.190401552734375 0.6841375888671875 0.188907013671875 0.7269355751953125
1 0.245944068359375 0.7296994287109375 0.2619077841796875 0.729484818359375 0.2650596455078125 0.7276646953125 0.2662493974609375 0.723073791015625 0.2689067587890625 0.6764560341796875 0.2676068466796875 0.669461962890625 0.2571610302734375 0.659060208984375 0.2489490556640625 0.65838740234375 0.2390870966796875 0.6607452783203125 0.235380751953125 0.6637041513671875 0.231391658203125 0.6747599404296875 0.229614369140625 0.7256548447265625 0.2346744814453125 0.7281477734375 0.245944068359375 0.7296994287109375
1 0.274219013671875 0.7306868115234375 0.297379990234375 0.73072353515625 0.303142693359375 0.72783647265625 0.3050081064453125 0.7186367099609375 0.3076385390625 0.6727900888671875 0.3063520927734375 0.6654104501953125 0.304389982421875 0.6626396689453125 0.3007913525390625 0.662514001953125 0.29575816796875 0.6592499375 0.2771970732421875 0.6601459208984375 0.2716791728515625 0.67076228515625 0.2694098310546875 0.6915290703125 0.2696864541015625 0.727826267578125 0.274219013671875 0.7306868115234375
1 0.3401437041015625 0.7295146142578125 0.3425097431640625 0.7207183720703125 0.3456273369140625 0.675660837890625 0.3448011220703125 0.6698414208984375 0.339415419921875 0.661932595703125 0.318324267578125 0.6615821142578125 0.3141172978515625 0.664137466796875 0.310898115234375 0.6678854267578125 0.30746594921875 0.6924719814453125 0.305726607421875 0.7275406669921874 0.31642824609375 0.7306166396484375 0.330308673828125 0.7311013544921875 0.3401437041015625 0.7295146142578125
1 0.34774 0.688859892578125 0.3495809306640625 0.6951007822265625 0.347809767578125 0.7016015703125 0.345145068359375 0.70421078125 0.34407894140625 0.72000109375 0.3458256220703125 0.728940955078125 0.353970275390625 0.7315415986328125 0.3761299990234375 0.730771283203125 0.379362646484375 0.726637755859375 0.38134923828125 0.71396788671875 0.38212772265625 0.6769354599609375 0.380814345703125 0.670326955078125 0.3703012080078125 0.6618530380859375 0.370882619140625 0.6599431533203125 0.3672435966796875 0.6609741884765625 0.36319819921875 0.658902732421875 0.3568406201171875 0.6640852470703125 0.35009012890625 0.665779703125 0.348480537109375 0.6676536826171875 0.34774 0.688859892578125
1 0.4174089814453125 0.6689026044921875 0.4093855078125 0.6628318544921875 0.400104958984375 0.663279845703125 0.3892013564453125 0.6659873837890625 0.384859744140625 0.672398412109375 0.382447185546875 0.7267454697265625 0.399912779296875 0.7277414189453125 0.410248435546875 0.726558197265625 0.41503681640625 0.7220929609375 0.4183049638671875 0.68746369921875 0.4174089814453125 0.6689026044921875
1 0.448250697265625 0.72904337890625 0.4505494140625 0.7221749736328125 0.4509912900390625 0.6947817333984375 0.4535054365234375 0.68174425 0.4509594697265625 0.6662138369140626 0.4298952470703125 0.665092220703125 0.4209806826171875 0.6697994072265625 0.42159146875 0.68178790234375 0.417739462890625 0.7036575322265625 0.4180405703125 0.7245140791015625 0.42412886328125 0.7270429130859375 0.448250697265625 0.72904337890625
1 0.4830741689453125 0.7341198173828125 0.486347208984375 0.728829587890625 0.48849048046875 0.6821938798828125 0.477490181640625 0.672930875 0.46051175 0.6727240126953125 0.457359888671875 0.674544134765625 0.454899599609375 0.6860393486328125 0.4528885244140625 0.7141498671875 0.4554614208984375 0.7289091455078125 0.4584113173828125 0.7328725341796875 0.4681386328125 0.73437033203125 0.4830741689453125 0.7341198173828125
1 0.51971532421875 0.6871446513671875 0.519349341796875 0.68288545703125 0.515871890625 0.6792896826171875 0.5062657529296875 0.67432177734375 0.4943474345703125 0.6766078447265625 0.4905603046875 0.68188012109375 0.4889262314453125 0.699194751953125 0.4873215322265625 0.7304077626953125 0.4923412529296875 0.7340573935546875 0.514460583984375 0.7344437802734375 0.5171252841796875 0.7318345703125 0.51971532421875 0.6871446513671875
1 0.5463206953125 0.7359423974609375 0.5508459169921875 0.69479439453125 0.5510882744140625 0.6878541806640625 0.5487197890625 0.6819809072265625 0.5401014384765624 0.678205609375 0.530686248046875 0.6825092744140625 0.5260729033203125 0.6819621357421874 0.5223530947265626 0.6853065751953125 0.5203934306640625 0.6972053095703125 0.5186675537109375 0.7318884267578125 0.5201155732421875 0.7346412568359375 0.527258974609375 0.7364348603515625 0.5463206953125 0.7359423974609375
1 0.5535644736328125 0.6906429150390625 0.5515778818359375 0.703312783203125 0.5501212900390625 0.730284552734375 0.5514750595703125 0.735736353515625 0.555547384765625 0.73703667578125 0.576151375 0.7365980693359375 0.5788295400390625 0.73360329296875 0.5795321298828126 0.72822330078125 0.57892134375 0.7162348056640625 0.5812873828125 0.7074385634765625 0.581825955078125 0.692015865234375 0.5753851435546875 0.6848422705078125 0.571719193359375 0.686644439453125 0.5682148134765626 0.68381980078125 0.5645488623046875 0.6856219716796875 0.56153164453125 0.683586419921875 0.5563234228515626 0.685334732421875 0.5535644736328125 0.6906429150390625
1 0 0.848993341796875 0.002368240234375 0.8509022177734376 0.0275586474609375 0.85178188671875 0.031738689453125 0.84999766796875 0.0367376064453125 0.8100243203125 0.0361402841796875 0.7976502568359375 0.0295917587890625 0.793561201171875 0.0146427578125 0.794197283203125 0.00833903515625 0.797837529296875 0.00556662109375 0.8035312783203125 0.003595939453125 0.8304850947265625 0 0.848219384765625 0 0.848993341796875
1 0.068420236328125 0.801865798828125 0.060383296875 0.7961806162109375 0.053212966796875 0.7951581474609375 0.0417818095703125 0.7982333017578125 0.03788696484375 0.8065901181640625 0.036365498046875 0.8501592392578124 0.044022990234375 0.8519707958984375 0.0635853359375 0.851881853515625 0.0651545341796875 0.8511645751953125 0.0666405009765625 0.8380911865234375 0.068420236328125 0.801865798828125
1 0.098576505859375 0.8079373681640625 0.0969240751953125 0.7962985361328125 0.0897133515625 0.7964327685546875 0.0846532392578125 0.79393983984375 0.0737765634765625 0.795876244140625 0.069354166015625 0.80460067578125 0.0678008779296875 0.81960190234375 0.0646404443359375 0.851146623046875 0.0681852158203125 0.8528145595703125 0.0934025517578125 0.85292309375 0.095025607421875 0.850663544921875 0.098576505859375 0.8079373681640625
1 0.0991579169921875 0.8060274833984375 0.0960268583984375 0.8514705859375 0.0995581669921875 0.8535240888671874 0.1232332314453125 0.853578765625 0.125992181640625 0.848270583984375 0.1282700966796875 0.7977792001953125 0.12626759375 0.7961651201171875 0.101970724609375 0.7991770322265624 0.0991579169921875 0.8060274833984375
1 0.1325872275390625 0.8068088232421875 0.131579849609375 0.850395896484375 0.141280236328125 0.852664830078125 0.156702935546875 0.8532034033203125 0.1598547958984375 0.8513832802734375 0.16221349609375 0.7985784921875 0.1401614873046875 0.7962642685546875 0.1370096259765625 0.798084390625 0.1325872275390625 0.8068088232421875
1 0.191516623046875 0.7996017802734375 0.1890000302734375 0.797969748046875 0.17102034765625 0.796955845703125 0.164757017578125 0.799439388671875 0.1630801044921875 0.8032412060546875 0.1619111552734375 0.85145508984375 0.1628989423828125 0.852647697265625 0.1762383515625 0.8538855947265624 0.1850182744140625 0.853034083984375 0.188197064453125 0.850442826171875 0.191516623046875 0.7996017802734375
1 0.19054474609375 0.8126931201171875 0.18917138671875 0.8520210009765625 0.190673263671875 0.853231560546875 0.2179604228515625 0.8530263359375 0.2196507998046875 0.848838951171875 0.2213742314453125 0.7994863173828125 0.195629341796875 0.7997453994140625 0.191828748046875 0.805403244140625 0.19054474609375 0.8126931201171875
1 0.22329839453125 0.81808331640625 0.22517971875 0.82316750390625 0.2222726611328125 0.832716927734375 0.2252923251953125 0.8494219951171875 0.2354933369140625 0.8520944482421875 0.247871888671875 0.8513686044921875 0.2504961953125 0.8499160966796875 0.250224462890625 0.8429579296875 0.2531315205078125 0.8334085048828125 0.252886716796875 0.8256792041015625 0.250410517578125 0.8228904697265625 0.2520335732421875 0.820630921875 0.2506394111328125 0.8163358232421875 0.2520580556640625 0.805190271484375 0.2331579072265625 0.80105592578125 0.226340095703125 0.80467821875 0.22329839453125 0.81808331640625
1 0.27903308984375 0.799183583984375 0.2737575478515625 0.8028597333984375 0.2686301123046875 0.802294642578125 0.2660058056640625 0.803747150390625 0.25795540234375 0.7984475341796875 0.2541817373046875 0.8033342451171875 0.2515733408203125 0.8190707001953125 0.250442337890625 0.8514583662109375 0.25960170703125 0.8544804814453125 0.2755788876953125 0.8538803046875 0.277823748046875 0.8485541689453125 0.27903308984375 0.799183583984375
1 0.3076201611328125 0.8059724306640625 0.3061990703125 0.8024484658203125 0.3000838486328125 0.800690767578125 0.292832732421875 0.801981703125 0.2862438125 0.799049349609375 0.281982986328125 0.80314697265625 0.27887396484375 0.818479908203125 0.2781762666015625 0.853198931640625 0.302866046875 0.8536750791015625 0.3056115322265625 0.84875246484375 0.3065834091796875 0.8356611240234375 0.3076201611328125 0.8059724306640625
1 0.3381803603515625 0.8004769765625 0.322757662109375 0.799938404296875 0.317210388671875 0.7966563876953126 0.3139777412109375 0.8007899150390625 0.312707203125 0.807694224609375 0.3090620546875 0.8531193740234375 0.3120792734375 0.85515492578125 0.332669798828125 0.8551018876953125 0.3358081953125 0.85366733203125 0.340129005859375 0.8036333251953125 0.3381803603515625 0.8004769765625
1 0.3668078251953125 0.80610912109375 0.36228873046875 0.8028630107421875 0.35762152734375 0.803858140625 0.3454045478515625 0.7999571748046875 0.341765525390625 0.8009882109375 0.3369416435546875 0.8359491826171875 0.336836375 0.853703236328125 0.3429785263671875 0.85468980078125 0.36051144140625 0.8537579130859375 0.36275630078125 0.8484317783203125 0.3668078251953125 0.80610912109375
1 0.387217189453125 0.8554625732421876 0.38934087109375 0.8536065458984375 0.3906493544921875 0.83087601953125 0.3927999638671875 0.8282488564453125 0.3935674296875 0.80627151171875 0.3900899794921875 0.8026757373046876 0.3859234033203125 0.804074388671875 0.369580240234375 0.80041537109375 0.3684712744140625 0.8026928720703125 0.3636743203125 0.8368827080078125 0.3636094453125 0.853480060546875 0.366126037109375 0.855112091796875 0.387217189453125 0.8554625732421876
1 0.4021294765625 0.796919564453125 0.398463525390625 0.798721734375 0.3924498916015625 0.838273609375 0.391424158203125 0.852907220703125 0.392872177734375 0.8556600498046875 0.4000425087890625 0.85668251953125 0.420145873046875 0.8558403935546876 0.4248057373046875 0.8108367158203125 0.415929119140625 0.7997176845703124 0.4021294765625 0.796919564453125
1 0.4455847626953125 0.805385734375 0.437833021484375 0.806273150390625 0.429674904296875 0.8040580732421875 0.4250211669921875 0.8046676376953125 0.4243993623046875 0.807734224609375 0.4222560908203125 0.85436993359375 0.42525984375 0.856791052734375 0.4473926396484375 0.8567918720703125 0.4490291591796875 0.8541467568359375 0.45266084375 0.809107173828125 0.4455847626953125 0.805385734375
1 0.4719379931640625 0.8024456328125 0.4620491064453125 0.8055746435546876 0.460046603515625 0.803960564453125 0.455920419921875 0.8042025126953125 0.4525396650390625 0.8125772822265624 0.4495432490234375 0.854164708984375 0.45407580859375 0.8570252529296875 0.4746663349609375 0.8569722138671875 0.47627592578125 0.8550982353515625 0.4735879775390625 0.7994149501953125 0.4719379931640625 0.8024456328125
1 0.4864402255859375 0.7998637607421875 0.4817460947265625 0.801630025390625 0.4788549482421875 0.8254633974609376 0.4767900166015625 0.8551161875 0.4818635927734375 0.8572235478515625 0.50292781640625 0.8583451650390626 0.5050649619140625 0.8561035703125 0.50812869921875 0.8125883046875 0.5013622978515625 0.7999988134765625 0.4864402255859375 0.7998637607421875
1 0.530476923828125 0.806420044921875 0.5109415068359375 0.805737853515625 0.50831719921875 0.807190361328125 0.5051188193359375 0.85456130078125 0.5081091083984375 0.8573679873046876 0.51737619140625 0.8573055625 0.52721122265625 0.8557188212890625 0.5298624580078125 0.8534951787109375 0.5344280712890624 0.8111904736328125 0.530476923828125 0.806420044921875
1 0.5590015654296875 0.8444757607421876 0.561254998046875 0.80942502734375 0.55685708203125 0.80270880859375 0.5394184169921875 0.800941724609375 0.5357120732421875 0.8039005966796875 0.5314047275390625 0.8535490361328125 0.537993646484375 0.8564813896484375 0.55342980859375 0.85663439453125 0.5571092236328125 0.8544466572265625 0.5567836337890625 0.8490307607421875 0.5590015654296875 0.8444757607421876
1 0.55892690625 0.8023950517578124 0.562296642578125 0.8090753642578125 0.5586111005859375 0.8556572158203125 0.618245533203125 0.8577396962890625 0.631652263671875 0.8570497568359375 0.6353316796875 0.85486201953125 0.638882578125 0.8121358427734375 0.6260009541015625 0.7977886513671875 0.6194120361328125 0.794856296875 0.6129173671875 0.7892249716796875 0.6021484072265625 0.7880768369140625 0.57988096875 0.7919316923828125 0.56604093359375 0.7902902744140625 0.5598045322265625 0.7920026826171875 0.5586282451171874 0.79620801953125 0.55892690625 0.8023950517578124
1 0.69500650390625 0.855787796875 0.707979931640625 0.8527665009765625 0.7104622578125 0.81116112109375 0.7060778056640625 0.8040593349609375 0.697459455078125 0.800284037109375 0.67479910546875 0.8006508330078125 0.6644769130859375 0.8014484873046875 0.66178528515625 0.8048288330078125 0.656076439453125 0.806173625 0.6432241904296875 0.805724814453125 0.640072330078125 0.8075449375 0.6389707021484375 0.8538309833984375 0.6409732041015626 0.8554450634765625 0.69500650390625 0.855787796875
1 0.744053138671875 0.8073156513671875 0.741062849609375 0.80450896484375 0.7374507548828125 0.8047688642578125 0.7303342822265625 0.802204126953125 0.7158320498046875 0.8047859990234375 0.7132885283203125 0.8039251015625 0.71219302734375 0.8058170341796875 0.7102651845703125 0.8462836640625 0.7115516318359375 0.8536633017578125 0.7536935419921875 0.8555209677734374 0.7723488876953125 0.8519260126953125 0.777476322265625 0.8524911044921875 0.78218391796875 0.850339271484375 0.7851313681640625 0.8396331455078125 0.786507173828125 0.8149747802734375 0.7861546552734375 0.81033001953125 0.7826502763671875 0.807505380859375 0.7790381826171875 0.8077652802734375 0.7750062490234375 0.8053082568359375 0.7723819423828125 0.8067607646484375 0.768309615234375 0.805460443359375 0.7605040166015625 0.80789012890625 0.744053138671875 0.8073156513671875
1 0.79853076171875 0.7949346591796875 0.7898450888671875 0.7930871982421875 0.784609939453125 0.795606646484375 0.7839477431640625 0.799829935546875 0.78810330078125 0.813486369140625 0.7869857626953125 0.845488466796875 0.788934408203125 0.84864481640625 0.798039919921875 0.853209201171875 0.82938594140625 0.8546898662109375 0.8397754541015625 0.851964375 0.8474868037109375 0.8522336611328125 0.8640453955078125 0.8497235986328125 0.8692756533203125 0.817865119140625 0.8690039208984375 0.810906953125 0.8660405595703125 0.8073291318359375 0.8427424951171875 0.7964785673828125 0.830891498046875 0.7968367958984375 0.818620662109375 0.7944781015625 0.79853076171875 0.7949346591796875
0 0.47412109375 0.76416015625 0.0419921875 0.017578125
0 0.353515625 0.8798828125 0.3818359375 0.8798828125 0.3857421875 0.8818359375 0.38671875 0.890625 0.3837890625 0.8974609375 0.3447265625 0.896484375 0.341796875 0.8935546875 0.3427734375 0.8837890625 0.345703125 0.880859375 0.3525390625 0.8798828125
0 0.6640625 0.759765625 0.6962890625 0.76171875 0.7001953125 0.7666015625 0.69921875 0.7734375 0.6962890625 0.775390625 0.6640625 0.7734375 0.658203125 0.76953125 0.658203125 0.76171875 0.6630859375 0.759765625
0 0.6484375 0.62109375 0.6533203125 0.623046875 0.654296875 0.6298828125 0.6513671875 0.634765625 0.646484375 0.6357421875 0.6396484375 0.6357421875 0.6337890625 0.630859375 0.6337890625 0.6220703125 0.6376953125 0.6201171875 0.6474609375 0.62109375
0 0.0927734375 0.6005859375 0.1142578125 0.603515625 0.11328125 0.6142578125 0.109375 0.6181640625 0.0791015625 0.6181640625 0.0771484375 0.6162109375 0.06640625 0.615234375 0.0615234375 0.6044921875 0.064453125 0.6015625 0.068359375 0.599609375 0.091796875 0.6005859375
0 0.6025390625 0.619140625 0.6044921875 0.6201171875 0.6044921875 0.630859375 0.5986328125 0.634765625 0.5849609375 0.6328125 0.5830078125 0.6220703125 0.5849609375 0.619140625 0.6015625 0.619140625
0 0.5087890625 0.6171875 0.51171875 0.615234375 0.5263671875 0.615234375 0.533203125 0.6181640625 0.5302734375 0.62890625 0.51171875 0.626953125 0.5087890625 0.6181640625
0 0.580078125 0.6181640625 0.583984375 0.6220703125 0.583984375 0.626953125 0.576171875 0.6328125 0.5634765625 0.6328125 0.5615234375 0.630859375 0.560546875 0.62109375 0.564453125 0.6181640625 0.5791015625 0.6181640625
0 0.328125 0.75390625 0.3505859375 0.75390625 0.3525390625 0.755859375 0.3505859375 0.763671875 0.34375 0.7666015625 0.3134765625 0.7685546875 0.3095703125 0.765625 0.3095703125 0.755859375 0.3271484375 0.75390625
0 0.388671875 0.611328125 0.390625 0.6123046875 0.3896484375 0.62109375 0.3798828125 0.6259765625 0.369140625 0.625 0.3662109375 0.62109375 0.3662109375 0.6123046875 0.3701171875 0.6103515625 0.3876953125 0.611328125
0 0.4658203125 0.8798828125 0.5 0.8818359375 0.5009765625 0.890625 0.494140625 0.8974609375 0.4560546875 0.896484375 0.4541015625 0.89453125 0.4560546875 0.8857421875 0.453125 0.8828125 0.46484375 0.8798828125
0 0.076171875 0.7490234375 0.0791015625 0.7509765625 0.103515625 0.75 0.1083984375 0.751953125 0.1083984375 0.76171875 0.1015625 0.765625 0.0634765625 0.763671875 0.0615234375 0.76171875 0.0615234375 0.751953125 0.0751953125 0.7490234375
0 0.5576171875 0.7587890625 0.564453125 0.76171875 0.5634765625 0.7685546875 0.552734375 0.7705078125 0.5458984375 0.7744140625 0.533203125 0.7744140625 0.5244140625 0.771484375 0.5234375 0.7607421875 0.5283203125 0.7587890625 0.556640625 0.7587890625
0 0.8037109375 0.7587890625 0.849609375 0.76171875 0.8515625 0.763671875 0.8515625 0.7783203125 0.849609375 0.7802734375 0.7919921875 0.7783203125 0.7890625 0.7763671875 0.7900390625 0.7607421875 0.802734375 0.7587890625
0 0.46484375 0.61328125 0.47265625 0.6162109375 0.47265625 0.6259765625 0.4609375 0.62890625 0.4521484375 0.6279296875 0.4501953125 0.6259765625 0.4501953125 0.619140625 0.451171875 0.615234375 0.455078125 0.61328125 0.4638671875 0.61328125
0 0.07421875 0.876953125 0.1025390625 0.8779296875 0.1083984375 0.880859375 0.1083984375 0.8857421875 0.1044921875 0.892578125 0.0751953125 0.89453125 0.0615234375 0.8916015625 0.0595703125 0.8857421875 0.0615234375 0.87890625 0.0732421875 0.876953125
0 0.712890625 0.87890625 0.7373046875 0.8828125 0.734375 0.8837890625 0.7294921875 0.892578125 0.7060546875 0.8955078125 0.69140625 0.8955078125 0.6875 0.8935546875 0.6875 0.8818359375 0.7119140625 0.87890625
0 0.2421875 0.87890625 0.263671875 0.880859375 0.2626953125 0.89453125 0.2587890625 0.896484375 0.220703125 0.89453125 0.2197265625 0.8876953125 0.22265625 0.8798828125 0.2412109375 0.87890625
0 0.2431640625 0.7509765625 0.2451171875 0.7529296875 0.2431640625 0.765625 0.2294921875 0.767578125 0.1982421875 0.767578125 0.1923828125 0.763671875 0.1923828125 0.7548828125 0.203125 0.751953125 0.2421875 0.7509765625
0 0.6337890625 0.8779296875 0.6416015625 0.8798828125 0.6396484375 0.8935546875 0.63671875 0.896484375 0.5771484375 0.896484375 0.57421875 0.89453125 0.576171875 0.880859375 0.5791015625 0.87890625 0.6328125 0.8779296875
0 0.1865234375 0.87890625 0.2119140625 0.87890625 0.2158203125 0.880859375 0.216796875 0.8876953125 0.2138671875 0.8955078125 0.1689453125 0.8935546875 0.1669921875 0.890625 0.1689453125 0.8798828125 0.185546875 0.87890625
0 0.40625 0.611328125 0.41015625 0.6162109375 0.4091796875 0.6240234375 0.40625 0.626953125 0.39453125 0.6259765625 0.3896484375 0.623046875 0.3896484375 0.61328125 0.392578125 0.611328125 0.4052734375 0.611328125
0 0.4443359375 0.61328125 0.4501953125 0.615234375 0.4501953125 0.6220703125 0.4443359375 0.6279296875 0.4326171875 0.625 0.4287109375 0.6181640625 0.431640625 0.61328125 0.443359375 0.61328125
0 0.21875 0.6005859375 0.26953125 0.6025390625 0.271484375 0.6044921875 0.2705078125 0.62109375 0.2685546875 0.6240234375 0.2607421875 0.625 0.1962890625 0.6220703125 0.1953125 0.607421875 0.197265625 0.6015625 0.2177734375 0.6005859375
0 0.53125 0.6181640625 0.5498046875 0.6171875 0.55859375 0.6201171875 0.55859375 0.62890625 0.556640625 0.6318359375 0.537109375 0.6318359375 0.53125 0.6259765625 0.53125 0.619140625
0 0 0.7490234375 0.01953125 0.7490234375 0.0205078125 0.75390625 0.0205078125 0.7578125 0.015625 0.7626953125 0 0.7626953125 0 0.75
0 0.8193359375 0.8779296875 0.8291015625 0.8798828125 0.8310546875 0.88671875 0.826171875 0.8916015625 0.818359375 0.892578125 0.814453125 0.8955078125 0.775390625 0.892578125 0.7724609375 0.890625 0.7724609375 0.8857421875 0.76953125 0.8828125 0.787109375 0.87890625 0.80859375 0.8798828125 0.818359375 0.8779296875
0 0.8623046875 0.6298828125 0.865234375 0.6337890625 0.8623046875 0.6396484375 0.8525390625 0.640625 0.8486328125 0.6435546875 0.8271484375 0.6376953125 0.826171875 0.630859375 0.8291015625 0.6279296875 0.861328125 0.6298828125
0 0.7119140625 0.619140625 0.7236328125 0.62109375 0.7490234375 0.6201171875 0.7529296875 0.6240234375 0.7529296875 0.63671875 0.75 0.6416015625 0.6904296875 0.638671875 0.6884765625 0.6357421875 0.689453125 0.619140625 0.7109375 0.619140625
0 0.607421875 0.7587890625 0.625 0.7607421875 0.626953125 0.7626953125 0.6259765625 0.76953125 0.619140625 0.7744140625 0.5927734375 0.7734375 0.5869140625 0.7685546875 0.5859375 0.7626953125 0.58984375 0.759765625 0.6064453125 0.7587890625
0 0.6142578125 0.62109375 0.6337890625 0.62109375 0.6337890625 0.626953125 0.62890625 0.6328125 0.61328125 0.6298828125 0.6123046875 0.625 0.6142578125 0.6220703125
0 0.7431640625 0.7607421875 0.763671875 0.763671875 0.763671875 0.7705078125 0.759765625 0.7744140625 0.7265625 0.7744140625 0.724609375 0.76953125 0.7255859375 0.7626953125 0.7421875 0.7607421875
0 0.7734375 0.626953125 0.7998046875 0.62890625 0.8046875 0.638671875 0.796875 0.6435546875 0.7587890625 0.6416015625 0.7568359375 0.638671875 0.7587890625 0.62890625 0.76171875 0.626953125 0.7724609375 0.626953125