1 0.0234373564453125 0.118637134765625 0.02994059765625 0.1427304072265625 0.051545837890625 0.1423619736328125 0.0577687744140625 0.143688814453125 0.1230312666015625 0.14063772265625 0.1247644833984375 0.131312294921875 0.1128632880859375 0.026339619140625 0.1093209609375 0.0133380400390625 0.0085593349609375 0.0168567138671875 0.00812603125 0.0191880703125 0.0234373564453125 0.118637134765625
1 0.1338944775390625 0.1421885595703125 0.1411186650390625 0.1427083603515625 0.2213301591796875 0.1402933505859375 0.2230364462890625 0.130196787109375 0.2186752431640625 0.0790060791015625 0.209568498046875 0.0098373193359375 0.113947771484375 0.01317646875 0.117485205078125 0.055517078125 0.128659328125 0.139669111328125 0.1338944775390625 0.1421885595703125
1 0.21830802734375 0.0095321279296875 0.2160337919921875 0.0181043740234375 0.221027818359375 0.0874167529296875 0.22463257421875 0.1316852001953125 0.227972935546875 0.138903267578125 0.23058377734375 0.13997020703125 0.2784479990234375 0.13984290234375 0.320062353515625 0.13761762109375 0.3220648564453125 0.1360035419921875 0.3208102294921875 0.1148152841796875 0.3153045595703125 0.03085134375 0.31187239453125 0.0062647890625 0.21830802734375 0.0095321279296875
1 0.31819570703125 0.0546847158203125 0.3233109111328125 0.127467201171875 0.326691666015625 0.1358419697265625 0.33501135546875 0.1382537041015625 0.3669387880859375 0.138682923828125 0.4091345556640625 0.1383675283203125 0.4142081328125 0.1362601669921875 0.4174432265625 0.1257241787109375 0.4143219521484375 0.021603015625 0.4121199306640625 0.0027640673828125 0.31701329296875 0.0060852646484375 0.31819570703125 0.0546847158203125
1 0.491272455078125 0 0.4229158193359375 0.00238706640625 0.4200736376953125 0.0094349951171875 0.418257189453125 0.0311165341796875 0.41881290625 0.1059884287109375 0.420891302734375 0.13602678515625 0.4317545126953125 0.1375776220703125 0.5130615078125 0.137054544921875 0.515935509765625 0.101438720703125 0.516475501953125 0 0.491272455078125 0
1 0.5205563916015625 0 0.5166919580078125 0.1083609814453125 0.517133833984375 0.1357542236328125 0.522869609375 0.1378701513671875 0.537371841796875 0.1404520234375 0.5573405634765625 0.137438474609375 0.6067470537109375 0.1372573125 0.6102648974609375 0.134818240234375 0.61647558203125 0.0473568544921875 0.6171766884765625 0 0.5205563916015625 0
1 0.6222650693359375 0 0.620703353515625 0.0062892275390625 0.6152650283203125 0.086388927734375 0.6131609365234375 0.12931258203125 0.6138365986328125 0.133921439453125 0.6164743701171875 0.135759513671875 0.6581829755859375 0.136233205078125 0.675228728515625 0.1379541796875 0.700960154296875 0.1378276943359375 0.7039908369140625 0.1361777099609375 0.7063727861328125 0.13069000390625 0.712538185546875 0.0714109453125 0.71209630859375 0.044017705078125 0.7157995810546876 0 0.6222650693359375 0
1 0.7188453671875 0 0.71880028125 0.00016134375 0.7191344423828125 0.0244700458984375 0.71719926171875 0.028011962890625 0.7149091162109374 0.05086815625 0.7092822900390625 0.125569912109375 0.71166179296875 0.1347517216796875 0.7251223818359375 0.1369839306640625 0.7987180283203125 0.1367301396484375 0.802507603515625 0.12733290234375 0.8164854228515624 0 0.7188453671875 0
1 0.81848096875 0 0.8168678330078125 0.0079318408203125 0.816066099609375 0.0291919072265625 0.8073841083984375 0.090102998046875 0.8043730166015625 0.1365326630859375 0.8399529365234375 0.138378486328125 0.850113556640625 0.13454933203125 0.85883962109375 0.1338585732421875 0.86357414453125 0.136781541015625 0.87082526171875 0.1380724765625 0.8898196591796875 0.1366371025390625 0.89218814453125 0.130763828125 0.892257912109375 0.118022150390625 0.89626536328125 0.1001244765625 0.902511548828125 0.043158822265625 0.9090380380859375 0.008959599609375 0.9095070830078125 0 0.81848096875 0
1 0.91182348046875 0 0.8945431650390625 0.124504986328125 0.89394584375 0.13687905078125 0.899668154296875 0.13860941015625 0.953782240234375 0.14058008203125 0.966080005859375 0.138992521484375 0.975374017578125 0.139826080078125 0.980934755859375 0.1369296318359375 0.9834941875 0.1217847861328125 0.9863902275390625 0.1162791279296875 0.9823296708984375 0 0.91182348046875 0
1 0.868232796875 0.2701878779296875 0.8636843271484375 0.2873323701171875 0.857034212890625 0.332731 0.85685673046875 0.342388138671875 0.860536146484375 0.3445758759765625 0.9376496357421875 0.341883013671875 0.939140494140625 0.32561737109375 0.9465580751953125 0.3021960859375 0.9565779248046875 0.250117142578125 0.9567554072265625 0.2404600029296875 0.9609648232421875 0.2283458408203125 0.9642292900390625 0.20391147265625 0.9610101083984375 0.2001635126953125 0.935725451171875 0.198344208984375 0.8940437734375 0.1986416513671875 0.8801902744140625 0.199897501953125 0.8792024873046875 0.201090109375 0.871227978515625 0.23804216015625 0.868232796875 0.2701878779296875
1 0.9647433798828124 0.20389351953125 0.965405578125 0.2081168095703125 0.96302362890625 0.213604515625 0.947139486328125 0.304105970703125 0.940803943359375 0.32903362109375 0.9407341748046875 0.341775298828125 0.9845395341796875 0.3433338828125 0.9942399208984375 0.341064951171875 0.9892581259765625 0.198404994140625 0.9702367978515625 0.1990692333984375 0.9647433798828124 0.20389351953125
1 0.7702631748046875 0.324179982421875 0.7683390126953125 0.3427769814453125 0.7735876259765625 0.3456819970703125 0.8259574765625 0.341923013671875 0.831693251953125 0.3440389423828125 0.84714287890625 0.34427150390625 0.8537587265625 0.34211028515625 0.8735046591796874 0.2148003984375 0.8746833916015625 0.204336220703125 0.872993015625 0.2001488359375 0.862197126953125 0.2005258369140625 0.84199951171875 0.1969847392578125 0.8179719287109375 0.2016841767578125 0.8071221826171875 0.2005189072265625 0.7896969814453125 0.2026715595703125 0.78476906640625 0.223689677734375 0.7702631748046875 0.324179982421875
1 0.6787527216796875 0.3420450283203125 0.6835411015625 0.3465102646484375 0.69077875390625 0.3474156337890625 0.711816048828125 0.3455228818359375 0.7453261435546875 0.3470549482421875 0.7607219130859375 0.345745240234375 0.7647673115234375 0.343673783203125 0.7807750791015625 0.2419729208984375 0.7852586728515625 0.2082310751953125 0.784015064453125 0.2020979013671875 0.74171158203125 0.1993287578125 0.7273843857421874 0.20175926171875 0.702627283203125 0.20030757421875 0.6960248994140625 0.202854359375 0.679296185546875 0.3281286953125 0.6787527216796875 0.3420450283203125
1 0.5900734306640625 0.3378070615234375 0.5935618994140625 0.34926637109375 0.6496380947265625 0.348466259765625 0.673733 0.345694658203125 0.675630234375 0.3263265244140625 0.680165240234375 0.30879646484375 0.6881470869140625 0.2278358681640625 0.6896379462890625 0.211570224609375 0.687244978515625 0.2020028486328125 0.675894607421875 0.201241099609375 0.6717011015625 0.199071314453125 0.6306142998046875 0.2016642099609375 0.6048559462890625 0.201019560546875 0.600797083984375 0.2027054501953125 0.5927185400390625 0.2956365908203125 0.5900734306640625 0.3378070615234375
1 0.504482337890625 0.2303892060546875 0.502352552734375 0.346274869140625 0.5107260986328125 0.3502288720703125 0.516408017578125 0.35080253125 0.5863377119140625 0.3487465693359375 0.587788177734375 0.3313242255859375 0.5897368232421875 0.3281678759765625 0.5966390791015626 0.2310313974609375 0.5966843642578125 0.2028490693359375 0.5847391171875 0.1997918671875 0.584604474609375 0.195936193359375 0.5686407578125 0.1957215830078125 0.556477634765625 0.201164818359375 0.519909927734375 0.2005116015625 0.5081127890625 0.201695642578125 0.505676982421875 0.2056410791015625 0.504482337890625 0.2303892060546875
1 0.4174873212890625 0.3480803154296875 0.4226955419921875 0.34982862890625 0.4550697431640625 0.34831205859375 0.4705732265625 0.350086890625 0.4998090322265625 0.3471357666015625 0.502709962890625 0.312291076171875 0.5025924423828125 0.2057487939453125 0.4958015595703125 0.2028976357421875 0.49312339453125 0.199902857421875 0.492988751953125 0.19604718359375 0.489836890625 0.194227060546875 0.4586389765625 0.1999489677734375 0.421624501953125 0.201241541015625 0.4129926865234375 0.2046312724609375 0.4121530068359375 0.21006512109375 0.4174873212890625 0.3480803154296875
1 0.3172373173828125 0.2041147470703125 0.318085568359375 0.2284054970703125 0.322330484375 0.2467870673828125 0.322648736328125 0.2853797158203125 0.3256769716796875 0.298399248046875 0.3294298349609375 0.3469089365234375 0.332134927734375 0.3506748486328125 0.3352598603515625 0.3517238369140625 0.41286051171875 0.3482418876953125 0.4120379541015625 0.2509891279296875 0.4077979306640625 0.2032685263671875 0.4040781220703125 0.1999240859375 0.39738148828125 0.199771900390625 0.3851241162109375 0.2025161630859375 0.353250541015625 0.203629212890625 0.3233660029296875 0.202742615234375 0.3172373173828125 0.2041147470703125
1 0.227136935546875 0.2034007451171875 0.2226178408203125 0.2066468564453125 0.2324516591796875 0.2966362587890625 0.2324088203125 0.3101490712890625 0.2398570078125 0.3465625498046875 0.245186408203125 0.351780970703125 0.2596617119140625 0.35359170703125 0.3049554833984375 0.3535541640625 0.32546522265625 0.3512937978515625 0.3268997783203125 0.3481554013671875 0.3256316865234375 0.326581576171875 0.3148957607421875 0.2107591552734375 0.3103521826171875 0.1985646171875 0.30889069921875 0.20093187890625 0.2996640087890625 0.2020261572265625 0.2959442001953125 0.198681716796875 0.27707098046875 0.2035871982421875 0.227136935546875 0.2034007451171875
1 0.1489573408203125 0.352439099609375 0.171170921875 0.354751685546875 0.1978632060546875 0.35266145703125 0.2256779189453125 0.353234296875 0.2354052353515625 0.3517364990234375 0.2361775927734375 0.3443748125 0.2285005107421875 0.3014066865234375 0.220006998046875 0.205579916015625 0.2168282080078125 0.2029886591796875 0.20601885546875 0.202980091796875 0.202974708984375 0.2042445087890625 0.13558853515625 0.2054395732421875 0.1284720615234375 0.2080043115234375 0.13895461328125 0.3018314345703125 0.1489573408203125 0.352439099609375
1 0.05193387890625 0.33034875 0.0510134140625 0.3334691943359375 0.0584101904296875 0.3536708876953125 0.064646591796875 0.3553832958984375 0.1022020859375 0.354843904296875 0.1432888876953125 0.3522510087890625 0.1446426572265625 0.3467992080078125 0.1264022373046875 0.2076905537109375 0.123751001953125 0.2054669111328125 0.1164998857421875 0.2041759755859375 0.0995753115234375 0.205925107421875 0.0388857705078125 0.207272357421875 0.03282440625 0.210572326171875 0.049013357421875 0.3204137578125 0.05193387890625 0.33034875
1 0 0.3571069912109375 0.020448322265625 0.357312771484375 0.0522949697265625 0.3554285869140625 0.0546903837890625 0.350326447265625 0.0484295 0.333173388671875 0.030294349609375 0.2118187900390625 0.0224079638671875 0.2070757001953125 0 0.207577884765625 0 0.3571069912109375
1 0 0.508727521484375 0.0003045869140625 0.517449748046875 0.003889751953125 0.516938513671875 0.01019102734375 0.5352482744140625 0.0164812861328125 0.538502953125 0.086370587890625 0.5352902890625 0.0893878056640625 0.53325473828125 0.0891993056640625 0.52785679296875 0.08532037109375 0.505216029296875 0.08058584765625 0.502293060546875 0.07958948828125 0.4737610693359375 0.0686148837890625 0.410062064453125 0.0638803603515625 0.407139095703125 0.054045330078125 0.4055523544921875 0.0083047900390625 0.4075356875 0 0.4097389169921875 0 0.508727521484375
1 0.07422948046875 0.4087078857421875 0.070237939453125 0.412321611328125 0.080267595703125 0.4637004111328125 0.08603642578125 0.510981587890625 0.092472345703125 0.5331470234375 0.0992362998046875 0.535227046875 0.1671231005859375 0.533628462890625 0.1696127646484375 0.5312252958984375 0.1685601015625 0.5158205498046875 0.1668024033203125 0.509705328125 0.162014021484375 0.5052400908203125 0.1623310390625 0.470099595703125 0.153493580078125 0.408642185546875 0.1513698984375 0.4067861572265625 0.1358664150390625 0.4050113251953125 0.1030185166015625 0.4077025498046875 0.0916546806640625 0.4065552333984375 0.07422948046875 0.4087078857421875
1 0.216699712890625 0.40566290234375 0.213507458984375 0.402686078125 0.20528201953125 0.4029733173828125 0.1959341513671875 0.4005974873046875 0.1868151748046875 0.404776306640625 0.1785358798828125 0.403521275390625 0.1734623017578125 0.4056286357421875 0.1647227734375 0.4059338271484375 0.1581203896484375 0.40848061328125 0.1561582802734375 0.4112513955078125 0.1654400615234375 0.48543253125 0.171994712890625 0.52573758984375 0.17483444921875 0.5333591767578125 0.1826535126953125 0.5361744296875 0.196046779296875 0.5364788017578125 0.2454263408203125 0.5355265048828125 0.2530972978515625 0.534100515625 0.256074123046875 0.53090826171875 0.25581830078125 0.52358248046875 0.246709109375 0.469083236328125 0.2440003369140625 0.4062536943359375 0.2413087080078125 0.4028733505859375 0.2339902705078125 0.399654576171875 0.2269949755859375 0.405689421875 0.222381630859375 0.4062365615234375 0.216699712890625 0.40566290234375
1 0.24815344921875 0.40726677734375 0.245704177734375 0.4108266474609375 0.2474435205078125 0.44589533203125 0.2596727529296875 0.5307825947265625 0.2664636357421875 0.5336337529296875 0.2798838310546875 0.5347092607421875 0.3394778701171875 0.531470078125 0.33044823046875 0.40555109375 0.3250111171875 0.397248134765625 0.3176926787109375 0.3940293603515625 0.3069641123046875 0.39633419921875 0.3060840400390625 0.400611345703125 0.3005502294921875 0.4042789287109375 0.2969112060546875 0.4032478935546875 0.2851140673828125 0.4044319345703125 0.2762668232421875 0.4016525859375 0.2618723056640625 0.40215525390625 0.24815344921875 0.40726677734375
1 0.3544084931640625 0.398923818359375 0.3466567509765625 0.39803640234375 0.3380384013671875 0.4018117001953125 0.333086001953125 0.4073891689453125 0.3336355927734375 0.4378669501953125 0.343022642578125 0.529802140625 0.3482308642578125 0.5315504541015625 0.3636670263671875 0.53139744921875 0.4171054501953125 0.5287592626953125 0.420232828125 0.5151387353515625 0.4170417861328125 0.42375925 0.4182633583984375 0.3997822587890625 0.41300128125 0.39649167578125 0.4113243681640625 0.3926898583984375 0.4004207646484375 0.3899823193359375 0.3938722392578125 0.394071375 0.3944267216796875 0.395210125 0.3767028603515625 0.40354980859375 0.35918341015625 0.4030034892578125 0.3544084931640625 0.398923818359375
1 0.4227604384765625 0.5285617861328125 0.4356934736328125 0.530426380859375 0.495868923828125 0.5290970830078126 0.49942716015625 0.527814712890625 0.50141619921875 0.52581506640625 0.5035606826171874 0.484048115234375 0.5045447900390625 0.42379187890625 0.50449337890625 0.40758009375 0.5008029453125 0.3903372724609375 0.4934441142578125 0.385961796875 0.447770896484375 0.389872966796875 0.4338231455078125 0.3884298447265625 0.4282758720703125 0.391711861328125 0.4214825419921875 0.40353021875 0.4199512900390625 0.418639158203125 0.4227604384765625 0.5285617861328125
1 0.5250728857421875 0.392578048828125 0.523638330078125 0.3957164462890625 0.5169820908203125 0.3967209619140625 0.514357783203125 0.3952684541015625 0.5133834609375 0.39684662890625 0.507214380859375 0.3970620576171875 0.50308209375 0.5145618017578125 0.50295846875 0.5257612099609374 0.5061237939453125 0.5279668994140625 0.554488640625 0.52743607421875 0.5653383857421875 0.52860134375 0.5755797919921875 0.5270855927734375 0.582114853515625 0.5226109697265625 0.5890440390625 0.426245626953125 0.5887771982421875 0.40386476171875 0.5787132744140625 0.3957233740234375 0.5732357685546875 0.3862637119140625 0.5573797666015625 0.389133642578125 0.5570137841796875 0.3933928369140625 0.548435826171875 0.3983248369140625 0.5381405634765625 0.398298318359375 0.5333117890625 0.3926763779296875 0.5250728857421875 0.392578048828125
1 0.585925232421875 0.4695907529296875 0.584431927734375 0.5005259111328125 0.584698767578125 0.522906775390625 0.5863083583984375 0.5247807548828125 0.6511914052734376 0.5256032900390625 0.659890541015625 0.524141396484375 0.6618257216796875 0.52059948046875 0.6621268291015625 0.4997429326171875 0.6726007861328125 0.4017096533203125 0.6683668876953125 0.3983831650390625 0.66428109765625 0.399297919921875 0.65805816015625 0.3979710791015625 0.653689619140625 0.3907889169921875 0.646979521484375 0.3902511640625 0.6430687666015625 0.396178294921875 0.6303107685546875 0.3993260771484375 0.5937565263671875 0.3990584287109375 0.585925232421875 0.4695907529296875
1 0.6664708876953125 0.4914844453125 0.66453570703125 0.495026361328125 0.6650179755859374 0.5235763046875 0.6840258388671875 0.5225264990234375 0.71706223828125 0.52523321875 0.7360431728515625 0.52341227734375 0.7395879453125 0.52174433984375 0.7465208095703125 0.4844426259765625 0.7558405166015625 0.4123141748046875 0.753353298828125 0.400047826171875 0.7375670634765625 0.3901760771484375 0.7267577109375 0.39016751171875 0.715663162109375 0.39673154296875 0.6955463330078125 0.3955038505859375 0.67913584765625 0.3972350302734375 0.6756045400390625 0.39928853515625 0.6659727080078125 0.47721844921875 0.6664708876953125 0.4914844453125
1 0.74433837890625 0.5103833603515625 0.7441070390625 0.518498228515625 0.7525075146484375 0.5232233662109375 0.7612201142578126 0.522147041015625 0.774126220703125 0.5232405 0.7817837119140625 0.5214289443359374 0.7936751025390625 0.5229438759765626 0.81629505859375 0.5221539697265625 0.82136863671875 0.5200466083984375 0.8400704794921875 0.40705657421875 0.8399089072265625 0.4024297646484375 0.8356346162109375 0.3979465751953125 0.8041000947265625 0.394029294921875 0.7861608037109376 0.3961998994140625 0.7619716484375 0.396272529296875 0.7584538046875 0.3987116005859375 0.74433837890625 0.5103833603515625
1 0.879359189453125 0.39719175390625 0.86803574609375 0.3972011396484375 0.859215431640625 0.3951929267578125 0.8443606806640624 0.39725581640625 0.8306295927734375 0.47571491796875 0.8263345 0.5148547080078125 0.826576857421875 0.521794921875 0.8286870751953125 0.5232653818359375 0.8786480478515625 0.5242229697265625 0.901768630859375 0.52302954296875 0.9037845966796875 0.52180103125 0.9130161796875 0.4913677216796875 0.91925991796875 0.449071583984375 0.9255954619140625 0.4241439326171875 0.927885607421875 0.4012877392578125 0.92616830078125 0.39632921875 0.9215549560546875 0.3968763583984375 0.9106648173828125 0.39455438671875 0.9073244560546875 0.3873363203125 0.9016829306640625 0.3879193642578125 0.879359189453125 0.39719175390625
1 0.9780509912109375 0.3933593232421875 0.96668715625 0.392212005859375 0.956486142578125 0.3948844599609375 0.9425787861328125 0.3945980390625 0.931823291015625 0.3961317421875 0.927546552734375 0.406318068359375 0.90780306640625 0.518958439453125 0.919220759765625 0.521648025390625 0.93000318359375 0.5208854580078125 0.9351979404296875 0.5222482041015625 0.978394958984375 0.521125767578125 0.983888376953125 0.516301482421875 0.9863670224609375 0.498843232421875 0.9905091171875 0.484801232421875 0.9944871923828125 0.4808019384765625 0.9940832626953126 0.469234916015625 0.9983600009765625 0.45904858984375 0.996044138671875 0.39273098828125 0.987764841796875 0.39147595703125 0.9834501591796875 0.385836064453125 0.9804194765625 0.387486048828125 0.9780509912109375 0.3933593232421875
1 0.031560037109375 0.5723337412109375 0.0294228916015625 0.5700921455078125 0.0093060634765625 0.568864453125 0.0021088046875 0.569115787109375 0.0064308486328125 0.6928829375 0.047097810546875 0.6930069658203125 0.0551347490234375 0.687321783203125 0.0504185810546875 0.6554453525390626 0.031560037109375 0.5723337412109375
1 0.0587872353515625 0.68873838671875 0.0635486884765625 0.6924324892578125 0.098520267578125 0.6915972919921874 0.11645955859375 0.6894266875 0.1204645634765625 0.6861985283203125 0.1218183330078125 0.6807467275390625 0.118413095703125 0.6569313076171875 0.0994333740234375 0.5703495888671875 0.0947123134765625 0.5678121884765625 0.0874881259765625 0.5672923876953125 0.0453058232421875 0.5679933505859375 0.03762140234375 0.5690337724609374 0.03410355859375 0.57147284375 0.035683775390625 0.5872452041015624 0.0587872353515625 0.68873838671875
1 0.1035730205078125 0.57097710546875 0.1088032783203125 0.6028355830078125 0.125578533203125 0.6852478701171875 0.13287004296875 0.6876955087890625 0.1462767744140625 0.688385447265625 0.1817355146484375 0.6867611630859375 0.1841713212890625 0.6828157265625 0.1827820517578125 0.6577717958984375 0.173578609375 0.6005735791015625 0.1744452177734375 0.595910865234375 0.1683483525390625 0.5687151005859375 0.16157093359375 0.566249509765625 0.145052734375 0.5648961494140625 0.114220802734375 0.5663588623046875 0.1050345048828125 0.5686098427734375 0.1035730205078125 0.57097710546875
1 0.21876955859375 0.5681124658203125 0.215617697265625 0.5662923427734375 0.188885021484375 0.5672258681640625 0.1843120693359375 0.5689297099609375 0.177817400390625 0.57456103515625 0.175421986328125 0.5796631748046875 0.1884321484375 0.686913349609375 0.1926121904296875 0.6886975673828125 0.2260145712890625 0.6871450927734375 0.24617179296875 0.68952948828125 0.2645443876953125 0.68502752734375 0.2669128720703125 0.67915425390625 0.2560335595703125 0.5887049169921875 0.255687337890625 0.578790435546875 0.2599775400390625 0.5689896767578125 0.2583275556640625 0.5659589951171875 0.2506027412109375 0.5658427138671875 0.248667560546875 0.5693846298828125 0.2389402451171875 0.5708824296875 0.229659697265625 0.5704344375 0.2228284208984375 0.5664265771484375 0.21876955859375 0.5681124658203125
1 0.290769078125 0.56637026171875 0.267147869140625 0.567967208984375 0.2587180205078125 0.577140451171875 0.2581610908203125 0.590671216796875 0.261283578125 0.6063897197265625 0.2639140107421875 0.652236341796875 0.2696448935546875 0.6836912998046875 0.27176857421875 0.685547328125 0.3031011318359375 0.6836810966796875 0.33095623828125 0.6854106376953125 0.338640658203125 0.6843702158203125 0.34315975390625 0.6811241044921875 0.340039712890625 0.6507360859375 0.3375647255859375 0.56512216015625 0.33341161328125 0.5641090771484375 0.324699013671875 0.56518540234375 0.3155665732421875 0.5689786533203125 0.305596900390625 0.56353623828125 0.290769078125 0.56637026171875
1 0.3457705966796875 0.6821910458984375 0.3545774462890625 0.68381369140625 0.382852392578125 0.68282630859375 0.4177027939453125 0.67852100390625 0.4162878076171875 0.5643032783203125 0.41417758984375 0.5628328173828125 0.4064393125 0.56233096875 0.3925858125 0.5635868193359375 0.38496871484375 0.5665550771484374 0.3730503955078125 0.5642690107421875 0.34994327734375 0.56584800390625 0.343801126953125 0.566834568359375 0.336913546875 0.5759539541015625 0.340785142578125 0.642603265625 0.3457705966796875 0.6821910458984375
1 0.4244728525390625 0.5628593369140625 0.420440919921875 0.5653163603515625 0.4195204541015625 0.5684368056640625 0.418853365234375 0.593552546875 0.4217347275390625 0.67606398046875 0.423966123046875 0.6810045478515625 0.4301890595703125 0.682331388671875 0.4692868232421875 0.6817381396484375 0.491352296875 0.679809484375 0.49416755078125 0.671990419921875 0.4930206376953125 0.653886703125 0.495856693359375 0.60244466015625 0.495901978515625 0.57426233203125 0.4939827080078125 0.5635202998046875 0.485703412109375 0.56226526953125 0.48171187109375 0.5658789951171875 0.472905021484375 0.5642563486328125 0.4693333203125 0.5651531513671875 0.4620148818359375 0.5619343779296875 0.4244728525390625 0.5628593369140625
1 0.4958444638671875 0.6757922373046875 0.497494447265625 0.678822919921875 0.5006193798828125 0.6798719072265625 0.5669908388671875 0.6790983154296875 0.569994591796875 0.6766771962890625 0.573118291015625 0.6039930400390625 0.57091626953125 0.585154091796875 0.5734891650390626 0.570394814453125 0.5633444560546875 0.559940021484375 0.531971505859375 0.5606495517578125 0.51508732421875 0.5635553857421876 0.5059818125 0.568119771484375 0.500151787109375 0.56330487109375 0.4991505361328125 0.5641119111328124 0.4958065166015625 0.6599660205078125 0.4958444638671875 0.6757922373046875
1 0.6103689970703124 0.5652465654296875 0.6031044169921875 0.5635700625 0.5978423388671875 0.5602794794921875 0.5772518134765625 0.56022644140625 0.574207666015625 0.5614908583984375 0.5757450439453125 0.59077603125 0.573385130859375 0.626373904296875 0.5731733818359375 0.6792684541015624 0.581980232421875 0.6808911005859375 0.6431030771484375 0.6772124931640625 0.64555234765625 0.6736526240234375 0.646679669921875 0.64697666015625 0.650024923828125 0.6248556962890625 0.6528879091796875 0.5741847890625 0.65161737109375 0.5672804794921875 0.6456661669921875 0.55899547265625 0.6399573203125 0.5576506796875 0.6245480869140625 0.5585748193359374 0.6185405791015625 0.563417056640625 0.6144143955078125 0.563175109375 0.6103689970703124 0.5652465654296875
1 0.687307451171875 0.5575413271484375 0.65080706640625 0.5588159482421875 0.6537006591796874 0.5679798046875 0.65385978515625 0.5872761298828125 0.6466882421875 0.6767012587890625 0.651909927734375 0.678835138671875 0.679724640625 0.679407978515625 0.7007350068359375 0.6767440927734375 0.7161846328125 0.676976654296875 0.7196755478515625 0.6737664482421875 0.7227086767578125 0.6574469482421875 0.7265594482421875 0.60558343359375 0.731460435546875 0.5837941796875 0.7303404521484375 0.56646159765625 0.7223463525390625 0.558633966796875 0.71606955859375 0.5557648564453125 0.6909868662109375 0.559729064453125 0.687307451171875 0.5575413271484375
1 0.7891241865234375 0.5547578828125 0.7840371435546875 0.5564796767578125 0.778314833984375 0.55474931640625 0.7742559716796875 0.5564352060546875 0.7510680673828125 0.555700794921875 0.725931517578125 0.5581227333984375 0.7319231142578125 0.5675644423828125 0.7328680625 0.5798846484375 0.727235109375 0.610192291015625 0.725389287109375 0.6457722109375 0.7212447470703125 0.6744837265625 0.723381892578125 0.6767253203125 0.7301323828125 0.67841977734375 0.76866219921875 0.6763022099609375 0.7933789091796875 0.676597197265625 0.795882037109375 0.67457959765625 0.7997707548828125 0.63854230078125 0.8029519912109375 0.62646404296875 0.809766123046875 0.5710227060546875 0.80860330078125 0.5672029365234375 0.7990265380859375 0.5582724619140625 0.7891241865234375 0.5547578828125
1 0.7985626474609375 0.662904859375 0.7995345244140625 0.675996201171875 0.8628618349609375 0.676487025390625 0.869531541015625 0.675868076171875 0.87306284765625 0.6738145732421875 0.891355869140625 0.5785965458984375 0.8915333505859375 0.5689394072265626 0.8866776474609375 0.56254633203125 0.8773163154296875 0.5597849365234375 0.874137525390625 0.5571936796875 0.8576327900390625 0.55622588671875 0.8461061591796875 0.5577865185546875 0.8375428896484375 0.555769328125 0.8159511123046875 0.5565233291015625 0.811445482421875 0.5601550087890625 0.8069594423828125 0.6085663681640625 0.7985626474609375 0.662904859375
1 0.887043630859375 0.5582871376953125 0.8925749951171875 0.5692890703125 0.8939128544921875 0.5781212158203125 0.89024445703125 0.5909885615234375 0.89146113671875 0.5963506015625 0.885424255859375 0.615091220703125 0.88209001953125 0.6522672666015625 0.875606369140625 0.67295367578125 0.8824511103515625 0.677347103515625 0.9246872705078125 0.67818841015625 0.950364837890625 0.676519654296875 0.9532608779296875 0.67101399609375 0.9738391513671875 0.5822788056640625 0.97436915234375 0.56797690625 0.9517247119140625 0.5533261611328125 0.8956754453125 0.554897408203125 0.887043630859375 0.5582871376953125
1 1 0.554285146484375 0.9790387998046876 0.5543025205078125 0.9718819345703125 0.555710556640625 0.9683640908203125 0.55814962890625 0.9690128232421875 0.5619873505859375 0.9764255107421875 0.5679050966796875 0.97618070703125 0.5756343974609375 0.9542352001953125 0.6694358212890625 0.95385575390625 0.6733094482421875 0.95911783203125 0.6766000302734375 0.987460099609375 0.6775404853515625 1 0.675262244140625 1 0.554285146484375
1 0.013784787109375 0.7265974443359375 0.0148239853515625 0.7416166220703125 0.024624748046875 0.7864407744140625 0.05556439453125 0.7880626015625 0.0606649013671875 0.7867263759765625 0.0626270107421875 0.78395559375 0.0508127265625 0.7256904375 0.0399495166015625 0.7241396015625 0.013784787109375 0.7265974443359375
1 0.10516183203125 0.778609869140625 0.094537298828125 0.7249356171875 0.0919129921875 0.723483109375 0.0816177294921875 0.72345658984375 0.053951123046875 0.7271249921875 0.0588288623046875 0.7636282333984376 0.0653186396484375 0.787335939453125 0.0735979345703125 0.7885909697265625 0.0992755029296875 0.7869222138671875 0.103767669921875 0.7829049677734375 0.10516183203125 0.778609869140625
1 0.1478716884765625 0.7782765205078125 0.150334423828125 0.77510221875 0.1474028837890625 0.75011214453125 0.1400465 0.7310671533203125 0.140264375 0.722566716796875 0.1350292255859375 0.7200472685546875 0.0985423046875 0.7217074580078126 0.097756482421875 0.7286835771484375 0.1067983525390625 0.7812549833984375 0.1084079423828125 0.783128962890625 0.1397674296875 0.7820338662109375 0.1478716884765625 0.7782765205078125
1 0.1634155654296875 0.7812080546875 0.1844932529296875 0.780472005859375 0.188552115234375 0.7787861171875 0.1905007607421875 0.775629767578125 0.18402933984375 0.7229685986328125 0.1808370859375 0.7199917734375 0.1766974384765625 0.7193642587890625 0.167813646484375 0.7204465625 0.1540236240234375 0.7186118955078125 0.1478680087890625 0.719212890625 0.144850791015625 0.721248443359375 0.154487537109375 0.7761153017578125 0.1571791650390625 0.7794956474609375 0.1634155654296875 0.7812080546875
1 0.225724482421875 0.7230567236328125 0.220502796875 0.720922841796875 0.1871273447265625 0.7232464521484375 0.1888262939453125 0.757158435546875 0.192799478515625 0.782498171875 0.1985621806640625 0.7853852353515625 0.22992166796875 0.7842901376953125 0.2319107060546875 0.7822904912109375 0.2315740986328125 0.7726513046875 0.225724482421875 0.7230567236328125
1 0.2401630732421875 0.78277438671875 0.2525416240234375 0.7835002314453124 0.264879783203125 0.7830693740234375 0.2704809140625 0.781329626953125 0.2724430244140625 0.778558845703125 0.2722410595703125 0.772775333984375 0.2673523017578125 0.721217009765625 0.262658171875 0.719450744140625 0.2297833447265625 0.721370833984375 0.227780841796875 0.7229849140625 0.228184771484375 0.7345519375 0.2333856533203125 0.7803087958984375 0.2401630732421875 0.78277438671875
1 0.27771856640625 0.78223499609375 0.3090511240234375 0.7803687626953125 0.3120952705078125 0.7791043466796875 0.3106766259765625 0.767958794921875 0.3121809482421875 0.7520787197265625 0.3093546767578125 0.7448427001953125 0.307410923828125 0.71866001953125 0.3047596884765625 0.716436376953125 0.2698823583984375 0.7199705458984375 0.2683804814453125 0.72118110546875 0.2707281640625 0.7589308095703124 0.2750673310546875 0.780011353515625 0.27771856640625 0.78223499609375
1 0.316816330078125 0.78164174609375 0.3491770673828125 0.7797396103515625 0.3516532666015625 0.7769508759765625 0.34692852734375 0.715349845703125 0.3140133076171875 0.7161132333984375 0.3100083017578125 0.7193413916015625 0.3136375400390625 0.7790504892578125 0.316816330078125 0.78164174609375
1 0.3490926015625 0.718362576171875 0.3505602109375 0.760389427734375 0.354264109375 0.7780178154296875 0.3574025068359375 0.77945237109375 0.389736314453125 0.776779099609375 0.387757060546875 0.7201006845703125 0.380330908203125 0.7137973720703125 0.352570052734375 0.714766802734375 0.3490926015625 0.718362576171875
1 0.4246809658203125 0.775172767578125 0.4265892177734375 0.7708597158203125 0.425415376953125 0.75198486328125 0.4279748076171875 0.7368400185546875 0.4251913759765625 0.716091185546875 0.4219991220703125 0.7131143603515625 0.4014893818359375 0.7153747275390625 0.3911537255859375 0.714191505859375 0.3897057060546875 0.7169443349609375 0.390416869140625 0.7520489248046875 0.39432273046875 0.7754608251953125 0.4098127509765625 0.77685008984375 0.4246809658203125 0.775172767578125
1 0.4657273740234375 0.771423169921875 0.4669942314453125 0.719263849609375 0.46683266015625 0.7146370400390625 0.464695513671875 0.7123954443359375 0.4374352841796875 0.71296135546875 0.4302784169921875 0.7143693916015625 0.428187791015625 0.7576786123046875 0.428185345703125 0.7723481279296875 0.4313775986328125 0.775324953125 0.4524552861328125 0.774588904296875 0.46219606640625 0.773476673828125 0.4657273740234375 0.771423169921875
1 0.4927293369140625 0.7782009921875 0.5147948115234375 0.7762723359375 0.5206027998046875 0.7509770712890625 0.5202980126953125 0.7127699892578125 0.516645525390625 0.7113533857421875 0.4822418935546875 0.713712900390625 0.47086459375 0.712180015625 0.46888901953125 0.71456523046875 0.4679122509765625 0.730812919921875 0.4672451611328125 0.755928662109375 0.4694337177734375 0.7743820419921875 0.47312659765625 0.77695534765625 0.4927293369140625 0.7782009921875
1 0.525546626953125 0.7156750048828125 0.523323802734375 0.74045903515625 0.5256066103515625 0.7616113876953124 0.5312187607421875 0.774926724609375 0.570790220703125 0.7731588203125 0.57447208203125 0.76067704296875 0.5758197255859375 0.7108311279296875 0.5294977744140625 0.7109045751953125 0.525546626953125 0.7156750048828125
1 0.6228748759765625 0.7759724365234375 0.627367041015625 0.7719551904296875 0.6300072587890625 0.7591237490234375 0.6314626171875 0.7123623740234375 0.626741556640625 0.7098249736328125 0.615391185546875 0.709063224609375 0.5933122470703125 0.7106063134765624 0.584532326171875 0.7097548017578125 0.5800266953125 0.71338648046875 0.577343638671875 0.7397307333984375 0.5800438388671875 0.772835677734375 0.5863206337890625 0.7757047880859375 0.6228748759765625 0.7759724365234375
1 0.6613508349609375 0.772312599609375 0.6649898564453125 0.7733436357421875 0.6695762734375 0.772025361328125 0.67836966015625 0.7732624404296875 0.6813060908203125 0.7689134833984375 0.684901041015625 0.7097241875 0.68279082421875 0.7082537275390625 0.67039880859375 0.7071423154296875 0.6462365810546875 0.7079860791015625 0.63446637109375 0.7099412548828125 0.632079529296875 0.7447679921875 0.6323732978515625 0.7679199912109375 0.6361873564453125 0.7739634033203125 0.6613508349609375 0.772312599609375
1 0.708845228515625 0.771426134765625 0.726747970703125 0.7731171826171875 0.7297786533203126 0.7714671982421875 0.7326477626953125 0.7651904052734375 0.7340309072265625 0.74584022265625 0.7372525361328125 0.73491866796875 0.737879232421875 0.7086462236328125 0.73472737109375 0.7068261015625 0.7244051796875 0.706028447265625 0.6894201357421875 0.706478076171875 0.686036935546875 0.7127728232421875 0.682942611328125 0.7715585986328125 0.68506629296875 0.7734146259765625 0.708845228515625 0.771426134765625
1 0.7417373642578124 0.7749099677734375 0.744402064453125 0.777519177734375 0.7798877333984375 0.7766660283203125 0.7844606865234375 0.7749621875 0.7869099560546875 0.771402318359375 0.788400814453125 0.7551366748046875 0.791635908203125 0.7446006875 0.794388732421875 0.705514755859375 0.7583620439453125 0.70561472265625 0.7419919521484375 0.7085026044921875 0.7401240927734375 0.7139723583984375 0.740417861328125 0.737124357421875 0.73765646484375 0.74648569140625 0.7381815732421875 0.7615228212890625 0.7417373642578124 0.7749099677734375
1 0.7901450498046875 0.7608663291015625 0.7920373916015625 0.7708372255859375 0.795716806640625 0.77302496484375 0.8055114443359375 0.7734550029296875 0.8307153154296875 0.77296090234375 0.8347876416015625 0.7716605810546875 0.8415295595703125 0.7436304375 0.842223578125 0.7192858310546875 0.8459862255859375 0.7091174580078125 0.84535095703125 0.7056653037109375 0.8144517041015625 0.7052001787109375 0.7969995751953125 0.7065816953125 0.7935600712890625 0.7260036875 0.793557625 0.740673203125 0.7901450498046875 0.7608663291015625
1 0.844589208984375 0.757549498046875 0.842811115234375 0.765589830078125 0.8440681884765625 0.7721085712890625 0.8734790302734375 0.77416982421875 0.8827326484375 0.7738466806640625 0.8862774208984375 0.7721787431640625 0.88874015625 0.76900444140625 0.8959153779296875 0.73864294140625 0.90039897265625 0.70490109765625 0.895190751953125 0.7031527841796875 0.84999123046875 0.7058892998046875 0.845701029296875 0.7156900576171875 0.8431685263671875 0.7316060380859375 0.842070578125 0.74438362109375 0.844589208984375 0.757549498046875
1 0.9012533505859375 0.7735859609375 0.930596869140625 0.7737193759765625 0.941352365234375 0.7721856728515625 0.945696423828125 0.76392718359375 0.9475936572265625 0.7445590498046875 0.9575033486328125 0.70406508203125 0.955406595703125 0.702980189453125 0.91578127734375 0.7032058232421875 0.9055398720703125 0.7047215732421875 0.9002888125 0.7164860732421875 0.895318056640625 0.751017005859375 0.895086716796875 0.7591318740234375 0.898575185546875 0.77059118359375 0.9012533505859375 0.7735859609375
1 1 0.70347691015625 0.9810841630859375 0.70131143359375 0.966703109375 0.70219966796875 0.96062828125 0.7051140693359375 0.9532241650390625 0.7289209228515625 0.94813223046875 0.7599817470703125 0.9478739619140625 0.7673254814453125 0.952080931640625 0.769880833984375 0.986578814453125 0.7702202919921874 0.9936548955078125 0.7664988505859375 0.9976623466796875 0.7486011767578125 1 0.742507794921875 1 0.70347691015625
1 0.0450794189453125 0.871040798828125 0.049084423828125 0.8678126396484375 0.0408663232421875 0.82409133203125 0.035644638671875 0.8219574521484375 0.015081041015625 0.822675548828125 0.0110221787109375 0.8243614375 0.011937751953125 0.8505800234375 0.0198082275390625 0.8696070625 0.02454275 0.87253003125 0.0450794189453125 0.871040798828125
1 0.085840630859375 0.8738637998046875 0.088236044921875 0.8687616611328125 0.0878725087890625 0.85835133984375 0.078908978515625 0.822762853515625 0.0680323037109375 0.82082644921875 0.0598607216796875 0.8226559580078125 0.0423816640625 0.8232663408203125 0.0484087626953125 0.863203783203125 0.0544811455078125 0.8749588974609375 0.0586342578125 0.87597198046875 0.06989037890625 0.8740347568359375 0.085840630859375 0.8738637998046875
1 0.1174522587890625 0.82103085546875 0.1137863076171875 0.8192286845703125 0.1050333154296875 0.8191483076171875 0.0845235751953125 0.8214086748046875 0.0820204462890625 0.8234262744140625 0.0901846904296875 0.8656053115234374 0.0945397666015625 0.87240190625 0.097150609375 0.8734688466796875 0.125412091796875 0.872095896484375 0.1278748271484375 0.868921595703125 0.1174522587890625 0.82103085546875
1 0.1539257158203125 0.8189850986328125 0.14053244921875 0.8186807265625 0.1221598544921875 0.8231826875 0.12415746484375 0.850907638671875 0.129430560546875 0.8692533046875 0.139305984375 0.8719967490234375 0.1644963916015625 0.871117080078125 0.1658636240234375 0.8660508466796875 0.158633310546875 0.8211369306640625 0.1539257158203125 0.8189850986328125
1 0.2045819404296875 0.8693312236328125 0.205976103515625 0.865036125 0.19816437890625 0.818212326171875 0.1929696220703125 0.816849580078125 0.181659642578125 0.817244533203125 0.165249158203125 0.818975712890625 0.1632601201171875 0.820975359375 0.167771876953125 0.861737794921875 0.17058468359375 0.8685882470703125 0.173750009765625 0.8707939365234375 0.179946017578125 0.8713496435546875 0.2045819404296875 0.8693312236328125
1 0.236707658203125 0.8164803271484375 0.223300927734375 0.8157903876953125 0.2027911875 0.81805075390625 0.2032734560546875 0.846600697265625 0.2065305859375 0.8661748759765625 0.208708125 0.8695731728515625 0.2128477734375 0.8702006884765625 0.2430713642578125 0.8660569560546875 0.24384372265625 0.85869526953125 0.236707658203125 0.8164803271484375
1 0.2403062880859375 0.81635466015625 0.242979560546875 0.84868846875 0.247805888671875 0.868979923828125 0.2545429140625 0.8702888125 0.2826966826171875 0.865831322265625 0.2845510771484375 0.8599760009765625 0.277834853515625 0.8150441337890625 0.273681740234375 0.81403105078125 0.2403062880859375 0.81635466015625
1 0.3209706767578125 0.856387974609375 0.317796779296875 0.824457685546875 0.31486279296875 0.8141371279296875 0.3029714033203125 0.8126221953125 0.279891212890625 0.81497232421875 0.28257794921875 0.8476917001953125 0.2872427060546875 0.8633563466796875 0.3093755009765625 0.86335552734375 0.31601827734375 0.861965443359375 0.3195495859375 0.8599119384765626 0.3209706767578125 0.856387974609375
1 0.31847488671875 0.81439702734375 0.3225802685546875 0.8582619541015625 0.3262731474609375 0.860835259765625 0.3366088037109375 0.8620184814453125 0.3576864912109375 0.861282431640625 0.3549618076171875 0.8127368388671875 0.34976705078125 0.81137409375 0.3204639248046875 0.812397380859375 0.31847488671875 0.81439702734375
1 0.393185625 0.8608148505859375 0.3961489853515625 0.8572370283203125 0.396124501953125 0.84179637890625 0.392476908203125 0.8110407451171875 0.3775144423828125 0.810019095703125 0.35751879296875 0.812261509765625 0.3602434765625 0.860807103515625 0.393185625 0.8608148505859375
1 0.4311548310546875 0.813164419921875 0.425338271484375 0.808735087890625 0.4222402666015625 0.8084572353515626 0.4128373173828125 0.81187389453125 0.394046107421875 0.8117580224609375 0.3982053447265625 0.85716521875 0.402939869140625 0.8600881875 0.427629650390625 0.8596120390625 0.43162119140625 0.8559983125 0.4334755849609375 0.850142990234375 0.4311548310546875 0.813164419921875
1 0.43486117578125 0.81612329296875 0.4359358740234375 0.861638205078125 0.4710151689453125 0.8638875478515625 0.4732404384765625 0.824434 0.471267310546875 0.81214969921875 0.4671007333984375 0.810751048828125 0.4398539677734375 0.81170252734375 0.43579510546875 0.813388416015625 0.43486117578125 0.81612329296875
1 0.512381041015625 0.8103279384765625 0.5092561083984375 0.809278951171875 0.4794658212890625 0.811091326171875 0.47742292578125 0.811548703125 0.4760422275390625 0.8162293701171875 0.4750764765625 0.847532142578125 0.477089998046875 0.860973146484375 0.47972776953125 0.8628112216796875 0.508950109375 0.859474529296875 0.511385916015625 0.8555290927734375 0.512381041015625 0.8103279384765625
1 0.55102958984375 0.8263499951171875 0.5499096064453125 0.809017412109375 0.546784673828125 0.8079684248046874 0.5169674580078125 0.8090096650390625 0.514031025390625 0.81335862109375 0.5122525234375 0.85086637890625 0.5140506162109375 0.858138302734375 0.5171890126953125 0.8595728583984374 0.5326386396484375 0.859805419921875 0.5485215693359375 0.857706625 0.55102958984375 0.8263499951171875
1 0.5840072392578125 0.8568534765625 0.58652383203125 0.8552214443359375 0.5865177060546874 0.810827330078125 0.5843536318359375 0.8078146005859375 0.5673482705078124 0.807250328125 0.5524935205078125 0.8093132177734375 0.552235251953125 0.8166569521484375 0.5545205048828125 0.8231397880859375 0.54997203515625 0.8402842802734375 0.5498349462890625 0.8510981220703125 0.552079806640625 0.8564242568359375 0.5629430166015625 0.85797509375 0.5840072392578125 0.8568534765625
1 0.023305267578125 0.910790970703125 0.0203957646484375 0.9159110615234375 0.0143478642578125 0.91959659765625 0.01555965234375 0.9542976669921875 0.01998205078125 0.963022099609375 0.0247300390625 0.9663306357421875 0.031480529296875 0.9680250908203125 0.09361808984375 0.96392501171875 0.114628455078125 0.961261125 0.12120391015625 0.9579432041015625 0.1169504208984375 0.90983703515625 0.1142722568359375 0.9068422568359376 0.07616228125 0.9062428994140626 0.0587640078125 0.909166685546875 0.0355761044921875 0.9084322744140625 0.023305267578125 0.910790970703125
1 0.1202638544921875 0.916283966796875 0.1208562841796875 0.9332489345703125 0.12564221875 0.9523836884765625 0.132363333984375 0.9679765244140625 0.19356696484375 0.9666113212890625 0.210807509765625 0.9640790810546875 0.236196037109375 0.963964568359375 0.237361306640625 0.9531148232421875 0.2308739755859375 0.9147376025390626 0.2340821396484375 0.9034304794921875 0.2206484794921875 0.9019694052734375 0.1851628095703125 0.9028225537109374 0.1682382353515625 0.9045716865234374 0.1626640322265625 0.9070825673828125 0.1296410986328125 0.9047614150390625 0.12406689453125 0.907272296875 0.1202638544921875 0.916283966796875
1 0.2333636396484375 0.912334435546875 0.234429765625 0.928124748046875 0.241283078125 0.9622427744140625 0.243406759765625 0.964098802734375 0.25945126171875 0.9666268173828125 0.3005111357421875 0.963262787109375 0.3196671064453125 0.9664542216796875 0.3221971630859375 0.9652077568359375 0.3335340693359375 0.965583939453125 0.3447632626953125 0.9628755810546875 0.34564578125 0.9439289189453125 0.34123929296875 0.9209205390625 0.3447730458984375 0.9041975185546876 0.3425012587890625 0.89810025 0.24067105859375 0.9004981259765625 0.2371666787109375 0.903322765625 0.2333636396484375 0.912334435546875
1 0.43390155078125 0.8918201806640625 0.42627098828125 0.89440287109375 0.3933019111328125 0.8936239892578125 0.3784875537109375 0.8968435810546875 0.3665961630859375 0.8953286494140625 0.35170101953125 0.8962348369140625 0.3471819248046875 0.8994809482421875 0.3424988125 0.9127697646484375 0.3422944013671875 0.9216557685546874 0.347446318359375 0.936531328125 0.348768267578125 0.959647421875 0.352582326171875 0.9656908349609375 0.36400001953125 0.9683804208984375 0.3850103837890625 0.9657165341796875 0.3928698408203125 0.969688490234375 0.401609369140625 0.969383298828125 0.4298169951171875 0.966468080078125 0.449365876953125 0.966171455078125 0.4539522919921875 0.9648531806640624 0.45744320703125 0.9616429736328125 0.4569768486328125 0.91880908203125 0.455735685546875 0.898006392578125 0.453477361328125 0.8922946904296875 0.43390155078125 0.8918201806640625
1 0.62267169921875 0.8585915849609375 0.626176078125 0.8557669462890625 0.628145525390625 0.8089876171875 0.6167682255859375 0.8074547333984375 0.591090658203125 0.8091234892578125 0.5878017080078125 0.81811720703125 0.5891212099609375 0.8559028173828125 0.62267169921875 0.8585915849609375
1 0.6641587490234375 0.8085020830078125 0.6614940498046875 0.805892873046875 0.6434874384765625 0.806135640625 0.6297147236328124 0.8097048955078125 0.626259310546875 0.8434108349609375 0.626041435546875 0.8519112705078125 0.6282862958984375 0.85723740625 0.6566150986328125 0.8577922919921875 0.6622027666015625 0.8556669794921875 0.6646569287109375 0.8227680791015625 0.6641587490234375 0.8085020830078125
1 0.671036544921875 0.858060759765625 0.6977692216796875 0.857127234375 0.7014131357421876 0.8288192392578125 0.701687314453125 0.807191556640625 0.667202896484375 0.8072376669921875 0.665227322265625 0.809622880859375 0.6647597509765625 0.8551916494140624 0.671036544921875 0.858060759765625
1 0.7078025361328125 0.8054338583984375 0.704271228515625 0.8074873623046875 0.6999088125 0.844699314453125 0.7013813154296875 0.8573871357421875 0.7153290654296875 0.8588302568359375 0.7353381796875 0.85697341015625 0.7396712197265625 0.8336598388671875 0.7402305947265625 0.8054595576171875 0.72012723046875 0.8046174326171875 0.7078025361328125 0.8054338583984375
1 0.775154443359375 0.8474762060546875 0.7769060166015626 0.8091973134765625 0.7746880849609376 0.8046423134765625 0.743842689453125 0.805719458984375 0.740282005859375 0.82167134375 0.7378817001953125 0.856112513671875 0.7430899208984375 0.857860826171875 0.7542921845703126 0.8543813330078125 0.7676854521484375 0.8546857060546875 0.770729599609375 0.8534212890625 0.775154443359375 0.8474762060546875
1 0.8162412451171875 0.844883310546875 0.81898060546875 0.805411810546875 0.814259544921875 0.80287441015625 0.7880544228515625 0.80417555078125 0.782967380859375 0.8058973447265625 0.77950339453125 0.8098786865234375 0.7776465537109375 0.8304035234375 0.77769796484375 0.84661530859375 0.780429986328125 0.85115235546875 0.808718396484375 0.850550541015625 0.813791974609375 0.8484431787109376 0.8162412451171875 0.844883310546875
1 0.83604594921875 0.851912466796875 0.8504270029296875 0.8510242314453125 0.8590588173828125 0.847634501953125 0.861914462890625 0.8409721396484375 0.85891315625 0.828723744140625 0.8608214072265625 0.8244106923828125 0.86213723046875 0.8031326728515625 0.857443099609375 0.8013664072265625 0.825109291015625 0.8040396796875 0.82113121484375 0.80803897265625 0.8198986240234375 0.8169608818359375 0.8199610537109375 0.84822775 0.82571029296875 0.8507292451171875 0.83604594921875 0.851912466796875
1 0.868312435546875 0.8473113583984375 0.8887952470703125 0.8442798564453124 0.892477109375 0.8317980791015624 0.89610755859375 0.803104515625 0.8924146796875 0.8005312109375 0.8687665419921875 0.801357021484375 0.8606622822265625 0.8051143671875 0.86023999609375 0.8225008076171875 0.8566119921875 0.8365248544921875 0.8619952490234375 0.843285544921875 0.861088248046875 0.846791556640625 0.868312435546875 0.8473113583984375
1 0.9017221552734375 0.8017503369140625 0.89701211328125 0.81426801953125 0.8936668603515625 0.8363889833984375 0.8939092177734375 0.843329197265625 0.9012276552734375 0.846547970703125 0.9136331357421875 0.8480449501953125 0.931031408203125 0.8451211630859375 0.9382898623046875 0.8024035517578125 0.9320265322265625 0.7999200087890626 0.9017221552734375 0.8017503369140625
1 0.94447853125 0.8469678046875 0.9655292900390625 0.84546062109375 0.97201538671875 0.8101046962890625 0.9744242646484375 0.805388125 0.9737620673828125 0.8011648349609375 0.970637134765625 0.80011584765625 0.9423621884765625 0.80110323046875 0.939398828125 0.804681052734375 0.936217591796875 0.8167593095703125 0.93322485546875 0.83423551171875 0.934616572265625 0.8446099287109375 0.93776843359375 0.8464300517578125 0.94447853125 0.8469678046875
1 1 0.8003584853515625 0.9881027275390625 0.7991198984375 0.9763594453125 0.801846208984375 0.96834454296875 0.8376415576171875 0.96803241796875 0.843443021484375 0.9722797802734375 0.847155076171875 0.991408822265625 0.849575376953125 1 0.8492753662109375 1 0.8003584853515625
1 0.6785788671875 0.9119094296875 0.675394005859375 0.888287826171875 0.6486335234375 0.8895747744140625 0.568735876953125 0.8909542802734375 0.5736775927734376 0.9148005869140625 0.57349521875 0.9537967568359375 0.5762137763671875 0.9579482373046875 0.6657058173828125 0.95598121875 0.6743645595703125 0.9533626220703125 0.67709902734375 0.9432301552734375 0.6785788671875 0.9119094296875
1 0.74563223046875 0.94540258984375 0.7693207607421875 0.9457334814453126 0.781104435546875 0.944163873046875 0.7868744775390625 0.9030423896484375 0.7864974775390625 0.8922465009765626 0.783765455078125 0.887709453125 0.763729412109375 0.8887951650390625 0.7523521123046875 0.88726228125 0.723035521484375 0.887900001953125 0.6922305185546875 0.8901338486328125 0.675925388671875 0.890032689453125 0.6777829384765625 0.9432259599609375 0.69718659765625 0.943620009765625 0.74563223046875 0.94540258984375
1 0.7888745341796874 0.9160978251953125 0.78657337109375 0.9238989365234375 0.787679890625 0.9408459521484375 0.828494958984375 0.9452112236328125 0.86768697265625 0.9473169462890625 0.88876466015625 0.9465808974609375 0.892242111328125 0.9429851240234375 0.8995250478515625 0.9157081630859375 0.9003941015625 0.89637593359375 0.895837060546875 0.8837958271484375 0.8911294658203125 0.881643994140625 0.87618046484375 0.881007912109375 0.8695646162109375 0.8831691298828125 0.8556168671875 0.8817260087890625 0.806764859375 0.8830459208984375 0.7929248232421875 0.884687337890625 0.79002878515625 0.89019299609375 0.7888745341796874 0.9160978251953125
1 0.56289896484375 0.95989056640625 0.5674180595703125 0.956644455078125 0.5691182216796875 0.90215377734375 0.5640740185546875 0.8903627587890625 0.5362458408203125 0.8894043515625 0.51727837109375 0.891610861328125 0.491479623046875 0.889809509765625 0.4621899619140625 0.891218365234375 0.458739439453125 0.8955852744140625 0.46002712109375 0.961938779296875 0.4621777314453125 0.9645659423828125 0.556242724609375 0.96089508203125 0.56289896484375 0.95989056640625
1 0.9038776787109375 0.9371742734375 0.91326594140625 0.9407068046875 0.9554617080078125 0.9403914091796876 0.9614153583984375 0.934006900390625 0.966545240234375 0.9187722939453125 0.9683078310546875 0.895548484375 0.966700685546875 0.8790049892578125 0.9630481982421875 0.8775883857421874 0.9434858525390625 0.877499443359375 0.9034003017578125 0.879285298828125 0.8999228505859375 0.8828810732421875 0.902171041015625 0.903042130859375 0.9005373173828125 0.92995620703125 0.9038776787109375 0.9371742734375
1 1 0.875932400390625 0.9856412275390625 0.876027345703125 0.97231528125 0.877650810546875 0.9699064033203125 0.882367380859375 0.9699847431640625 0.89935030078125 0.970453548828125 0.927514677734375 0.9743214638671875 0.935100359375 0.982207849609375 0.939843451171875 0.9879032314453124 0.9408026767578125 1 0.93986531640625 1 0.875932400390625
0 0.9599609375 0.1416015625 0.982421875 0.1416015625 0.9873046875 0.1435546875 0.98828125 0.171875 0.970703125 0.1728515625 0.9462890625 0.1708984375 0.939453125 0.1728515625 0.9326171875 0.1708984375 0.9345703125 0.1435546875 0.958984375 0.1416015625
0 0.978515625 0.775390625 0.9892578125 0.77734375 0.98828125 0.796875 0.9814453125 0.7998046875 0.953125 0.80078125 0.9423828125 0.798828125 0.943359375 0.7783203125 0.9599609375 0.775390625 0.9775390625 0.775390625
0 0.4228515625 0.970703125 0.4248046875 0.970703125 0.4267578125 0.9775390625 0.4267578125 0.9853515625 0.4228515625 0.9892578125 0.384765625 0.9892578125 0.380859375 0.986328125 0.3798828125 0.98046875 0.380859375 0.9736328125 0.421875 0.970703125
0 0.3310546875 0.7900390625 0.3408203125 0.7890625 0.349609375 0.7919921875 0.349609375 0.810546875 0.3193359375 0.8125 0.3046875 0.8125 0.3017578125 0.80859375 0.3017578125 0.794921875 0.302734375 0.79296875 0.326171875 0.7919921875 0.330078125 0.7900390625
0 0.7919921875 0.8662109375 0.814453125 0.8642578125 0.8359375 0.865234375 0.8349609375 0.8798828125 0.814453125 0.8828125 0.7939453125 0.8828125 0.7900390625 0.880859375 0.7919921875 0.8671875
0 0.0732421875 0.8837890625 0.076171875 0.888671875 0.076171875 0.9033203125 0.0595703125 0.90625 0.0302734375 0.9052734375 0.02734375 0.8984375 0.0283203125 0.88671875 0.03125 0.884765625 0.0537109375 0.884765625 0.05859375 0.88671875 0.072265625 0.8837890625
0 0.5224609375 0.869140625 0.5615234375 0.869140625 0.5634765625 0.87109375 0.5634765625 0.8857421875 0.5576171875 0.888671875 0.5205078125 0.888671875 0.5166015625 0.8837890625 0.5166015625 0.873046875 0.517578125 0.8701171875 0.521484375 0.8701171875
0 0.6708984375 0.8671875 0.6708984375 0.880859375 0.66796875 0.8857421875 0.6474609375 0.88671875 0.6259765625 0.8857421875 0.6240234375 0.8837890625 0.625 0.8681640625 0.646484375 0.8662109375 0.669921875 0.8671875
0 0.3623046875 0.8740234375 0.3701171875 0.876953125 0.37109375 0.890625 0.3671875 0.8935546875 0.33984375 0.896484375 0.32421875 0.89453125 0.3212890625 0.8876953125 0.322265625 0.876953125 0.3388671875 0.8740234375 0.361328125 0.8740234375
0 0.7763671875 0.958984375 0.8095703125 0.9599609375 0.810546875 0.9736328125 0.80859375 0.978515625 0.7890625 0.9794921875 0.7685546875 0.9794921875 0.765625 0.9775390625 0.7646484375 0.9619140625 0.775390625 0.958984375
0 0.4189453125 0.7861328125 0.421875 0.7890625 0.421875 0.7978515625 0.4189453125 0.80859375 0.416015625 0.8115234375 0.373046875 0.80859375 0.37109375 0.7958984375 0.3740234375 0.7890625 0.3818359375 0.787109375 0.41796875 0.7861328125
0 0.173828125 0.880859375 0.17578125 0.8857421875 0.17578125 0.8994140625 0.171875 0.9013671875 0.14453125 0.9013671875 0.138671875 0.9033203125 0.134765625 0.9033203125 0.1279296875 0.8984375 0.1279296875 0.8828125 0.1728515625 0.880859375
0 0.68701171875 0.79296875 0.0498046875 0.0283203125
0 0.85791015625 0.87109375 0.0439453125 0.0244140625
0 0.25 0.1416015625 0.287109375 0.142578125 0.2890625 0.14453125 0.2890625 0.1708984375 0.2861328125 0.1728515625 0.2705078125 0.173828125 0.228515625 0.173828125 0.224609375 0.1630859375 0.224609375 0.150390625 0.2265625 0.146484375 0.23046875 0.1435546875 0.2490234375 0.142578125
0 0.0927734375 0.796875 0.1142578125 0.7978515625 0.1171875 0.802734375 0.1181640625 0.8173828125 0.1142578125 0.8193359375 0.0859375 0.8212890625 0.0693359375 0.8193359375 0.06640625 0.8056640625 0.0673828125 0.798828125 0.091796875 0.7978515625
0 0.0283203125 0.9990234375 0.0283203125 0.9892578125 0.0302734375 0.986328125 0.0615234375 0.9833984375 0.076171875 0.9853515625 0.076171875 0.9990234375 0.029296875 0.9990234375
0 0.4873046875 0.7841796875 0.501953125 0.78515625 0.505859375 0.7880859375 0.5048828125 0.80859375 0.501953125 0.810546875 0.4599609375 0.810546875 0.45703125 0.8076171875 0.45703125 0.7880859375 0.458984375 0.7861328125 0.486328125 0.7841796875
0 0.45703125 0.869140625 0.4755859375 0.8701171875 0.4775390625 0.8720703125 0.4775390625 0.88671875 0.474609375 0.8896484375 0.451171875 0.890625 0.4296875 0.8896484375 0.4267578125 0.88671875 0.427734375 0.873046875 0.4306640625 0.8701171875 0.4501953125 0.87109375 0.4560546875 0.869140625
0 0.07421875 0.146484375 0.078125 0.158203125 0.0771484375 0.1748046875 0.0732421875 0.1767578125 0.01953125 0.1787109375 0.013671875 0.1728515625 0.013671875 0.150390625 0.0185546875 0.1484375 0.0732421875 0.146484375
0 0.5986328125 0.9658203125 0.63671875 0.9638671875 0.6435546875 0.966796875 0.64453125 0.9736328125 0.6435546875 0.9814453125 0.6376953125 0.984375 0.6005859375 0.984375 0.5986328125 0.9833984375 0.5986328125 0.966796875
0 0.5478515625 0.142578125 0.5517578125 0.1416015625 0.5556640625 0.14453125 0.556640625 0.166015625 0.5546875 0.1728515625 0.55078125 0.1748046875 0.5224609375 0.17578125 0.494140625 0.1748046875 0.4912109375 0.1640625 0.494140625 0.1435546875 0.546875 0.142578125
0 0.7705078125 0.86328125 0.7880859375 0.86328125 0.791015625 0.8662109375 0.7890625 0.8818359375 0.783203125 0.884765625 0.748046875 0.884765625 0.7451171875 0.8828125 0.7451171875 0.873046875 0.748046875 0.865234375 0.76953125 0.86328125
0 0.64453125 0.173828125 0.642578125 0.1572265625 0.6455078125 0.1455078125 0.6484375 0.142578125 0.703125 0.142578125 0.7060546875 0.1484375 0.7060546875 0.1650390625 0.7021484375 0.1748046875 0.65625 0.17578125 0.6455078125 0.173828125
0 0.18359375 0.978515625 0.1875 0.982421875 0.1875 0.99609375 0.185546875 0.9990234375 0.140625 0.9990234375 0.1396484375 0.982421875 0.154296875 0.978515625 0.1826171875 0.978515625