1 0.08254062109375 0.040418798828125 0.090878412109375 0.1301306982421875 0.1013343974609375 0.1322922958984375 0.1221850087890625 0.133100400390625 0.1445365283203125 0.1303661455078125 0.146599091796875 0.12915808984375 0.147010767578125 0.1228999521484375 0.14559694140625 0.0717449609375 0.1420429248046875 0.047193873046875 0.1428799130859375 0.0354587275390625 0.139200546875 0.033569529296875 0.131923626953125 0.0344779169921875 0.1256404921875 0.0326341669921875 0.1011446005859375 0.03188969140625 0.083466234375 0.033761005859375 0.08254062109375 0.040418798828125
1 0.08516375390625 0.1310118173828125 0.087726619140625 0.128622974609375 0.08809057421875 0.11963087890625 0.084341490234375 0.054061322265625 0.080855646484375 0.0334158896484375 0.0766623447265625 0.031926345703125 0.0245869443359375 0.0328353251953125 0.0246729345703125 0.0676047451171875 0.029429439453125 0.1312032939453125 0.0393851220703125 0.134545677734375 0.04975248046875 0.1316299228515625 0.08516375390625 0.1310118173828125
1 0.210178802734375 0.13078309375 0.213241970703125 0.1272134658203125 0.20976821484375 0.0475744619140625 0.2074397744140625 0.033550462890625 0.202705267578125 0.0308983125 0.173529408203125 0.0306262099609375 0.162614025390625 0.0319887919921875 0.1537339384765625 0.030581056640625 0.1459430810546875 0.031889099609375 0.150244369140625 0.1290944619140625 0.1549652421875 0.1309654814453125 0.1763366083984375 0.13176449609375 0.210178802734375 0.13078309375
1 0.211200947265625 0.040126447265625 0.211964490234375 0.0838697841796875 0.2158934609375 0.129901974609375 0.2305291123046875 0.132771984375 0.273744876953125 0.131626966796875 0.2763077431640625 0.1292381240234375 0.2759532412109375 0.1089287177734375 0.2724605810546875 0.0878927197265625 0.2722927822265625 0.048436513671875 0.26945040625 0.034812169921875 0.2678540576171875 0.032886611328125 0.25012796875 0.0320239677734375 0.2310607509765625 0.033919525390625 0.2152510849609375 0.033414115234375 0.213188521484375 0.0346221708984375 0.211200947265625 0.040126447265625
1 0.331575841796875 0.1321802607421875 0.3361808193359375 0.1274116669921875 0.3374158486328125 0.1086372529296875 0.335099498046875 0.03561968359375 0.316818568359375 0.0328133017578125 0.2991129326171875 0.03312235546875 0.2917473857421875 0.0289533916015625 0.284984400390625 0.0294621240234375 0.275733541015625 0.036655919921875 0.27889787890625 0.1284115439453125 0.2820633076171875 0.1307003984375 0.2904158232421875 0.131726658203125 0.331575841796875 0.1321802607421875
1 0.3914830048828125 0.132306630859375 0.397143125 0.12830098828125 0.3989398134765625 0.1118608779296875 0.397016232421875 0.09118817578125 0.398165271484375 0.037644341796875 0.3944586376953125 0.034192880859375 0.37201167578125 0.0314592177734375 0.3626721904296875 0.033575662109375 0.3579445 0.0313140771484375 0.341314458984375 0.0335577783203125 0.3367094814453125 0.0383263720703125 0.3409016923828125 0.1292826865234375 0.3482536044921875 0.1326705185546875 0.3914830048828125 0.132306630859375
1 0.4580917958984375 0.1284091787109375 0.4580656162109375 0.037380146484375 0.455434578125 0.035863333984375 0.433556091796875 0.0358545390625 0.41158898046875 0.0307683935546875 0.4012693427734375 0.0364181064453125 0.398829189453125 0.0458371279296875 0.3996745400390625 0.0942672509765625 0.4039197451171875 0.12857338671875 0.4107440859375 0.1315797431640625 0.4555425654296875 0.13157915234375 0.4580917958984375 0.1284091787109375
1 0.51286641015625 0.13292266796875 0.518019412109375 0.1297072451171875 0.518897302734375 0.120315494140625 0.5190347392578125 0.038660033203125 0.51691763671875 0.0367435654296875 0.511696462890625 0.03605333203125 0.4653289033203125 0.0356906279296875 0.46066938671875 0.037334697265625 0.4597983125 0.0471170146484375 0.458876880859375 0.08385744140625 0.46124358984375 0.12991690234375 0.470150947265625 0.1328868994140625 0.51286641015625 0.13292266796875
1 0.52222634765625 0.131977919921875 0.525378140625 0.1334856435546875 0.543097412109375 0.1339577216796875 0.5748565888671875 0.1330126787109375 0.57726265625 0.121640830078125 0.5794694736328125 0.0391678798828125 0.577359189453125 0.0376419765625 0.5450588056640625 0.0374244130859375 0.539235068359375 0.0320564833984375 0.531410123046875 0.03141169921875 0.52682559765625 0.037351990234375 0.5216725966796875 0.040567412109375 0.5202398642578125 0.04801542578125 0.519338884765625 0.0859275498046875 0.52222634765625 0.131977919921875
1 0.5826417197265625 0.041847298828125 0.580392451171875 0.062202154296875 0.5779905654296875 0.10365663671875 0.580036859375 0.1313595185546875 0.583716224609375 0.1332487177734375 0.6280212197265626 0.1348194775390625 0.6321395302734375 0.13201280078125 0.636587708984375 0.1182612001953125 0.636049138671875 0.087406525390625 0.639319462890625 0.0658617939453125 0.639904208984375 0.0396757255859375 0.636211208984375 0.0370053955078125 0.6138187861328125 0.0373962568359375 0.6059870244140625 0.0363609072265625 0.597559517578125 0.0310384267578125 0.590803349609375 0.031937724609375 0.5866850400390625 0.0347444013671875 0.5826417197265625 0.041847298828125
1 0.6898897763671875 0.0384125390625 0.670621876953125 0.0387488623046875 0.649675822265625 0.03247283984375 0.6419940419921875 0.040029931640625 0.6406772041015625 0.0541175595703125 0.636812681640625 0.131149861328125 0.6405056806640625 0.13382019140625 0.693142740234375 0.135245515625 0.695198486328125 0.13364689453125 0.698249109375 0.039829365234375 0.6898897763671875 0.0384125390625
1 0.7004469306640625 0.1358993896484375 0.7072303671875 0.136562353515625 0.7488838701171875 0.135444603515625 0.7524200712890625 0.129131927734375 0.7549378515625 0.09431705859375 0.7545450810546875 0.04197219140625 0.7477139228515625 0.0385752685546875 0.724814380859375 0.0397563505859375 0.7174829208984375 0.03754021484375 0.71535218359375 0.034842615234375 0.70908268359375 0.03377999609375 0.7044231669921875 0.03542406640625 0.6993519736328125 0.0433262744140625 0.69780907421875 0.1339920107421875 0.7004469306640625 0.1358993896484375
1 0.026547705078125 0.175010259765625 0.0244919580078125 0.176608880859375 0.02479873828125 0.194184328125 0.034405646484375 0.2670746416015625 0.0391742412109375 0.271679619140625 0.0491026533203125 0.273459740234375 0.06937797265625 0.2711524111328125 0.0881319345703125 0.271215744140625 0.0907016181640625 0.2692174677734375 0.090619810546875 0.264530681640625 0.0870726103515625 0.2403701591796875 0.0843529453125 0.233775994140625 0.08329362109375 0.2029304091796875 0.0783614111328125 0.188951859375 0.079157494140625 0.1748733212890625 0.0754849462890625 0.1733746875 0.026547705078125 0.175010259765625
1 0.846259142578125 0.0438874765625 0.843957970703125 0.0314257392578125 0.8366469638671875 0.0303812998046875 0.8112731806640625 0.039028576171875 0.75559340625 0.0423445771484375 0.7545848955078125 0.1337823544921875 0.7608543955078125 0.1348449736328125 0.8530414892578125 0.1340172109375 0.8544878564453126 0.1273503271484375 0.84692042578125 0.0817723310546875 0.846259142578125 0.0438874765625
1 0.85442758984375 0.0343684677734375 0.850820580078125 0.0664675576171875 0.8560160322265625 0.12537023046875 0.858194490234375 0.1308017880859375 0.872830142578125 0.1336717978515625 0.8988610244140625 0.1328267431640625 0.96766191015625 0.1351419794921875 0.9712526494140625 0.1319538271484375 0.976728701171875 0.117402916015625 0.9658117734375 0.0589907958984375 0.9562064111328125 0.0458751845703125 0.9564135673828125 0.02790008203125 0.946464703125 0.024948263671875 0.90117273828125 0.02652020703125 0.8631986005859374 0.0295271552734375 0.8574907578125 0.03079883984375 0.85442758984375 0.0343684677734375
1 0.0859765634765625 0.237263814453125 0.09332583984375 0.27034371484375 0.0975327763671875 0.2726143896484375 0.108502697265625 0.2743763310546875 0.1501493837890625 0.2728680166015625 0.153253455078125 0.27164178125 0.1552410283203125 0.2661375048828125 0.150909833984375 0.19706194921875 0.149095330078125 0.182638294921875 0.1458276416015625 0.1744909580078125 0.1353307529296875 0.1699859677734375 0.1187007119140625 0.1722296689453125 0.0926561943359375 0.17229359375 0.0843377646484375 0.1732201611328125 0.081247328125 0.17522752734375 0.0859765634765625 0.237263814453125
1 0.152799328125 0.21578182421875 0.15728995703125 0.264148318359375 0.162586123046875 0.2691347724609375 0.1782769169921875 0.2727677333984375 0.20847383203125 0.2718499599609375 0.2152163642578125 0.2701695302734375 0.2167172705078125 0.266627171875 0.2162945947265625 0.2424121103515625 0.212017939453125 0.176461078125 0.20781100390625 0.1741904033203125 0.182807994140625 0.1742361484375 0.1692138505859375 0.171347958984375 0.162444048828125 0.1714661259765625 0.15417333984375 0.17512665234375 0.1522062197265625 0.181802625 0.152799328125 0.21578182421875
1 0.2753605888671875 0.2241909912109375 0.2714247998046875 0.177768234375 0.266676658203125 0.174334953125 0.2484639033203125 0.1754342275390625 0.2354109658203125 0.17370864453125 0.2177053291015625 0.174017697265625 0.214614892578125 0.1760250634765625 0.2193619443359375 0.268925115234375 0.224610388671875 0.2711776103515625 0.254334271484375 0.2730028857421875 0.2746095908203125 0.2706955556640625 0.2753605888671875 0.2241909912109375
1 0.2813862109375 0.2709679541015625 0.2892384248046875 0.273175 0.3345644755859375 0.273555884765625 0.337134158203125 0.2715576083984375 0.337579921875 0.2672522978515625 0.3339357333984375 0.17784915625 0.3229589951171875 0.1756966484375 0.303684279296875 0.1756424052734375 0.2910975576171875 0.170783208984375 0.2874522802734375 0.170846837890625 0.27457659375 0.1792759580078125 0.2774095185546875 0.2222018046875 0.2768861279296875 0.251902962890625 0.2813862109375 0.2709679541015625
1 0.34442471484375 0.2714303505859375 0.353825556640625 0.27282899609375 0.389764400390625 0.2725923662109375 0.3938827109375 0.269785689453125 0.394658341796875 0.254535455078125 0.39342440234375 0.1838430986328125 0.3917530625 0.1776213193359375 0.388080515625 0.1761226865234375 0.3594390458984375 0.176622625 0.3457971806640625 0.1710004775390625 0.336559955078125 0.1789754033203125 0.3383214658203125 0.2500492353515625 0.3417664052734375 0.268351275390625 0.34442471484375 0.2714303505859375
1 0.400713869140625 0.273182611328125 0.413239234375 0.27452671875 0.4527824521484375 0.27188306640625 0.455866072265625 0.269485134765625 0.4545246015625 0.252318431640625 0.456450818359375 0.24329906640625 0.452722185546875 0.17890120703125 0.4448563369140625 0.175913029296875 0.4224639150390625 0.176303890625 0.4130221689453125 0.1725618515625 0.4052040419921875 0.1723076337890625 0.402079517578125 0.172362171875 0.394911673828125 0.1795196083984375 0.3980691943359375 0.2708846669921875 0.400713869140625 0.273182611328125
1 0.4558603447265625 0.179627798828125 0.458745171875 0.2553702373046875 0.456907580078125 0.269466955078125 0.4590383173828125 0.2721645546875 0.469487484375 0.2739355859375 0.4809304375 0.2729544794921875 0.4851237392578125 0.2744440234375 0.4955388203125 0.2742622275390625 0.5080164638671875 0.2728723759765625 0.512655529296875 0.270056609375 0.514135982421875 0.2653425537109375 0.5147328173828125 0.1801629140625 0.5120949599609375 0.17825553515625 0.4855296884765625 0.1783285498046875 0.4719219111328125 0.1746592294921875 0.465145291015625 0.1743868310546875 0.4558603447265625 0.179627798828125
1 0.5262633056640625 0.2737259296875 0.5450240849609375 0.274179828125 0.5673960556640625 0.2726172705078125 0.5699725556640625 0.2710095595703125 0.571309845703125 0.2580936279296875 0.5720498447265625 0.1811158642578125 0.5699327412109375 0.1791993955078125 0.536584033203125 0.1786094462890625 0.525566390625 0.1741135458984375 0.516301896484375 0.1805262099609375 0.5153285615234375 0.184450044921875 0.515636888671875 0.2618001943359375 0.517369583984375 0.2715370625 0.5262633056640625 0.2737259296875
1 0.6257409560546875 0.2727709091796875 0.6277898857421875 0.27078172265625 0.6300800576171876 0.2527702607421875 0.6319229208984375 0.1792894072265625 0.627715984375 0.177018732421875 0.6178080234375 0.1764103076171875 0.577723599609375 0.1778913525390625 0.5746536142578125 0.1810704150390625 0.5730955341796875 0.211180318359375 0.5736314697265625 0.2717270615234375 0.5794006669921875 0.273970466796875 0.6148460263671875 0.2753051884765625 0.6257409560546875 0.2727709091796875
1 0.6356489169921875 0.2733793349609375 0.675767427734375 0.2738511171875 0.6845929775390625 0.272134328125 0.6884794970703125 0.256048423828125 0.691425224609375 0.18606448046875 0.6881711708984375 0.1786982744140625 0.643345421875 0.177136603515625 0.6360957705078125 0.17960725390625 0.6322338837890625 0.22694748828125 0.6334662763671876 0.237865142578125 0.6317309453125 0.2578203427734375 0.6335113623046875 0.270291169921875 0.6356489169921875 0.2733793349609375
1 0.6913900478515626 0.2735784228515625 0.704943287109375 0.2741232197265625 0.73723003515625 0.27355965234375 0.7408412275390625 0.2715431962890625 0.7426856357421875 0.2578370439453125 0.7455495546875 0.183166314453125 0.742384126953125 0.1808774599609375 0.7137358388671875 0.1809868330078125 0.71007692578125 0.1802693310546875 0.704773943359375 0.1748923115234375 0.69748338671875 0.175019568359375 0.6933855283203125 0.1789979423828125 0.6919868828125 0.188398783203125 0.6887590087890625 0.2720616103515625 0.6913900478515626 0.2735784228515625
1 0.7991452236328125 0.2693534423828125 0.8004893310546874 0.2568280771484375 0.8011448857421875 0.2048555947265625 0.8044629306640625 0.186044822265625 0.8027847734375 0.179432478515625 0.7860729248046875 0.176989392578125 0.75225118359375 0.1791424912109375 0.7481192373046875 0.181168037109375 0.7447985576171875 0.22967087890625 0.7450072587890625 0.2714704775390625 0.747117544921875 0.272996380859375 0.7965959921875 0.2725234150390625 0.7991452236328125 0.2693534423828125
1 0.801435396484375 0.25134198046875 0.8023038349609375 0.2712517314453125 0.8513024326171875 0.2731312490234375 0.8544065048828124 0.271905013671875 0.8569216494140625 0.266782212890625 0.858393740234375 0.201902890625 0.862307529296875 0.187379248046875 0.860602103515625 0.1792046416015625 0.8464872060546875 0.1763255419921875 0.8173386171875 0.1776157021484375 0.808513068359375 0.179332490234375 0.8064914091796875 0.182883939453125 0.8034937783203125 0.220051291015625 0.8048897880859375 0.240342517578125 0.801435396484375 0.25134198046875
1 0.9090993095703125 0.2717317158203125 0.9116212724609375 0.2669994814453125 0.91598609765625 0.188786392578125 0.914821876953125 0.181774392578125 0.896033828125 0.179758232421875 0.864267833984375 0.1803127099609375 0.858761876953125 0.222993427734375 0.8606581884765625 0.2421038681640625 0.8572378828125 0.255056158203125 0.8580313310546875 0.2706696884765625 0.875805140625 0.274266291015625 0.9090993095703125 0.2717317158203125
1 0.9669302744140625 0.2722850107421875 0.9774896083984375 0.1908383203125 0.977833111328125 0.18067452734375 0.9751952548828124 0.1787671494140625 0.9682588583984375 0.1792789091796875 0.95745553125 0.1771233740234375 0.9329869111328125 0.17794116015625 0.92622392578125 0.1784498935546875 0.920029416015625 0.1816834951171875 0.9158334794921875 0.20988601953125 0.9142890341796875 0.2407770537109375 0.9131562646484375 0.2654099501953125 0.914834421875 0.2720222939453125 0.9669302744140625 0.2722850107421875
1 0.972672203125 0.272966154296875 0.9955853798828125 0.272566203125 0.9939560341796875 0.179221046875 0.985082763671875 0.178203876953125 0.9783402314453125 0.179884306640625 0.970782708984375 0.254246279296875 0.9705687353515625 0.2718308173828125 0.972672203125 0.272966154296875
1 0.9910323046875 0.3101513896484375 0.9836599404296875 0.3055918603515625 0.97378606640625 0.306936263671875 0.9656176181640626 0.3164552724609375 0.9617284619140625 0.3622332451171875 0.961177802734375 0.390372140625 0.963945189453125 0.399700263671875 0.9707422607421875 0.4011443583984375 0.9978214697265625 0.400671689453125 0.996260296875 0.3112321884765625 0.9910323046875 0.3101513896484375
1 0.9650627783203125 0.3145115341796875 0.960855841796875 0.3122408603515625 0.9358596494140625 0.312677169921875 0.9217311181640625 0.309016939453125 0.91496131640625 0.3091351064453125 0.9103495205078125 0.3135131357421875 0.90753177734375 0.3311431220703125 0.9035309072265625 0.4003641142578125 0.9150147646484375 0.4017264013671875 0.9551128232421875 0.4010264873046875 0.95821689453125 0.399800251953125 0.9650627783203125 0.3145115341796875
1 0.8467823544921875 0.402136033203125 0.8973091279296875 0.4020354541015625 0.8998924462890625 0.40081830859375 0.9023326005859374 0.391399287109375 0.9066743369140625 0.3417065703125 0.9078002890625 0.3166831083984375 0.9051147109375 0.312041771484375 0.876473240234375 0.3125417099609375 0.870203740234375 0.3114790908203125 0.8628450107421874 0.307700693359375 0.8520114365234375 0.3137500615234375 0.8486252177734375 0.3286551796875 0.845249998046875 0.37403349609375 0.8451519189453125 0.3982576474609375 0.8467823544921875 0.402136033203125
1 0.7800262177734375 0.3677489765625 0.777010771484375 0.3740525634765625 0.777906478515625 0.395524576171875 0.7900133505859375 0.402736255859375 0.842088751953125 0.4018272763671875 0.848009021484375 0.3231963525390625 0.8468243486328125 0.31501265625 0.838972134765625 0.3128056103515625 0.82335633203125 0.313468869140625 0.810810513671875 0.3109530654296875 0.807110697265625 0.307892169921875 0.800354529296875 0.30879146875 0.79213154296875 0.315185953125 0.787053533203125 0.322697595703125 0.788129126953125 0.324632244140625 0.782111869140625 0.338020548828125 0.778800640625 0.35722188671875 0.7800262177734375 0.3677489765625
1 0.735868568359375 0.404462724609375 0.749414990234375 0.4046169560546875 0.7717869599609375 0.4030543984375 0.7742543837890625 0.395197638671875 0.77968116796875 0.3181380673828125 0.7793880224609375 0.30134375 0.775708658203125 0.2994545517578125 0.762655720703125 0.29772896875 0.739742544921875 0.298128919921875 0.735617416015625 0.30054503125 0.731657451171875 0.3721094169921875 0.7316343623046875 0.4006297880859375 0.733237529296875 0.402945912109375 0.735868568359375 0.404462724609375
1 0.7325667939453125 0.394362560546875 0.7310685234375 0.3682128515625 0.735726494140625 0.3067940791015625 0.7339869814453125 0.2966666455078125 0.7308283701171875 0.2947683564453125 0.6922925732421875 0.295441001953125 0.6862836787109375 0.36899457421875 0.687390724609375 0.4025741171875 0.6915840263671875 0.4040636611328125 0.725953791015625 0.403463734375 0.7285371083984375 0.4022465888671875 0.7325667939453125 0.394362560546875
1 0.673323548828125 0.4024289765625 0.680113802734375 0.403482505859375 0.6836568212890625 0.39756039453125 0.6867074443359374 0.303742865234375 0.683542015625 0.3014540107421875 0.668358341796875 0.297030828125 0.647089234375 0.3020902958984375 0.643512130859375 0.306059580078125 0.6426819599609375 0.3181852900390625 0.63942681640625 0.4002858544921875 0.641543919921875 0.4022023232421875 0.6556315478515625 0.40351916015625 0.673323548828125 0.4024289765625
1 0.638364857421875 0.399132337890625 0.641929416015625 0.30491515234375 0.6403194326171875 0.3022084638671875 0.6267252900390625 0.2993202744140625 0.6168582333984375 0.3010552421875 0.6126717490234375 0.2999562646484375 0.60383256640625 0.300891921875 0.6007216767578125 0.301727591796875 0.59869319921875 0.304888474609375 0.5982804326171876 0.4006133828125 0.6066602177734375 0.403201904296875 0.6337530615234375 0.4035103662109375 0.638364857421875 0.399132337890625
1 0.5941553046875 0.403029494140625 0.59825998046875 0.3994416865234375 0.596891240234375 0.3807127216796875 0.5984246865234375 0.31934848828125 0.595561857421875 0.3045524482421875 0.5913344697265625 0.3011100771484375 0.5699290166015625 0.298358234375 0.55801984765625 0.302472955078125 0.5554706171875 0.305642927734375 0.5572578515625 0.3185043203125 0.556613294921875 0.4009500009765625 0.561868556640625 0.4035930615234375 0.5941553046875 0.403029494140625
1 0.55333987890625 0.302945328125 0.547056744140625 0.301101578125 0.5293238388671875 0.299848369140625 0.5220332822265625 0.299975626953125 0.514783630859375 0.3024462763671875 0.5169882685546875 0.3989068671875 0.5196806650390625 0.40393876953125 0.5519878642578125 0.4045468984375 0.5565928427734375 0.3997783046875 0.556318603515625 0.324380982421875 0.55333987890625 0.302945328125
1 0.4936838681640625 0.40673665234375 0.5134316171875 0.4040478466796875 0.51546009375 0.4008869638671875 0.5158634072265625 0.33446355859375 0.5129255869140625 0.3153712978515625 0.50977379296875 0.31386357421875 0.4860658515625 0.313496029296875 0.4774120546875 0.3101309208984375 0.4706354345703125 0.3098585224609375 0.4608229169921875 0.3147180146484375 0.4589785078125 0.3284241669921875 0.45976668359375 0.403421833984375 0.4645080087890625 0.4064645498046875 0.4936838681640625 0.40673665234375
1 0.455101439453125 0.315208568359375 0.45038056640625 0.313337548828125 0.4040130087890625 0.31297484375 0.4009362060546875 0.315763341796875 0.400769953125 0.336081837890625 0.4019357197265625 0.4028685390625 0.40770491796875 0.4051119443359375 0.4551071669921875 0.405065904296875 0.45759504296875 0.398380841796875 0.45675914453125 0.3206492158203125 0.455101439453125 0.315208568359375
1 0.3957207578125 0.4049304443359375 0.3993183154296875 0.402132857421875 0.3997095400390625 0.3947030224609375 0.397811681640625 0.3158178798828125 0.3941118642578125 0.312756984375 0.3748576015625 0.3138744384765625 0.36492237109375 0.3117037509765625 0.34513371875 0.3120491630859375 0.3410426767578125 0.3164181025390625 0.342038009765625 0.373440666015625 0.3404799296875 0.4035505693359375 0.3493668349609375 0.4053488701171875 0.3957207578125 0.4049304443359375
1 0.3363411669921875 0.4051855498046875 0.3394384208984375 0.4035687490234375 0.339131640625 0.38599330078125 0.3415649775390625 0.37618371484375 0.3401034296875 0.3222947646484375 0.3373428603515625 0.31335720703125 0.327928384765625 0.3111774306640625 0.318956693359375 0.3144595078125 0.2883851669921875 0.31382108203125 0.284246404296875 0.3154560625 0.282745498046875 0.318998421875 0.2847047119140625 0.4013986533203125 0.2910151162109375 0.4048046650390625 0.3363411669921875 0.4051855498046875
1 0.223262556640625 0.402861814453125 0.2274694931640625 0.4051324892578125 0.2774755126953125 0.405041 0.280031560546875 0.4022615927734375 0.2828493037109375 0.3846316064453125 0.2808124638671875 0.3276272216796875 0.27746978515625 0.3151836640625 0.2727284599609375 0.3121409482421875 0.262320197265625 0.3127133095703125 0.2346316083984375 0.3081177177734375 0.2268271162109375 0.3086446298828125 0.2248122734375 0.31258664453125 0.2191248828125 0.3150300244140625 0.223262556640625 0.402861814453125
1 0.220172119140625 0.4048691806640625 0.22172074609375 0.4040607802734375 0.2217029296875 0.373197015625 0.21756262109375 0.3150572939453125 0.2154523359375 0.3135313916015625 0.1836522548828125 0.312133041015625 0.17890411328125 0.308699759765625 0.171599921875 0.3080458857421875 0.1623626962890625 0.3160208125 0.167000671875 0.40267181640625 0.169645345703125 0.404969759765625 0.214944126953125 0.4037883828125 0.220172119140625 0.4048691806640625
1 0.16440371875 0.403107830078125 0.1630103447265625 0.35312453515625 0.159190451171875 0.313341392578125 0.157600919921875 0.311806400390625 0.138360291015625 0.313704984375 0.108663677734375 0.3134419716796875 0.1045658193359375 0.317420345703125 0.1086557705078125 0.4025181767578125 0.1107796904296875 0.4048252099609375 0.123291421875 0.4053881865234375 0.162861908203125 0.404306796875 0.16440371875 0.403107830078125
1 0.083126279296875 0.31271567578125 0.0503324111328125 0.3140694638671875 0.047762728515625 0.316067740234375 0.0550249248046875 0.4038449912109375 0.0571283935546875 0.404980328125 0.098288412109375 0.4054339306640625 0.1071207783203125 0.4041077080078125 0.1024282646484375 0.3143321806640625 0.0992764716796875 0.31282445703125 0.083126279296875 0.31271567578125
1 0.0645720224609375 0.532994916015625 0.1119470029296875 0.5313866142578125 0.113989115234375 0.529006861328125 0.113736873046875 0.5145559384765624 0.107850234375 0.445898216796875 0.105212376953125 0.4439908388671875 0.082271931640625 0.44282852734375 0.071295193359375 0.4406760205078125 0.066039931640625 0.4380329599609375 0.0592701298828125 0.438151126953125 0.051088046875 0.4468890048828125 0.0539073369140625 0.489033720703125 0.0608994755859375 0.531496283203125 0.0645720224609375 0.532994916015625
1 0.12289274609375 0.6511356982421875 0.1227291298828125 0.6417621259765625 0.1173087060546875 0.569970791015625 0.0994939921875 0.5640307958984375 0.09010678515625 0.56341328125 0.07553930859375 0.5644489267578126 0.0621019638671875 0.570543744140625 0.06123770703125 0.5807166259765625 0.0687479638671875 0.6528621669921875 0.071392638671875 0.655160111328125 0.1193020078125 0.6543238505859374 0.12289274609375 0.6511356982421875
1 0.0710601337890625 0.695797103515625 0.060199291015625 0.7002842099609375 0.0530518994140625 0.7086133427734375 0.0526947607421875 0.7179960048828125 0.0628360576171875 0.7916583583984375 0.0727508359375 0.792657349609375 0.0826178935546875 0.790922380859375 0.1180155302734375 0.7895231435546874 0.1200576435546875 0.7871433916015625 0.1199349306640625 0.780113212890625 0.1154033974609375 0.7294033251953125 0.1144326982421875 0.703635091796875 0.1159199697265625 0.6993116015625 0.1137551455078125 0.6946611748046875 0.108993369140625 0.6904467626953125 0.1053480908203125 0.6905103916015625 0.0898072783203125 0.69546987109375 0.0851000400390625 0.694379982421875 0.0710601337890625 0.695797103515625
1 0.0608432138671875 0.856546771484375 0.0627054384765625 0.873704384765625 0.0673623203125 0.9017523828125 0.0694794228515625 0.9036688505859375 0.0747074140625 0.9047496494140626 0.08769899609375 0.902960142578125 0.144981935546875 0.9019602646484375 0.15790534375 0.896265103515625 0.158790052734375 0.8872639169921875 0.155538634765625 0.850205642578125 0.1626178525390625 0.8379708544921874 0.1609874169921875 0.8340924697265625 0.08397036328125 0.838562283203125 0.073095884765625 0.8422682578125 0.06235775390625 0.8537855439453125 0.0608432138671875 0.856546771484375
1 0.1693126650390625 0.833556466796875 0.1590748349609375 0.8438929658203125 0.1576966416015625 0.85446550390625 0.1603386796875 0.8864555166015625 0.1625171396484375 0.89188707421875 0.168354509765625 0.898036134765625 0.174630828125 0.8994893193359375 0.183977130859375 0.8977634404296875 0.2350178408203125 0.8972632060546875 0.2376420634765625 0.8983894541015625 0.2479617001953125 0.8927397412109375 0.24831465625 0.8532744453125 0.2531676943359375 0.832874140625 0.2505230205078125 0.830576197265625 0.2338248056640625 0.8289142431640625 0.2208400419921875 0.8310943154296875 0.193754015625 0.8311764189453125 0.1693126650390625 0.833556466796875
1 0.28284385546875 0.83196545703125 0.2829052109375 0.835480546875 0.27825251171875 0.8375151826171875 0.274593599609375 0.8367976796875 0.2708869658203125 0.83334621875 0.263589591796875 0.8330829111328125 0.25481858203125 0.8379242236328125 0.250870705078125 0.8504950380859375 0.250861251953125 0.879796541015625 0.2548064931640625 0.8969177939453125 0.2860858203125 0.898325234375 0.296473630859375 0.89658117578125 0.299097853515625 0.897707423828125 0.315248044921875 0.897816205078125 0.321990578125 0.8961357763671876 0.328260078125 0.8971983955078126 0.3412312060546875 0.89423719140625 0.34276619921875 0.89264766015625 0.343237685546875 0.83012991015625 0.3411205830078125 0.82821344140625 0.3265258359375 0.8276868251953124 0.315624087890625 0.8298305380859375 0.290107142578125 0.8302759384765624 0.28284385546875 0.83196545703125
1 0.124264578125 0.78941406640625 0.1752984716796875 0.7885232666015625 0.1772996796875 0.78380012109375 0.1753336484375 0.70100932421875 0.1778283408203125 0.6947148271484375 0.1767254765625 0.6912179169921875 0.1693394775390625 0.6858772568359375 0.1599931748046875 0.687603134765625 0.1558271435546875 0.687675853515625 0.150571880859375 0.68503279296875 0.1386149912109375 0.6864135546875 0.121614177734375 0.697258787109375 0.1149943564453125 0.7059693955078125 0.1221542939453125 0.7878881640625 0.124264578125 0.78941406640625
1 0.207585220703125 0.78795969921875 0.2221117939453125 0.7845806611328126 0.23201975390625 0.7851890859375 0.2339187021484375 0.7746074580078125 0.232664310546875 0.7027434052734375 0.2304653994140625 0.696140150390625 0.225216955078125 0.6938876552734375 0.1819943720703125 0.6946421083984375 0.1743739482421875 0.7057142890625 0.1783343701171875 0.7833913759765625 0.17995798828125 0.7868791962890626 0.187803384765625 0.7886956767578125 0.207585220703125 0.78795969921875
1 0.2354332431640625 0.77184623046875 0.2370500439453125 0.774943484375 0.2356513984375 0.784344326171875 0.240899841796875 0.7865968212890625 0.2882543701171875 0.783816822265625 0.292352228515625 0.77983844921875 0.292766541015625 0.7438882431640625 0.29013813671875 0.712679361328125 0.291427705078125 0.6970294716796875 0.293942849609375 0.691906671875 0.2897222783203125 0.6888548662109375 0.2615947451171875 0.6889551494140626 0.2444371318359375 0.6908173740234375 0.2377150517578125 0.6936695 0.234233390625 0.703106701171875 0.2354332431640625 0.77184623046875
1 0.177565099609375 0.6497907041015625 0.1735433212890625 0.56859852734375 0.1698571396484375 0.5663187626953124 0.1443333759765625 0.56637359765625 0.131773923828125 0.5630766630859375 0.126052447265625 0.5635672158203126 0.1193576357421875 0.5679816044921875 0.118554734375 0.581669576171875 0.1239342548828125 0.6511175185546875 0.1276204365234375 0.6533972822265625 0.1744951142578125 0.6529697666015625 0.177565099609375 0.6497907041015625
1 0.1739303642578125 0.5310860595703125 0.197885048828125 0.5306679287109375 0.2030448681640625 0.527843072265625 0.2067174150390625 0.5293417060546876 0.2249642578125 0.530195259765625 0.228891681640625 0.516452748046875 0.2265753310546875 0.4434351787109375 0.2207311416015625 0.436895552734375 0.2119533134765625 0.4413462998046875 0.1905683134765625 0.4397661533203125 0.18323003515625 0.4371594521484375 0.178097486328125 0.4415465703125 0.1682372470703125 0.4436721044921875 0.1707649365234375 0.528797205078125 0.1739303642578125 0.5310860595703125
1 0.1656471123046875 0.4444986845703125 0.160405484375 0.4426367548828125 0.130201751953125 0.443163962890625 0.1217878798828125 0.43862261328125 0.1150453466796875 0.44030304296875 0.10941249609375 0.445870947265625 0.1145166865234375 0.529388337890625 0.1171749951171875 0.532467412109375 0.16768131640625 0.53119513671875 0.1695870810546875 0.52100407421875 0.1656471123046875 0.4444986845703125
1 0.230644830078125 0.5273613134765625 0.237983107421875 0.5299680146484375 0.2520571005859375 0.530503720703125 0.265028228515625 0.527542517578125 0.28326825390625 0.528005505859375 0.2858379375 0.5260072294921875 0.2878118759765625 0.519721822265625 0.2866502919921875 0.48301775390625 0.283623845703125 0.4588481416015625 0.2652951953125 0.4533078017578125 0.2614453974609375 0.4416544658203125 0.249413515625 0.4387390068359375 0.247289595703125 0.43643197265625 0.2347915 0.4366501279296875 0.228740154296875 0.44808560546875 0.230644830078125 0.5273613134765625
1 0.296293921875 0.528168826171875 0.299918748046875 0.5269335009765626 0.3093127724609375 0.52794158203125 0.3109023037109375 0.52947657421875 0.3264772021484375 0.526469921875 0.3400304404296875 0.5270147177734374 0.3423547001953125 0.510956083984375 0.3401133388671875 0.442234734375 0.3270876708984375 0.4420714130859375 0.326237048828125 0.4530254267578125 0.3195558720703125 0.4582209462890625 0.291421521484375 0.4579306640625 0.287296392578125 0.460346775390625 0.291573048828125 0.5262978076171875 0.296293921875 0.528168826171875
1 0.342209990234375 0.442979505859375 0.342575490234375 0.493762111328125 0.34491756640625 0.5085672412109375 0.3431208779296875 0.5250073515625 0.3483829580078125 0.5280409775390625 0.3655882919921875 0.5289127109375 0.38068333984375 0.5282585419921875 0.382725453125 0.5258787890625 0.3942024921875 0.5268505107421875 0.3972452080078125 0.522109185546875 0.3979049453125 0.500219337890625 0.397039142578125 0.4506175185546875 0.3953473505859375 0.44322404296875 0.386906208984375 0.437120431640625 0.3765524853515625 0.4408173173828125 0.34373134765625 0.44060884375 0.342209990234375 0.442979505859375
1 0.423968369140625 0.441552408203125 0.4072428837890625 0.4383281923828125 0.398485509765625 0.4439506357421875 0.398848375 0.5244253095703125 0.404638025390625 0.5278404111328125 0.450457560546875 0.526649943359375 0.451965283203125 0.523498150390625 0.450053791015625 0.443831876953125 0.442722330078125 0.4416157412109375 0.423968369140625 0.441552408203125
1 0.47493981640625 0.5266132890625 0.5051094619140625 0.5241332529296875 0.5057078427734375 0.4987283154296875 0.503975146484375 0.488991447265625 0.505546861328125 0.45966267578125 0.50478068359375 0.4456114072265625 0.50262267578125 0.4413515458984375 0.500498755859375 0.43904451171875 0.46194932421875 0.438936025390625 0.455199974609375 0.4402258896484375 0.45160241796875 0.4430234765625 0.4540687509765625 0.5246334873046875 0.4577481162109375 0.5265226865234375 0.47493981640625 0.5266132890625
1 0.5133130859375 0.4271003017578125 0.5107161337890626 0.42753631640625 0.5086876552734375 0.43069719921875 0.508707017578125 0.521335666015625 0.51449666796875 0.524750767578125 0.54731098828125 0.5245686767578125 0.5503264345703125 0.51826508984375 0.551403119140625 0.430732966796875 0.546120587890625 0.42652764453125 0.5133130859375 0.4271003017578125
1 0.5780150234375 0.522860681640625 0.591061142578125 0.52419569921875 0.59359101171875 0.4303872587890625 0.5878218134765625 0.428143853515625 0.564374248046875 0.427771763671875 0.5555418818359374 0.429097986328125 0.5522851923828125 0.451423849609375 0.550863458984375 0.4893450625 0.553341880859375 0.5119615029296875 0.5519432353515625 0.52136234375 0.5571916796875 0.5236148388671875 0.5780150234375 0.522860681640625
1 0.622705513671875 0.4271442724609375 0.596695083984375 0.4291610244140625 0.5937928955078124 0.47179629296875 0.5925756826171875 0.521434470703125 0.5988724521484375 0.5240593525390626 0.632207525390625 0.5238681708984375 0.6361879443359375 0.4534754814453125 0.6357789033203125 0.4300415517578125 0.6341893720703125 0.42850655859375 0.622705513671875 0.4271442724609375
1 0.6757190732421875 0.509825400390625 0.6791310146484375 0.4367078427734375 0.6779531611328125 0.428914712890625 0.6737530419921876 0.427034603515625 0.6544715087890625 0.426589794921875 0.63938327734375 0.427634529296875 0.6373343486328125 0.429623716796875 0.6337425185546876 0.5222786396484375 0.6598279404296875 0.5245581083984375 0.6712777109375 0.5239675673828125 0.6748820859375 0.5215605458984375 0.6757190732421875 0.509825400390625
1 0.7274861474609375 0.431566271484375 0.7195862109375 0.4266252666015625 0.68367463671875 0.4284241591796875 0.68112540625 0.4315941318359375 0.679835837890625 0.447244021484375 0.6775063076171876 0.52268679296875 0.68430337890625 0.5241308876953125 0.7202422236328125 0.5238942578125 0.7217772158203125 0.5223047255859375 0.724038572265625 0.4429562998046875 0.7274861474609375 0.431566271484375
1 0.76349207421875 0.52470206640625 0.766568876953125 0.5219135693359375 0.7704402177734375 0.44527183203125 0.770695095703125 0.4300306875 0.767495580078125 0.425789005859375 0.7331326328125 0.426779498046875 0.727965998046875 0.4292137890625 0.725512208984375 0.4378516787109375 0.72300124609375 0.47305711328125 0.7218684765625 0.497690009765625 0.7238875009765625 0.52383062890625 0.743710240234375 0.5254380439453125 0.76349207421875 0.52470206640625
1 0.7717968701171875 0.5229943681640625 0.78223921875 0.524374833984375 0.8238995400390625 0.523647650390625 0.826955890625 0.5196874560546875 0.8278883212890625 0.513420228515625 0.830759056640625 0.439140064453125 0.8281348359375 0.43801381640625 0.800534873046875 0.438495576171875 0.792682658203125 0.436288529296875 0.781733189453125 0.4356982841796875 0.77914987109375 0.4369154296875 0.774044591796875 0.442864810546875 0.770512572265625 0.47926012109375 0.770091443359375 0.51481976171875 0.7717968701171875 0.5229943681640625
1 0.8343975185546875 0.4386858701171875 0.832348587890625 0.440675056640625 0.8307223349609375 0.4668793046875 0.8285249697265625 0.5200507529296875 0.8421463828125 0.5245012041015625 0.8858624501953125 0.5221753994140625 0.8926443408203125 0.4630636611328125 0.8932631728515625 0.438830419921875 0.8687331962890625 0.4361331162109375 0.8343975185546875 0.4386858701171875
1 0.950032177734375 0.438230197265625 0.931216859375 0.434651775390625 0.903123412109375 0.4367048857421875 0.8958805771484375 0.4395661015625 0.89444102734375 0.44662355078125 0.888445767578125 0.52095825390625 0.8905628701171875 0.5228747216796875 0.93847223828125 0.5220384609375 0.9420834306640625 0.5200220048828125 0.9435707021484375 0.5156985146484375 0.950032177734375 0.438230197265625
1 0.9455719091796875 0.510975369140625 0.9467361298828125 0.517987369140625 0.9561642412109375 0.5209482763671875 0.999900759765625 0.5197941689453125 0.99844184765625 0.436213150390625 0.9937346103515625 0.43512326171875 0.9666622177734375 0.4359864970703125 0.9609066552734375 0.43452422265625 0.9562403212890624 0.4357777275390625 0.952217453125 0.4440523212890625 0.9480283330078125 0.4726454111328125 0.94969285546875 0.4784766240234375 0.9489853974609375 0.497632513671875 0.9455719091796875 0.510975369140625
1 0.2281747705078125 0.564910140625 0.2083929365234375 0.5656461181640625 0.185918705078125 0.561350193359375 0.181779943359375 0.562985173828125 0.1751601220703125 0.5716957822265625 0.179648115234375 0.6497543447265625 0.183848234375 0.6516344541015625 0.2296882216796875 0.6516156826171875 0.2336838203125 0.6417788271484375 0.2302918740234375 0.5668266083984375 0.2281747705078125 0.564910140625
1 0.2359928984375 0.565164359375 0.23292973046875 0.5687339873046875 0.233015720703125 0.6035034072265625 0.237965748046875 0.6483457216796875 0.239555279296875 0.64988071484375 0.250477478515625 0.6489086982421876 0.2536292724609375 0.6504164208984375 0.2848676953125 0.6494804677734375 0.2869166240234375 0.64749128125 0.289309056640625 0.6353383017578125 0.2868332705078125 0.58302979296875 0.2847298017578125 0.5818944560546875 0.26703780078125 0.5829846396484375 0.2529365380859375 0.5808866708984375 0.2491958173828125 0.5754823828125 0.24956658984375 0.5668808515625 0.246407978515625 0.5649825634765625 0.2359928984375 0.565164359375
1 0.2900233310546875 0.6165729775390625 0.2931724892578125 0.64777276953125 0.2989280537109375 0.6492350439453125 0.3160924833984375 0.6477633837890625 0.3405815556640625 0.648117294921875 0.3431512392578125 0.646119017578125 0.3440836708984375 0.6398517900390625 0.342260802734375 0.5652628681640625 0.3302357392578125 0.5627379755859375 0.315161142578125 0.5645638408203125 0.3115840380859375 0.568533125 0.3111928134765625 0.575962958984375 0.3024490732421875 0.5823665341796875 0.2930755009765625 0.582530150390625 0.29003278515625 0.587271474609375 0.2900233310546875 0.6165729775390625
1 0.399399490234375 0.6455278857421874 0.39693315625 0.5639178740234375 0.393774544921875 0.5620195859375 0.37136848828125 0.5616293154296875 0.3530875595703125 0.5588229345703125 0.349976669921875 0.5596586044921875 0.3439116904296875 0.5703129501953125 0.3457618271484375 0.646464134765625 0.3504963349609375 0.64911628515625 0.364570328125 0.6496519912109375 0.396309052734375 0.647535251953125 0.399399490234375 0.6455278857421874
1 0.4514953427734375 0.6457906025390625 0.4535579072265625 0.644582546875 0.4520989951171875 0.5610015283203125 0.4462752578125 0.555633599609375 0.4400262099609375 0.5557426767578125 0.4244581279296875 0.55913989453125 0.4052106826171875 0.5606479140625 0.401599490234375 0.5626643701171875 0.39959146484375 0.56699694921875 0.4001069482421875 0.62637199609375 0.4025308310546875 0.645863912109375 0.4067309501953125 0.647744021484375 0.4514953427734375 0.6457906025390625
1 0.3491427744140625 0.6909431533203125 0.3444219013671875 0.6890721337890625 0.3032959697265625 0.6905713583984375 0.29658070703125 0.6938140498046875 0.29209844140625 0.7056128232421875 0.2950105380859375 0.7829175244140625 0.29819641796875 0.7863780751953126 0.346626541015625 0.7855327236328125 0.3502104619140625 0.781954005859375 0.3472574619140625 0.702305912109375 0.3491427744140625 0.6909431533203125
1 0.5035639267578125 0.6444910576171875 0.5071410302734375 0.6405217744140626 0.5058048310546875 0.5639709345703126 0.49891231640625 0.5570589228515626 0.488469966796875 0.55567845703125 0.4762936044921875 0.55940715625 0.457292900390625 0.5601295 0.45421609765625 0.5629179970703125 0.4537567001953125 0.5664421767578125 0.4532511259765625 0.627007099609375 0.4551201689453125 0.64455527734375 0.4619104228515625 0.645608806640625 0.5035639267578125 0.6444910576171875
1 0.366963216796875 0.786740484375 0.4039299326171875 0.78570454296875 0.4064859814453125 0.7829251357421875 0.40761193359375 0.757901673828125 0.4054455634765625 0.693476544921875 0.4043767861328125 0.691932462890625 0.3902891591796875 0.690615625 0.3553986396484375 0.6912246416015625 0.3508209306640625 0.6975554970703125 0.3483535087890625 0.7054122568359374 0.3523480166015625 0.7850421708984375 0.356020564453125 0.7865408037109375 0.366963216796875 0.786740484375
1 0.54042947265625 0.5481298642578125 0.5092046845703125 0.5498469482421875 0.5078511240234375 0.59167381640625 0.5081348173828125 0.6377696357421875 0.5102996416015625 0.6424200625 0.519186546875 0.64421836328125 0.54782119921875 0.643327859375 0.5500212001953125 0.56046434375 0.548261234375 0.5491652138671875 0.54042947265625 0.5481298642578125
1 0.4117003388671875 0.783224802734375 0.4205395224609375 0.7822891455078125 0.4231637451171875 0.7834153935546875 0.46219984375 0.7815619619140625 0.4642624072265625 0.78035390625 0.463290162109375 0.694810970703125 0.4589741494140625 0.686291248046875 0.4563226572265625 0.68360273828125 0.452142990234375 0.6828943251953125 0.431394638671875 0.687944703125 0.414223390625 0.6890257978515625 0.4111193193359375 0.690252033203125 0.4081175068359375 0.6973367509765624 0.4090556650390625 0.780926859375 0.4117003388671875 0.783224802734375
1 0.4715665986328125 0.7810077802734375 0.484085146484375 0.7819613212890625 0.5168517451171875 0.779045271484375 0.520956419921875 0.7754574638671875 0.517806490234375 0.7143703212890625 0.5190381103515626 0.695400625 0.5136465029296875 0.68494625390625 0.509453201171875 0.6834567099609375 0.4892392373046875 0.68927912890625 0.4871289521484375 0.6877532265625 0.4730890458984375 0.68917034765625 0.46688090234375 0.691622818359375 0.465420900390625 0.6975085703125 0.4652561943359375 0.7776017685546875 0.4715665986328125 0.7810077802734375
1 0.640159365234375 0.561625767578125 0.6399684794921875 0.55068993359375 0.637310169921875 0.5476108583984375 0.5966981748046875 0.548710427734375 0.593816439453125 0.5925173935546875 0.5951961787109376 0.6417195576171875 0.5973405517578125 0.645198287109375 0.6015338525390626 0.6466878310546875 0.6338001494140625 0.6449525673828125 0.637877556640625 0.6398024970703124 0.640159365234375 0.561625767578125
1 0.592524236328125 0.6378593505859375 0.5935096591796875 0.5749419453125 0.5931006181640625 0.5515080146484375 0.5914838173828125 0.5484107607421875 0.5545034658203125 0.5486655703125 0.5524409013671875 0.5498736259765625 0.5499163046875 0.5842979296875 0.55041815234375 0.6428918447265625 0.5587979375 0.6454803671875 0.58849455078125 0.6457433798828125 0.591571353515625 0.6429548818359375 0.592524236328125 0.6378593505859375
1 0.649463673828125 0.6470232666015625 0.68432010546875 0.6444614228515625 0.687883576171875 0.6397110078125 0.6919730712890625 0.5755673671875 0.688412236328125 0.5506257138671875 0.682142736328125 0.5495630947265625 0.67175492578125 0.55130715234375 0.6607577353515625 0.5479829482421875 0.64514875 0.5490367734375 0.64107134375 0.55418684375 0.6402957119140625 0.569437078125 0.6390035078125 0.6147790361328125 0.6415569208984375 0.6416916962890625 0.649463673828125 0.6470232666015625
1 0.7263811044921875 0.60700290234375 0.7254334931640625 0.552714296875 0.7211788349609375 0.5477096630859375 0.6966965791015625 0.547746318359375 0.690495251953125 0.5505893544921875 0.69254836328125 0.5786828017578125 0.6894662900390625 0.640855435546875 0.6910558212890625 0.642390427734375 0.7233152998046875 0.6402645986328125 0.725296056640625 0.6343697568359375 0.7263811044921875 0.60700290234375
1 0.76810014453125 0.6394828759765625 0.7723218056640625 0.553067912109375 0.7696225927734375 0.547645443359375 0.75553496484375 0.5463286064453124 0.732121486328125 0.54790934375 0.7305796767578125 0.5491083095703125 0.7307228408203125 0.5573101845703125 0.7277551162109375 0.56634773046875 0.726704154296875 0.595667412109375 0.727467697265625 0.6394107490234375 0.7389583720703125 0.6411636015625 0.7644753193359375 0.640718201171875 0.76810014453125 0.6394828759765625
1 0.8286193232421875 0.614985439453125 0.8304254638671875 0.5692438271484375 0.830275482421875 0.5606513857421875 0.828131109375 0.5571726552734375 0.8171475537109375 0.55462958203125 0.78017401953125 0.5552749580078125 0.776055708984375 0.558081634765625 0.774115857421875 0.566319869140625 0.7731603388671875 0.60110746875 0.7743423759765625 0.6389832333984375 0.8170578388671875 0.6390190009765625 0.8248486962890625 0.6377109580078125 0.8286193232421875 0.614985439453125
1 0.83685330859375 0.639064154296875 0.8785068125 0.6379464052734375 0.8805421064453125 0.635176087890625 0.8838465166015625 0.61558418359375 0.8861597763671875 0.569052349609375 0.884379359375 0.5565815224609375 0.8707988515625 0.55447446484375 0.8390464912109376 0.5558100732421875 0.8344210615234375 0.559406970703125 0.832385767578125 0.5621772880859375 0.82940858984375 0.6005163369140625 0.8289601904296875 0.63451371484375 0.83058380859375 0.63800153515625 0.83685330859375 0.639064154296875
1 0.940920755859375 0.57278470703125 0.9407298701171874 0.561848873046875 0.9380238408203125 0.55603583984375 0.9270334677734375 0.553102201171875 0.8911150751953125 0.5545105283203124 0.8869967646484375 0.557317205078125 0.8848088525390625 0.5811871494140625 0.8816245185546875 0.63750130078125 0.891539296875 0.638500291015625 0.9342343076171875 0.6373643623046875 0.9367290009765625 0.631069865234375 0.940920755859375 0.57278470703125
1 0.9718319462890626 0.553101609375 0.9442524365234375 0.5547550654296876 0.9401383076171875 0.5876443759765625 0.9378659521484375 0.636519603515625 0.940496990234375 0.638036416015625 0.986816828125 0.635665162109375 0.9891505400390626 0.5903050244140625 0.9938740478515625 0.5624839755859375 0.99218907421875 0.55548106640625 0.9718319462890626 0.553101609375
1 0.5615002421875 0.7704522392578125 0.5614100712890625 0.705600185546875 0.5581313837890625 0.6669796494140625 0.521130580078125 0.6660627626953125 0.517526205078125 0.6684697841796875 0.5200182626953125 0.69186735546875 0.5207178134765625 0.7617876708984375 0.5225186826171875 0.7754301943359375 0.52567729296875 0.7773284833984375 0.5595126689453125 0.775956515625 0.5615002421875 0.7704522392578125
1 0.56524778125 0.7762470927734375 0.57357302734375 0.7757110908203125 0.5788078369140625 0.777182455078125 0.60015193359375 0.7764192080078125 0.60324237109375 0.774411841796875 0.6036744990234375 0.769325400390625 0.605098869140625 0.7017121181640625 0.6019428935546876 0.67012176171875 0.5987501962890625 0.6662706455078125 0.585231044921875 0.6676786767578125 0.5795368369140625 0.6697314921875 0.5700950908203125 0.665989453125 0.5607283359375 0.666543634765625 0.562089169921875 0.7743488046875 0.56524778125 0.7762470927734375
1 0.619974673828125 0.778026623046875 0.6444160244140625 0.7756465751953125 0.646965255859375 0.7724766025390625 0.64930578515625 0.7275070302734375 0.6490425439453125 0.6825829072265625 0.64678227734375 0.6724645634765625 0.640417333984375 0.66593402734375 0.610193150390625 0.6652895390625 0.6034437998046875 0.66657940234375 0.6054329189453125 0.720849828125 0.6042838798828125 0.774393662109375 0.606928552734375 0.77669160546875 0.619974673828125 0.778026623046875
1 0.650513544921875 0.7071703544921875 0.64749964453125 0.7732486435546875 0.6501511357421875 0.7759371533203125 0.68921450390625 0.7756459833984375 0.6922981240234375 0.7732480517578125 0.6937497626953125 0.7071970322265625 0.6960126650390625 0.68762330859375 0.6943004208984375 0.67905813671875 0.690505162109375 0.67052932421875 0.685743384765625 0.6663149111328125 0.6674624560546875 0.6635085302734375 0.664365201171875 0.6651253310546875 0.64614562890625 0.6658340390625 0.6495428466796875 0.68140212109375 0.650513544921875 0.7071703544921875
1 0.694609837890625 0.666941515625 0.691546669921875 0.67051114453125 0.695992212890625 0.686451611328125 0.6926442626953125 0.7333921904296875 0.6928256953125 0.77362952734375 0.697553384765625 0.7758911123046875 0.7173897587890625 0.7782796591796876 0.7340538876953125 0.77798878515625 0.736637205078125 0.7767716396484375 0.73913871484375 0.7708677080078125 0.7385387890625 0.7364979443359375 0.74045137109375 0.726697447265625 0.7408315966796875 0.6887944130859375 0.73584484765625 0.6716913388671875 0.73370729296875 0.6686031748046875 0.7289932373046875 0.667122720703125 0.7029214501953125 0.6656243828125 0.694609837890625 0.666941515625
1 0.75597327734375 0.78034097265625 0.780428263671875 0.7787420556640625 0.7861088359375 0.775908109375 0.788562625 0.7672702197265625 0.7928388232421875 0.683979779296875 0.77586109765625 0.666304638671875 0.75451018359375 0.6666773203125 0.7431013173828125 0.6696112548828125 0.7394969423828125 0.6720182763671875 0.74024421484375 0.7446725498046874 0.743366103515625 0.774310080078125 0.7476071259765625 0.77853358203125 0.75597327734375 0.78034097265625
1 0.8631940634765625 0.775343951171875 0.866093615234375 0.76240075 0.8707720380859375 0.7021536748046875 0.8706016044921875 0.692389537109375 0.865798923828125 0.6858317314453125 0.8417556142578125 0.6811725107421875 0.80901628515625 0.685650822265625 0.80319673046875 0.71036552734375 0.8010906259765626 0.7389222578125 0.8014519453125 0.7596222294921875 0.8142500048828125 0.77658895703125 0.8606175634765625 0.776951662109375 0.8631940634765625 0.775343951171875
1 0.8699376865234375 0.6841967509765625 0.87138141796875 0.7072219365234375 0.866291318359375 0.773727150390625 0.867360095703125 0.775271232421875 0.8736159619140625 0.775552720703125 0.916811275390625 0.773236005859375 0.9193536884765625 0.769675466796875 0.922413041015625 0.706201078125 0.92537621875 0.696903025390625 0.9247668388671875 0.691834763671875 0.9210465693359375 0.687602171875 0.9042733642578125 0.6816439970703125 0.8902130068359375 0.681889421875 0.8860742431640625 0.68352440234375 0.8829156328125 0.68162611328125 0.8761458310546875 0.6817442802734375 0.8699376865234375 0.6841967509765625
1 0.971524533203125 0.774234404296875 0.97559512109375 0.7686937685546875 0.9820403271484375 0.720136388671875 0.98260462109375 0.6927786240234375 0.9636393212890625 0.6806077607421875 0.9516960654296875 0.6827696533203125 0.9376357080078125 0.683015078125 0.9273706083984375 0.691789314453125 0.9245119609375 0.707075908203125 0.920806873046875 0.7633991494140625 0.9220256318359376 0.7735356728515626 0.9267465048828125 0.7754066923828125 0.971524533203125 0.774234404296875
1 1 0.6769081044921875 0.996899404296875 0.6761203583984375 0.9823728310546875 0.679499396484375 0.9735200126953125 0.679653923828125 0.9730810673828125 0.684349798828125 0.98523566015625 0.6942954375 0.980910193359375 0.715077216796875 0.98044816015625 0.74829346484375 0.9764934658203125 0.7604737138671875 0.97616359765625 0.7714186376953125 0.9814324931640624 0.7748428291015625 1 0.7742020498046875 1 0.6769081044921875
1 0.38861300390625 0.893019455078125 0.4124858798828125 0.8879145380859375 0.431787865234375 0.88953104296875 0.433645908203125 0.8766060224609376 0.4312288427734375 0.857504671875 0.4341829326171875 0.8476859951171875 0.43069708984375 0.8270405625 0.3530706552734375 0.8264421142578126 0.3489318935546875 0.8280770947265625 0.3458823603515625 0.8324278544921875 0.3445246181640625 0.8441720888671875 0.3447878583984375 0.8890962119140625 0.346939048828125 0.8929655078125 0.38861300390625 0.893019455078125
1 0.078575029296875 0.9472667509765625 0.0926831083984375 0.94975528515625 0.1406129296875 0.9500907197265624 0.155707978515625 0.94943655078125 0.1603606787109375 0.9474019150390625 0.1669055078125 0.9343950859375 0.1606318251953125 0.9032498330078125 0.156411255859375 0.90019802734375 0.1382257685546875 0.9028595634765625 0.1142438154296875 0.901715431640625 0.0710962236328125 0.90676610546875 0.069574865234375 0.909136767578125 0.0742794677734375 0.939918724609375 0.078575029296875 0.9472667509765625
1 0.1683885966796875 0.8999889619140625 0.1668536044921875 0.9015784931640625 0.1684882216796875 0.9355395126953125 0.1696797119140625 0.9441137744140625 0.1723448369140625 0.9475834150390625 0.2109079033203125 0.9484730322265625 0.22959369140625 0.9446307099609375 0.2410980009765625 0.947164693359375 0.2535892802734375 0.94655597265625 0.254749318359375 0.9234853388671875 0.2533464912109375 0.9028035458984375 0.251174849609375 0.8977625537109375 0.2475091201171875 0.896654486328125 0.239731896484375 0.89874366015625 0.230344689453125 0.8981261455078124 0.2178738623046875 0.8999065625 0.174630828125 0.8994893193359375 0.1683885966796875 0.8999889619140625
1 0.3421379130859375 0.946182404296875 0.345755921875 0.944556513671875 0.3462043212890625 0.910559134765625 0.344978744140625 0.9000320458984375 0.3418064990234375 0.8973526259765625 0.2642073349609375 0.8983164404296875 0.2548610322265625 0.900042318359375 0.2561589638671875 0.9445576962890625 0.2593652958984375 0.949189943359375 0.3114406962890625 0.9482809638671875 0.321294119140625 0.945764865234375 0.3421379130859375 0.946182404296875
1 0.36521316015625 0.8953813232421876 0.3584160888671875 0.893937228515625 0.348555849609375 0.89606276171875 0.3465205546875 0.898833080078125 0.3487986376953125 0.9398151884765625 0.3509566455078125 0.9440750498046875 0.3649965517578125 0.9426579287109375 0.3770216142578125 0.945182822265625 0.3926374169921875 0.9445195625 0.4233005478515625 0.94046817578125 0.4248150888671875 0.937706947265625 0.4241265361328125 0.8982598310546875 0.4220094345703125 0.89634336328125 0.418343703125 0.895235294921875 0.4147325126953125 0.8972517509765625 0.4079695283203125 0.897760484375 0.4022139638671875 0.8962982099609375 0.39904171875 0.8936187900390625 0.3787254951171875 0.8935827265625 0.36521316015625 0.8953813232421876
1 0.46464154296875 0.831917642578125 0.4641753271484375 0.8350512568359375 0.4574805166015625 0.83946564453125 0.4465719521484375 0.8412187919921875 0.4449551513671875 0.8381215380859375 0.443501966796875 0.84439785546875 0.4383626005859375 0.848394408203125 0.4378963837890625 0.851528021484375 0.43798919140625 0.8866880068359375 0.439098873046875 0.890575482421875 0.4448680712890625 0.8928188876953125 0.4459504833984375 0.8951441015625 0.508893544921875 0.8901385810546875 0.5187674189453125 0.8887941787109375 0.5218578564453125 0.8867868125 0.5221085517578125 0.8414630341796875 0.5182792060546875 0.8309813935546875 0.5140245478515625 0.8259767607421875 0.5067135400390625 0.8249323212890625 0.5026088642578125 0.82852012890625 0.49167984765625 0.829101580078125 0.4864177685546875 0.8260679541015625 0.4833000625 0.82651305859375 0.46464154296875 0.831917642578125
1 0.6068687431640625 0.83295121875 0.5973315546875 0.8237412626953124 0.5504227900390625 0.822215951171875 0.5280508193359374 0.8237785087890624 0.5228773662109375 0.825822234375 0.52604433984375 0.8878857900390625 0.588048154296875 0.8887569326171875 0.605733337890625 0.8872761826171875 0.6083098388671875 0.8856684716796875 0.608574169921875 0.84112582421875 0.6068687431640625 0.83295121875
1 0.5237515322265625 0.9355893212890625 0.5232402314453125 0.906296908203125 0.5219669345703125 0.8930358603515625 0.5193154423828125 0.8903473505859375 0.4761269462890625 0.8930546318359375 0.4387008310546875 0.897614751953125 0.43777521875 0.904272544921875 0.4372586455078125 0.9343642685546875 0.440046484375 0.944864087890625 0.5098343388671875 0.94403662109375 0.52177759375 0.941874728515625 0.5237515322265625 0.9355893212890625
1 0.5237515322265625 0.9355893212890625 0.525889087890625 0.9386774853515625 0.6065650546875 0.9349251748046875 0.6073160517578124 0.8884206103515625 0.525537220703125 0.88867601171875 0.52300844140625 0.8930176806640625 0.52305352734375 0.9254437080078125 0.5237515322265625 0.9355893212890625
1 0.616299490234375 0.8062200576171875 0.613675267578125 0.805093810546875 0.610584830078125 0.8071011767578125 0.6109870537109375 0.830144541015625 0.61370671875 0.8367387060546875 0.6314123544921875 0.8364296533203125 0.640820013671875 0.8382188642578124 0.66579575390625 0.836610857421875 0.67625173828125 0.838772455078125 0.692902232421875 0.8377004501953125 0.6965202412109375 0.8360745595703125 0.69492652734375 0.80445693359375 0.6911926240234375 0.7994432099609375 0.68068891796875 0.794547654296875 0.6765569736328125 0.7965732001953125 0.675062884765625 0.800506125 0.6589808662109375 0.804302998046875 0.621479759765625 0.8045668974609375 0.616299490234375 0.8062200576171875
1 0.7470811005859375 0.8379268076171875 0.768432015625 0.837554126953125 0.7777851357421876 0.8362188134765625 0.78189662890625 0.8330215712890625 0.7837478544921875 0.8197059853515625 0.7835024306640626 0.805645626953125 0.781398962890625 0.8045102890625 0.7006752734375 0.8055286416015625 0.6970777177734375 0.8083262294921875 0.6980006943359375 0.83136050390625 0.7017618671875 0.8379364892578125 0.7225647587890625 0.8360106357421875 0.7470811005859375 0.8379268076171875
1 0.6957896953125 0.8837508203125 0.6960403916015625 0.83842704296875 0.6944576767578124 0.837282615234375 0.6694683017578125 0.8381094912109375 0.6532840234375 0.8360478818359375 0.6121785439453125 0.838718802734375 0.60988837109375 0.856730265625 0.6097153017578125 0.8766581962890625 0.6124690537109375 0.8852051875 0.68490158203125 0.8866756650390625 0.6927060751953125 0.8861487529296875 0.6957896953125 0.8837508203125
1 0.6401576416015625 0.8898007802734375 0.6302224111328125 0.88763009375 0.6145929736328125 0.8875122216796875 0.6120096552734375 0.8887293671875 0.6101516123046875 0.901654388671875 0.6096554912109375 0.93291780859375 0.6128345546875 0.9359877939453125 0.6196248095703125 0.937041322265625 0.625332650390625 0.935769638671875 0.63889270703125 0.936705 0.6492805185546875 0.9349609423828125 0.6690828046875 0.9353966611328125 0.6893308544921875 0.9315270693359375 0.6908957529296875 0.901807732421875 0.6938293916015625 0.890817359375 0.69223304296875 0.88889180078125 0.6765763359375 0.8872116669921875 0.667764421875 0.8897095869140625 0.66459217578125 0.8870301669921875 0.650011064453125 0.887284681640625 0.6401576416015625 0.8898007802734375
1 0.7773178310546875 0.928819197265625 0.7788119189453125 0.9248862734375 0.7802541044921875 0.8881367568359375 0.7760267158203125 0.8846943857421875 0.698434369140625 0.8860487646484375 0.6943365107421875 0.890027138671875 0.6930605771484375 0.9064581591796875 0.693476435546875 0.930282654296875 0.695093236328125 0.9333799091796875 0.69929335546875 0.9352600185546875 0.77267194921875 0.9312443994140625 0.7773178310546875 0.928819197265625
1 1 0.876457916015625 0.97064555078125 0.8730929267578125 0.958174724609375 0.87487334375 0.9530558095703126 0.8800415927734375 0.9493942607421875 0.9090161591796875 0.9490780283203125 0.9207422138671875 0.952784662109375 0.9241936748046875 1 0.9211538212890625 1 0.876457916015625
1 0.7157949560546875 0.836128802734375 0.6986509775390625 0.8387721591796875 0.69667022265625 0.8446670009765626 0.695694251953125 0.8782829033203124 0.6963104482421875 0.8837417314453125 0.698420734375 0.8852676337890625 0.7791307880859375 0.883468150390625 0.7818053671875 0.8576362880859375 0.7809232939453125 0.83694540625 0.7157949560546875 0.836128802734375
1 0.82666015625 0.8583984375 0.08984375 0.0615234375
1 0.82568359375 0.908203125 0.0966796875 0.0634765625
1 0.9150390625 0.89892578125 0.0771484375 0.060546875
1 0.91259765625 0.8466796875 0.0810546875 0.060546875
1 0.9716796875 0.84033203125 0.056640625 0.0693359375
1 0.82568359375 0.81494140625 0.0859375 0.0361328125
1 0.916015625 0.81103515625 0.0888671875 0.0419921875
1 0.97802734375 0.8076171875 0.0439453125 0.037109375
0 0.982421875 0.2744140625 0.99609375 0.275390625 0.99609375 0.2939453125 0.970703125 0.29296875 0.96875 0.291015625 0.96875 0.275390625 0.9814453125 0.2744140625
0 0.52734375 0.408203125 0.5703125 0.4072265625 0.57421875 0.4091796875 0.5732421875 0.4248046875 0.5556640625 0.4267578125 0.525390625 0.42578125 0.52734375 0.4091796875
0 0.11328125 0.408203125 0.142578125 0.4111328125 0.142578125 0.423828125 0.140625 0.4267578125 0.1083984375 0.427734375 0.0908203125 0.4267578125 0.08984375 0.4169921875 0.0927734375 0.41015625 0.1123046875 0.408203125
0 0.8828125 0.2763671875 0.888671875 0.2783203125 0.888671875 0.291015625 0.8857421875 0.2939453125 0.853515625 0.2939453125 0.8388671875 0.291015625 0.8388671875 0.2783203125 0.8427734375 0.275390625 0.8818359375 0.2763671875
0 0.29296875 0.279296875 0.298828125 0.2763671875 0.3115234375 0.2783203125 0.3115234375 0.287109375 0.3056640625 0.2900390625 0.296875 0.2900390625 0.2939453125 0.2802734375
0 0.91796875 0.9287109375 0.9296875 0.9306640625 0.93359375 0.9453125 0.9306640625 0.9482421875 0.923828125 0.94921875 0.896484375 0.9501953125 0.8896484375 0.94921875 0.88671875 0.9404296875 0.88671875 0.931640625 0.892578125 0.931640625 0.8984375 0.9287109375 0.9169921875 0.9287109375
0 0.341796875 0.953125 0.3720703125 0.953125 0.375 0.9560546875 0.375 0.970703125 0.373046875 0.97265625 0.3369140625 0.9755859375 0.328125 0.9736328125 0.3271484375 0.9580078125 0.3291015625 0.955078125 0.3408203125 0.953125
0 0.607421875 0.9443359375 0.611328125 0.9482421875 0.6123046875 0.9609375 0.6103515625 0.962890625 0.5927734375 0.96484375 0.56640625 0.9638671875 0.5654296875 0.947265625 0.576171875 0.9443359375 0.6064453125 0.9443359375
0 0.216796875 0.958984375 0.220703125 0.9619140625 0.21875 0.9775390625 0.2060546875 0.9794921875 0.1708984375 0.9794921875 0.1689453125 0.9775390625 0.169921875 0.962890625 0.177734375 0.958984375 0.2158203125 0.958984375
0 0.1884765625 0.27734375 0.2333984375 0.2744140625 0.2373046875 0.2783203125 0.2373046875 0.291015625 0.2353515625 0.29296875 0.220703125 0.29296875 0.21875 0.294921875 0.1865234375 0.29296875 0.1865234375 0.2802734375 0.1884765625 0.2783203125
0 0.2861328125 0.529296875 0.31640625 0.533203125 0.3154296875 0.544921875 0.3115234375 0.556640625 0.3115234375 0.576171875 0.30859375 0.58203125 0.27734375 0.5830078125 0.251953125 0.5810546875 0.25 0.576171875 0.25 0.556640625 0.255859375 0.533203125 0.2587890625 0.5302734375 0.28515625 0.529296875
0 0.728515625 0.52734375 0.765625 0.5283203125 0.7705078125 0.533203125 0.7705078125 0.544921875 0.7275390625 0.5458984375 0.7236328125 0.54296875 0.7236328125 0.5302734375 0.7275390625 0.5283203125
0 0.4111328125 0.2763671875 0.4326171875 0.2783203125 0.435546875 0.283203125 0.435546875 0.2890625 0.4306640625 0.2958984375 0.4072265625 0.2939453125 0.38671875 0.294921875 0.3837890625 0.2919921875 0.3828125 0.2783203125 0.41015625 0.2763671875
0 0.8544921875 0.93359375 0.857421875 0.9384765625 0.8583984375 0.951171875 0.8408203125 0.953125 0.81640625 0.953125 0.8125 0.9462890625 0.8115234375 0.9365234375 0.8251953125 0.93359375 0.853515625 0.93359375
0 0.443359375 0.4072265625 0.4638671875 0.4091796875 0.462890625 0.42578125 0.435546875 0.4267578125 0.4169921875 0.4248046875 0.4150390625 0.41796875 0.416015625 0.41015625 0.4306640625 0.4072265625 0.4423828125 0.408203125
0 0.7421875 0.9365234375 0.751953125 0.939453125 0.7548828125 0.947265625 0.7548828125 0.955078125 0.728515625 0.9580078125 0.7109375 0.9580078125 0.70703125 0.9404296875 0.7099609375 0.9384765625 0.7412109375 0.9365234375
0 0.6103515625 0.2763671875 0.623046875 0.279296875 0.6259765625 0.2822265625 0.626953125 0.2890625 0.625 0.2939453125 0.5791015625 0.294921875 0.5771484375 0.29296875 0.578125 0.2783203125 0.609375 0.27734375
0 0.763671875 0.4072265625 0.767578125 0.41015625 0.767578125 0.4228515625 0.765625 0.4248046875 0.7236328125 0.42578125 0.7197265625 0.421875 0.7197265625 0.41015625 0.732421875 0.40625 0.7626953125 0.408203125
0 0.275390625 0.40625 0.3251953125 0.408203125 0.3271484375 0.4111328125 0.326171875 0.455078125 0.322265625 0.4580078125 0.271484375 0.45703125 0.267578125 0.455078125 0.263671875 0.4453125 0.2626953125 0.4228515625 0.2646484375 0.4091796875 0.2744140625 0.4072265625
0 0.8662109375 0.404296875 0.8798828125 0.40625 0.9033203125 0.4033203125 0.908203125 0.4052734375 0.9111328125 0.4111328125 0.9111328125 0.4208984375 0.908203125 0.4228515625 0.8916015625 0.423828125 0.8642578125 0.4228515625 0.8623046875 0.419921875 0.8623046875 0.40625 0.865234375 0.404296875