1 0 0.31510106640625 0.004577951171875 0.314463595703125 0.01858211328125 0.3151747705078125 0.0261343017578125 0.3129649345703125 0.0259486962890625 0.2990392314453125 0.0233272900390625 0.2926848798828125 0.021847794921875 0.27577416796875 0.01942813671875 0.271725822265625 0.0058355458984375 0.269816810546875 0 0.270491091796875 0 0.31510106640625
1 0 0.3626219853515625 0.02975771875 0.360282896484375 0.03300858984375 0.356125720703125 0.02824326171875 0.3193641201171875 0.024387142578125 0.31660327734375 0 0.3176353916015625 0 0.3626219853515625
1 0 0.406889791015625 0.0332466357421875 0.4060635205078125 0.0371780771484375 0.4037831826171875 0.038311916015625 0.3990366708984375 0.0375210634765625 0.3781929482421875 0.0347732294921875 0.36449141015625 0.0330341416015625 0.3623199033203125 0.005740013671875 0.3631587255859375 0 0.3636609111328125 0 0.406889791015625
1 0 0.4520137744140625 0.0375250703125 0.44906413671875 0.0461357744140625 0.4471489697265625 0.0420173916015625 0.411879873046875 0.0401774306640625 0.40855536328125 0.0338599560546875 0.4071716904296875 0 0.4078891650390625 0 0.4520137744140625
1 0.1062924091796875 0.2730335341796875 0.102679736328125 0.2671531845703125 0.0972862783203125 0.2645268408203125 0.0274927705078125 0.2694711533203125 0.0236622021484375 0.2729044931640625 0.0287382275390625 0.3073152548828125 0.032485400390625 0.314732943359375 0.0384666259765625 0.3122732724609375 0.1026232294921875 0.3078221259765625 0.1112003095703125 0.3055226240234375 0.1062924091796875 0.2730335341796875
1 0.11055603515625 0.3512775791015625 0.1046313154296875 0.313068306640625 0.1012876416015625 0.3102626318359375 0.0392144462890625 0.3149187802734375 0.0316958828125 0.3175129501953125 0.0347557490234375 0.3524873779296875 0.0362177646484375 0.35739405859375 0.0389817431640625 0.3594758994140625 0.09528353515625 0.353775578125 0.105633326171875 0.35403191796875 0.11055603515625 0.3512775791015625
1 0.0485378935546875 0.586745509765625 0.0523684599609375 0.5833121689453125 0.0522003359375 0.58139049609375 0.040704626953125 0.520819330078125 0.023424041015625 0.5180711474609375 0.0147460859375 0.5192176455078125 0.00377490234375 0.523662986328125 0.0003222802734375 0.52551415625 0.0056350146484375 0.5862389873046875 0.0106841513671875 0.5908318349609375 0.0485378935546875 0.586745509765625
1 0.079351892578125 0.584824185546875 0.0956829091796875 0.58262085546875 0.0966149990234375 0.5755683369140625 0.0904723857421875 0.546672755859375 0.0883620888671875 0.5166498427734375 0.0782893701171875 0.5136583291015625 0.0610007109375 0.5167199951171875 0.048122314453125 0.5170721572265625 0.043678427734375 0.5193973271484374 0.0444773525390625 0.534431201171875 0.0534606015625 0.5839911708984376 0.055644884765625 0.58534917578125 0.079351892578125 0.584824185546875
1 0.0891435341796875 0.51967968359375 0.09088395703125 0.545474919921875 0.0992027802734375 0.581538353515625 0.10446173828125 0.582627359375 0.1386947353515625 0.57847053125 0.1419456064453125 0.57431335546875 0.1298702021484375 0.513018353515625 0.0948893857421875 0.5145296728515625 0.0891435341796875 0.51967968359375
1 0.178317181640625 0.506068857421875 0.170941189453125 0.5043905166015625 0.1612047197265625 0.50524234765625 0.13527173046875 0.5098348466796875 0.1318527353515625 0.5120703515625 0.14197923046875 0.5746976904296875 0.1453229052734375 0.577503365234375 0.1807825419921875 0.5755628779296875 0.18707446484375 0.5707523681640625 0.1894766416015625 0.562796681640625 0.178317181640625 0.506068857421875
1 0.2906544365234375 0.5388410009765625 0.2836456484375 0.4941428779296875 0.2792259775390625 0.479038501953125 0.27270675390625 0.475348822265625 0.25842551953125 0.4773728212890625 0.253192115234375 0.482477998046875 0.2498659208984375 0.4916763544921875 0.258858578125 0.559050205078125 0.26268107421875 0.561426712890625 0.2893618818359375 0.5594797216796875 0.2920666826171875 0.5549830439453125 0.2906544365234375 0.5388410009765625
1 0.3240736982421875 0.5548937265625 0.3241153955078125 0.5494682119140625 0.3175101064453125 0.5093821025390625 0.3167865029296875 0.489307048828125 0.3120225107421875 0.4761691767578125 0.30707425 0.47272933203125 0.289583841796875 0.4734849931640625 0.285274453125 0.4773475009765625 0.283107650390625 0.4879935283203125 0.29319244921875 0.556046380859375 0.297493765625 0.5579937216796875 0.3221247900390625 0.5562260615234375 0.3240736982421875 0.5548937265625
1 0.350515125 0.479385205078125 0.3469360771484375 0.4738891884765625 0.3419878154296875 0.4704493427734375 0.3301006865234375 0.47032750390625 0.3245646572265625 0.471973671875 0.3212129111328125 0.474977845703125 0.3189452333984375 0.4844708701171875 0.326568677734375 0.5539008916015625 0.330836369140625 0.5554638974609375 0.3570047314453125 0.5535617392578125 0.3583820166015625 0.54569571875 0.350515125 0.479385205078125
1 0.381404447265625 0.4724227021484375 0.37317976171875 0.466945849609375 0.359310099609375 0.46777201171875 0.3531526767578125 0.4741198583984375 0.3512965703125 0.4824150458984375 0.3594660859375 0.5521845703125 0.3626752607421875 0.553452908203125 0.39079253125 0.5502184130859376 0.392094494140625 0.5473935732421875 0.385420619140625 0.482915064453125 0.381404447265625 0.4724227021484375
1 0.5913054892578125 0.4517350830078125 0.584063998046875 0.4515940791015625 0.56735503515625 0.4553795810546875 0.5647174833984375 0.460644927734375 0.5647094111328125 0.4664547763671875 0.57025751953125 0.529869947265625 0.5741136396484375 0.5326307900390626 0.6018529638671875 0.5309784658203125 0.603600123046875 0.527340123046875 0.596421875 0.457096599609375 0.5913054892578125 0.4517350830078125
1 0.6456287548828125 0.517853953125 0.64126558984375 0.462080634765625 0.627160552734375 0.4602164560546875 0.605772328125 0.4636367880859375 0.6014965634765626 0.467883630859375 0.606641173828125 0.5266867900390625 0.6177387861328125 0.52958863671875 0.627785953125 0.526385966796875 0.6437390234375 0.5257648056640625 0.645654306640625 0.5240481357421874 0.6456287548828125 0.517853953125
1 0.6794421064453126 0.5207048095703125 0.6846674404296875 0.5214094814453125 0.687641240234375 0.519987478515625 0.6883971328125 0.5168231376953125 0.6837313447265625 0.457590810546875 0.6820595068359375 0.45618797265625 0.6498426689453125 0.4597811328125 0.6442730146484374 0.461042966796875 0.64249223046875 0.464296974609375 0.64664557421875 0.523574134765625 0.649375927734375 0.525271640625 0.6592468974609375 0.5259571474609375 0.6794421064453126 0.5207048095703125
1 0.72985146875 0.453555822265625 0.7244916357421874 0.4513138134765625 0.6917287275390624 0.45456747265625 0.688721302734375 0.4556051416015625 0.6869405185546875 0.4588591484375 0.69096743359375 0.510789123046875 0.69327814453125 0.5194943134765625 0.6985034775390625 0.5201989853515625 0.730787564453125 0.5173744931640625 0.7345508828125 0.5131724833984375 0.72985146875 0.453555822265625
1 0.77125870703125 0.448771330078125 0.7680159072265625 0.447118658203125 0.734228107421875 0.450461982421875 0.731456056640625 0.4541899921875 0.7309610908203125 0.466238857421875 0.73323951171875 0.498183443359375 0.7377936826171875 0.51482515625 0.743086265625 0.51629849609375 0.773732140625 0.5124555009765625 0.7755129248046875 0.5092014931640625 0.77125870703125 0.448771330078125
1 0.8138589599609375 0.44581884375 0.8090788232421875 0.444300669921875 0.7792224658203125 0.445363658203125 0.774299755859375 0.4481179970703125 0.77346854296875 0.4563235185546875 0.775301767578125 0.4890816064453125 0.778789349609375 0.5112385 0.7974055224609375 0.511546177734375 0.8162315185546875 0.50835001171875 0.818045927734375 0.505480337890625 0.8138589599609375 0.44581884375
1 0.83997215234375 0.50820935546875 0.8577732568359375 0.50510285546875 0.860066486328125 0.501804015625 0.8589205693359375 0.4414891875 0.8519897734375 0.43899734375 0.8299882275390625 0.441309505859375 0.8203190068359375 0.4429300048828125 0.8168663857421875 0.4447811748046875 0.815598046875 0.447990349609375 0.8157675068359375 0.4735357509765625 0.8191380693359375 0.50615933984375 0.822960564453125 0.50853584765625 0.83997215234375 0.50820935546875
1 0.907815416015625 0.4809736494140625 0.90664528125 0.4380883681640625 0.904460998046875 0.4367303642578125 0.8936660107421875 0.4372875263671875 0.8640114013671875 0.4406565205078125 0.8625749384765625 0.4419440234375 0.8628197216796875 0.4624482451171875 0.8651909453125 0.50135568359375 0.8669972822265625 0.5042958583984375 0.8701728310546875 0.5051798623046875 0.90546434375 0.5013177021484375 0.907815416015625 0.4809736494140625
1 0.94917828515625 0.4343672119140625 0.9454566650390624 0.4331437080078125 0.9290247734375 0.43419403515625 0.908661439453125 0.437524701171875 0.9075787060546875 0.454659580078125 0.90901783984375 0.50061953515625 0.918855185546875 0.500920708984375 0.9464263857421875 0.4973467119140625 0.948308044921875 0.4952457080078125 0.9498615263671875 0.4834915107421875 0.94917828515625 0.4343672119140625
1 0.9927025556640625 0.430172056640625 0.98737634765625 0.4283143818359375 0.9541346181640625 0.431997208984375 0.951228068359375 0.43418787890625 0.9509348525390625 0.4485427509765625 0.950189703125 0.493144703125 0.9520632900390625 0.496853546875 0.9660002021484375 0.4967960537109375 0.9898497822265625 0.491998552734375 0.99255458203125 0.4875018759765625 0.9927025556640625 0.430172056640625
1 0.5578283857421875 0.4527275693359375 0.5398255322265625 0.4535280625 0.52878709765625 0.4572047333984375 0.5370494150390624 0.5339371083984376 0.5392673232421875 0.5356794482421875 0.5509190771484375 0.533110947265625 0.56751909375 0.5339822900390625 0.5698123232421874 0.53068344921875 0.5636334140625 0.4541560751953125 0.5578283857421875 0.4527275693359375
1 0.505453970703125 0.5328285908203125 0.5255066083984375 0.531848763671875 0.5282114091796875 0.5273520869140625 0.52136941015625 0.46095190625 0.518504556640625 0.4577170634765625 0.4979394736328125 0.45874172265625 0.4927060673828125 0.463846900390625 0.4953462900390625 0.5058290126953126 0.4994633369140625 0.5174743798828125 0.49852317578125 0.5303367470703125 0.5007747080078125 0.532463419921875 0.505453970703125 0.5328285908203125
1 0.4960187880859375 0.513515701171875 0.4906562841796875 0.4640262333984375 0.487211736328125 0.4600675537109375 0.4754591064453125 0.461483052734375 0.46610058203125 0.460752712890625 0.462337263671875 0.4649547216796875 0.4607918544921875 0.4708990703125 0.465095841796875 0.5200938701171876 0.4695491376953125 0.535582580078125 0.494658982421875 0.5333857529296875 0.496884962890625 0.529318244140625 0.4960187880859375 0.513515701171875
1 0.4130711484375 0.545171078125 0.426461990234375 0.5447740830078125 0.4301580576171875 0.539803404296875 0.4222319892578125 0.4669143740234375 0.418476744140625 0.4653065341796875 0.39695401953125 0.4671895283203125 0.3889230107421875 0.46982853125 0.387587421875 0.472269037109375 0.395068294921875 0.5459715703125 0.39841196875 0.5487772470703125 0.408148439453125 0.547925416015625 0.4130711484375 0.545171078125
1 0.07666015625 0.37890625 0.08203125 0.0537109375
1 0.08349609375 0.4228515625 0.095703125 0.0537109375
1 0.15087890625 0.330078125 0.087890625 0.0498046875
1 0.15771484375 0.37353515625 0.0869140625 0.0439453125
1 0.16455078125 0.41748046875 0.0849609375 0.056640625
1 0.21875 0.28173828125 0.0810546875 0.0546875
1 0.29248046875 0.2734375 0.0830078125 0.0458984375
1 0.36669921875 0.271484375 0.0791015625 0.044921875
1 0.43994140625 0.2666015625 0.0751953125 0.0458984375
1 0.5087890625 0.265625 0.0693359375 0.0390625
1 0.57373046875 0.2587890625 0.0703125 0.04296875
1 0.64697265625 0.25 0.07421875 0.046875
1 0.44140625 0.30517578125 0.080078125 0.05078125
1 0.51513671875 0.30322265625 0.076171875 0.0498046875
1 0.58203125 0.29833984375 0.0732421875 0.0498046875
1 0.646484375 0.29150390625 0.0712890625 0.0498046875
1 0.44677734375 0.35009765625 0.0771484375 0.048828125
1 0.51611328125 0.3447265625 0.0712890625 0.048828125
1 0.5810546875 0.3359375 0.0703125 0.046875
1 0.6552734375 0.33056640625 0.0791015625 0.0439453125
1 0.451171875 0.39404296875 0.080078125 0.0517578125
1 0.5205078125 0.3837890625 0.07421875 0.0478515625
1 0.59521484375 0.38037109375 0.05859375 0.0458984375
1 0.6591796875 0.37548828125 0.08203125 0.05078125
1 0.72021484375 0.28076171875 0.0810546875 0.0439453125
1 0.77392578125 0.23828125 0.068359375 0.037109375
1 0.85009765625 0.23095703125 0.0703125 0.0390625
1 0.9052734375 0.19091796875 0.0673828125 0.03515625
1 0.93603515625 0.22021484375 0.0693359375 0.0458984375
1 0.94091796875 0.26123046875 0.0693359375 0.048828125
1 0.94384765625 0.30419921875 0.0654296875 0.0458984375
1 0.94677734375 0.3447265625 0.0751953125 0.044921875
1 0.9541015625 0.1787109375 0.0419921875 0.0419921875
1 0.7978515625 0.2724609375 0.07421875 0.052734375
1 0.8701171875 0.26708984375 0.07421875 0.0576171875
1 0.87060546875 0.310546875 0.0791015625 0.048828125
1 0.802734375 0.3154296875 0.0712890625 0.0517578125
1 0.728515625 0.32080078125 0.0673828125 0.0478515625
1 0.73291015625 0.36474609375 0.076171875 0.0498046875
1 0.80859375 0.35791015625 0.0712890625 0.048828125
1 0.87646484375 0.35009765625 0.0703125 0.0556640625
0 0.083984375 0.4580078125 0.087890625 0.462890625 0.087890625 0.4677734375 0.083984375 0.47265625 0.0400390625 0.4755859375 0.0380859375 0.4736328125 0.0380859375 0.4638671875 0.0400390625 0.4619140625 0.0830078125 0.458984375
0 0.7666015625 0.533203125 0.7666015625 0.544921875 0.7265625 0.55078125 0.7236328125 0.55078125 0.720703125 0.544921875 0.72265625 0.5380859375 0.759765625 0.5322265625 0.765625 0.533203125
0 0.73388671875 0.404296875 0.0478515625 0.01953125
0 0.564453125 0.416015625 0.5654296875 0.427734375 0.5634765625 0.4296875 0.54296875 0.4306640625 0.541015625 0.4326171875 0.521484375 0.43359375 0.51953125 0.431640625 0.51953125 0.4208984375 0.552734375 0.416015625 0.5634765625 0.4169921875
0 0.9443359375 0.5146484375 0.9833984375 0.5087890625 0.98828125 0.5087890625 0.990234375 0.5126953125 0.990234375 0.5205078125 0.9873046875 0.5224609375 0.9609375 0.5263671875 0.9443359375 0.525390625 0.9443359375 0.515625
0 0.0791015625 0.6005859375 0.08203125 0.6015625 0.083984375 0.6083984375 0.083984375 0.6123046875 0.0791015625 0.615234375 0.041015625 0.6181640625 0.0361328125 0.6162109375 0.0361328125 0.60546875 0.078125 0.6015625
0 0.2705078125 0.4443359375 0.3076171875 0.439453125 0.3173828125 0.4423828125 0.3154296875 0.453125 0.28515625 0.45703125 0.2724609375 0.45703125 0.2705078125 0.4541015625 0.2705078125 0.4453125
0 0.3193359375 0.5771484375 0.3212890625 0.5791015625 0.3212890625 0.58984375 0.291015625 0.59375 0.2763671875 0.59375 0.2744140625 0.5888671875 0.275390625 0.58203125 0.318359375 0.5771484375
0 0.990234375 0.373046875 0.9912109375 0.38671875 0.9775390625 0.388671875 0.9658203125 0.388671875 0.9638671875 0.38671875 0.9638671875 0.3779296875 0.966796875 0.375 0.9892578125 0.373046875
0 0.4677734375 0.5625 0.4814453125 0.5625 0.482421875 0.5732421875 0.458984375 0.5771484375 0.439453125 0.5771484375 0.4365234375 0.5703125 0.4375 0.5654296875 0.466796875 0.5625