1 0 0.2951923076171875 0.0298076923828125 0.296153845703125 0.046474359375 0.2947115380859375 0.0490384619140625 0.2927884619140625 0.0496794873046875 0.2891826923828125 0.0294871796875 0.1790865380859375 0.0259615380859375 0.17548076953125 0.011858974609375 0.175 0 0.178365384765625 0 0.2951923076171875
1 0.05224358984375 0.29326923046875 0.05673076953125 0.2949519228515625 0.1032051279296875 0.29423076953125 0.1240384619140625 0.2918269228515625 0.1259615380859375 0.29014423046875 0.124358974609375 0.272115384765625 0.11474358984375 0.2052884619140625 0.11025641015625 0.181490384765625 0.1083333330078125 0.178125 0.1060897431640625 0.1766826923828125 0.1 0.1762019228515625 0.03974358984375 0.174278845703125 0.033974359375 0.175240384765625 0.03173076953125 0.17860576953125 0.032371794921875 0.184375 0.04326923046875 0.25360576953125 0.05224358984375 0.29326923046875
1 0.1407051279296875 0.2925480771484375 0.1967948720703125 0.291346154296875 0.1987179482421875 0.2896634619140625 0.199358974609375 0.2858173076171875 0.190384615234375 0.19951923046875 0.1862179482421875 0.1795673076171875 0.1333333330078125 0.17235576953125 0.119871794921875 0.174278845703125 0.117628205078125 0.1822115380859375 0.1173076923828125 0.19014423046875 0.1208333330078125 0.2204326923828125 0.1320512822265625 0.289903845703125 0.1407051279296875 0.2925480771484375
1 0.2032051279296875 0.2915865380859375 0.2070512822265625 0.2918269228515625 0.2615384619140625 0.290625 0.2634615380859375 0.2884615380859375 0.2634615380859375 0.268990384765625 0.258974359375 0.1853365380859375 0.255128205078125 0.181490384765625 0.1996794873046875 0.175 0.1923076923828125 0.17451923046875 0.1887820517578125 0.178846154296875 0.188141025390625 0.1855769228515625 0.1958333330078125 0.2552884619140625 0.2019230771484375 0.29014423046875 0.2032051279296875 0.2915865380859375
1 0.3253205126953125 0.2889423076171875 0.327884615234375 0.286778845703125 0.327884615234375 0.278846154296875 0.3217948720703125 0.1875 0.319871794921875 0.181490384765625 0.3173076923828125 0.178365384765625 0.2945512822265625 0.1771634619140625 0.265384615234375 0.1802884619140625 0.2621794873046875 0.1822115380859375 0.263141025390625 0.2170673076171875 0.2689102568359375 0.2887019228515625 0.272115384765625 0.290865384765625 0.3253205126953125 0.2889423076171875
1 0.38076923046875 0.2875 0.3830128203125 0.2862980771484375 0.383974359375 0.281009615234375 0.3782051279296875 0.1853365380859375 0.3737179482421875 0.1831730771484375 0.3282051279296875 0.178125 0.323397435546875 0.18173076953125 0.3240384619140625 0.2173076923828125 0.3291666669921875 0.2862980771484375 0.3349358974609375 0.2887019228515625 0.38076923046875 0.2875
1 0.4253205126953125 0.2853365380859375 0.428846154296875 0.2829326923828125 0.42724358984375 0.18798076953125 0.425 0.1853365380859375 0.3974358974609375 0.17860576953125 0.38974358984375 0.178846154296875 0.3814102568359375 0.1865384619140625 0.3833333330078125 0.2480769228515625 0.386858974609375 0.2829326923828125 0.390384615234375 0.2862980771484375 0.4253205126953125 0.2853365380859375
1 0.4650641025390625 0.283653845703125 0.4673076923828125 0.2826923076171875 0.4679487177734375 0.2759615380859375 0.4679487177734375 0.1889423076171875 0.46474358984375 0.1860576923828125 0.4435897431640625 0.18125 0.4320512822265625 0.18076923046875 0.4291666669921875 0.1822115380859375 0.42724358984375 0.1855769228515625 0.4269230771484375 0.22451923046875 0.4298076923828125 0.2829326923828125 0.4320512822265625 0.28485576953125 0.4650641025390625 0.283653845703125
1 0.5060897431640625 0.28076923046875 0.50673076953125 0.2764423076171875 0.5064102568359375 0.196875 0.505128205078125 0.188221154296875 0.484615384765625 0.18076923046875 0.471153845703125 0.18125 0.46826923046875 0.186778845703125 0.4685897431640625 0.281971154296875 0.4737179482421875 0.28389423046875 0.503846154296875 0.2826923076171875 0.5060897431640625 0.28076923046875
1 0.5480769228515625 0.2766826923828125 0.5467948720703125 0.1891826923828125 0.54423076953125 0.1855769228515625 0.53974358984375 0.18389423046875 0.516025640625 0.1826923076171875 0.5099358974609375 0.1855769228515625 0.508974359375 0.191346154296875 0.5105769228515625 0.2795673076171875 0.515384615234375 0.28173076953125 0.5467948720703125 0.2795673076171875 0.5480769228515625 0.2766826923828125
1 0.57724358984375 0.2793269228515625 0.583974359375 0.2762019228515625 0.5849358974609375 0.1891826923828125 0.58173076953125 0.1865384619140625 0.557371794921875 0.1834134619140625 0.55 0.18701923046875 0.54775641015625 0.1947115380859375 0.5474358974609375 0.23076923046875 0.55 0.27860576953125 0.5544871796875 0.280528845703125 0.57724358984375 0.2793269228515625
1 0.6189102568359375 0.2759615380859375 0.622115384765625 0.196634615234375 0.6201923076171875 0.1918269228515625 0.616346154296875 0.188221154296875 0.60576923046875 0.1853365380859375 0.5958333330078125 0.184134615234375 0.589102564453125 0.184134615234375 0.5865384619140624 0.1855769228515625 0.58525641015625 0.1889423076171875 0.584615384765625 0.219471154296875 0.5849358974609375 0.2764423076171875 0.5875 0.278125 0.616346154296875 0.278365384765625 0.6189102568359375 0.2759615380859375
1 0.6416666669921876 0.2795673076171875 0.6612179482421875 0.277403845703125 0.6650641025390625 0.2759615380859375 0.666346154296875 0.2728365380859375 0.666025640625 0.1889423076171875 0.661858974609375 0.187259615234375 0.626602564453125 0.187259615234375 0.6240384619140625 0.1920673076171875 0.623397435546875 0.20889423046875 0.621474359375 0.271875 0.6230769228515625 0.2771634619140625 0.626602564453125 0.278846154296875 0.6416666669921876 0.2795673076171875
1 0.70224358984375 0.2701923076171875 0.7070512822265625 0.2173076923828125 0.707371794921875 0.1954326923828125 0.7044871796875 0.1927884619140625 0.6919871796875 0.187259615234375 0.6685897431640625 0.191346154296875 0.667628205078125 0.1990384619140625 0.6666666669921875 0.2730769228515625 0.66826923046875 0.275721154296875 0.6996794873046875 0.275 0.70224358984375 0.2701923076171875
1 0.7195512822265625 0.271634615234375 0.721153845703125 0.26923076953125 0.725641025390625 0.1925480771484375 0.7237179482421875 0.1884615380859375 0.7060897431640625 0.1891826923828125 0.7019230771484375 0.263221154296875 0.702884615234375 0.27235576953125 0.708653845703125 0.2730769228515625 0.7195512822265625 0.271634615234375
1 0.7570512822265625 0.268990384765625 0.7592948720703125 0.247596154296875 0.7634615380859375 0.203846154296875 0.7628205126953125 0.1927884619140625 0.758653845703125 0.190865384765625 0.741346154296875 0.188221154296875 0.7342948720703125 0.1889423076171875 0.7230769228515626 0.1925480771484375 0.7217948720703125 0.2701923076171875 0.7237179482421875 0.27235576953125 0.755128205078125 0.2704326923828125 0.7570512822265625 0.268990384765625
1 0.7025641025390625 0.653846154296875 0.7166666669921875 0.652403845703125 0.7362179482421874 0.644471154296875 0.7394230771484375 0.64110576953125 0.739102564453125 0.6237980771484375 0.7342948720703125 0.6173076923828125 0.7205128203125 0.6115384619140625 0.66474358984375 0.5927884619140625 0.6570512822265625 0.5918269228515625 0.626602564453125 0.599759615234375 0.6224358974609375 0.602403845703125 0.6217948720703125 0.6079326923828124 0.621474359375 0.6199519228515625 0.624358974609375 0.6240384619140625 0.691346154296875 0.6514423076171875 0.7025641025390625 0.653846154296875
1 0.7724358974609375 0.6375 0.780128205078125 0.6334134619140624 0.783653845703125 0.627403845703125 0.784615384765625 0.6197115380859375 0.7830128203125 0.615865384765625 0.77724358984375 0.609375 0.7689102568359375 0.6052884619140625 0.7099358974609375 0.5875 0.702884615234375 0.587259615234375 0.7012820517578126 0.588221154296875 0.7 0.60576923046875 0.74423076953125 0.64423076953125 0.7480769228515625 0.64423076953125 0.7724358974609375 0.6375
1 0.8041666669921875 0.625721154296875 0.815384615234375 0.6233173076171875 0.8195512822265625 0.6204326923828125 0.8205128203125 0.612740384765625 0.81923076953125 0.60576923046875 0.8166666669921875 0.6012019228515625 0.78974358984375 0.5889423076171875 0.7480769228515625 0.5759615380859375 0.7371794873046875 0.574278845703125 0.72724358984375 0.57451923046875 0.7070512822265625 0.58125 0.707371794921875 0.58485576953125 0.708974359375 0.5860576923828125 0.7871794873046875 0.6228365380859375 0.8041666669921875 0.625721154296875
1 0.853525640625 0.612740384765625 0.85576923046875 0.59423076953125 0.853846154296875 0.5918269228515625 0.8416666669921875 0.5865384619140624 0.7791666669921875 0.565384615234375 0.7512820517578125 0.56923076953125 0.74326923046875 0.571875 0.73974358984375 0.57451923046875 0.824358974609375 0.6125 0.83974358984375 0.61610576953125 0.853525640625 0.612740384765625
1 0.436858974609375 0.8355769228515625 0.4554487177734375 0.828365384765625 0.4612179482421875 0.824278845703125 0.4701923076171875 0.7480769228515625 0.464102564453125 0.7418269228515625 0.4262820517578125 0.7237980771484375 0.4144230771484375 0.7230769228515626 0.41025641015625 0.724278845703125 0.4009615380859375 0.73173076953125 0.39775641015625 0.750721154296875 0.397115384765625 0.8103365380859375 0.4224358974609375 0.83485576953125 0.4294871796875 0.8365384619140624 0.436858974609375 0.8355769228515625
1 0.4695512822265625 0.8237980771484374 0.4865384619140625 0.8175480771484375 0.49775641015625 0.8105769228515625 0.4990384619140625 0.787740384765625 0.49775641015625 0.731009615234375 0.4842948720703125 0.7134615380859375 0.4644230771484375 0.708653845703125 0.45673076953125 0.709375 0.4362179482421875 0.7168269228515625 0.43173076953125 0.72548076953125 0.4314102568359375 0.72764423046875 0.4621794873046875 0.82139423046875 0.464102564453125 0.8233173076171875 0.4695512822265625 0.8237980771484374
1 0.5092948720703125 0.81201923046875 0.5298076923828124 0.8016826923828125 0.5355769228515626 0.796634615234375 0.53173076953125 0.7209134619140625 0.5195512822265625 0.70985576953125 0.4916666669921875 0.7009615380859375 0.484615384765625 0.703125 0.483653845703125 0.7170673076171875 0.5 0.8076923076171875 0.50224358984375 0.8110576923828124 0.5092948720703125 0.81201923046875
1 0.547115384765625 0.793990384765625 0.5605769228515625 0.788221154296875 0.566346154296875 0.7829326923828125 0.566025640625 0.728365384765625 0.5634615380859375 0.706490384765625 0.5580128203125 0.699278845703125 0.553525640625 0.696153845703125 0.5259615380859375 0.6858173076171875 0.5224358974609375 0.6860576923828124 0.5003205126953125 0.696153845703125 0.4980769228515625 0.699759615234375 0.5362179482421875 0.7918269228515625 0.53974358984375 0.7951923076171875 0.547115384765625 0.793990384765625
1 0.326602564453125 0.8334134619140625 0.33173076953125 0.834134615234375 0.35576923046875 0.824278845703125 0.3599358974609375 0.8206730771484375 0.3541666669921875 0.76875 0.3490384619140625 0.737740384765625 0.3407051279296875 0.72860576953125 0.324358974609375 0.7165865380859375 0.321474359375 0.715865384765625 0.3157051279296875 0.7165865380859375 0.290384615234375 0.7240384619140625 0.2862179482421875 0.7264423076171875 0.28525641015625 0.72860576953125 0.2887820517578125 0.7584134619140624 0.299358974609375 0.803846154296875 0.316346154296875 0.82451923046875 0.326602564453125 0.8334134619140625
0 0 0.2998046875 0.056640625 0.2998046875 0.0615234375 0.3037109375 0.0634765625 0.3125 0.0634765625 0.318359375 0.060546875 0.3203125 0 0.322265625 0 0.30078125
0 0.66015625 0.28125 0.6630859375 0.29296875 0.6513671875 0.294921875 0.6298828125 0.294921875 0.626953125 0.29296875 0.625 0.2822265625 0.650390625 0.279296875 0.6591796875 0.28125
0 0.2607421875 0.3173828125 0.275390625 0.3173828125 0.2783203125 0.3212890625 0.2802734375 0.3359375 0.2265625 0.3408203125 0.2216796875 0.3388671875 0.21875 0.3203125 0.259765625 0.3173828125
0 0.146484375 0.296875 0.2060546875 0.2978515625 0.2099609375 0.2998046875 0.2119140625 0.306640625 0.2119140625 0.314453125 0.2099609375 0.31640625 0.1611328125 0.3193359375 0.1484375 0.3154296875 0.146484375 0.2978515625
0 0.1240234375 0.2978515625 0.1298828125 0.30078125 0.1318359375 0.3046875 0.1328125 0.31640625 0.111328125 0.3193359375 0.06640625 0.3193359375 0.0634765625 0.3134765625 0.0625 0.3017578125 0.064453125 0.2998046875 0.0751953125 0.298828125 0.123046875 0.2978515625
0 0.4267578125 0.2880859375 0.435546875 0.2890625 0.4423828125 0.3037109375 0.4111328125 0.306640625 0.396484375 0.3056640625 0.3916015625 0.2900390625 0.42578125 0.2880859375