1 0 0.3418269228515625 0.032371794921875 0.343990384765625 0.04326923046875 0.34375 0.0474358974609375 0.3418269228515625 0.0487179482421875 0.32451923046875 0.042628205078125 0.2509615380859375 0.03974358984375 0.246153845703125 0.0355769228515625 0.244471154296875 0.0144230771484375 0.2447115380859375 0 0.24639423046875 0 0.3418269228515625
1 0.0634615380859375 0.344471154296875 0.090384615234375 0.34735576953125 0.114102564453125 0.3456730771484375 0.1173076923828125 0.3425480771484375 0.11826923046875 0.3302884619140625 0.11474358984375 0.2574519228515625 0.1134615380859375 0.25360576953125 0.109615384765625 0.2514423076171875 0.071153845703125 0.2459134619140625 0.06025641015625 0.2456730771484375 0.0570512822265625 0.246153845703125 0.0544871796875 0.2480769228515625 0.0519230771484375 0.25576923046875 0.0525641025390625 0.287740384765625 0.0554487177734375 0.3384615380859375 0.05673076953125 0.3420673076171875 0.0634615380859375 0.344471154296875
1 0.1298076923828125 0.347596154296875 0.16923076953125 0.3490384619140625 0.177884615234375 0.3483173076171875 0.1804487177734375 0.3447115380859375 0.1775641025390625 0.2579326923828125 0.1762820517578125 0.2540865380859375 0.1717948720703125 0.2514423076171875 0.1294871796875 0.249759615234375 0.1179487177734375 0.252884615234375 0.116025640625 0.256971154296875 0.1157051279296875 0.2865384619140625 0.1195512822265625 0.343990384765625 0.1237179482421875 0.346875 0.1298076923828125 0.347596154296875
1 0.1987179482421875 0.34951923046875 0.2330128203125 0.350721154296875 0.241346154296875 0.349759615234375 0.2429487177734375 0.3459134619140625 0.2429487177734375 0.3016826923828125 0.2416666669921875 0.2646634619140625 0.23974358984375 0.258653845703125 0.2 0.2514423076171875 0.1923076923828125 0.2516826923828125 0.184615384765625 0.256009615234375 0.1826923076171875 0.2639423076171875 0.1830128203125 0.3177884619140625 0.183974359375 0.34375 0.18525641015625 0.346875 0.1987179482421875 0.34951923046875
1 0.7400641025390625 0.356009615234375 0.744871794921875 0.331490384765625 0.75 0.2855769228515625 0.7480769228515625 0.2802884619140625 0.735897435546875 0.275240384765625 0.708653845703125 0.2762019228515625 0.7044871796875 0.2915865380859375 0.696474359375 0.3449519228515625 0.696153845703125 0.35576923046875 0.6990384619140625 0.3572115380859375 0.7378205126953125 0.3581730771484375 0.7400641025390625 0.356009615234375
1 0.2862179482421875 0.3521634619140625 0.2967948720703125 0.3512019228515625 0.300641025390625 0.3456730771484375 0.300641025390625 0.265625 0.299358974609375 0.2625 0.2967948720703125 0.25985576953125 0.258653845703125 0.2540865380859375 0.248397435546875 0.2548076923828125 0.244871794921875 0.256009615234375 0.2429487177734375 0.2581730771484375 0.2423076923828125 0.286778845703125 0.24423076953125 0.3485576923828125 0.250641025390625 0.35 0.2862179482421875 0.3521634619140625
1 0.6955128203125 0.3548076923828125 0.7064102568359375 0.2793269228515625 0.692628205078125 0.27451923046875 0.6762820517578125 0.2740384619140625 0.66826923046875 0.2759615380859375 0.666346154296875 0.28389423046875 0.659615384765625 0.35576923046875 0.6612179482421875 0.3572115380859375 0.6929487177734375 0.3574519228515625 0.6955128203125 0.3548076923828125
1 0.347115384765625 0.352403845703125 0.348397435546875 0.349278845703125 0.3496794873046875 0.2673076923828125 0.346474359375 0.262259615234375 0.3355769228515625 0.258653845703125 0.3253205126953125 0.2572115380859375 0.316346154296875 0.256971154296875 0.3105769228515625 0.2581730771484375 0.3054487177734375 0.2610576923828125 0.3044871796875 0.263221154296875 0.302884615234375 0.3137019228515625 0.3044871796875 0.3485576923828125 0.3070512822265625 0.350721154296875 0.347115384765625 0.352403845703125
1 0.577884615234375 0.35889423046875 0.610897435546875 0.3576923076171875 0.6185897431640625 0.2824519228515625 0.61826923046875 0.27548076953125 0.616346154296875 0.2730769228515625 0.5740384619140625 0.2733173076171875 0.56923076953125 0.2762019228515625 0.563141025390625 0.34326923046875 0.5628205126953125 0.352884615234375 0.5634615380859375 0.35576923046875 0.5657051279296875 0.3572115380859375 0.577884615234375 0.35889423046875
1 0.35576923046875 0.352884615234375 0.389102564453125 0.353125 0.3907051279296875 0.352403845703125 0.3919871796875 0.3454326923828125 0.39423076953125 0.272596154296875 0.3929487177734375 0.268990384765625 0.3887820517578125 0.2646634619140625 0.376602564453125 0.2612980771484375 0.35576923046875 0.262740384765625 0.3509615380859375 0.26514423046875 0.3490384619140625 0.26875 0.348397435546875 0.33173076953125 0.3496794873046875 0.350240384765625 0.3519230771484375 0.3521634619140625 0.35576923046875 0.352884615234375
1 0.4326923076171875 0.352403845703125 0.433974359375 0.3420673076171875 0.4362179482421875 0.2987980771484375 0.4355769228515625 0.271875 0.428846154296875 0.2644230771484375 0.41826923046875 0.261778845703125 0.3990384619140625 0.26298076953125 0.394871794921875 0.265384615234375 0.3939102568359375 0.26923076953125 0.3923076923828125 0.352403845703125 0.3958333330078125 0.35360576953125 0.4294871796875 0.3543269228515625 0.4326923076171875 0.352403845703125
1 0.4775641025390625 0.3552884619140625 0.4798076923828125 0.35264423046875 0.4862179482421875 0.268990384765625 0.477884615234375 0.265865384765625 0.450641025390625 0.2634615380859375 0.4429487177734375 0.26514423046875 0.4407051279296875 0.26875 0.439102564453125 0.3447115380859375 0.4400641025390625 0.3519230771484375 0.4455128203125 0.3548076923828125 0.4775641025390625 0.3552884619140625
1 0.5208333330078125 0.352884615234375 0.5253205126953125 0.2790865380859375 0.524358974609375 0.2762019228515625 0.5185897431640625 0.2699519228515625 0.5099358974609375 0.2670673076171875 0.5012820517578125 0.266346154296875 0.4842948720703125 0.2709134619140625 0.4820512822265625 0.30264423046875 0.48076923046875 0.3540865380859375 0.4862179482421875 0.3552884619140625 0.5189102568359375 0.35625 0.5208333330078125 0.352884615234375
1 0.5583333330078125 0.35576923046875 0.5592948720703125 0.3521634619140625 0.563141025390625 0.319471154296875 0.5657051279296875 0.2793269228515625 0.5605769228515625 0.2737980771484375 0.5509615380859375 0.268990384765625 0.5429487177734375 0.268028845703125 0.535897435546875 0.268028845703125 0.528525640625 0.2704326923828125 0.525 0.2759615380859375 0.521474359375 0.3540865380859375 0.5224358974609375 0.35576923046875 0.5541666669921875 0.3576923076171875 0.5583333330078125 0.35576923046875
1 0.640384615234375 0.359134615234375 0.655128205078125 0.359375 0.658653845703125 0.3584134619140625 0.661858974609375 0.3454326923828125 0.666025640625 0.2824519228515625 0.6650641025390625 0.2802884619140625 0.6544871796875 0.271634615234375 0.625641025390625 0.2737980771484375 0.621153845703125 0.2762019228515625 0.6144230771484375 0.335096154296875 0.6128205126953125 0.3514423076171875 0.6137820517578125 0.356971154296875 0.6157051279296875 0.3579326923828125 0.640384615234375 0.359134615234375
1 0.232371794921875 0.859615384765625 0.2387820517578125 0.856009615234375 0.2407051279296875 0.816346154296875 0.239102564453125 0.780528845703125 0.2333333330078125 0.7552884619140625 0.2070512822265625 0.75360576953125 0.202884615234375 0.7543269228515626 0.199358974609375 0.7576923076171875 0.1967948720703125 0.7646634619140625 0.196474359375 0.8177884619140625 0.1996794873046875 0.859134615234375 0.20576923046875 0.861778845703125 0.232371794921875 0.859615384765625
1 0.2794871796875 0.852884615234375 0.2826923076171875 0.8490384619140625 0.2820512822265625 0.81610576953125 0.280128205078125 0.781490384765625 0.275641025390625 0.758653845703125 0.26923076953125 0.7483173076171875 0.2519230771484375 0.7487980771484375 0.2400641025390625 0.7512019228515625 0.2355769228515625 0.7543269228515626 0.24326923046875 0.853365384765625 0.246153845703125 0.85625 0.2525641025390625 0.8572115380859375 0.2794871796875 0.852884615234375
1 0.29326923046875 0.853365384765625 0.315384615234375 0.8487980771484375 0.326602564453125 0.8451923076171876 0.3195512822265625 0.7701923076171875 0.314102564453125 0.75360576953125 0.309615384765625 0.7478365380859375 0.283653845703125 0.747596154296875 0.2775641025390625 0.7490384619140625 0.2762820517578125 0.755528845703125 0.2826923076171875 0.8427884619140625 0.286858974609375 0.850721154296875 0.29326923046875 0.853365384765625
1 0.3612179482421875 0.8420673076171875 0.364102564453125 0.8387019228515625 0.3650641025390625 0.83173076953125 0.363141025390625 0.775721154296875 0.357371794921875 0.7521634619140625 0.3487179482421875 0.7396634619140625 0.3455128203125 0.7384615380859375 0.3208333330078125 0.740865384765625 0.3137820517578125 0.74375 0.326602564453125 0.8454326923828125 0.3310897431640625 0.846634615234375 0.3371794873046875 0.84639423046875 0.3612179482421875 0.8420673076171875
1 0.1269230771484375 0.8423076923828124 0.1541666669921875 0.83798076953125 0.1580128203125 0.8358173076171875 0.1583333330078125 0.83076923046875 0.150641025390625 0.7375 0.147115384765625 0.734134615234375 0.116025640625 0.7362980771484375 0.1112179482421875 0.7391826923828125 0.109615384765625 0.744471154296875 0.1092948720703125 0.765865384765625 0.117628205078125 0.83173076953125 0.1195512822265625 0.8384615380859375 0.1269230771484375 0.8423076923828124
1 0.6064102568359375 0.730528845703125 0.640384615234375 0.72764423046875 0.6451923076171875 0.725240384765625 0.649358974609375 0.7206730771484375 0.6496794873046875 0.7134615380859375 0.6455128203125 0.70048076953125 0.599358974609375 0.664903845703125 0.59423076953125 0.6639423076171875 0.5548076923828125 0.66826923046875 0.5544871796875 0.672115384765625 0.5916666669921875 0.7290865380859375 0.5955128203125 0.73076923046875 0.6064102568359375 0.730528845703125
1 0.5576923076171875 0.734615384765625 0.5865384619140624 0.7298076923828125 0.590384615234375 0.72764423046875 0.5919871796875 0.7105769228515625 0.590384615234375 0.70360576953125 0.5525641025390625 0.6697115380859375 0.5467948720703125 0.6673076923828125 0.541025640625 0.6673076923828125 0.5076923076171875 0.669471154296875 0.501602564453125 0.671153845703125 0.5003205126953125 0.6728365380859375 0.5003205126953125 0.6925480771484375 0.536858974609375 0.7326923076171875 0.5423076923828125 0.734615384765625 0.5576923076171875 0.734615384765625
1 0.6576923076171876 0.727884615234375 0.692628205078125 0.7204326923828125 0.6945512822265625 0.69951923046875 0.6791666669921875 0.684375 0.65 0.6637019228515625 0.6439102568359375 0.6608173076171875 0.6387820517578126 0.6608173076171875 0.6012820517578125 0.6641826923828125 0.6003205126953125 0.664903845703125 0.64423076953125 0.724278845703125 0.64775641015625 0.7271634619140624 0.6576923076171876 0.727884615234375
1 0.73076923046875 0.7201923076171876 0.74326923046875 0.7170673076171875 0.746153845703125 0.7009615380859375 0.7445512822265625 0.6949519228515625 0.7298076923828125 0.6822115380859375 0.701602564453125 0.6612980771484375 0.6935897431640625 0.65889423046875 0.657371794921875 0.659615384765625 0.652884615234375 0.6605769228515626 0.652884615234375 0.664903845703125 0.696153845703125 0.7204326923828125 0.7070512822265625 0.722596154296875 0.73076923046875 0.7201923076171876
0 0.56640625 0.359375 0.6025390625 0.3603515625 0.6044921875 0.369140625 0.6044921875 0.373046875 0.6025390625 0.3740234375 0.564453125 0.373046875 0.5625 0.3701171875 0.5625 0.361328125 0.5654296875 0.359375
0 0.1318359375 0.37109375 0.1806640625 0.3720703125 0.181640625 0.3876953125 0.1796875 0.388671875 0.126953125 0.388671875 0.1259765625 0.3720703125 0.130859375 0.37109375
0 0.078125 0.349609375 0.0888671875 0.3515625 0.119140625 0.3515625 0.12109375 0.353515625 0.12109375 0.3662109375 0.1181640625 0.3681640625 0.0673828125 0.3662109375 0.0654296875 0.3642578125 0.06640625 0.3515625 0.0771484375 0.349609375
0 0.0302734375 0.3466796875 0.048828125 0.3486328125 0.0478515625 0.3623046875 0.0458984375 0.3642578125 0.03125 0.365234375 0 0.36328125 0 0.34765625 0.029296875 0.3466796875
0 0.3505859375 0.35546875 0.3525390625 0.357421875 0.3525390625 0.369140625 0.341796875 0.37109375 0.3056640625 0.369140625 0.3037109375 0.35546875 0.349609375 0.35546875